product_id,product_category_name,product_name_lenght,product_description_lenght,product_photos_qty,product_weight_g,product_length_cm,product_height_cm,product_width_cm
1e9e8ef04dbcff4541ed26657ea517e5,perfumaria,40,287,1,225.0,16.0,10.0,14.0
3aa071139cb16b67ca9e5dea641aaa2f,artes_e_artesanato,44,276,1,1000.0,30.0,18.0,20.0
96bd76ec8810374ed1b65e291975717f,esporte_lazer,46,250,1,154.0,18.0,9.0,15.0
cef67bcfe19066a932b7673e239eb23d,bebes,27,261,1,371.0,26.0,4.0,26.0
9dc1a7de274444849c219cff195d0b71,utilidades_domesticas,37,402,4,625.0,20.0,17.0,13.0
41d3672d4792049fa1779bb35283ed13,instrumentos_musicais,60,745,1,200.0,38.0,5.0,11.0
732bd381ad09e530fe0a5f457d81becb,variedades,56,1272,4,18350.0,70.0,24.0,44.0
2548af3e6e77a690cf3eb6368e9ab61e,moveis_decoracao,56,184,2,900.0,40.0,8.0,40.0
37cc742be07708b53a98702e77a21a02,eletrodomesticos,57,163,1,400.0,27.0,13.0,17.0
8c92109888e8cdf9d66dc7e463025574,brinquedos,36,1156,1,600.0,17.0,10.0,12.0
14aa47b7fe5c25522b47b4b29c98dcb9,artigos_casa,54,630,1,1100.0,16.0,10.0,16.0
03b63c5fc16691530586ae020c345514,bebes,49,728,4,7150.0,50.0,19.0,45.0
cf55509ea8edaaac1d28fdb16e48fc22,instrumentos_musicais,43,1827,3,250.0,17.0,7.0,17.0
7bb6f29c2be57716194f96496660c7c2,moveis_decoracao,51,2083,2,600.0,68.0,11.0,13.0
eb31436580a610f202c859463d8c7415,seguranca,59,1602,4,200.0,17.0,7.0,17.0
3bb7f144022e6732727d8d838a7b13b3,esporte_lazer,22,3021,1,800.0,16.0,2.0,11.0
6a2fb4dd53d2cdb88e0432f1284a004c,perfumaria,39,346,2,400.0,27.0,5.0,20.0
a1b71017a84f92fd8da4aeefba108a24,informatica_acessorios,59,636,1,900.0,40.0,15.0,20.0
a0736b92e52f6cead290e30b578413b6,moveis_decoracao,56,296,2,1700.0,100.0,7.0,15.0
f53103a77d9cf245e579ea37e5ec51f0,artigos_casa,52,206,1,500.0,16.0,10.0,16.0
1c1890ba1779090cd54008a3c3302921,moveis_decoracao,27,158,4,2550.0,29.0,24.0,45.0
518ef5de2c2b3a255e326a4594ba15d9,artigos_casa,27,329,2,800.0,36.0,8.0,16.0
e3e020af31d4d89d2602272b315c3f6e,beleza_saude,58,1987,3,75.0,21.0,7.0,13.0
8b41fbc2b984a12030090112324d1bc4,bebes,55,1627,1,500.0,20.0,13.0,13.0
d03bd02af9fff4b98f1c972315e5e9ef,moveis_decoracao,56,209,1,1800.0,40.0,10.0,30.0
8ba4f2a4ae695d26e5626c1bf710975e,utilidades_domesticas,52,968,1,900.0,50.0,5.0,50.0
f6574524b07d5bb753bab6f35abe2d06,malas_acessorios,52,573,5,3600.0,35.0,25.0,50.0
c78b767da00efb70c1bcccab87c28cd5,informatica_acessorios,35,1101,2,300.0,42.0,2.0,30.0
a0253d43394dd4da9a5d7b1f546f1a32,informatica_acessorios,59,1890,2,740.0,23.0,13.0,13.0
051b9ff13dd55c0a6655a15ff296f80d,esporte_lazer,50,529,2,3600.0,62.0,23.0,23.0
47859fca9dd7485cbd93c3e8993bb74f,artigos_casa,45,206,1,650.0,16.0,10.0,16.0
e1d1d22e9f8122a4ec1533b032c12562,ferramentas_jardim,49,1163,9,2150.0,70.0,8.0,34.0
20e37962088a4061d3578def47a8648b,moveis_decoracao,60,208,1,800.0,40.0,10.0,34.0
1eba879220bd0981a0e2fbab499ed4e1,moveis_escritorio,57,476,1,8950.0,52.0,51.0,17.0
ce5b91848b91118daffb3af53b747475,esporte_lazer,50,699,4,1388.0,34.0,9.0,31.0
5370b82a213393979691c98074265584,bebes,52,708,9,7950.0,33.0,30.0,44.0
b8dac5113b06a97e64943234522572b9,automotivo,43,1062,2,6000.0,87.0,3.0,42.0
750cf819d127191920eda79a4b6fb479,eletronicos,31,806,1,263.0,18.0,12.0,16.0
e6af694343b45b56304ad91974a110b9,utilidades_domesticas,37,352,1,3900.0,19.0,20.0,15.0
680874c570dad71c0a2844cfbf417054,moveis_decoracao,47,502,1,600.0,25.0,25.0,25.0
8b3a9476f74f5297f7ff0ec6d95fe1ea,moveis_decoracao,63,254,2,2050.0,49.0,13.0,41.0
1c6fb703c624b381a20f21f757694866,brinquedos,33,471,2,725.0,22.0,17.0,15.0
db46052aed7dff59ba38cf2fe29b87f9,artigos_casa,56,509,4,6350.0,45.0,15.0,35.0
b864b103180d5a6a3f830e67f93e8735,bebes,47,980,4,600.0,70.0,11.0,11.0
7a8dac4aaa16bc642e4df33adcf03303,variedades,38,1701,2,11750.0,18.0,40.0,79.0
83b9bc6aae6f527ff6aafb9e01d6cbf3,brinquedos,20,866,3,2550.0,22.0,32.0,38.0
5f504b3a1c75b73d6151be81eb05bdc9,variedades,38,1176,3,15350.0,47.0,40.0,47.0
bbf920aa6ac72007a726e6f419156f8f,moveis_decoracao,42,303,2,1300.0,25.0,16.0,25.0
c3b7e4d83e530c27a8e6368296aece48,moveis_decoracao,60,1972,2,850.0,69.0,11.0,11.0
c5d8079278e912d7e3b6beb48ecb56e8,beleza_saude,60,330,1,1300.0,19.0,28.0,17.0
5eaa343860dc445b3fd43d1b682809fd,esporte_lazer,53,3218,5,4800.0,60.0,30.0,15.0
b5cfb1d3c5e435a7a52227e08f220ee7,variedades,55,410,2,1300.0,36.0,16.0,24.0
334479e94cba98064050db1c9636e244,automotivo,57,311,1,220.0,18.0,14.0,17.0
3fcd8dfe610c62edfb51de2630cd9ef4,bebes,50,509,4,5700.0,41.0,17.0,49.0
4c8056caed5757810b9a68b83c3759e6,malas_acessorios,53,1291,2,450.0,20.0,40.0,30.0
30e77af9e7759bbaa0305d2fbc605dc4,fashion_calcados,60,402,2,2000.0,32.0,12.0,37.0
92bf5d2084dfbcb57d9db7838bac5cd0,telefonia,51,427,2,100.0,19.0,3.0,11.0
fdeb34a9f03fea7c3937dd62d1d0287e,variedades,58,1252,1,1100.0,30.0,20.0,23.0
1065dbb6b0bf03daaedab1236979e296,papelaria,49,488,3,1400.0,38.0,40.0,39.0
0d826eba8e0a2ae3bca9e3a947dd756d,brinquedos,50,423,4,250.0,20.0,14.0,12.0
f8f6fd145cc00519283cf3100477b2b3,esporte_lazer,47,956,1,1050.0,25.0,20.0,14.0
4e04ffb7dd3739ecfc37de8927dd586c,papelaria,59,144,1,500.0,24.0,7.0,16.0
36555a2f528d7b2a255c504191445d39,beleza_saude,51,1069,1,1467.0,23.0,16.0,20.0
22937a73f92a33040ab4e2540355a5d8,fashion_bolsas_e_acessorios,50,554,3,100.0,16.0,5.0,11.0
dc21247da0290904ffbbcd5953c76f95,papelaria,41,92,1,100.0,16.0,5.0,16.0
9020ce7adcc384b2899ae87ddc54767b,papelaria,43,198,2,300.0,23.0,7.0,15.0
bfc1d1c62b1f7f401d8d9dda962bb870,esporte_lazer,50,255,2,950.0,60.0,15.0,15.0
6fef6d87bb6c2eb11d57a967209219a8,ferramentas_jardim,33,200,1,250.0,17.0,3.0,11.0
1e5428c428e0f783acd6e3d94ba4ee2a,pcs,55,1067,1,12000.0,27.0,50.0,53.0
94080f9219044d897195e2be145945dc,automotivo,60,1543,6,921.0,17.0,9.0,16.0
d0389f20b3d11de54e1e4561df147683,casa_construcao,55,1441,1,10000.0,60.0,25.0,25.0
3e9b58f1436820c248d3f98d7229bb14,relogios_presentes,56,489,2,250.0,16.0,11.0,11.0
575c38b4c88fc7b35ef22fc8312bfe1b,variedades,57,992,3,1200.0,44.0,20.0,20.0
556702ebb73d3786a852ad3d5a8ad268,ferramentas_construcao,54,339,1,4800.0,25.0,8.0,25.0
a3a03c131926ec14d4c9f3ef03016b24,pet_shop,54,463,1,700.0,40.0,20.0,20.0
e586ebb6022265ae1eea38f46ffe3ead,beleza_saude,40,1469,3,1050.0,18.0,21.0,27.0
278b3c6462e86b4556b99989513ddf73,eletronicos,58,587,3,350.0,20.0,20.0,20.0
0d009643171aee696f4733340bc2fdd0,perfumaria,52,150,1,422.0,21.0,16.0,18.0
be1be330cf34043d1c40d6114cbd11b5,relogios_presentes,51,484,1,317.0,19.0,13.0,16.0
07f01b6fcacc1b187a71e5074199db2d,agro_industria_e_comercio,39,430,1,16400.0,63.0,66.0,56.0
75b4372e69a42f8ae1d908c076f547b2,beleza_saude,22,1313,1,938.0,29.0,22.0,23.0
3569d4374a919941a50f57371b1dc93d,beleza_saude,37,1168,1,2700.0,21.0,16.0,31.0
a3c95dc653d9a279b160bc0179385ed1,artigos_casa,39,1146,1,1750.0,30.0,18.0,30.0
0992c6cba95a13bfa68ea7d5e22d478b,ferramentas_jardim,42,671,1,3850.0,29.0,12.0,24.0
b1eae565a61935e0011ee7682fef9dc9,perfumaria,49,460,2,267.0,17.0,13.0,17.0
2734390ee304b0f4817b3c233094fc16,instrumentos_musicais,59,2367,3,16200.0,55.0,40.0,40.0
32ee3f4e2493045726807808d7abbab6,artigos_casa,54,381,2,1400.0,38.0,9.0,27.0
c2367eda4f9623d0355dc5d7796d857a,artigos_casa,50,607,1,6450.0,100.0,10.0,11.0
7f34b85142d1ef9e077a0da9ada27385,moveis_decoracao,59,1750,3,2300.0,105.0,3.0,70.0
c478b1bbf9ec8c5691f37ccb83187386,informatica_acessorios,55,163,2,300.0,25.0,8.0,18.0
f9ecf420c38b90a8af8e7f70fd789264,esporte_lazer,43,101,1,600.0,50.0,10.0,12.0
3a6a0247ced9dcb444b46caafdcdd368,beleza_saude,60,2497,1,3600.0,20.0,20.0,20.0
adf591c625cb265c12bc6749d3a2f757,beleza_saude,60,1146,6,150.0,20.0,24.0,33.0
3e0f398b664b26e3224c79dbf435191f,esporte_lazer,57,900,4,400.0,16.0,4.0,11.0
64c8f1a52b407d92518a1f8b79240a70,telefonia,49,319,1,100.0,18.0,6.0,11.0
af16005fca813272caf59c432153949e,moveis_decoracao,55,1186,2,800.0,53.0,8.0,20.0
e6a1ff3552ba3305c1cf0a4dde50347f,automotivo,58,703,6,5250.0,47.0,19.0,23.0
d8a405c732027a2af3187b031890933d,automotivo,50,361,1,200.0,35.0,4.0,26.0
ce94e3c41145e28428cdae952a1fd7f2,relogios_presentes,58,899,2,335.0,17.0,11.0,12.0
3f0f8de616df6efb39a48f3c64eea974,artigos_casa,49,701,1,1300.0,50.0,12.0,12.0
6ddc95e87149457c4c5177b0a474a9ba,moveis_decoracao,47,1405,3,150.0,35.0,2.0,25.0
a2e2851eae0aebb8ee4df32348b42e2b,informatica_acessorios,59,504,3,367.0,16.0,4.0,11.0
723f62c36c298037716bf60c0ad0df3a,relogios_presentes,57,276,4,250.0,16.0,2.0,11.0
b2b3503e675abbc07e278151da072ed2,moveis_decoracao,46,287,1,8500.0,75.0,25.0,55.0
c18c01e09509a509e2b88d3ed40c580e,bebes,46,1039,1,2150.0,42.0,25.0,15.0
a41e356c76fab66334f36de622ecbd3a,variedades,,,,650.0,17.0,14.0,12.0
e7cad5e8ed9b92e788262ad710c33bd0,esporte_lazer,56,663,4,150.0,16.0,5.0,11.0
c33d78b97260227119fb2b71be168fca,artigos_casa,39,170,1,650.0,27.0,10.0,22.0
e8fd6f481db77b847e7ab93fa1510e7e,eletronicos,53,794,4,2700.0,20.0,26.0,32.0
67bea89008edcb996cfe4e3d062b62a8,utilidades_domesticas,56,414,1,1200.0,23.0,22.0,16.0
e8e86cbab028363545a5bf0ca5e226ee,moveis_sala,36,312,2,6050.0,55.0,10.0,46.0
c12b64bf0861a27e0f06c36ef82f457d,esporte_lazer,53,425,1,150.0,16.0,6.0,11.0
6f0169f259bb0ff432bfff7d829b9946,casa_construcao,58,918,6,1050.0,16.0,20.0,16.0
b6f3b8136ba8302906df7e11ff908751,pet_shop,36,617,1,1350.0,23.0,7.0,30.0
2be2be0a6a5916840503fdf50808ebcb,utilidades_domesticas,41,270,1,600.0,36.0,6.0,19.0
8efa775719397f78f79c8e5c7b0afbd4,moveis_decoracao,22,275,1,1000.0,30.0,18.0,18.0
9e87e3ee09baee5f5c0513ff37bc60ab,artigos_casa,58,381,2,1550.0,43.0,8.0,33.0
a0abcee0132a5aed003d98e459b37698,artigos_casa,58,223,1,2700.0,45.0,13.0,35.0
7f6308ba4057a6a740af7b4dcfb79c13,telefonia,63,1930,9,200.0,19.0,5.0,11.0
1eb4a9aee05c9cad041e09add2a26d68,malas_acessorios,51,244,1,800.0,38.0,8.0,28.0
8da90b37f0fb171b4877c124f965b1f6,perfumaria,56,733,3,377.0,18.0,13.0,15.0
712a72a78ffb66cb6eee87eebbf54519,esporte_lazer,52,1049,3,400.0,45.0,22.0,43.0
c5fb7fbe39f4e09e048ffbc5b28db49a,seguranca,51,1212,1,450.0,16.0,5.0,16.0
f17b05cc8a7651896df8c30884200e9a,climatizacao,30,547,1,2000.0,32.0,51.0,16.0
55ec10b39713ee81ee2c5bcb558cf866,fashion_bolsas_e_acessorios,53,1398,1,300.0,16.0,2.0,11.0
c190c4fe582c5b7ffff586506de83f01,moveis_decoracao,34,160,1,250.0,26.0,14.0,14.0
f908df99196805b5bc4ada9ef510b11b,esporte_lazer,57,245,2,1950.0,60.0,15.0,15.0
ac5bae85a895724330c4acddd581b02b,telefonia,50,1254,2,500.0,16.0,15.0,11.0
d8dee61c2034d6d075997acef1870e9b,variedades,,,,300.0,16.0,7.0,20.0
cbaff83e2c00a2b731d27276bbf52082,artes_e_artesanato,59,1431,6,7900.0,70.0,15.0,70.0
ad67f74682943e3857eebf3ca2538d1a,artigos_casa,53,261,2,1800.0,41.0,9.0,34.0
1e12f1836c1f08b25ef78fcdf76fbf08,ferramentas_jardim,60,884,1,900.0,37.0,3.0,23.0
acd427ee119d5c71c7a85ae488cb0a6a,fashion_bolsas_e_acessorios,52,68,7,200.0,16.0,2.0,11.0
60cf4effb6947283fa638d570bd07318,bebes,30,410,4,4500.0,80.0,70.0,28.0
51fed4afb1b41d00ad9d25a73b7fbbc7,consoles_games,48,303,3,250.0,21.0,7.0,15.0
bb09cce52b336261572a5a7e25a33795,utilidades_domesticas,59,943,1,550.0,16.0,25.0,12.0
65a6462e42e05ab3b8dc613566736825,malas_acessorios,49,540,4,1100.0,39.0,12.0,28.0
f2396540fbfac27b5117f0dbd6744b50,artigos_casa,53,222,1,3600.0,40.0,20.0,40.0
70d1bd3a042448105a71d0b41ecbc96b,consoles_games,56,235,1,100.0,16.0,3.0,11.0
0075c14603d80515e20908c156ceb47b,esporte_lazer,50,329,2,150.0,16.0,18.0,16.0
5a42f73d92034010a4e00360fb0df099,esporte_lazer,55,144,1,3775.0,18.0,13.0,16.0
bcd58b852a3b0152b6b384c4e4474ba2,variedades,59,797,2,1400.0,25.0,20.0,20.0
2bfb0bdbcea77da2879f0ef3be9a219e,consoles_games,53,439,5,900.0,22.0,7.0,18.0
87fb220044e9aca16fbec51c6c997aa0,relogios_presentes,60,438,2,250.0,20.0,12.0,20.0
484bf1dff778a416389aafd0dee1cb11,brinquedos,55,852,1,350.0,21.0,9.0,16.0
56139431d72cd51f19eb9f7dae4d1617,variedades,,,,200.0,20.0,20.0,20.0
3cef8174403f4fdedbf24fa67fa9f132,bebes,39,805,3,1800.0,18.0,32.0,27.0
003938452c98ff9ab28e9e7b4bfe97ab,moveis_sala,52,420,2,5050.0,50.0,8.0,50.0
8d6cb00151d423c52855385c89f0bae8,automotivo,58,386,1,27100.0,50.0,50.0,50.0
5877301b00f95e3c6118738b293dfab3,eletrodomesticos,50,273,1,1500.0,65.0,8.0,38.0
e0bbe6292471ff5ab3752414baf78111,relogios_presentes,43,572,2,500.0,16.0,11.0,11.0
dd768d259ee6054e0dadd66c8e2be0b6,artigos_casa,52,700,2,350.0,16.0,10.0,16.0
fc2edee55f4118969f4dc49f7a717605,automotivo,47,1548,3,500.0,16.0,12.0,17.0
b521fddf2c8a7e7d1791bfb3c1b2f278,esporte_lazer,55,448,1,1000.0,20.0,20.0,20.0
46b48281eb6d663ced748f324108c733,variedades,,,,18500.0,41.0,30.0,41.0
db7e6804f1a8206a7e51c9a741a09d9e,brinquedos,51,410,2,300.0,24.0,11.0,24.0
50556c630443502c11acde1c320fe278,beleza_saude,59,257,1,250.0,16.0,2.0,20.0
88d2c501ec765f5d7e8038fa6aab0e62,beleza_saude,51,863,1,10700.0,40.0,40.0,40.0
722fb67c17907e21734449c091420bf5,utilidades_domesticas,29,290,1,1700.0,32.0,21.0,22.0
43b6d9e46e1e6b8ac743a1c31e462937,ferramentas_jardim,31,680,1,7700.0,39.0,28.0,25.0
1ffe365aa7583189e63f2fa4f060b269,esporte_lazer,57,785,4,5200.0,20.0,60.0,35.0
3014e35fd70fce29095ced5cdc89f4ce,telefonia,51,244,1,125.0,17.0,10.0,14.0
e869d449cc32881790ef9af9b4c670f8,moveis_escritorio,50,2220,1,15700.0,58.0,28.0,58.0
a1b3a75aaaee5c9a683f2266c088f720,relogios_presentes,53,599,2,350.0,16.0,11.0,11.0
7fdbc1ecf5fdf5c98d9b14e110133eb3,esporte_lazer,57,649,1,213.0,16.0,10.0,13.0
15b3d40f375c0645c1eed4ed1cd8e17a,fashion_bolsas_e_acessorios,30,401,3,150.0,16.0,11.0,11.0
1cf39a397efa955b102a52ee7ec5531c,automotivo,35,907,3,18200.0,56.0,15.0,15.0
f9471562478eba8761bc985b968a0092,utilidades_domesticas,38,390,1,850.0,18.0,21.0,15.0
e96bac5656eaec25f3d76757fa16d9d3,casa_construcao,55,918,6,1050.0,16.0,20.0,16.0
16b06ede456b922e56fbb4b3818aa875,fashion_bolsas_e_acessorios,48,382,5,200.0,16.0,9.0,11.0
c7147724cd430269c6296fc758c0a086,utilidades_domesticas,32,42,1,300.0,16.0,15.0,11.0
dbb399a8be7395d5b136d49fcdce13df,informatica_acessorios,47,764,1,200.0,23.0,9.0,13.0
ed46d1fbd7bf78ce79910c09fb892abb,esporte_lazer,52,406,1,800.0,20.0,25.0,25.0
d458378a178cd7cae60052319cebf235,papelaria,50,198,2,200.0,24.0,7.0,14.0
596363933adf57df745ecbc8afeec226,esporte_lazer,50,853,1,698.0,46.0,10.0,14.0
4473f3e5c65952b074ef987fa5c24662,telefonia,59,776,6,350.0,17.0,4.0,12.0
8c9faf6aabee9b2a30b83f92d786f6de,livros_interesse_geral,50,2913,3,1000.0,24.0,5.0,17.0
8e71b24c3e25a92fef6176120a67fac7,informatica_acessorios,53,585,1,783.0,21.0,13.0,28.0
828fe032935d7c1901682e5b6cc076c2,perfumaria,48,1063,2,600.0,20.0,20.0,20.0
19502a282608c5627fb32e22724727fc,brinquedos,47,181,1,11650.0,55.0,30.0,30.0
df473738565b52f77b4e22b328b41576,ferramentas_construcao,42,369,1,400.0,16.0,2.0,11.0
657491063e8a63247a108a4d9cedf020,brinquedos,25,274,1,3050.0,40.0,10.0,40.0
a388f2043ca885de714453e4fac616e2,telefonia,50,744,1,100.0,16.0,3.0,11.0
4c6018f41a6c2e5543cc034e94f5ce5b,ferramentas_jardim,44,2395,1,16500.0,40.0,25.0,26.0
a85543a371d5cfafedb80a8177a692b5,utilidades_domesticas,59,470,2,750.0,34.0,14.0,24.0
6b017e0d95d8765a6f2bed3bc272c61e,fashion_underwear_e_moda_praia,39,422,1,250.0,36.0,4.0,20.0
6d14f72afff32795290f2df6507f063c,malas_acessorios,59,413,3,2300.0,84.0,14.0,20.0
75b433ca888fe027b18dfac89a284667,eletronicos,37,374,1,1350.0,33.0,12.0,26.0
9aa70106d14b83c7ad033592870b2b30,utilidades_domesticas,22,388,3,530.0,17.0,20.0,20.0
42fe4aefc7e8a45dd96a59af81dd3fef,automotivo,59,162,1,1300.0,20.0,20.0,20.0
a04cf12934a318be6550b1aeab938bf2,fashion_calcados,59,605,5,4000.0,57.0,14.0,36.0
224703229a7c966a5b191651e1561be2,esporte_lazer,52,234,4,8150.0,20.0,20.0,20.0
43724b27731595d954e911f443fb1cc4,ferramentas_construcao,57,272,1,2200.0,16.0,2.0,11.0
b29ca3d3127057c43ef4b364bbe360ea,beleza_saude,55,1029,1,1150.0,20.0,25.0,20.0
5e21d5cab5d33e770d8150a4ee6117db,relogios_presentes,60,312,4,200.0,16.0,2.0,11.0
55610b8b7d48294e69fc23f513dfbe98,moveis_decoracao,60,1068,3,400.0,16.0,20.0,16.0
68bfdbfe84f03af17733b10362f10020,moveis_decoracao,63,244,4,600.0,29.0,12.0,23.0
5fb61f482620cb672f5e586bb132eae9,variedades,,,,300.0,35.0,7.0,12.0
a5bc1334f1762ce0a844f3f694dc08e1,artigos_casa,48,645,1,1200.0,16.0,10.0,16.0
701ff123e9085dcc9c2f833efded6374,variedades,50,268,5,10664.0,61.0,63.0,35.0
73b499a2f5002c0a2158a478cc5a096c,utilidades_domesticas,43,2148,2,1800.0,50.0,12.0,36.0
42f14eda412436b96cde4f4025ed5f25,esporte_lazer,47,154,3,500.0,16.0,2.0,11.0
47969dd948e918289f809be899ddfb4c,papelaria,48,501,1,258.0,19.0,12.0,19.0
446295cf6f689d4db477145815362608,papelaria,59,209,1,1400.0,16.0,44.0,37.0
280c05c66173c2b377f3e449e33abc6d,brinquedos,59,640,1,400.0,35.0,7.0,35.0
4a96de21ccfb22ebe1c56992acbbd7fc,climatizacao,58,655,5,1300.0,30.0,10.0,30.0
c45a1de8cdb00af9ba1f3c097561b77a,artigos_casa,55,315,2,1000.0,30.0,10.0,25.0
1b37262ebd1307a6c9aab9aca8584e76,pet_shop,52,1290,3,1300.0,30.0,10.0,18.0
04869307f7e7dc5b07f1d83406ade1e5,brinquedos,58,443,2,3305.0,38.0,36.0,19.0
8bb6ace4cf2411747ea1cfecad5a458d,bebes,55,224,2,6000.0,75.0,15.0,50.0
21db47f6493b06e8e7fc562ec9890e77,informatica_acessorios,50,281,4,300.0,35.0,5.0,25.0
f4d705aa95ccca448e5b0deb6e5290ba,artigos_casa,57,74,1,250.0,20.0,2.0,15.0
bbaef2eadf31fe3ea6702077398be06c,perfumaria,45,1003,2,400.0,18.0,11.0,11.0
3fc3d637781e5d185455013606a6e2cd,eletronicos,32,1274,1,250.0,16.0,10.0,30.0
21d325f98c6505a72b1bcf363f3d3f88,brinquedos,57,1532,2,1250.0,29.0,19.0,22.0
f6691c7e7a0c12d28003c97608dfe605,fashion_roupa_masculina,47,1026,2,950.0,40.0,6.0,40.0
c615805546392ec3b8a20c6590c4d400,pet_shop,54,261,6,2000.0,30.0,34.0,17.0
6e9c52b407fea24064f7ab2b144fbf8c,bebes,56,1395,7,13575.0,71.0,81.0,44.0
e07f6e9343cad06f34d0a7a09eeac4d7,beleza_saude,60,537,1,667.0,17.0,16.0,16.0
80fc21f90a43fdcfc623f11f5457db10,relogios_presentes,55,457,2,267.0,17.0,11.0,12.0
9cafef108028ea326352e901a8b729a7,artigos_casa,60,609,2,1750.0,45.0,20.0,40.0
dd783a33bc94bef9c728611320d559e7,beleza_saude,52,1113,1,150.0,16.0,12.0,11.0
ec019a7e1feb42072e2a07b6317c7edb,brinquedos,48,135,1,10550.0,65.0,7.0,45.0
20424e1f503b9ceeeee60b717b11ec36,utilidades_domesticas,57,1298,1,1725.0,100.0,35.0,16.0
795ed173180b101b114960e572d2181f,malas_acessorios,43,215,1,700.0,45.0,10.0,31.0
40a75445dcf4958b8c9b3dac6898094b,esporte_lazer,29,1318,1,400.0,34.0,16.0,16.0
fff0a542c3c62682f23305214eaeaa24,papelaria,23,146,3,300.0,30.0,10.0,20.0
21419fbb5e6e21591c1dc83cb75aec07,casa_construcao,59,1582,1,5850.0,60.0,25.0,25.0
d801448d8cf48fd15a66dc8779d47241,relogios_presentes,47,687,1,267.0,17.0,11.0,13.0
d1fbb5683c8e93f314d0f2bf40d07761,artigos_casa,53,155,2,1500.0,39.0,12.0,25.0
4e7f36f28c51e114a343625b628dd429,variedades,42,727,1,400.0,24.0,16.0,14.0
58bef3ad35aed45b92cf03510e6cf5ce,esporte_lazer,54,3830,1,1300.0,31.0,32.0,31.0
532d7f19b8005e415f5b98a1cf4a8690,utilidades_domesticas,58,172,1,400.0,16.0,10.0,14.0
aedb7e30007f6051c5b3f97156b0848a,artes_e_artesanato,32,195,1,150.0,25.0,2.0,19.0
c752f2bc46ad4b389290cf5828a1db62,beleza_saude,40,654,1,650.0,25.0,13.0,14.0
7207700449f2433076d70a5b1c004eb4,consoles_games,44,421,1,706.0,32.0,8.0,38.0
582dfc3697c5f834a5ddf28460ba9222,fashion_bolsas_e_acessorios,59,251,1,300.0,25.0,10.0,25.0
54910b8287ecea5f93a008ebfa94a15c,artigos_casa,41,242,1,4850.0,75.0,5.0,50.0
ecaae002060173ec59f5b168cbd55d70,automotivo,51,1741,1,825.0,20.0,24.0,15.0
9e48435521202c8795e21ac42efcc761,informatica_acessorios,31,432,1,600.0,46.0,3.0,15.0
f46c384460008df0071849d01b39834f,esporte_lazer,53,527,2,700.0,23.0,9.0,11.0
4fe53f6c123977ffa0dda91a2962c9e8,moveis_decoracao,51,1442,1,300.0,40.0,10.0,27.0
7aeb83cae61b0e94e6426cba2598ad9e,utilidades_domesticas,55,471,2,1270.0,17.0,14.0,17.0
3fc23ad64a8ee1f1451c8c44932c5d22,ferramentas_construcao,40,338,1,450.0,20.0,2.0,11.0
e10758160da97891c2fdcbc35f0f031d,variedades,,,,2200.0,16.0,2.0,11.0
dccef777bc505f2eca720502c209988d,eletrodomesticos,56,173,1,150.0,18.0,8.0,13.0
b6be875acca0b4862cae6479c5d9e6fa,ferramentas_jardim,49,192,1,200.0,16.0,3.0,11.0
84e1b9c6ba2ed178bd217097b41f1251,moveis_cozinha_area_de_servico_jantar_e_jardim,50,859,1,10893.0,33.0,88.0,44.0
93c285dad77a797cf2193ead6afbe107,utilidades_domesticas,53,524,1,1800.0,25.0,7.0,20.0
1ba7948f3aa31cdaf78a4885f3c5385a,brinquedos,29,566,2,1220.0,20.0,33.0,22.0
6a61a5d77a8571a0646e8c0f75f572f4,beleza_saude,53,1368,6,360.0,30.0,19.0,22.0
0e40b1ed4cfd3da1962ec91913e54ba8,eletronicos,52,424,1,175.0,22.0,11.0,15.0
2de8789bf8abcd2f6c7866f9429b1986,pet_shop,50,852,1,1900.0,50.0,13.0,70.0
d394d30215872be4cda2c67c1ce5b981,esporte_lazer,37,621,5,250.0,20.0,20.0,20.0
9181a16945ef449aa81212d5139945ec,bebes,58,1261,3,6950.0,85.0,11.0,50.0
b166907a5770631b7deedd0891b1b7ab,utilidades_domesticas,57,1094,1,1100.0,55.0,5.0,40.0
302a19dacdbb5ed2f74f9dee8126ef79,bebes,64,882,5,300.0,17.0,7.0,24.0
1fb2c1a0d7f863e0644077cb5d8f80df,moveis_escritorio,41,2261,1,16500.0,58.0,28.0,58.0
0a17941f41b99d2f070fab54b458a4a4,malas_acessorios,28,453,1,300.0,16.0,23.0,19.0
98190f6a2c3253d07ca86525bb238162,eletronicos,25,813,1,1836.0,61.0,6.0,24.0
a18a23a783fb7576a8f0f6fbc2ae2b58,beleza_saude,59,822,1,175.0,18.0,22.0,16.0
e2c3ed9aaddfd2312a6a5fe9b3ddadd3,brinquedos,53,579,1,675.0,22.0,24.0,21.0
71c808620fa8dafbe6cd6c638cc67567,esporte_lazer,58,568,4,200.0,26.0,5.0,20.0
25cdef5b1428725aa16b8b9a6fbd72ca,industria_comercio_e_negocios,58,1058,1,1200.0,30.0,20.0,30.0
a1bf559ac1eab015ba992bd76d9d76c7,informatica_acessorios,32,1074,2,200.0,39.0,2.0,30.0
3b82733180834cc02658403163260204,moveis_escritorio,46,1193,2,16100.0,63.0,61.0,24.0
eca3036ef7ba11b3331c334b7053fe13,telefonia,51,443,1,117.0,19.0,4.0,12.0
6b75ce117b8fcc75289cb6cbe589de6c,telefonia,27,1217,1,455.0,36.0,18.0,27.0
23ab7bb9eac81e85ec43ed71064cf7ce,artigos_casa,55,613,1,550.0,16.0,10.0,16.0
5cfe07a11fd4f35d3c5ca21cd60cee6e,fashion_calcados,54,404,4,750.0,22.0,12.0,33.0
78119fbfa709d07b86f5ccf15043c6d6,variedades,43,447,2,586.0,18.0,11.0,13.0
9138555a5066b7f16bf15e75c7db067c,iluminacao,57,919,6,540.0,16.0,27.0,16.0
1ec5373950b7877c5de483a123223810,esporte_lazer,42,2819,1,3700.0,30.0,20.0,20.0
34607082301052079a3bffcd12c5ecfb,utilidades_domesticas,57,623,4,3150.0,30.0,17.0,30.0
4ceab0364ce2bef8363b89f4719bbff7,artigos_casa,57,296,1,2100.0,53.0,27.0,40.0
c9fe02894880831f6f28d5ac212d036f,seguranca,51,1006,3,314.0,20.0,19.0,18.0
3c883b9d3fd2d0ce448d4136349dc0a4,artigos_casa,49,153,1,550.0,23.0,15.0,23.0
98d0e0ca6213edc063889593a2475e36,automotivo,55,978,1,13825.0,70.0,35.0,49.0
f2c1df0fc307ec60e3321c708c1dcac3,artigos_casa,42,431,1,850.0,40.0,6.0,50.0
622d3b263cd40b06e1eeea144fb83f19,bebes,19,200,1,250.0,21.0,4.0,13.0
15cd31f93b25e5a517f05b1af31d353f,brinquedos,55,1475,1,400.0,20.0,20.0,20.0
cd7701670288642f7be9437dec9034c1,perfumaria,48,606,2,400.0,16.0,20.0,15.0
3519403062e217f433e0bbdc52e0b19f,consoles_games,25,211,1,200.0,16.0,2.0,16.0
37dffde0476450e75dae423136954b0f,automotivo,60,1023,5,250.0,20.0,20.0,20.0
d68bd4dedccc5545b1ff6629de8fb021,informatica_acessorios,53,813,4,1950.0,17.0,11.0,12.0
e4c0d69bafff0157f574aae9a147a8c1,moveis_decoracao,49,607,1,300.0,35.0,10.0,25.0
b6b4ab44d1f3c2a645abbda76af2a993,relogios_presentes,54,364,1,1050.0,30.0,45.0,11.0
d19d6968c8fa843da04bf9c9d23c312f,automotivo,53,1373,4,400.0,16.0,7.0,11.0
de984954e2e130136bcf8988bc973d90,instrumentos_musicais,40,234,1,1000.0,56.0,9.0,22.0
c6336fa91fbd87c359e44f5dca5a90ed,esporte_lazer,39,772,1,150.0,16.0,16.0,11.0
d10abea506594de1dd5ea21851f94062,beleza_saude,60,876,1,700.0,16.0,16.0,16.0
4bae12e58c9b828e1302a2cad437b80a,consoles_games,47,358,3,450.0,17.0,7.0,17.0
aba0932cedf32b2a7b6b832f11769613,beleza_saude,29,556,1,2000.0,30.0,12.0,16.0
f777c903946dd86fd00cd5b32ec3e907,ferramentas_construcao,57,954,4,21400.0,20.0,20.0,20.0
39e3b9b12cd0bf8ee681bbc1c130feb5,variedades,,,,300.0,16.0,7.0,11.0
2e511b5741ab14e7f5294df6f1310b03,informatica_acessorios,52,2515,1,188.0,20.0,16.0,15.0
74f250adf8f41738ca96718232a41499,moveis_decoracao,56,646,1,300.0,16.0,30.0,20.0
f16ced867a24a244afefb5b867f337df,fashion_bolsas_e_acessorios,38,487,2,13600.0,26.0,60.0,40.0
1ce0e963805e3c170485768e8b09fe65,moveis_decoracao,50,1342,3,800.0,25.0,25.0,25.0
794de06c32a626a5692ff50e4985d36f,variedades,,,,300.0,18.0,8.0,14.0
a530b23a71594d0d986a30359e207762,moveis_decoracao,49,600,2,1400.0,65.0,12.0,12.0
d294bd539d8c70342149beb38b767afc,relogios_presentes,50,295,1,650.0,13.0,11.0,12.0
fe9184887637170f6da65623475d6a66,ferramentas_construcao,37,2457,1,600.0,26.0,17.0,17.0
3da6f3c6c1ac8c36ff45b1a493a44e82,moveis_decoracao,58,1969,2,3000.0,69.0,11.0,11.0
8a4667ce8c036b0d54dd65a38298bfc0,malas_acessorios,45,224,1,950.0,46.0,10.0,33.0
26d114f0b4f14f5e3b3db0e211019777,moveis_decoracao,51,582,2,17400.0,42.0,35.0,42.0
ef22b718807d8b96162d9b021912f178,fashion_roupa_masculina,36,940,2,300.0,16.0,2.0,11.0
599e5320aef0c7dd9e3fed9b2f673d41,informatica_acessorios,52,1224,2,700.0,20.0,20.0,20.0
acfc0fd945c522a0d2266d45bcdd91c6,pet_shop,56,1545,2,625.0,21.0,16.0,17.0
2029248294c186017ecfc48cecd47bbd,ferramentas_jardim,44,586,3,3250.0,32.0,14.0,22.0
e8f22df5fa5b454907286aa61d6216a8,fashion_calcados,57,404,2,1500.0,22.0,12.0,33.0
4da06dee0a480b5d666886ea00b4d9b3,artigos_casa,54,228,1,250.0,32.0,3.0,23.0
39d5f0edfbb6ee4d1c524dd620c0bc7a,ferramentas_jardim,41,198,1,425.0,31.0,6.0,12.0
185013b2b9237c14bd26a394d9fda023,climatizacao,56,1161,1,150.0,20.0,8.0,13.0
3d1e658dd7dc71b44b125bdd18236fb3,moveis_decoracao,56,2028,3,350.0,68.0,8.0,13.0
5e459bd31247ee46fa95b09556600a6a,fashion_calcados,44,284,12,300.0,29.0,7.0,16.0
bb31a27a0b24236c8ce7e0c6264c51ec,telefonia,49,276,12,100.0,19.0,3.0,11.0
99a5e7a2c16478ff3f0ea9c20eb2820f,automotivo,55,1658,3,550.0,16.0,21.0,18.0
8a2d3285de64b2117fbf83784acd09fc,automotivo,59,1250,1,250.0,16.0,27.0,15.0
fdac82e439dafa5f87a9547581532380,automotivo,60,1541,1,1000.0,26.0,40.0,20.0
b3f29e4bbae3c829f7c4231074c307ee,utilidades_domesticas,55,998,3,14850.0,35.0,102.0,35.0
115bc0865dc675638645e1ab5311e30c,bebes,46,726,3,850.0,42.0,25.0,15.0
e71ba6dc5ef4b3bada7ee8d17304d31e,consoles_games,56,3354,4,1850.0,28.0,14.0,19.0
062597771ee91356ea34084f28c03a4b,fashion_bolsas_e_acessorios,54,1399,1,300.0,16.0,2.0,11.0
8d51190d4e52d32e6abf3d0551501114,telefonia,61,212,1,200.0,19.0,4.0,11.0
10d43b23591dde746f32fe6a7beb5bfb,beleza_saude,46,803,1,150.0,22.0,3.0,15.0
b0cd550945da1de6eb9cb69595d540df,esporte_lazer,55,1392,1,900.0,16.0,16.0,16.0
e83ded7d97b96d338c4e72bb1ff7676c,ferramentas_jardim,52,497,1,1900.0,44.0,19.0,19.0
ce130b350f529a1d6288f927da7404ea,artigos_casa,50,171,1,1450.0,45.0,10.0,15.0
c04b8195870068ff5c495f269a0bc993,livros_tecnicos,54,1162,1,1100.0,29.0,3.0,21.0
454157d7294823cc44ad21d4fe31474a,esporte_lazer,54,1241,5,200.0,16.0,11.0,11.0
f0737b524fe6b57f2ad4f174ce23a62c,esporte_lazer,43,1440,1,12600.0,20.0,10.0,20.0
bc4a074ab7a7ff14e98fa64671a79dc0,beleza_saude,21,1000,1,1450.0,25.0,25.0,16.0
6c3fc3c928cf7d57418923ffea326d9a,variedades,49,733,3,800.0,42.0,25.0,15.0
dc582e9ac5036846acfeeb3093b17aa7,perfumaria,50,749,1,1300.0,22.0,14.0,14.0
e84fb20fe338824c220166d3cd562cbd,beleza_saude,45,802,1,150.0,22.0,3.0,15.0
3c2f792f1041177a81913a977431a99e,eletronicos,40,549,1,200.0,20.0,20.0,20.0
bcad5b050c241af2fdc24c51556b297c,ferramentas_jardim,60,1177,3,11450.0,23.0,43.0,35.0
0d8c64a12c0e49b2515674c031b965a1,moveis_decoracao,54,220,2,2200.0,20.0,20.0,20.0
e5d860a0fff2e94bd1a406456cc6c4b3,eletrodomesticos,38,2030,2,13200.0,66.0,19.0,67.0
eca26be90d3b3454dd69a13a05bdb46e,fashion_bolsas_e_acessorios,59,119,3,200.0,16.0,2.0,11.0
c4344f6de69a96da8febce3f885171f0,consoles_games,53,310,1,150.0,19.0,11.0,11.0
f092eaa771e3dca0bfeca32b5c9d5669,instrumentos_musicais,51,439,3,3350.0,30.0,30.0,30.0
debefa981200019b8c4a45d0176125a6,artigos_casa,64,702,1,2200.0,42.0,11.0,36.0
d0877f0094337c414d23f5a3c7bad20c,moveis_escritorio,48,489,2,30000.0,50.0,50.0,30.0
4ed86bcb86407328452ac1c5b3b89d67,bebes,59,255,2,500.0,30.0,8.0,35.0
e117ca2a90cfd40b93450b0b60f834e4,artigos_casa,51,487,1,1800.0,45.0,10.0,34.0
7af3e2da474486a3519b0cba9dea8ad9,variedades,,,,200.0,22.0,14.0,14.0
4c303e0fd131aa3fe487c108b5aa8c06,artigos_de_festas,58,134,1,1300.0,70.0,11.0,11.0
63f7cd79973145c9e6bb11c5fd03e82e,fashion_bolsas_e_acessorios,51,372,2,150.0,16.0,9.0,11.0
a2bd2eae20998a24c22b110334928b02,malas_acessorios,39,278,1,700.0,19.0,48.0,35.0
55103cbbe0851d3a303a022cc4140628,malas_acessorios,32,1064,5,2900.0,40.0,55.0,30.0
f97d74310019b255120e4316f4515d74,fashion_bolsas_e_acessorios,34,426,4,200.0,16.0,9.0,11.0
3d649f0e12c7b5f9ec7e00f538cc13f3,beleza_saude,45,1886,1,300.0,16.0,18.0,16.0
9a5a361f3cd6c280f6bf4ffb6207c51e,papelaria,41,552,2,200.0,23.0,7.0,15.0
c354569eefd558bf201d0aedf35608ed,artigos_casa,55,166,1,700.0,49.0,4.0,50.0
7f383ce1a13d3d90e3d6074557ee8deb,telefonia,52,819,4,200.0,17.0,13.0,16.0
f2a1b32f85cad59ff2a8444154ac25f0,climatizacao,51,2959,4,7800.0,105.0,10.0,40.0
5027a29c73fb3aa5e93eae6867c9a2e7,papelaria,53,500,2,550.0,16.0,4.0,11.0
457c5f8a59156ce6315753d8d788a16a,relogios_presentes,60,460,4,200.0,16.0,2.0,11.0
3eb0cd17f2bfe15716e113962806a5de,artigos_casa,41,208,2,1000.0,30.0,7.0,24.0
76df076d70248fa44de6ed8c31a1a9b5,papelaria,52,219,1,1000.0,26.0,8.0,33.0
7683fe3e73bd7af6d0f6a6ed497cb04a,iluminacao,49,527,4,1450.0,60.0,5.0,30.0
e63e00cfcd91a5b34c13e2134671e842,moveis_escritorio,41,1071,1,5850.0,45.0,55.0,16.0
a77e6c93242ae050800cb3e5b98c2fcd,bebes,59,348,2,8300.0,45.0,25.0,45.0
a1e9b0d76a76ff474f4a4374fcfb8c42,esporte_lazer,28,663,1,1800.0,28.0,12.0,18.0
1dfb36d969d347f56f43590ec42c7b8c,esporte_lazer,50,1212,5,900.0,26.0,6.0,13.0
ae728f68e1fe806253238e93f2bfc324,esporte_lazer,57,1156,1,415.0,19.0,19.0,19.0
a1d17216996bf0cbba886f91bfd31c77,telefonia,51,1015,1,103.0,21.0,6.0,14.0
22776ebd2bfdf5f55499fd324862a673,automotivo,42,878,2,500.0,20.0,8.0,14.0
6b5af19067eeadc0f331687a79ca656b,papelaria,62,621,1,600.0,16.0,6.0,11.0
c72a1a8c3bbe15206d1880cedc7bd791,informatica_acessorios,59,1238,5,4750.0,18.0,22.0,30.0
f14aa2ba817ef24ccf7f99c0ccfab59a,relogios_presentes,37,610,1,263.0,18.0,15.0,16.0
f2d80346f1dd6986e9e6611db7b708aa,bebes,52,446,1,50.0,16.0,2.0,11.0
1f64ec386a6be322e71596931f5d2377,perfumaria,46,499,1,200.0,16.0,22.0,11.0
b97114b2893e68400ae867459b491bcd,artigos_casa,44,331,1,360.0,36.0,6.0,26.0
ef6aa884e3493fd38cc8ee47d8d79d10,variedades,47,1392,1,150.0,16.0,7.0,12.0
769cc5a32d4e6c7710013f35a73d45e9,esporte_lazer,61,211,4,1100.0,32.0,5.0,30.0
e24f73b7631ee3fbb2ab700a9acaa258,fashion_bolsas_e_acessorios,60,1118,6,2250.0,22.0,15.0,20.0
0417855683de23ba1e20e8a358a5ac7c,automotivo,59,633,5,1475.0,68.0,9.0,35.0
11dc4053871ff53ff79fb1fc7e6b160f,esporte_lazer,29,347,1,1600.0,100.0,7.0,11.0
8729e9bc4b7f0422448d80ed35ae329d,beleza_saude,51,1918,1,1650.0,25.0,30.0,20.0
eced39e6c33db4b865ea46d12dde67d8,brinquedos,59,3492,3,650.0,35.0,10.0,15.0
bad5bc36e62c12c840045474c6dbe021,utilidades_domesticas,22,663,1,900.0,21.0,34.0,34.0
afce90df29b9a0c1bfe5e1033f1197b1,telefonia,42,356,4,75.0,19.0,3.0,11.0
06efa56b8557e1efcb2c107f55d1a8dd,ferramentas_jardim,60,481,4,600.0,19.0,7.0,14.0
fa9cf28beaafe4f4bec59550f6c76481,moveis_decoracao,47,470,3,400.0,35.0,6.0,15.0
0bb7cb61f1957f79dac582ab66ccdc1f,utilidades_domesticas,45,561,2,553.0,18.0,9.0,15.0
ad19bca6e0f1919433d7e21d534ddb50,livros_interesse_geral,42,1109,1,900.0,18.0,25.0,16.0
334995514673fb6bae67885458b52984,utilidades_domesticas,37,261,2,250.0,25.0,25.0,25.0
95578be74a242e7a0eae084908bbb5f8,moveis_escritorio,38,2088,1,14900.0,58.0,28.0,58.0
288d91794eb2b14fed9ed5e469cb87c3,artigos_casa,52,701,1,1100.0,16.0,10.0,16.0
f72379337062680ca5a2b7b0275913d8,moveis_decoracao,56,945,2,2050.0,30.0,22.0,18.0
24f9f99148480cd31288ed4e7d962e15,moveis_decoracao,58,1953,1,850.0,69.0,11.0,11.0
4c505e52bedf9651c08793647c925e65,artigos_casa,58,744,1,350.0,16.0,10.0,16.0
77c0d362526797bf132aaf564b1e436d,ferramentas_jardim,45,616,3,1400.0,20.0,20.0,30.0
c23381297fa734ea441a15d723199fb5,informatica_acessorios,60,789,4,200.0,20.0,20.0,20.0
8b6a57fbcf171e0a44f97af7af858939,informatica_acessorios,18,389,2,617.0,17.0,14.0,17.0
78bd107dbc2f94f453c1bac8d2b4ede1,utilidades_domesticas,21,718,1,2600.0,16.0,41.0,41.0
ef76ea9ee88ad60b9680c7635f2baaa8,alimentos_bebidas,57,497,1,200.0,20.0,9.0,14.0
c8a0fe4fb537a7864e6aca0477a6da9c,artigos_casa,44,305,1,2000.0,49.0,16.0,39.0
6bb81626d06fafb4d7eab61ac9ed70c6,beleza_saude,42,167,2,266.0,20.0,8.0,18.0
9339df4b551cc289617ed742b9af7925,telefonia,54,409,1,200.0,19.0,4.0,11.0
09c3d39641970009c198caed304ccfc4,bebes,52,1659,1,300.0,68.0,7.0,13.0
7130a7cfbe3bb2f11f6524e0cec6eafe,pet_shop,59,140,1,300.0,16.0,16.0,16.0
76fffd0056ad48fbddac939c05e05cff,relogios_presentes,54,182,1,200.0,16.0,2.0,20.0
e05646078b508ff048d63d3af7775ca1,eletronicos,58,613,1,1300.0,20.0,16.0,20.0
15571dce56ff7d152dab99a0bc8354d5,esporte_lazer,50,1530,4,482.0,18.0,11.0,16.0
c571bd52d56c393e52b38a593da5950f,artigos_casa,54,223,1,550.0,16.0,10.0,16.0
2efbce46d36d9af306d4300db163b276,beleza_saude,48,762,1,270.0,16.0,16.0,15.0
a453b4ccccf554efba31d5ada5a59a60,telefonia,60,818,6,300.0,17.0,4.0,12.0
0d79e2972015716ede4fabeb5b60f8c6,market_place,50,257,3,2150.0,40.0,25.0,30.0
2068e3435a38f6a3cc95ba89a96378ab,automotivo,58,894,1,3300.0,35.0,20.0,20.0
28e410092e56a080e14595c053d0bbe8,perfumaria,45,416,1,200.0,16.0,16.0,16.0
c5c66926b3f964b8cf9e7dfb1150d13e,esporte_lazer,41,128,1,200.0,21.0,9.0,13.0
3488d2ce36e718097c1509444289ef7f,perfumaria,40,1176,1,514.0,18.0,12.0,15.0
a0ff95d002b9e836b60b47e97a200f93,casa_construcao,37,426,2,3100.0,38.0,28.0,28.0
068ceaa8a3d9d385cbf53d5335f89f80,utilidades_domesticas,42,395,1,1200.0,27.0,18.0,23.0
a7b42937ab954b0e03bcf6cc35209940,esporte_lazer,56,813,2,250.0,16.0,10.0,16.0
fea2f92877b647dc07ea8e3f4aa2cf3f,brinquedos,35,537,2,7400.0,45.0,29.0,53.0
b52e7c92200ed9874e77bc09b5ed4d40,la_cuisine,57,232,1,7600.0,55.0,15.0,55.0
a8bb7885faf316d9a5062d42d2b2fba4,esporte_lazer,50,844,1,875.0,40.0,26.0,20.0
63f52009dc3ddb733394e80183aed0f0,moveis_decoracao,58,1047,3,700.0,35.0,7.0,27.0
2de11f4242720888f88ebe396a8332f7,moveis_escritorio,58,869,2,900.0,17.0,10.0,15.0
62224b433a431310bf27129938ad9f64,esporte_lazer,28,733,6,700.0,49.0,12.0,27.0
b2083bcfc8768380dd0e31d612e96d08,artigos_casa,53,628,2,1100.0,16.0,10.0,16.0
93719014f156d3fa9e0511cd0ab96315,variedades,34,443,7,1150.0,28.0,10.0,25.0
f86faff2fff9d021e363dc81bfd16930,variedades,53,304,1,900.0,25.0,10.0,25.0
629beb8e7317703dcc5f35b5463fd20e,variedades,,,,1400.0,25.0,25.0,25.0
5563f6b699b362e1bd6a2e1e650f52bd,livros_tecnicos,60,1265,1,2050.0,29.0,5.0,21.0
7e437c1d65a7baab7e7ca6c9f4e98b84,beleza_saude,57,1571,1,2150.0,28.0,32.0,11.0
012dd0e1c1f14325ee35f06748329355,beleza_saude,58,1690,4,490.0,30.0,5.0,25.0
b72e63f4630dcaded1689b28efa4c583,brinquedos,59,1272,5,1000.0,30.0,13.0,30.0
e791e580a2421e4471aebb0629c705c1,informatica_acessorios,57,991,4,200.0,16.0,4.0,14.0
aeeb6146e21d11416d01b0e03c2de06e,utilidades_domesticas,31,580,2,500.0,19.0,13.0,20.0
e91f30f35875789d4b7d14610aa88c15,artigos_casa,50,208,1,500.0,16.0,10.0,16.0
3a78f64aac654298e4b9aff32fc21818,variedades,,,,4300.0,30.0,10.0,48.0
ff7ac89ca5b77d0fb5f8a65262d73956,perfumaria,46,483,1,1000.0,20.0,14.0,13.0
1684f99c7e0e67403e52a7783366870f,automotivo,60,651,5,4200.0,78.0,4.0,47.0
7715f7da32957a84ad267799121a90e2,perfumaria,60,773,1,350.0,16.0,11.0,11.0
ac1290e4432c1f2662b71ac47da47691,telefonia,43,533,2,125.0,19.0,3.0,11.0
b23cfa104a0f297458ecebea590a33d5,telefonia,46,660,2,100.0,19.0,3.0,11.0
5b488b474a4f2519b7826390b1873a58,utilidades_domesticas,60,1206,4,4100.0,51.0,31.0,31.0
ce8a29973a1fed3f8d22ea5514d9ea07,eletronicos,56,505,2,200.0,20.0,20.0,20.0
4c7d111494b1116a2bec5e2d940e3439,consoles_games,39,319,4,300.0,23.0,3.0,11.0
4803f125e17a7b5fc363202349fbf14f,utilidades_domesticas,55,871,7,8400.0,50.0,28.0,31.0
7db409a594f815ca2267b5383d139ee7,utilidades_domesticas,60,314,1,1550.0,46.0,10.0,35.0
8fec581a22f1e87d7e0f0a0da4626a82,utilidades_domesticas,17,395,1,600.0,17.0,17.0,18.0
2ac6c3f94b62b0d60ac5b907bdb42cd4,fashion_bolsas_e_acessorios,56,1410,1,200.0,16.0,2.0,20.0
ad0e74d7a7848008daa87492dff8db9f,automotivo,57,1631,3,500.0,16.0,21.0,18.0
65ded196f8f1dbea9916be9b6fcfa0b7,ferramentas_construcao,50,289,1,1250.0,22.0,17.0,20.0
a4944a8b60acfe399f15f45892bc5639,informatica_acessorios,52,260,1,667.0,27.0,19.0,20.0
a314a62cff3e5725f545fa263aed7a7b,artigos_casa,48,120,1,300.0,40.0,4.0,30.0
f159439c5c382fae366d444e05c590c1,perfumaria,52,365,1,400.0,18.0,18.0,12.0
083178fd17a5d863811733e46fc529ef,esporte_lazer,38,256,3,450.0,25.0,25.0,25.0
8eed5d27f5b8c6248731efb4782f6141,automotivo,41,1510,1,2800.0,16.0,2.0,11.0
39fab2af0c4e38ee29c6b8e05c81f93a,moveis_decoracao,60,438,1,250.0,20.0,6.0,11.0
70c325280f670aee445babb3400cf804,moveis_decoracao,51,535,1,250.0,35.0,5.0,25.0
f3dadecca4b876a315481c79b8adcf16,pet_shop,50,365,3,300.0,24.0,12.0,12.0
bcb815bba008d89458e428078c0b9211,variedades,,,,150.0,16.0,2.0,11.0
e3ace35fe59021565fa9989acfdf8f3a,moveis_decoracao,28,196,2,1000.0,35.0,25.0,25.0
f9f899bf492ac59cf645a6c93eb91e05,moveis_decoracao,29,764,1,6267.0,36.0,40.0,36.0
590d6cb76092faa04d717fe406c66f88,esporte_lazer,46,254,1,2653.0,53.0,15.0,36.0
f0e14d7b2230a53543506024021cc3ef,moveis_decoracao,58,2130,2,3000.0,69.0,11.0,11.0
c01cc7b6054e22d68972a35df1e0c249,automotivo,54,1636,1,8500.0,18.0,29.0,13.0
2ca9132c1c90ff5060c3ff9047904e5a,esporte_lazer,43,877,1,2120.0,26.0,25.0,25.0
2043cae78c8b731c405c7329a05154b2,eletronicos,52,640,3,750.0,30.0,30.0,30.0
89904bec271974d069685a6568091c8a,beleza_saude,40,684,2,200.0,16.0,16.0,12.0
3bcf64d8d26d6e06bd568d27fe31d8e8,artigos_casa,56,198,1,1650.0,35.0,20.0,30.0
47de5f36ace720b578ca1b30d0b45b8d,informatica_acessorios,53,192,1,900.0,26.0,13.0,21.0
97250c682244b5b6618aec504ceb9656,utilidades_domesticas,55,783,1,150.0,32.0,5.0,16.0
df1ff6c9a263464ba1ea7cd3de5e8633,utilidades_domesticas,52,202,1,800.0,31.0,5.0,21.0
603751cec205d947f27ef1ab32b7fb26,variedades,22,683,3,700.0,20.0,20.0,20.0
17da5d80ea0eeabd565083183027d588,alimentos_bebidas,59,879,1,700.0,20.0,20.0,20.0
b5d214651360e2d58e13b48ae69c6199,bebes,46,1654,6,10400.0,100.0,23.0,27.0
a2f4e28e50f60566eeb99f842ffc0fd9,instrumentos_musicais,57,374,1,5850.0,40.0,9.0,105.0
9d0a2db5144d569d5ce5375bb0f4de36,artigos_casa,39,347,1,75.0,17.0,12.0,17.0
41ae9f1ae64408cbe2b980a3227f04b3,papelaria,55,1349,2,1000.0,27.0,10.0,20.0
8f9dc141063eb39ea09a9df984895c50,automotivo,45,764,4,1475.0,32.0,28.0,28.0
05d7deab2f99410d5fa21a75deaa1fad,fashion_bolsas_e_acessorios,52,1383,4,750.0,36.0,18.0,36.0
84a77e7e0bd4806ffd493e8a8c37737d,papelaria,52,145,10,3600.0,36.0,8.0,15.0
1fd78e3ef5fc49eddd84e82c035b682c,moveis_decoracao,42,461,3,2200.0,28.0,28.0,38.0
955821b9200f75f399d091f381821044,eletrodomesticos,47,82,1,150.0,20.0,13.0,15.0
32e12dbd1df2c2b6831ba26dc8325d1f,casa_construcao,58,247,1,1750.0,30.0,20.0,30.0
48aaba1523759485364bcd94f4d4c4f5,esporte_lazer,54,1162,4,1300.0,44.0,8.0,30.0
dd2ca29c9d0f93d3b1d28d7d7ee3025c,moveis_sala,24,356,2,7750.0,33.0,25.0,33.0
cc95f2435cc780a6992154d6a29ff226,utilidades_domesticas,46,616,1,3100.0,32.0,26.0,21.0
1c36a5285f7f3b1ed2637d7c528ce5ff,malas_acessorios,21,769,4,1600.0,55.0,37.0,30.0
d899300bb0834fde956e80ce7ca0c958,relogios_presentes,58,635,2,350.0,19.0,13.0,13.0
9f22d89800e8f59f79d50aa9d732f5e2,beleza_saude,50,355,1,888.0,18.0,17.0,18.0
7486c1fa8968fae4af4c32882f72dbe6,informatica_acessorios,39,160,3,150.0,16.0,4.0,14.0
80a96c144008b8446632f872d3b1a3ed,utilidades_domesticas,46,193,1,1025.0,25.0,23.0,25.0
46a44fef61c4835cb2cc8f39f0ce0752,utilidades_domesticas,63,261,2,250.0,20.0,9.0,12.0
d2fac83bdc41acb845baf953df64155a,artigos_casa,56,509,4,450.0,45.0,15.0,35.0
dbb00dd9b017066946537423958bd4ea,beleza_saude,50,546,1,1000.0,16.0,12.0,13.0
b2cadfc2d6da74fba3a372470641ba61,utilidades_domesticas,26,201,1,400.0,16.0,9.0,12.0
bb8248b78690e295b4978f78009e4b94,telefonia,56,367,3,150.0,21.0,7.0,14.0
3931aaf38ba4cc928100541ff51b82ff,informatica_acessorios,45,554,3,400.0,16.0,4.0,16.0
8cf7e354e6d9f04a09f4d59bc77dcc8e,jardinagem,55,749,1,9500.0,56.0,30.0,28.0
1a986b4015f20a3c26d8573a46dcf65e,variedades,46,269,1,300.0,34.0,5.0,27.0
2ae501b303a5a8e6f75c8c36f366b2d5,perfumaria,30,138,1,150.0,22.0,7.0,16.0
f28fd17099749b33b6e5081515b2e797,artigos_casa,44,421,1,550.0,30.0,5.0,25.0
4732ecf5e4abee8f7ff4d1b8df0f7af5,automotivo,39,1571,3,1100.0,37.0,12.0,30.0
fe849745fcdc6e1d6864539a2b13197f,beleza_saude,46,841,1,300.0,19.0,12.0,13.0
6b82874c6b51b92913dcdb364eaaae0f,variedades,,,,21450.0,70.0,34.0,50.0
7193329f650facb78de86a2e0b771e2f,beleza_saude,57,1668,1,850.0,18.0,10.0,14.0
28f71b48a5f99f0bcf4642ae10352557,relogios_presentes,42,431,2,500.0,17.0,22.0,17.0
afa6d9a2f3ba0d5b06ccd5eb4bd2e29a,esporte_lazer,54,675,1,750.0,26.0,23.0,23.0
12827caf723c4ff8030d64dcffe3cdab,beleza_saude,59,3939,6,150.0,28.0,13.0,12.0
53f92b0474f91fcb5bd188c6a8075c38,utilidades_domesticas,54,2952,3,30000.0,76.0,51.0,51.0
52a646aa308987e28c375b41081de428,seguranca,53,512,1,325.0,17.0,17.0,17.0
5d2754abdc85429bc7a4c37d52fbea43,fashion_bolsas_e_acessorios,53,770,1,200.0,16.0,2.0,11.0
4723ab93377036eb7e0c15dfca8c8ce6,telefonia,50,561,3,200.0,19.0,3.0,12.0
29608c81e9f1be14503667ecd1d35c63,esporte_lazer,52,473,1,200.0,20.0,15.0,15.0
c68b419d9c6038271b85bac98adb0fc9,variedades,,,,1000.0,16.0,14.0,30.0
e19c8e70d39de9646d64163a66051797,fashion_roupa_masculina,32,713,2,800.0,20.0,7.0,20.0
0c03a930e654a5f1ea08f95a5c67d076,beleza_saude,48,589,1,700.0,20.0,16.0,17.0
ba17dd83b93da33a4483ba301644f40a,relogios_presentes,60,394,6,250.0,16.0,2.0,11.0
1dce3fd38c13a3e74fe5000f33858442,automotivo,58,674,3,1800.0,22.0,10.0,18.0
4e80e5fbd1f7a5e67501d0e1573abf98,relogios_presentes,51,393,1,300.0,19.0,13.0,13.0
75747bce1abad71ec9edfb9ca6dd509c,livros_tecnicos,42,492,1,450.0,29.0,2.0,17.0
2b1e141d70cf9e03eae19784eb427c24,informatica_acessorios,57,761,1,400.0,16.0,21.0,15.0
d806210810eb8942d0ea5b17967bb1c4,variedades,59,988,1,1635.0,23.0,30.0,17.0
6a23ae3187f1dac41b7210a8c7739d6b,moveis_decoracao,52,832,1,750.0,20.0,35.0,20.0
bcb8826a092a057aedd93bb71d67c24d,beleza_saude,54,340,1,500.0,24.0,20.0,24.0
f102842fbe436027eeeb7fc76d3063aa,consoles_games,59,434,3,350.0,20.0,20.0,20.0
05d26098907b7bd26c0f92feefd10eae,brinquedos,43,389,1,200.0,18.0,13.0,16.0
4d777d8c652076edf63299034cc4c599,artigos_casa,60,166,3,950.0,26.0,15.0,19.0
265928225c1358e74bf8668ff65096f3,brinquedos,25,119,1,300.0,16.0,17.0,11.0
860dd3635c61aba2d7ddea90b7d471b2,beleza_saude,50,1083,2,452.0,20.0,11.0,18.0
ee2405458ecf90c4d6e1c55a9680de91,brinquedos,60,919,2,17650.0,45.0,50.0,45.0
45852eb1811c96c22787d9a3cb3875dc,artigos_casa,56,393,2,1100.0,35.0,9.0,35.0
b4a595a550a377a81bf10d27821fab6d,utilidades_domesticas,58,235,5,5250.0,35.0,15.0,35.0
44d958961868395bfe852e70d48081f4,brinquedos,31,254,1,200.0,16.0,10.0,11.0
5b706747080dcd34b3ebd803c25ccd65,relogios_presentes,52,654,4,340.0,47.0,13.0,13.0
4a37bc772078a013df64fd661ae5ee6c,beleza_saude,57,677,1,750.0,16.0,16.0,16.0
120ed962437fbd2a403ab98f630d8e85,artigos_casa,58,430,1,2650.0,33.0,10.0,33.0
eae50b5c9a18c296b7fa904cf04406a5,moveis_decoracao,58,477,1,300.0,35.0,10.0,25.0
6ba4f83d1c821bb17fe0a917881258d4,utilidades_domesticas,50,1123,1,13600.0,16.0,65.0,60.0
477e9dd0ec1da08376e3e29bf434add9,ferramentas_construcao,59,711,6,1250.0,30.0,10.0,20.0
6668e2c5a29f47a016858f28a3673e4a,artigos_casa,50,627,2,3950.0,33.0,14.0,33.0
dfc767a34d7f9f8ee72a3e9b5ed55f89,informatica_acessorios,32,1095,2,400.0,38.0,2.0,29.0
2b27cb23faa03f71607fcdd1539387f3,malas_acessorios,59,857,7,1100.0,35.0,14.0,29.0
ecac3b74dce5ab6c6a7b9eda9216cfcc,beleza_saude,45,379,3,200.0,16.0,16.0,16.0
1b726b3b028ce5af355fc94c066520d7,eletrodomesticos,60,230,1,425.0,39.0,17.0,39.0
8aebbc3445bef4a356ae41d226a7b5da,utilidades_domesticas,43,1129,1,22050.0,55.0,40.0,60.0
a963ea4d494221de09b70f1b4a70edbd,informatica_acessorios,58,240,1,150.0,35.0,8.0,11.0
ae48f03d1836c1021bf0babdf8b63dbb,utilidades_domesticas,46,290,1,800.0,20.0,8.0,20.0
67085b88a68c08cfe73132310f0574f3,moveis_decoracao,57,209,11,800.0,40.0,8.0,35.0
c51dc74a8b5018e82e9e44ef4b647227,perfumaria,60,418,1,650.0,16.0,10.0,11.0
89f46d1e213867388c2fac6078f5c06d,fashion_roupa_feminina,43,754,2,500.0,16.0,2.0,11.0
37c8b2425c9c0455491b06ad8671c224,variedades,57,1255,4,198.0,17.0,9.0,15.0
1dcd65bb5dd967d7b4c6b0223cefb838,variedades,,,,9150.0,33.0,30.0,44.0
8de2d2a80d4900fc699d4f52fbe8c43a,utilidades_domesticas,27,868,2,500.0,22.0,16.0,16.0
743faa1bbabdf4abcbd2443fcc33fca9,utilidades_domesticas,41,687,2,950.0,27.0,30.0,27.0
5ec9cc4e1217d387b9fedfa362b7bc24,automotivo,56,1310,1,3750.0,42.0,19.0,25.0
d24659126d5bbd0b1bacba3e8d17a978,esporte_lazer,32,513,3,250.0,16.0,6.0,20.0
88316766399e9545cb650c3ab70208a0,fashion_bolsas_e_acessorios,42,361,1,100.0,17.0,3.0,12.0
7c1043bb5837db0c6bc1953419a18628,papelaria,59,495,7,800.0,22.0,7.0,15.0
dfa872802d781798321a10f1ddadea82,seguranca,58,1720,3,200.0,17.0,7.0,17.0
593236d0ff46b4299b4787fb8d43f7f0,industria_comercio_e_negocios,44,1396,2,7225.0,16.0,103.0,25.0
984a3b9f9bb4c8feb319da951212696e,variedades,20,740,1,50.0,40.0,30.0,50.0
2a27bdf5d36c733df107a86e44370254,beleza_saude,52,1976,3,425.0,20.0,9.0,18.0
060ea530ba6184d49f7b1cc031c4c97e,artigos_casa,54,383,1,950.0,50.0,5.0,50.0
60e68dc2013929af2b3b5408e2da87fd,brinquedos,52,397,5,550.0,32.0,11.0,20.0
28a4dc65b49348e9de7f1aa7bfbabfd8,eletrodomesticos,59,319,7,14350.0,41.0,55.0,31.0
b1060f179d7f706565e347fbe00bf1b8,beleza_saude,32,1046,1,328.0,20.0,14.0,18.0
f66bfba86b78fa48e0834bb209e1555a,artigos_casa,32,306,1,1950.0,58.0,15.0,46.0
74c94099baac38d7d352195da981626a,beleza_saude,36,642,1,700.0,16.0,40.0,11.0
270c3d76b5efb36480487920cec3e167,eletrodomesticos,57,335,1,1250.0,22.0,11.0,20.0
f911903162e5c7cfa48e5b803068b091,ferramentas_construcao,56,290,2,400.0,20.0,5.0,20.0
3a9705b35192e14929ed984f99ae4f65,esporte_lazer,55,936,3,2320.0,63.0,33.0,17.0
96bcd2d5266412b1a43593fe5b904536,ferramentas_jardim,41,394,1,2700.0,16.0,30.0,25.0
c20fbbd4ccf2f7da70e150689a6a905f,perfumaria,47,723,1,455.0,21.0,15.0,17.0
e8221ea20065e9f3bd2efda98b807cd3,fashion_bolsas_e_acessorios,38,366,3,150.0,16.0,6.0,20.0
9b76503b35ee45adf532e291d5c7de0d,artigos_casa,51,115,1,2200.0,45.0,25.0,35.0
049b55359c60ea6403938b9e408f40b8,artigos_casa,49,297,2,1400.0,37.0,23.0,35.0
e6d528652daa9f45b90b855c0596bfbf,artigos_casa,55,200,2,450.0,45.0,15.0,35.0
386486367c1f9d4f587a8864ccb6902b,artigos_casa,54,120,1,835.0,40.0,9.0,33.0
84db874a1a2d895b0eece26cc9bb3dd3,variedades,55,418,2,1250.0,36.0,16.0,24.0
483df9288035696f34225a7047591d13,informatica_acessorios,34,2457,1,550.0,26.0,17.0,17.0
fac0337908b983ba98c810f03d25f278,artigos_casa,49,729,1,3850.0,20.0,30.0,30.0
0de11423be68ad641c9be1135450074c,variedades,63,877,6,7000.0,22.0,52.0,27.0
d4de08feff9533e02efa79613935336e,artigos_casa,53,681,1,1250.0,19.0,17.0,22.0
91e6a181c1ebe734ab459822cee89763,relogios_presentes,47,528,3,850.0,48.0,16.0,25.0
b687f7d54b34a215172bf55f9584584a,ferramentas_jardim,49,374,1,900.0,30.0,10.0,20.0
7e34dea6bf1b26c294d48bfc3fa41d9e,fashion_underwear_e_moda_praia,63,3140,11,400.0,16.0,5.0,11.0
af8215adef2df1e9e66642f159e81e55,relogios_presentes,52,585,1,400.0,20.0,11.0,19.0
644ede1cd3a7b877de774c66fd4abc78,esporte_lazer,52,682,2,1100.0,24.0,16.0,15.0
8bfd18c7b7358231b2a3f9ae98eed105,ferramentas_jardim,57,365,6,850.0,24.0,13.0,18.0
35255921c732e0e9319097469d856cd5,relogios_presentes,54,630,6,400.0,18.0,11.0,15.0
ed9b924bdbd0fd22c60aba6dddfbb6e5,audio,60,1046,1,675.0,22.0,9.0,16.0
7a33d7a1a85cb7db38bacbcc212a6013,beleza_saude,56,483,2,175.0,19.0,12.0,13.0
32f186a3f6239888c37adf90db857098,alimentos_bebidas,57,1322,1,1350.0,18.0,17.0,16.0
505bdfe93e66810bd2dfd42bcc61976b,informatica_acessorios,60,1503,5,588.0,20.0,17.0,15.0
216b222c2a8c6918d4203f3cbefb8568,utilidades_domesticas,41,897,1,450.0,20.0,10.0,20.0
bc86251d831265a9937ccfccecd6c224,automotivo,59,867,5,1500.0,68.0,9.0,33.0
d6d759f5b4285a0cc72404efa8c19632,esporte_lazer,25,267,2,1550.0,35.0,30.0,40.0
b3bcd6f54c943fecf8f51e0b988e5cc9,beleza_saude,46,1969,1,683.0,31.0,16.0,16.0
2a763f02c6a7a8ab7c1be0460ff891d0,moveis_decoracao,53,575,1,2500.0,35.0,9.0,25.0
fc37e09bb4dadd1eef5e92e954b1c72e,bebes,51,1243,2,500.0,30.0,6.0,23.0
ffc9d90bae2127e6a6ce6d6654267ebd,esporte_lazer,52,1113,2,300.0,20.0,34.0,44.0
9746ab6f7694c5e2fc9fe14befbb5c18,beleza_saude,44,820,1,350.0,16.0,16.0,15.0
c8149a123a4dccdd873b3de1e7867bba,variedades,51,425,1,250.0,16.0,12.0,11.0
0eb8e03d4ef83152c4642b606b5bbdec,moveis_decoracao,47,348,1,2900.0,40.0,10.0,35.0
3f9d819e1669be4865fdcd717968bb4e,informatica_acessorios,23,1036,2,200.0,16.0,2.0,11.0
bdb0b11a36aed4d0d862a7037c838560,telefonia,45,742,3,383.0,16.0,12.0,13.0
464383c22e65860826cf78650fe0f4e4,consoles_games,49,781,5,200.0,16.0,16.0,16.0
9ead3847aad283a0842bde7ad9a9e7b3,informatica_acessorios,56,1173,1,1300.0,30.0,16.0,16.0
c4df35b0ef8a1996cd7118d81c1632ad,alimentos_bebidas,44,744,1,4300.0,16.0,15.0,11.0
13387d462f74993d258b62f8f85fd9b8,beleza_saude,53,2610,2,150.0,16.0,7.0,12.0
c244b71b9f393724eaf2792a96427931,moveis_decoracao,59,589,1,400.0,17.0,8.0,17.0
f303e2cdf0967ef1a153d12f2685d280,artigos_casa,58,262,1,1400.0,25.0,10.0,25.0
e1bb819e98ca4d6153c28872921f171e,automotivo,56,1108,6,450.0,20.0,15.0,15.0
cc68bcd2a2720e95aef8b6cb71f62ed9,esporte_lazer,54,660,1,154.0,17.0,10.0,13.0
88d1ed18fd38fa0ffeeb4b517ca42a9d,utilidades_domesticas,55,132,1,470.0,21.0,23.0,21.0
671446e8e3aa3df1eca47b6c354a2921,variedades,,,,5500.0,33.0,22.0,33.0
d400b62525c30cb8ec0786613bb0d93f,eletronicos,58,613,1,650.0,16.0,10.0,16.0
9fa0c72476690fbc66bcacc498fe7fd6,informatica_acessorios,34,1122,2,100.0,18.0,11.0,14.0
1fa4ef78e1b8f0afea31e4ae9578affd,artigos_casa,55,739,1,1600.0,40.0,20.0,20.0
e619ceb6b2a4196772ddaa5c6e0368a7,moveis_decoracao,52,646,1,400.0,16.0,30.0,20.0
4079a95ae53890e5c268117864020aa8,artigos_casa,60,298,1,2350.0,33.0,7.0,37.0
3e12358032a6a599d25d9fd630cec2e1,utilidades_domesticas,52,1301,1,975.0,31.0,12.0,21.0
9ff668529410eefd5bca723acb4834c1,moveis_decoracao,59,439,1,1800.0,30.0,6.0,20.0
ebf6a0215aa3523486a430e93f6d56ec,artigos_casa,54,687,2,1150.0,32.0,5.0,30.0
a878ce3514b37e8bfeac8f881438b775,artigos_casa,58,678,1,1250.0,19.0,17.0,22.0
ae6476ef6cf588ccb0bd009b62359b97,beleza_saude,60,950,2,1300.0,42.0,12.0,20.0
f0ea71b6e2ab4cb3bd8f5ba522a25a56,variedades,,,,1300.0,30.0,20.0,30.0
fedccbd5e370e8ddb7aae6fb4cb70347,variedades,,,,1200.0,20.0,20.0,20.0
38650206798cd31f659906705a0eff70,moveis_decoracao,58,275,1,1800.0,45.0,14.0,35.0
43267ceb81c34b7d49decd624671ccfa,ferramentas_jardim,54,2155,1,509.0,17.0,13.0,13.0
0011c512eb256aa0dbbb544d8dffcf6e,automotivo,58,177,1,100.0,16.0,15.0,16.0
61a53738adc5c0e8d243553320f9ba1c,esporte_lazer,59,1104,1,8809.0,52.0,52.0,17.0
ef1c1ac9af94321c7af51e984279cb6b,ferramentas_construcao,58,138,6,14900.0,48.0,30.0,48.0
457953cd3ce26e8f7c9037bfb9e19b14,moveis_decoracao,56,296,2,1050.0,100.0,7.0,15.0
54af11c815f92135fb554bd9c97dd418,artigos_casa,57,520,1,950.0,29.0,10.0,25.0
5657897eec3381c5a9aaf19be83f16e2,variedades,35,377,2,500.0,19.0,17.0,25.0
afb0d399cb1dec68de437eec41c94fad,telefonia,58,733,6,100.0,18.0,6.0,14.0
73c15f15e628e4ec389e0ed1cec48b15,variedades,45,3033,5,12400.0,35.0,35.0,50.0
37d2e3656244fd840ebd0460360455cd,papelaria,36,215,1,700.0,45.0,10.0,31.0
25a675783383c8e0aa707b7e9063c925,relogios_presentes,39,700,2,253.0,18.0,11.0,13.0
0f2ee8171adfc13c81f69ff4dcb2b635,beleza_saude,45,1194,1,1413.0,40.0,16.0,31.0
e73a764ace9b74b912bea28a731f60e0,moveis_cozinha_area_de_servico_jantar_e_jardim,57,354,4,1150.0,27.0,15.0,16.0
f3979f97b4913d696bbe9c7c425c5e4e,bebes,36,654,3,18667.0,88.0,28.0,67.0
67ff96903c597ba4b1d7f668734bc3a4,jardinagem,34,376,1,65.0,17.0,12.0,17.0
49c8221f68acec04f84cc22c58be6c5a,pet_shop,54,947,4,700.0,36.0,12.0,30.0
5e6248437b2668bba62c0fdd71eaf72d,ferramentas_jardim,42,567,3,1075.0,34.0,31.0,34.0
d8160f4d642dacdcdb00f26b434a6033,pet_shop,42,244,4,4050.0,30.0,53.0,30.0
96341c5bd303e04bee20bcd01431dfaf,artigos_de_festas,60,430,1,200.0,16.0,6.0,11.0
8375cac77900898b899b33ef7b966bb0,artigos_casa,35,2618,1,1200.0,16.0,22.0,11.0
e13cf83849f5e6cf2b946de4ca48bf2c,pet_shop,57,651,1,500.0,25.0,15.0,20.0
d48782d1a53a65a84d63efd6aabd4f03,ferramentas_construcao,38,409,2,8817.0,43.0,24.0,47.0
25a048d00b596eeac27424b4e897f07e,musica,50,364,2,100.0,24.0,11.0,16.0
914a1be6110e7ce3289dbf55ec0d9704,variedades,58,989,1,2050.0,42.0,25.0,15.0
4cbccd77b25ad10677a460380987eaf3,moveis_escritorio,42,2115,1,13600.0,58.0,28.0,58.0
00a985c524adbb97a4211e4ce17aabec,telefonia,58,734,3,250.0,17.0,4.0,12.0
ae4a8a8e8a8f8850c720e68c182b1625,eletronicos,60,300,4,24050.0,80.0,30.0,60.0
dbbda25f6b7c74669cf2203b2e3139a0,beleza_saude,59,1935,3,300.0,27.0,11.0,15.0
ba3fea9ec13fb882dda6c9e4295d9130,relogios_presentes,55,266,3,667.0,20.0,17.0,18.0
29ea1bc54f78267f6e85b9c99c93e12a,ferramentas_construcao,58,339,1,7100.0,29.0,8.0,29.0
f50df9b142a624bf4c4d8495489a207e,brinquedos,60,804,1,600.0,23.0,25.0,20.0
f0a8b25a0a4f80f60eed4e1fdc3d477c,beleza_saude,59,374,2,1450.0,38.0,31.0,24.0
121b9686b9929855d823981fc655a6fe,utilidades_domesticas,55,747,1,6250.0,53.0,23.0,28.0
c2aedc6c0521b9c1fd928f2b2375d5d6,telefonia,28,1252,3,400.0,20.0,30.0,11.0
0a2fff0d95ef3bbb7dffc618f9542ba9,relogios_presentes,26,567,1,283.0,18.0,12.0,13.0
e792f2bb275bdea9b6076c2acbb5abcd,perfumaria,47,1090,1,850.0,16.0,14.0,11.0
60bb4500843105345ef9541e59a7a87a,artigos_casa,58,871,1,1200.0,40.0,10.0,37.0
7ffd59e4a33610e863f39cd3040ae7b1,automotivo,48,557,4,350.0,44.0,17.0,30.0
20d672f52195d2c20168f758a77303d6,automotivo,51,93,1,200.0,16.0,15.0,15.0
3b2d98c62a89221177c0f6213256816b,telefonia,55,316,2,150.0,16.0,4.0,11.0
9dbf7eb5228b2070008a2e331b114512,informatica_acessorios,35,1101,1,250.0,42.0,2.0,30.0
5ad04927f75f1ec98ff4458470452b01,malas_acessorios,41,1047,1,2240.0,76.0,10.0,14.0
bdf5efab9b8b85e6a49603007646f763,livros_tecnicos,25,2021,1,213.0,21.0,2.0,14.0
e000ecbb2e86143e74b3b2c3cf15f21e,brinquedos,60,196,4,1150.0,30.0,30.0,30.0
19d97e807df39d7af6311ba423eaecc3,artigos_casa,59,273,1,8850.0,16.0,10.0,16.0
dd7c7650c31d56afe11234bfd0a1e1ea,moveis_decoracao,58,1969,2,3000.0,69.0,11.0,11.0
46fd22a153db867285b826a2c62b446b,utilidades_domesticas,58,803,3,10900.0,71.0,25.0,45.0
b6665355b9d865e088250a5c8d7b36c1,brinquedos,58,246,1,300.0,37.0,20.0,20.0
29c131c43e662b738339aafcc0ba00fc,moveis_decoracao,32,926,1,600.0,17.0,17.0,17.0
b415213dee0b8051901b7ebe5a6b99f4,fashion_bolsas_e_acessorios,51,1081,1,415.0,23.0,19.0,18.0
6af5a2183cea4408f4292dd86be5f667,brinquedos,54,457,1,400.0,30.0,10.0,20.0
296ae6fd1ff55a39b63dbbb3ea7a36a0,artigos_casa,59,796,3,8150.0,50.0,20.0,40.0
5ade9eaa68986ae388b9d6ba2aa185e8,moveis_decoracao,60,956,4,5250.0,66.0,15.0,33.0
aff4c4ee166f76b66595e0bcfb983d5b,consoles_games,49,472,1,700.0,20.0,15.0,20.0
21e72a490cbe93ed7aa675d2b1ae105a,informatica_acessorios,53,240,1,650.0,34.0,15.0,15.0
913dfadde395f6049127173cfbb96121,informatica_acessorios,24,718,2,200.0,41.0,2.0,29.0
17d4764518c5a017b128060439d1559f,variedades,44,854,3,1000.0,35.0,28.0,16.0
31eb78f384a585823382f8963cdf5849,papelaria,57,223,4,1500.0,60.0,20.0,29.0
91ad72a5e0313d764d9603f18f2c3658,telefonia,59,486,1,253.0,20.0,10.0,18.0
85f17a3ccc10ef41645833b7074f3d63,papelaria,42,148,4,800.0,29.0,10.0,25.0
cedc0a95516e84ab083db0319e55003f,automotivo,58,1590,4,7350.0,24.0,69.0,53.0
ca078ba5884f07fd8e2ec7f7b13556f1,moveis_cozinha_area_de_servico_jantar_e_jardim,60,356,1,4400.0,27.0,27.0,37.0
01cf8c7364048b4b6ed0fe400667054d,brinquedos,42,241,1,1200.0,30.0,16.0,20.0
c20e9c8a7361bfa0d6530ab73075921b,beleza_saude,49,1216,1,1600.0,20.0,20.0,20.0
d88cd106d68ac93feccee719004d247d,informatica_acessorios,25,153,3,250.0,16.0,15.0,15.0
1ecaa47c3ade7f098ca5dd97e8dcb018,telefonia,54,653,1,150.0,19.0,3.0,11.0
212cc0fa7359ab242a697a03a574f719,variedades,,,,200.0,16.0,2.0,11.0
233ad2cdae25fbf46f0d090b678d23f4,market_place,53,213,3,775.0,35.0,9.0,15.0
6a944207f516a3e570fb1205489438bf,brinquedos,63,784,1,300.0,20.0,7.0,20.0
2fffbf105cbbc6e86144f00ecf571635,beleza_saude,41,763,1,150.0,20.0,10.0,20.0
6b7879a37ac2dbe5289a16706e859870,variedades,,,,950.0,45.0,12.0,30.0
606bfa78f6209099f25529bb1211522f,moveis_decoracao,40,241,2,4000.0,52.0,6.0,52.0
2039ecc2a76b653fb536a86a570e66d8,esporte_lazer,57,407,1,500.0,20.0,6.0,15.0
59911136c59b2dd04ddce80d592b55f3,esporte_lazer,31,447,1,100.0,16.0,6.0,11.0
af76a54b712e9cab85d2824e96c56ff8,automotivo,60,505,3,200.0,24.0,2.0,17.0
201ec8e4fb8456dd06265be68eb419a7,moveis_decoracao,52,1743,2,800.0,68.0,8.0,13.0
dcfe76be1e1036cb99e5d8bdc2a1b1c9,esporte_lazer,26,3694,1,300.0,20.0,10.0,15.0
b9fc59d07b4a88505e53e11d17097cef,esporte_lazer,58,1042,1,2000.0,28.0,8.0,15.0
6acf371d62b424190897033ef93947bb,telefonia,25,1052,5,300.0,16.0,7.0,11.0
ca17b18b38db6e0d2c33d362322f2a06,livros_tecnicos,32,2228,1,1900.0,30.0,6.0,30.0
2b250e4c796f4ce9da7ee0465bd1b574,musica,43,656,2,783.0,16.0,8.0,15.0
6c90c0f6c2d89eb816b9e205b9d6a36a,informatica_acessorios,41,260,1,775.0,21.0,18.0,26.0
a98ce95e720b49857fedbcfbdf21e8de,utilidades_domesticas,55,716,1,1400.0,25.0,35.0,35.0
1cac2c9aee1db62c108da2205880e09c,utilidades_domesticas,55,536,1,600.0,28.0,18.0,17.0
588e30c9b715a9158d6431ae94c25fea,fashion_underwear_e_moda_praia,40,549,3,200.0,30.0,30.0,30.0
2a9b9ab4785e67b8ff4f1e6fcba1de7e,utilidades_domesticas,44,919,2,1000.0,29.0,19.0,21.0
a5170485f5eec8e991a69da0231fd5c5,utilidades_domesticas,50,379,1,1100.0,25.0,22.0,21.0
20ee98f10c16f05a43db060ab1cbfd7e,fashion_calcados,48,375,6,100.0,29.0,7.0,16.0
0fa0bd7ef862a1a28d6cd9701fc97f6c,instrumentos_musicais,50,1053,1,400.0,19.0,11.0,19.0
72bb19eb8886399d5a46785146792ba7,utilidades_domesticas,59,889,2,250.0,20.0,5.0,16.0
613d093272cb8f74f25a01e430155a6a,agro_industria_e_comercio,39,326,1,1050.0,38.0,41.0,39.0
44e8945e17aef03daaecbc4bbab7f730,variedades,,,,200.0,16.0,2.0,11.0
680ca98a72aa9722523fa2006f858f77,fashion_bolsas_e_acessorios,48,248,3,300.0,30.0,26.0,22.0
c293414ca6dacfb6085739783def4ef6,brinquedos,52,706,4,2450.0,23.0,7.0,23.0
01b154ceb5457897eb28b9e549f28219,papelaria,54,447,1,400.0,25.0,10.0,17.0
d0f5d2822e06a19526cb384022af2a9a,moveis_decoracao,55,743,1,2200.0,34.0,8.0,22.0
2d6676e04aac85ce66dcf8d0529f4012,perfumaria,46,458,1,500.0,20.0,12.0,15.0
f1202530b474dade246e7fe77cdda463,artigos_casa,58,373,2,1700.0,34.0,10.0,34.0
95e18e6f72e096de84ad972456780aa0,beleza_saude,49,166,1,325.0,25.0,10.0,13.0
5b4341a1e617e4d33c3305158ff03c69,esporte_lazer,36,1581,1,150.0,18.0,7.0,14.0
da86f2cc2faf840b7b86390726b88905,perfumaria,37,107,2,200.0,22.0,3.0,11.0
13191128a8f50089d2ed9b7a25dc21df,ferramentas_construcao,56,1087,4,6250.0,55.0,14.0,44.0
95f2828625576b34ab861ef4b029a7fd,fashion_roupa_masculina,33,939,2,950.0,40.0,6.0,35.0
e9f4a2b16f44a27e454037659cceb20f,automotivo,47,84,2,200.0,32.0,8.0,26.0
1eb44be9d824d20602d68a0f3346d8d7,artigos_casa,55,148,1,6200.0,35.0,15.0,25.0
af5dce27d2097e3cbfeb25ad9eac092c,variedades,52,330,1,1650.0,33.0,44.0,19.0
3abf2d4698bf245577543ea01d9c7f16,variedades,,,,200.0,22.0,14.0,14.0
33202a8e7a645388c41ed714203d7131,alimentos_bebidas,45,911,1,3350.0,20.0,21.0,20.0
99d1f27bf9ea0392ab69d0203c6efdc4,perfumaria,60,1772,1,150.0,16.0,16.0,15.0
b7f70c625521ad94f77e9aa1218fd9fa,pet_shop,60,1614,1,2900.0,83.0,82.0,12.0
99b4596b82b6f75d453160c9c75e01f4,artigos_de_festas,36,378,1,1550.0,23.0,17.0,18.0
096b3aa9d2c93af82434f196a713ad74,automotivo,53,366,1,5750.0,30.0,19.0,31.0
9e3fb85220e7c0d45fab9a93288ec717,automotivo,52,1304,1,200.0,18.0,9.0,13.0
29589c613b8c17e6fe91da9af08ed148,automotivo,45,736,3,350.0,25.0,10.0,20.0
e834949329e7a91948b7c8a01f508b6d,papelaria,51,59,1,100.0,16.0,5.0,16.0
1fceb6597ec80646345b1d8517b48cb2,malas_acessorios,42,413,1,700.0,16.0,30.0,20.0
9a3d13559997d2639ebd02e75913b799,beleza_saude,51,495,1,233.0,18.0,16.0,14.0
35c5e00f6a23366ce44aaedc05da015d,esporte_lazer,41,194,1,100.0,25.0,20.0,20.0
ca26080d8f0fa848c329fe732f5e34e8,variedades,,,,1800.0,25.0,25.0,25.0
bae8ac5e125a98fe445bc17714104709,malas_acessorios,57,455,3,10700.0,40.0,100.0,16.0
bfd9a39f1774d4ca8773f1f42f09d187,bebes,60,849,5,750.0,50.0,5.0,40.0
1a2ece70966710dec441aa587993b5b4,variedades,,,,300.0,27.0,5.0,18.0
59f8cb217c16b9d838ab8f6d92fd2eea,automotivo,32,1313,2,250.0,18.0,19.0,15.0
b73e7ccdd22c0bb891a93ec7d80b717f,esporte_lazer,44,233,5,461.0,18.0,10.0,14.0
3647983375e701c3f089068b5fc0cf98,automotivo,60,1146,1,4000.0,65.0,25.0,25.0
1cb4e06ac5f21ccde771561d17ec0afb,artigos_casa,50,353,1,1250.0,16.0,10.0,16.0
f7740e5b4337a3cc4a8a204553101a85,beleza_saude,43,876,2,543.0,30.0,12.0,16.0
0776155007ad20447a0b0f91d4aad644,alimentos_bebidas,42,2263,6,1000.0,28.0,13.0,13.0
0ca31cd8916e06a977f3596faddc6852,automotivo,60,703,6,9050.0,56.0,11.0,32.0
a928a2cfd4d897610150b956e89a4e56,artigos_casa,58,774,1,1550.0,32.0,8.0,29.0
bfae0d55eef43da69474aadac456cbe4,esporte_lazer,56,1494,1,300.0,20.0,20.0,20.0
5f4bceafafc1903556735cb7f2842e78,variedades,,,,200.0,16.0,2.0,11.0
8ce6ed44410ccff5e5437f5d1ec012e4,beleza_saude,47,886,4,500.0,30.0,14.0,16.0
1c12e2e95f36322f3a5ab8153a76bd73,utilidades_domesticas,52,303,2,9900.0,61.0,31.0,31.0
64cb768ce668c3df58334a28d528b754,brinquedos,41,517,1,875.0,65.0,23.0,20.0
3932e37f1f658768ac53fbe680f145bc,artigos_casa,60,850,1,1100.0,40.0,10.0,30.0
4b232d5c1ec0ae0d9cc9529b97d75984,instrumentos_musicais,56,349,3,200.0,16.0,12.0,20.0
f99af3a3d10f7a52df7eb10abd1b72be,telefonia,55,880,3,50.0,18.0,6.0,11.0
bb9aa579b534cb9d96b38fcac94759b6,eletronicos,55,1702,5,750.0,21.0,10.0,14.0
75f3ef6a5cb0f2d5aeef15925f0ccf69,consoles_games,50,429,4,530.0,18.0,24.0,18.0
a24b0a4730a6f5b13a3502fb5065a814,moveis_decoracao,50,314,1,400.0,40.0,15.0,40.0
d6637aee74ba05e42bc17a047c335209,beleza_saude,55,1181,1,250.0,16.0,11.0,14.0
aea9f47e0e6dea45f3ad01ce4528f1bf,esporte_lazer,49,375,2,2000.0,20.0,40.0,30.0
1fd68fefef8ff576fc3fac7db97f67f1,artigos_casa,53,558,1,2400.0,41.0,11.0,36.0
ce87eb0f80420c505b53adef21bf93d6,livros_tecnicos,18,612,1,500.0,23.0,2.0,16.0
f997c8ca952938be7b2d487f761c7e76,telefonia,50,78,1,99.0,22.0,3.0,16.0
aea89e156fe6705b458e900a8790af90,esporte_lazer,45,179,1,1150.0,16.0,12.0,12.0
dd1b2eb34840957a13204dd3dbc588bd,variedades,52,673,1,175.0,30.0,20.0,25.0
cffa43acc63e8225bb6889f3c3bd74e3,beleza_saude,57,991,1,217.0,17.0,13.0,15.0
a2b35668d3b4c6f34b35c9f702ecc5b9,fashion_bolsas_e_acessorios,42,831,1,100.0,16.0,5.0,16.0
5773723f7819ffb88c5c758f8f8c183c,perfumaria,54,909,2,700.0,20.0,20.0,20.0
bad25f9c179bd093af5ce28af7fd40f5,informatica_acessorios,36,218,1,900.0,30.0,14.0,11.0
9291234bfd76d396f56b5175d435dd84,moveis_decoracao,40,274,1,200.0,27.0,10.0,12.0
f5287cac0d71b68c9cbf57fe0e19181e,automotivo,49,199,1,2800.0,95.0,7.0,33.0
83ef44e104d09603c783f1cc00cff82a,relogios_presentes,58,591,1,500.0,16.0,11.0,11.0
8792f8b694229e5627aa6a15cf912052,utilidades_domesticas,48,204,1,1150.0,19.0,22.0,19.0
de7d3a484ee73d0be8b0b3518f910201,esporte_lazer,56,1100,2,300.0,30.0,20.0,40.0
b4c8d3313b98fd124a787b571ac94148,utilidades_domesticas,58,102,1,200.0,30.0,40.0,30.0
11970aff9a8cf29a520127d0d8100901,moveis_decoracao,53,1750,3,2550.0,105.0,3.0,70.0
c24f692e0f20f854c24c31517610ba7c,telefonia,54,1057,6,200.0,18.0,3.0,16.0
c8aa3a6754ab1ad362858eca26f58c8b,artigos_casa,64,409,2,10900.0,45.0,15.0,35.0
9b393d3360316521a943267765a47fbf,beleza_saude,52,572,1,300.0,17.0,14.0,14.0
d3f4f3de0f4576184674937d1e9cecca,brinquedos,51,122,4,450.0,20.0,31.0,30.0
53b36df67ebb7c41585e8d54d6772e08,relogios_presentes,33,523,3,584.0,16.0,11.0,13.0
9b191ab94826390cd135c837fb7bc881,artigos_casa,56,729,1,2700.0,20.0,30.0,30.0
b5075db67f027daed66cc97a6626a7b8,artigos_casa,58,663,1,4200.0,34.0,10.0,38.0
9ce90721c582bede1c152150a883b801,brinquedos,54,240,1,300.0,20.0,20.0,20.0
4a0c2a56e65c941a0bb9874c47dd66d8,artigos_casa,58,2375,6,1400.0,30.0,20.0,26.0
a56af7192032f295ac582a2d70e4caba,telefonia,57,1887,2,600.0,23.0,18.0,20.0
6b1b29dd58c0342e04f9063e070bd6ac,variedades,52,894,1,2250.0,34.0,52.0,30.0
361b81e3cae3b21bd0119793c5399717,artigos_de_festas,45,499,6,4500.0,102.0,12.0,12.0
66b5f91356d928ae807ab4ee547f5e3e,pet_shop,47,115,6,500.0,20.0,20.0,20.0
61aa436324fa31453598a454e10b2cb7,esporte_lazer,55,800,1,900.0,23.0,18.0,18.0
97593959fc8ee0c67ac6c5a33fe61f4b,relogios_presentes,55,943,4,450.0,16.0,11.0,12.0
96f6baf4d6a2f7c90932573600903489,artigos_casa,30,503,1,700.0,18.0,12.0,18.0
1e56c680b07833e85fec6904b2c7e4b8,pet_shop,58,502,4,200.0,27.0,9.0,26.0
1ac09f60f3c3bc2021c637ef23fa3248,brinquedos,31,735,3,600.0,20.0,20.0,20.0
e4003447524c275bcd706d07068b3f3d,telefonia,25,287,1,75.0,19.0,3.0,11.0
d389bacae4eb98af95b782dae3b7f03a,relogios_presentes,50,589,2,600.0,19.0,10.0,15.0
73deb4d29b1361deb8e78b75478f210e,esporte_lazer,60,1596,3,750.0,30.0,11.0,20.0
baf76b06184501269d8e44228cc940ac,automotivo,60,332,2,100.0,16.0,5.0,16.0
c2df3d01bc5d236c85400b0d432bf97b,consoles_games,15,728,1,110.0,17.0,2.0,14.0
98600823ba81f3ba76386dac7c31ee06,beleza_saude,47,1115,3,125.0,24.0,12.0,20.0
036734b5a58d5d4f46b0616ddc047ced,telefonia,58,751,5,300.0,17.0,4.0,12.0
e29f2f8197f332ab172ad9ea6566853d,informatica_acessorios,59,445,1,133.0,16.0,12.0,15.0
dd7a209a646c04c176d7e9e9c855eeac,esporte_lazer,51,546,3,750.0,23.0,28.0,38.0
e7ef7e0bc312196681f8304cf7ddd92e,automotivo,37,269,3,6700.0,70.0,25.0,22.0
893c4e4b07dcb5a590645ddeb8894cb5,moveis_cozinha_area_de_servico_jantar_e_jardim,60,137,1,16900.0,40.0,30.0,40.0
2954628cc646e129a849918ab2b366ee,automotivo,59,651,5,4200.0,78.0,4.0,47.0
71685103d269d757074595a20bb82211,telefonia,60,776,6,100.0,17.0,4.0,12.0
bc7496ccc90a64c022a56021c65c9cda,utilidades_domesticas,28,238,1,150.0,26.0,16.0,16.0
c1b555c58d48d228480072f1492cc14f,artigos_casa,42,331,1,550.0,23.0,37.0,35.0
a22f707cfd269773138c3bf3a43f6180,moveis_decoracao,25,253,3,7000.0,25.0,25.0,25.0
b98546b83abd474d9517e36a1eddbc22,esporte_lazer,56,617,3,1100.0,32.0,9.0,21.0
13ccab6df565f4b742fcd81031be9aaa,brinquedos,44,1250,4,3850.0,35.0,26.0,41.0
1860b96949f9ff0adcd5e2c340d32e12,automotivo,51,966,3,800.0,21.0,8.0,14.0
87aa68bb4f8c5d53b7a6a496ce10d86c,pet_shop,55,703,1,1500.0,50.0,30.0,33.0
a1766f2d27b4e90a0d78d8e115295399,perfumaria,58,942,2,450.0,16.0,16.0,22.0
1fcaf044ff67ca59df3f6cc560d9fbfc,esporte_lazer,31,958,3,2350.0,92.0,4.0,24.0
654feb81aa65850b1962980f21be1525,beleza_saude,51,309,1,700.0,28.0,10.0,11.0
fddede0d4854d07dbb9bcf3b090697f3,automotivo,53,357,2,500.0,16.0,16.0,12.0
a1fcd4b731530eed7fa5531f3f0c2fe0,artigos_casa,51,231,1,2100.0,40.0,6.0,29.0
4b54c1f607b7a55ec9a34555b5607539,automotivo,57,703,6,4700.0,47.0,19.0,23.0
5445335704bf8a32827f3bf6b9701ed9,esporte_lazer,39,468,1,200.0,20.0,20.0,20.0
88cd1536cced07ce8b7eb699521f841e,artigos_casa,55,514,1,900.0,16.0,10.0,16.0
1175dc374bce5c9d93c4d4281d8d85d7,perfumaria,52,693,1,400.0,18.0,18.0,18.0
5c3f833c3941c6353fd0cc51686a1101,informatica_acessorios,54,1785,1,7000.0,57.0,11.0,52.0
cb57afec681197430ddab41d90304aba,esporte_lazer,55,416,1,400.0,22.0,5.0,20.0
ffa5d8273d8e03363bb4014de3f89dce,pet_shop,50,619,5,1150.0,40.0,20.0,30.0
2c71e9b9845634cb1ea6285a8f3cbf50,eletronicos,54,381,2,100.0,16.0,8.0,16.0
31a3ac2bdbd4af5074e25c5e92ca71ab,casa_construcao,57,707,1,10100.0,30.0,61.0,30.0
2500fb88ba75d71bd264e88b4da5b44b,telefonia,55,370,1,250.0,16.0,8.0,11.0
95b6e8160fbea38f306a26e66a6465a3,automotivo,59,555,1,4500.0,59.0,10.0,59.0
003128f981470c3e5a2e7445e4a771cd,esporte_lazer,59,1100,6,1550.0,16.0,10.0,16.0
8058b0067728a211c68874081e7352d4,esporte_lazer,56,1720,1,1000.0,20.0,20.0,14.0
57b46ac6f5503699255bab6cdde8222f,artigos_casa,58,184,1,3000.0,55.0,25.0,35.0
3ac52f93c2299daa201fbb7ff36546f7,informatica_acessorios,60,401,2,150.0,16.0,5.0,15.0
ac4005f3f9d2fba6bb8feb0ee1dc1395,utilidades_domesticas,30,167,1,2150.0,21.0,4.0,71.0
45af837344fa95e1fb3a840e9ffd8bf4,esporte_lazer,49,515,1,550.0,27.0,25.0,25.0
375478581c97832540b9209722a32058,bebes,60,566,1,17600.0,65.0,36.0,45.0
d31bf2a9527a3b785e229da07cbb86af,utilidades_domesticas,30,299,2,250.0,16.0,23.0,14.0
fe705ffbaa3804c5562b8b1046157a6c,beleza_saude,46,803,1,350.0,22.0,3.0,15.0
155eae0f604655ce68005b34cb88b7c9,ferramentas_construcao,52,3500,3,2700.0,16.0,11.0,11.0
e9896cd67d67e394cc2d3b0ecfd11eb2,malas_acessorios,56,488,3,17150.0,36.0,48.0,56.0
2eb9b2ef7c1da3c7b99702452ea4729f,eletronicos,64,547,3,300.0,26.0,3.0,26.0
709839bfd3ba2c923015e0a5de970a7d,beleza_saude,32,1883,1,250.0,17.0,12.0,12.0
fc5c33cddd49638580cfe9fec90aa943,bebes,16,978,1,300.0,16.0,8.0,11.0
2fad6925ba23d76e45c9496828e62a79,utilidades_domesticas,59,760,2,650.0,20.0,11.0,15.0
1ffe0f57d9bad302d252f7df6d6d29fc,automotivo,59,1391,3,1700.0,34.0,18.0,16.0
49feeab25d6531f4bbd4e9e7c926cf36,fashion_bolsas_e_acessorios,48,731,1,200.0,16.0,2.0,11.0
aeb4a18fc6dad1f6cb6474d69f634ad2,artigos_casa,55,617,1,6400.0,30.0,30.0,30.0
58493ca240e8c701678576a04c2d6336,eletronicos,52,537,1,200.0,21.0,7.0,14.0
b7ffd29379437fd3b580dd2deb8e50c4,artigos_casa,59,497,2,1350.0,50.0,11.0,11.0
0dc7e2749b6f2da894167fc88c86a2cc,brinquedos,30,1155,1,263.0,19.0,14.0,16.0
146a4eb8f7cef9788fecff10b104dec3,livros_interesse_geral,10,2068,1,1000.0,33.0,6.0,22.0
1ed390fc2e1df06251341c288d315eea,esporte_lazer,56,1236,1,4350.0,20.0,20.0,20.0
693567e68c0e3d72dc3ae88159aeed6c,moveis_decoracao,54,315,1,303.0,14.0,14.0,28.0
c9cfa62f6407e7bad1a59a8ad7255d4e,telefonia,56,214,2,200.0,22.0,16.0,16.0
94e25ee525bdcdce608d423d902a0372,alimentos_bebidas,58,457,3,2950.0,17.0,22.0,17.0
a53e969a04fa632529307e0e04d4c68a,informatica_acessorios,54,90,2,100.0,16.0,8.0,11.0
b8fd372c103037c02e9898f76ba0ab4c,variedades,35,240,3,130.0,100.0,25.0,35.0
3512f777c335f8297b5ad43416b69cf8,artigos_casa,49,476,1,350.0,16.0,10.0,16.0
ccf965dc2dedc243ce245610ffcc1e6b,moveis_decoracao,33,106,2,250.0,20.0,20.0,20.0
66f01f544ba693e1a1a7428caec79279,moveis_decoracao,54,757,6,3300.0,19.0,7.0,16.0
7aeaa8f3e592e380c420e8910a717255,eletrodomesticos,37,1642,10,5500.0,29.0,37.0,25.0
7f6f8bdeee8ab42b5b4873b754f22a15,papelaria,41,312,2,200.0,24.0,7.0,14.0
c7b17e51e4a7c527e89a7d5cf6f2415a,ferramentas_construcao,56,1133,1,4200.0,30.0,20.0,20.0
3099fd60323d4c647f2515690394bfb2,beleza_saude,41,1109,1,217.0,17.0,10.0,14.0
446e83f3f31931e9eda31363bde07293,moveis_sala,55,595,1,5600.0,20.0,5.0,60.0
44dc6124432da8482da2977dbfa88f59,beleza_saude,59,1343,2,150.0,16.0,13.0,11.0
dd28e3f8ffd0e519d30839eb27ccfae3,informatica_acessorios,55,956,3,239.0,27.0,8.0,16.0
a853bf1a5f8d9f04f5df123168164720,livros_importados,63,1071,7,1300.0,29.0,9.0,18.0
8f4735c09292c695473969af57466365,fashion_bolsas_e_acessorios,60,83,1,200.0,16.0,2.0,11.0
bcac2cdcd851929a5caa3e1508d5abc9,utilidades_domesticas,45,928,1,800.0,39.0,6.0,28.0
dfb6e01f3415c48d80b21a9c1dd97697,ferramentas_construcao,59,274,1,150.0,24.0,13.0,13.0
1cee940750667f29c969974d268656f8,beleza_saude,41,1918,1,580.0,39.0,11.0,15.0
b15b38f8a24ce6254dfa5bc5a06f18c5,automotivo,50,214,4,1600.0,25.0,9.0,17.0
ca4a58d8a97a4e1c5822292d4cfcb4b6,fashion_bolsas_e_acessorios,35,385,1,100.0,17.0,3.0,12.0
e4f7023069a24c2297617d935f783a5c,informatica_acessorios,52,294,2,1000.0,20.0,20.0,20.0
224e8e64188b2731d83c3f5bfebd29d3,jardinagem,54,118,1,1450.0,16.0,16.0,12.0
ace5d86cf1ac63cdb76f49e5cd23d2f8,moveis_decoracao,60,473,1,600.0,30.0,4.0,20.0
4462167dca28740ae5078b9dce00f199,automotivo,50,520,2,1200.0,19.0,6.0,14.0
1965752f8e30a01b19fea24c2577ad0d,alimentos_bebidas,28,528,1,1376.0,23.0,15.0,21.0
b61d1388a17e3f547d2bc218df02335b,variedades,,,,350.0,16.0,6.0,11.0
385a33a408e9c35c9fbc2025c12f3784,informatica_acessorios,52,967,1,220.0,22.0,13.0,12.0
6dbcbca84288705e65660c9b4f369134,brinquedos,42,1604,1,6084.0,68.0,14.0,68.0
337be49673e511e2bd38d390cf57d7c4,relogios_presentes,53,542,2,400.0,16.0,11.0,20.0
124a15d998dfe011681819d7c792f7bb,beleza_saude,60,180,1,300.0,17.0,12.0,11.0
5cab8d5ca731b3de4c23b8b13b04e594,brinquedos,32,122,2,250.0,16.0,15.0,15.0
1dd3a0b856546758b41e8ef9935f1831,utilidades_domesticas,53,532,1,600.0,20.0,7.0,20.0
c828d9e817355cc55ab8a449b2299f25,consoles_games,48,691,2,317.0,20.0,7.0,16.0
85d187257cdbf2692d10649a11c7e78b,malas_acessorios,47,414,1,2000.0,35.0,27.0,12.0
23b3e6e0aafa806f323de78534212b67,jardinagem,34,1007,5,5650.0,40.0,16.0,50.0
8bf5b1e066d9fb2a639f8f69d55a370d,automotivo,55,1440,1,575.0,20.0,10.0,15.0
cc3181a81384b6fc34602d49cb6068a6,eletrodomesticos,33,94,1,18450.0,68.0,21.0,42.0
ddddff18d8f990347156c317421df46d,malas_acessorios,47,114,1,1000.0,35.0,10.0,34.0
5c17022eddee34a164a87606a586dd8b,moveis_decoracao,39,400,1,450.0,35.0,35.0,11.0
26a5c56121a055cfa75ae4f9e324c024,automotivo,56,199,2,75.0,16.0,15.0,15.0
f7e0b1caf4e8709c62147484d5b1aa6a,perfumaria,55,310,3,200.0,20.0,5.0,13.0
9af87df86e72ade39565a7b20d8cecd3,beleza_saude,40,774,1,625.0,16.0,14.0,15.0
b9adb2d8377c195da59e75743dbb7133,variedades,,,,200.0,16.0,2.0,11.0
4e9e7d1bed5934971a6ac480a0f5069f,pet_shop,35,503,2,1500.0,40.0,45.0,30.0
2e04efb6656990084af256e304d9a573,malas_acessorios,54,1632,6,650.0,20.0,40.0,50.0
74291f20821eae2aacb949b41622ef52,perfumaria,42,155,1,600.0,20.0,20.0,30.0
5a719c85a2cad2da6076ea511aa4023f,informatica_acessorios,60,1873,1,225.0,17.0,17.0,17.0
1ee079ac734051dc6b17c085dc203b0c,eletronicos,57,2259,1,550.0,20.0,13.0,21.0
17597731049645b4a7cd01de0b4188d5,brinquedos,50,690,1,7175.0,50.0,22.0,40.0
4a9947ec1fcec2b3321193ed5590e8cb,relogios_presentes,42,576,3,300.0,16.0,2.0,20.0
d0c59b22539b0b391e5834a1dae7caa8,brinquedos,35,272,2,350.0,19.0,22.0,17.0
4df4e2fa82369cf0ba8bb28833d44848,moveis_decoracao,49,199,4,650.0,19.0,20.0,15.0
4c35791f944cf1550e8ae288b3f9e258,informatica_acessorios,53,514,3,424.0,25.0,10.0,19.0
eb6913790ee61d3d4d8dffcbbedea827,pet_shop,57,1268,2,102.0,20.0,6.0,13.0
5b76cbb9c422e9f3920a1a75a88f0cf0,artigos_casa,28,102,1,200.0,30.0,15.0,15.0
ea697d5bbca113fdf96cf66f7aa135c8,beleza_saude,36,668,1,650.0,16.0,40.0,11.0
64df6c5d4c7440a043e13fa796eb4ac4,papelaria,60,466,7,400.0,21.0,7.0,15.0
148d27957e1653a2e9c8c3771f5a5a0f,relogios_presentes,60,628,2,200.0,16.0,11.0,11.0
614d9b959168fce3e0cbd0645acbb666,moveis_decoracao,36,80,2,400.0,16.0,28.0,16.0
675dbd52c3dadeafa9a8c96ea5a9bfc6,bebes,58,801,1,2300.0,36.0,30.0,19.0
5218cced384ab9377c69874bd7c703f3,esporte_lazer,51,1368,2,400.0,20.0,17.0,17.0
28b5eddd0f9eb2e6a7dd8a36e0a79828,utilidades_domesticas,60,279,1,300.0,35.0,4.0,15.0
52198ab6a720304fd80cac19c691a049,beleza_saude,54,3569,2,150.0,32.0,20.0,20.0
54a03278272d6b4da99f843fb8120754,esporte_lazer,52,920,4,600.0,35.0,15.0,30.0
919f371545037a68a1585ef9f0b9494a,climatizacao,52,1427,1,10050.0,51.0,49.0,24.0
665839d5bdf604c2909beca037c57144,brinquedos,22,265,1,420.0,28.0,12.0,22.0
a7f2b139c27a47d32a6ab4529c65c134,relogios_presentes,59,168,3,200.0,16.0,2.0,11.0
c2c951d6f458fe552a49dcd590bdb4a6,artigos_casa,55,661,1,1200.0,35.0,3.0,30.0
df3975eccff1508fbdf8874d3b4edadc,livros_tecnicos,53,1909,1,500.0,25.0,4.0,18.0
3cb11cc74ce2cf42fd23d867c18a7745,brinquedos,58,701,6,2250.0,55.0,12.0,35.0
c2c4115f38ec8f43e1052cf0735e289b,moveis_decoracao,39,202,1,2300.0,40.0,10.0,30.0
3ea344b27741300cc4724d2a5af94460,artigos_casa,57,729,1,1500.0,20.0,30.0,30.0
e8f625d123fb9e3cdf3e99bda7db0db1,esporte_lazer,54,664,1,250.0,22.0,10.0,15.0
89005f5c60b53829a9a617fe5e292221,automotivo,40,622,6,700.0,40.0,15.0,40.0
298f838b1798d952580d034bf84bd33a,moveis_decoracao,59,646,1,300.0,20.0,30.0,20.0
1d3d7e2bc2cb75e4e2c798ec9aae0279,telefonia,57,1260,2,175.0,17.0,3.0,12.0
0f8977d115c52d93a05dd4eb7052baff,artigos_casa,59,266,1,3975.0,46.0,12.0,43.0
353f9040451759cc7153da959db1e531,variedades,48,662,2,18600.0,38.0,74.0,38.0
8bc6752b88d4909a129ee0abfd76875b,pet_shop,17,746,1,300.0,16.0,4.0,11.0
c83bfa25f218562a2db2cb8abce10e1e,telefonia,63,150,2,100.0,16.0,16.0,16.0
9892435c317b92530812ef9fe68cffc6,fashion_bolsas_e_acessorios,51,731,1,200.0,16.0,2.0,11.0
332f784cac57e18f1194e8156ad5bd9d,beleza_saude,55,1735,1,2550.0,20.0,40.0,25.0
09ae715b435241d687067cb868b056a7,utilidades_domesticas,42,1182,1,15050.0,60.0,25.0,60.0
c76ce8f19e21cfc8226f0551ed5da750,variedades,54,940,1,1800.0,42.0,25.0,15.0
0f4d27b820e317c951649da022895e0e,brinquedos,37,337,1,325.0,17.0,18.0,12.0
926ecae86335e45fea05e1e39e9a5be9,utilidades_domesticas,51,339,2,9500.0,42.0,54.0,25.0
557484a8965bdc4e548658239f7663fd,ferramentas_jardim,52,1493,6,4000.0,30.0,21.0,24.0
ceeba7d5636e59173cc5f484e913db3d,variedades,,,,30000.0,65.0,65.0,65.0
70cc46ccdfff951dd7829395bce256ca,ferramentas_jardim,54,1318,1,700.0,30.0,10.0,20.0
3d4c249691c5ff13ec7946d4d7a1aaa0,telefonia,56,160,2,150.0,20.0,5.0,12.0
167752e318335bf6bdd6906c4c470266,esporte_lazer,48,1422,1,200.0,18.0,8.0,14.0
2b5000342506556984dc8d0dcdbd4921,eletrodomesticos,58,108,1,150.0,27.0,13.0,17.0
06ce9c3e61c7a07f872f8317a7dc534d,beleza_saude,42,3887,1,100.0,16.0,8.0,11.0
2f763ba79d9cd987b2034aac7ceffe06,eletronicos,45,1198,2,595.0,8.0,6.0,6.0
e5d51a994a31fdaf8d7ec087d31a9576,beleza_saude,44,610,1,600.0,26.0,6.0,18.0
31d6f0a621ee145ae8c70304cf564483,relogios_presentes,54,691,2,200.0,16.0,2.0,11.0
b9055c6417cea84a8198fec56ff6148f,iluminacao,58,291,1,2350.0,30.0,30.0,30.0
3f9714af5d7efa95476ebf732c9078c8,ferramentas_jardim,39,120,2,200.0,25.0,5.0,12.0
995e25d9b46dee183004994645768d95,esporte_lazer,57,722,4,500.0,16.0,15.0,20.0
f9aa001a859b11fd798bb386f3d07eb0,pet_shop,54,802,17,9000.0,33.0,30.0,44.0
05e75e2ebb007f6cadbc9925311b014b,moveis_decoracao,63,522,2,500.0,80.0,10.0,60.0
77e54bccbb383f52f76910f34d4cda43,beleza_saude,32,1032,1,100.0,16.0,2.0,11.0
8650c4bacaf0a2cd9ce38bd72004c276,beleza_saude,42,951,2,400.0,18.0,18.0,18.0
68db47d312d0b87e469762f0481d3b9c,ferramentas_jardim,60,681,4,16900.0,38.0,70.0,38.0
2756f88aa420dd0c5aa25b2db78d4664,telefonia,58,381,3,200.0,19.0,4.0,11.0
be19e1611a6015a66266d199ff3ccce0,consoles_games,38,456,1,150.0,29.0,2.0,16.0
56e04ad5959e2c30a6754d9cc1f098f2,eletrodomesticos,46,490,1,225.0,18.0,18.0,16.0
1f8281d23bd0d53a9d2cea4bad53ca58,moveis_decoracao,52,745,4,18200.0,40.0,60.0,40.0
d2806dfb8e3474bcba8b5bcd771ff12c,brinquedos,58,789,2,790.0,28.0,24.0,31.0
0eb41884a8773e019708fb8409fd8347,bebes,41,1064,1,21467.0,76.0,57.0,51.0
1c0b635cee597371e54d222a1d8e0386,relogios_presentes,52,706,2,300.0,16.0,11.0,11.0
3651da23518f818b7da19d3ec6c69f5e,moveis_decoracao,33,1405,3,150.0,35.0,2.0,25.0
37c4c3f162a9549087175b1391df2f02,beleza_saude,30,530,1,975.0,19.0,12.0,15.0
407eeaa1c0dcd776f6c2ad41db4c62e5,telefonia,56,1613,2,304.0,19.0,11.0,16.0
da37b504ecf6099b4f8af452ebdab0cc,bebes,39,1285,2,8200.0,40.0,35.0,35.0
04b2173a311a1fe1a8c90a59c0a0f474,pet_shop,41,186,2,700.0,16.0,35.0,25.0
661d83b6b4988942aa9b449b57e12f81,brinquedos,60,48,1,1400.0,60.0,30.0,16.0
e337509290028e0c81c0ac93d7b1234e,automotivo,46,2145,8,18000.0,50.0,20.0,20.0
50571d0f0f8ffbeec1c64cefeec01135,fashion_bolsas_e_acessorios,58,526,5,350.0,43.0,16.0,27.0
b1fa0cf0885504d458c2a48e376ea087,moveis_decoracao,52,603,2,1200.0,65.0,12.0,12.0
9d358fd2a77935cffa32834b50cfb21e,variedades,53,953,1,1200.0,42.0,25.0,15.0
3ae4b63ae37e03994e257921c73d50b8,artigos_casa,59,282,2,7683.0,38.0,45.0,52.0
de907886b218bfa2e0097c1fdff81785,eletronicos,60,443,2,100.0,22.0,4.0,11.0
d82bca823d7ea924fb38e011970205dd,moveis_decoracao,49,1720,2,600.0,65.0,11.0,11.0
7ce49c8945602088c4c4ca3e0ceb8244,variedades,,,,1400.0,35.0,3.0,35.0
27c63413ca2806bcab40a31d0f862a59,climatizacao,60,1271,1,4550.0,40.0,21.0,32.0
a93ad122024312ca432da7f7b32474b4,artigos_casa,48,267,1,1588.0,48.0,12.0,44.0
98bf9f3941be6afbca9ea37f8eb0c466,pet_shop,40,287,6,1400.0,20.0,16.0,22.0
1fd95182c672cf5b10c82207ca5dab97,automotivo,58,797,5,1100.0,23.0,7.0,38.0
ac01b71ddb644fe8806e71a6030accf9,moveis_decoracao,29,250,2,800.0,32.0,6.0,28.0
35e26f65c3f380cfe6257d771fb067d2,esporte_lazer,45,1134,1,867.0,26.0,15.0,18.0
089cc17c8bf2226d13648392e33dabd7,informatica_acessorios,32,999,3,225.0,17.0,5.0,20.0
3fddda7e92c16fa45033a4373a116e00,perfumaria,45,650,1,75.0,11.0,11.0,8.0
f110a8fd4a8052d5717ce2adc2bb71d0,esporte_lazer,57,1176,4,3350.0,66.0,6.0,43.0
b76d57984db550fe9e6f3ad3467e3025,market_place,63,1498,4,1800.0,20.0,40.0,21.0
5bf681c3d83a332fbb49765e3e572145,utilidades_domesticas,44,205,6,100.0,16.0,7.0,20.0
a7bbff32c7321478b29f924301a1867d,utilidades_domesticas,31,322,2,300.0,25.0,6.0,15.0
b88d27345de2feed45475bb48cca74b1,papelaria,55,787,2,300.0,16.0,5.0,17.0
52261c8a90724edab7b960c69dbf7a9c,utilidades_domesticas,24,761,4,950.0,21.0,27.0,21.0
c72f08f769081bfde2959e39c5bde5d4,perfumaria,43,478,1,100.0,20.0,20.0,20.0
7446478ea3cd9ec46d67ad284c09df66,artigos_casa,48,2154,1,1800.0,30.0,23.0,11.0
c857b96593773e940454e76efa8eabb3,moveis_decoracao,55,133,1,700.0,35.0,4.0,30.0
ceae7ba6df69ce2b3d1ec03bcfafc31a,automotivo,59,586,3,1125.0,60.0,8.0,33.0
683f5eb77d76cc28e35f087731199974,utilidades_domesticas,44,343,1,1200.0,36.0,12.0,23.0
4834f24983a4f056e5ae64265f723aaf,eletronicos,52,468,3,230.0,16.0,14.0,15.0
575e0e0242a7a1900558645915d3d9f8,alimentos_bebidas,57,1551,1,300.0,20.0,20.0,20.0
d53b2798a5e86b8db90ea3c4855cb409,brinquedos,44,952,3,200.0,20.0,25.0,25.0
a861fc3f9efc96a2aa2f90a1e8a41875,utilidades_domesticas,56,217,1,400.0,17.0,11.0,11.0
980ecbcc15fe174ec1e5757c4d75b1bf,agro_industria_e_comercio,48,157,1,250.0,17.0,3.0,10.0
9914c493622d54a4297b480620db7cd7,ferramentas_jardim,45,434,2,5903.0,38.0,31.0,33.0
165c9d7f2d58ca8e4af9381c0b0226a4,eletronicos,34,279,4,417.0,17.0,9.0,15.0
d19284bf0893e07e80c26fe4ad33458e,moveis_decoracao,47,1750,4,2550.0,105.0,3.0,70.0
cb5df9426d14898cd286c3c5ac0b8cea,automotivo,51,840,1,6800.0,45.0,20.0,45.0
057229db0353dff9e12e298e8f6429b9,artigos_casa,35,564,1,1900.0,16.0,2.0,11.0
9739d07ec835e1c66eedb9a6df402bd5,variedades,44,354,5,900.0,43.0,21.0,26.0
cb2a50959c992d8d56a80c45b59e0441,esporte_lazer,51,236,2,400.0,38.0,26.0,26.0
c3f538a01c95c92ddb8055bcfc6f4bd0,instrumentos_musicais,48,2756,3,350.0,17.0,7.0,11.0
8b41e0e27cc6de15e59de3853fcf51ce,moveis_decoracao,51,1362,3,800.0,24.0,11.0,17.0
39fbb313b6c8c6cc28e358f37e3068c1,relogios_presentes,57,500,1,300.0,16.0,11.0,11.0
6d07236d4abe99b5b1cbf368971bf6e7,brinquedos,49,170,6,200.0,17.0,7.0,12.0
7bcc81e7096d625f592094c60385ebc5,bebes,55,1633,1,550.0,20.0,13.0,13.0
88ef4dcecbad145f927ebce34fbdde97,brinquedos,36,1588,4,2050.0,47.0,13.0,24.0
f3ff1b0df51e4b86a6dc168c8bfe7dc9,moveis_decoracao,63,394,1,1650.0,45.0,15.0,35.0
27f53b8bf57426361b3e0174c16232e3,esporte_lazer,50,1352,2,4400.0,20.0,20.0,20.0
716229078d03301a1341876469a09752,informatica_acessorios,53,192,1,100.0,16.0,8.0,11.0
0aa186c65b07e61f5ac114182ab92a2b,informatica_acessorios,40,202,1,850.0,16.0,20.0,15.0
64b7b1d7151216b171067bafdb70d0bb,bebes,54,369,1,450.0,35.0,2.0,25.0
fda6a1e500285956c972ec2fe10f4923,alimentos_bebidas,52,1412,1,1850.0,20.0,20.0,20.0
18047039004204f52054f74b9503b9fe,artigos_casa,41,384,1,2555.0,55.0,17.0,48.0
a669398f595527fc03acc1ebda6b3cce,beleza_saude,58,905,2,300.0,20.0,10.0,15.0
1a596515dcbe1a261f8dc0640ccb5149,moveis_decoracao,57,384,1,600.0,30.0,10.0,20.0
70b1659e9e180610c8a5fd5753c85b80,perfumaria,52,1400,1,100.0,16.0,3.0,15.0
0751d46ff778c72973f67da627093303,relogios_presentes,57,623,2,317.0,18.0,13.0,14.0
d332776387e352fbd83df0136cf05db1,esporte_lazer,60,1483,1,100.0,20.0,8.0,16.0
0a39e413aabaa89275742e9707f60f86,moveis_decoracao,55,529,4,2000.0,28.0,18.0,38.0
6722735e7b6ea43bbd86b1c9074c3057,automotivo,52,231,1,1050.0,20.0,16.0,16.0
cabf8b8ae04dbb649a84f493660febbe,moveis_decoracao,54,553,1,1200.0,35.0,9.0,25.0
b0069f9a7b1811276378d64200846ea3,eletronicos,47,653,1,150.0,16.0,16.0,16.0
9474f3c0da0c4fd0bdf88cf6ac1b5d04,moveis_decoracao,51,208,3,200.0,55.0,6.0,55.0
6bebe9cd650ba6c55af91897a572e3d7,relogios_presentes,55,139,5,150.0,16.0,2.0,11.0
44feb28a74abb0f2f303412d60160750,livros_tecnicos,40,1120,1,500.0,25.0,3.0,18.0
c47d256557f7fa30144ecea5722eebc2,papelaria,59,307,2,8350.0,38.0,30.0,28.0
42212fc3d57c0e2242bd661e94e1e067,telefonia,45,702,4,100.0,19.0,3.0,11.0
edffab3eae08991a067c2c7664821661,moveis_decoracao,55,1646,1,300.0,16.0,6.0,11.0
42830ac3bef5dc8b398055683e52ad9a,malas_acessorios,52,1030,4,325.0,24.0,19.0,20.0
a8115d34a4b7b74388da609692162c37,informatica_acessorios,34,1080,2,250.0,41.0,2.0,29.0
f0bc8fe90b1c3901a14ba52f6aa17273,telefonia,60,549,4,100.0,18.0,12.0,16.0
418b40c9e83b7e5ac79e4a7ef975ebbe,eletrodomesticos,47,796,3,7300.0,82.0,10.0,54.0
89c5f56df4c7712aa9b0aefb21743989,esporte_lazer,48,541,4,3000.0,67.0,13.0,17.0
29d7696e65020b6cf7846bc4d7668f65,telefonia,59,400,2,233.0,16.0,13.0,13.0
8aa74335629d7d8e4ab23653b04ec65b,utilidades_domesticas,42,237,1,900.0,39.0,4.0,27.0
0533c5ec3a042521493cfb6e12d6befd,variedades,,,,1550.0,38.0,4.0,23.0
6965419e0d5116b685c3f825e4752231,informatica_acessorios,34,774,1,900.0,36.0,9.0,11.0
d248fe1e952b5b5d62572369cc23ac3c,relogios_presentes,34,608,3,600.0,23.0,19.0,15.0
9d29a021677d35a6b84c543bbdbcf120,utilidades_domesticas,50,205,1,800.0,16.0,11.0,18.0
169837a0e2864f37482261c3d7a2dd80,beleza_saude,53,3826,2,350.0,20.0,20.0,20.0
1c4b558889819d00efc1ec52e76bc450,bebes,58,374,6,200.0,16.0,9.0,11.0
701657bde0d39ea77205d996a89d9009,fashion_underwear_e_moda_praia,60,1511,5,300.0,30.0,16.0,11.0
9f69acd4da62618a3f6365b732d00ccd,variedades,,,,850.0,27.0,13.0,21.0
d9d1f8a93d1a991de6f45594b717b858,informatica_acessorios,57,2637,3,1000.0,20.0,25.0,20.0
4b7abf05291c02396d0c60ed5e03e2a9,beleza_saude,32,820,1,2100.0,24.0,26.0,24.0
bd481cb85531aa8ef9c09eb9e6a9e0a9,fashion_bolsas_e_acessorios,27,819,1,100.0,16.0,5.0,16.0
d0688f07b0aa9bfd7535de718425d8f5,papelaria,47,167,4,800.0,35.0,10.0,55.0
7552749c1a1124b5590d5b7206324daa,moveis_decoracao,38,478,2,14300.0,49.0,42.0,42.0
ae8a92195eb75e94998a210eeb51693e,esporte_lazer,43,513,1,400.0,30.0,5.0,20.0
8d77b937d01f4d6ca31ea084ec26fced,relogios_presentes,60,415,7,300.0,16.0,2.0,20.0
29e4631be78811ab993ae12613053b53,automotivo,58,623,1,3100.0,70.0,8.0,70.0
331f7c3a5502a8007a966f70e151e89d,automotivo,41,547,4,100.0,18.0,13.0,13.0
0044d70d4e53450c0fbb8255446a797b,esporte_lazer,51,695,1,200.0,20.0,18.0,18.0
03894c9a40bf32b84a349ef0ddfccc1d,utilidades_domesticas,59,675,1,20300.0,44.0,93.0,30.0
ea44caac707f7f1325182a538007f838,bebes,59,809,5,6600.0,45.0,25.0,35.0
1708d4cfc42166dc7f44e1ad501f4933,artigos_casa,48,306,1,11550.0,50.0,20.0,50.0
344cf40b4cf885e32de129b0917e4a33,ferramentas_construcao,54,713,1,750.0,16.0,11.0,11.0
237629a2fbb505d4db6ef67408dcf5bf,utilidades_domesticas,54,460,1,475.0,24.0,19.0,24.0
188ca16451af4da0cdad2750f9973fd6,brinquedos,36,210,1,900.0,45.0,15.0,35.0
8ccac7e503c0ba1f7e7b3aafeae52cca,moveis_decoracao,35,596,4,5500.0,32.0,32.0,32.0
528006c231a0ed1649af2db0ab6c69ed,esporte_lazer,47,80,1,850.0,36.0,23.0,18.0
bb706a70fa03c46aa8d5f4a15505ce1a,moveis_escritorio,55,594,1,650.0,20.0,12.0,15.0
e2acf075e3634e6f0c26e4e88c1bf9d7,moveis_sala,33,332,1,6750.0,54.0,18.0,53.0
f71c0f4ee48321ba6b82205b2fc9e08f,moveis_decoracao,30,669,4,975.0,35.0,25.0,21.0
933bdcaec5fb56654d35ffaae48c7068,artigos_casa,48,557,3,250.0,28.0,4.0,18.0
75aabf28c2ab4533f72b84fb5b061354,beleza_saude,44,635,1,4050.0,25.0,22.0,21.0
0bd478959805d86aabe80febd51789e4,esporte_lazer,55,985,1,717.0,18.0,15.0,18.0
9239c49d7d0e542d0e12a9023771ef51,jardinagem,55,2038,6,155.0,18.0,7.0,14.0
90f97298579cd20412fdcc9b7a2d4b6b,alimentos_bebidas,31,502,1,475.0,20.0,16.0,13.0
812f428f6757ab16c46cffc68f2e90c5,moveis_decoracao,53,1991,2,600.0,60.0,7.0,14.0
d951b7ee80638f0b34111a091327be42,perfumaria,54,522,1,150.0,16.0,12.0,11.0
f2a949f938c95d18433bebfb12afe395,automotivo,60,1657,3,650.0,16.0,21.0,18.0
f18e94c9042a09a45c22444e432c0fe5,esporte_lazer,54,493,1,400.0,21.0,26.0,21.0
759329d7653fd0c9a2b00d60aa8dd047,esporte_lazer,48,541,1,200.0,26.0,5.0,13.0
f6bd73f359ad6b91076b19cc0b70b44a,informatica_acessorios,60,878,5,1050.0,29.0,16.0,18.0
d8347a6f6301cb4343a6e05e095e5871,papelaria,60,815,5,1150.0,21.0,15.0,15.0
ede2db86fe8aefa5df3788e970819229,pet_shop,43,261,4,950.0,50.0,20.0,20.0
6ebdbcab1f0dc7e1d3ecb01c1b140ade,artigos_casa,59,333,1,2300.0,40.0,10.0,40.0
28447390cfd2a411fcb8c008b6163da2,brinquedos,57,696,4,405.0,21.0,7.0,16.0
9e572ff4654f7064419d97a891a8b0fc,artigos_casa,52,167,1,1900.0,47.0,7.0,35.0
2ac7c9339ff85fff3e1aee3eaf7bb315,utilidades_domesticas,43,357,1,217.0,18.0,5.0,14.0
e693be8d8b92c327a28dbadd6abedd0d,papelaria,39,1361,1,300.0,27.0,5.0,23.0
3db5eb72ddad50a83599e1f0741caf7f,casa_construcao,47,186,2,225.0,23.0,18.0,18.0
d7205c0ebebe2744d7c2e44b6d69cc95,artigos_casa,50,145,3,150.0,26.0,6.0,19.0
49e1eb2294c024ad435adb2b1de09336,utilidades_domesticas,56,179,1,400.0,20.0,7.0,11.0
7b0f65d848af0681e064d72f0d44e862,informatica_acessorios,27,645,2,125.0,18.0,3.0,11.0
f4d1833c85057a25ac14374dda132701,beleza_saude,63,1421,5,200.0,16.0,5.0,11.0
ee8eb0990ff05d13d55e89350ce16a3d,artigos_casa,44,826,4,600.0,31.0,4.0,17.0
19f3b74026e6ec6c83fc25e21baf454e,variedades,,,,1300.0,52.0,10.0,38.0
30b426aecc4e322e14030c1f384b1763,esporte_lazer,25,1002,1,2433.0,30.0,24.0,24.0
d0b9d3d449a97f582b325f11b512bfd2,livros_interesse_geral,35,1254,4,1833.0,17.0,17.0,18.0
f03e2584cfc057f8bf76bf5683955585,brinquedos,38,1338,2,150.0,16.0,21.0,11.0
ecd4bfa8cb104e8a1655dd59d1332d29,utilidades_domesticas,43,165,2,100.0,30.0,8.0,12.0
4a625789888350aabb6b1acd0e8f9e39,moveis_decoracao,49,833,1,1000.0,40.0,8.0,40.0
da77fdd937aba84787dbbba9231f79f8,automotivo,59,1655,3,550.0,16.0,21.0,18.0
753de82a096285dc21658d87c4933771,fashion_bolsas_e_acessorios,41,187,1,100.0,16.0,16.0,16.0
7642ddbf174d9a97119510f56be6c201,brinquedos,55,1131,3,1950.0,30.0,35.0,35.0
b5c114b11d53b6fd85a6a90790f0b479,utilidades_domesticas,30,678,3,267.0,24.0,15.0,12.0
54668f8d7fb456c8977d5ca817dab50c,artigos_casa,49,486,1,800.0,43.0,23.0,23.0
0f18321a5c6483ce8d2b2785f0c8f25d,fashion_bolsas_e_acessorios,33,406,1,200.0,16.0,8.0,11.0
2d80845a6f78e68221e4965655a9a9b8,eletrodomesticos,54,192,1,150.0,27.0,13.0,17.0
d5448c89ef7dc8228e12ae75e180ba74,telefonia,44,101,1,100.0,20.0,20.0,20.0
d0fac709247e97e9b44a5351891ef9f3,automotivo,60,968,3,800.0,16.0,16.0,11.0
9256d5ffeddcdb1ee516de53414ff1a2,telefonia,59,540,3,300.0,17.0,4.0,12.0
e40c9663823a220588b8f0c552ff5c03,fashion_roupa_masculina,54,275,2,750.0,40.0,6.0,35.0
31a2f42a87890f87d77daebdfabc182e,brinquedos,58,419,5,1700.0,30.0,35.0,25.0
8fae593cc19dca7764e3eea78ec0fd77,telefonia,40,1886,2,300.0,21.0,11.0,14.0
8cab8abac59158715e0d70a36c807415,esporte_lazer,56,1392,4,1050.0,40.0,20.0,30.0
39af1cd37608a2db10b81fd2350ce047,pet_shop,41,998,1,533.0,24.0,15.0,16.0
ce776bb92d4579d4ea61c2a009a2ab67,relogios_presentes,40,262,1,600.0,16.0,27.0,17.0
19998f21eb0c32c91d5530613a490f41,relogios_presentes,49,705,2,500.0,23.0,15.0,19.0
cfe3de98710935b80905117b165e6799,moveis_decoracao,39,354,1,1350.0,30.0,30.0,30.0
15a9e834e89eab39d973492882c658d6,artigos_casa,52,530,6,949.0,30.0,20.0,26.0
1fd5b8526b883f92d22dc09cda3031e3,artigos_casa,54,123,2,350.0,70.0,8.0,45.0
52875639c307f1a60e501898dcf12a4a,automotivo,58,1020,3,1800.0,34.0,40.0,19.0
3133d254cf85a65d8e94f39e38ded239,beleza_saude,45,918,1,283.0,17.0,11.0,16.0
53d2c16e7356d124bb2a3f64ca920754,esporte_lazer,60,1412,2,433.0,16.0,16.0,16.0
e145fe0be63a7cfdb3b2d57c6769cec1,eletrodomesticos,54,246,1,100.0,18.0,8.0,13.0
f24fac234abea1ab9560893ecc15a573,automotivo,51,1001,1,3375.0,47.0,22.0,11.0
d4cd62aeff97bcd3154deb9488f0cc5c,beleza_saude,15,726,1,450.0,16.0,2.0,11.0
b41f1b93d5b478ecc56bcd6285c3a696,esporte_lazer,57,1537,5,450.0,30.0,10.0,30.0
1cd4e06e315c38b1a4a3268caa41fcd8,variedades,53,805,1,800.0,26.0,15.0,20.0
a8d952e8e5436a6fe36d24c402d100de,telefonia,60,540,6,300.0,17.0,4.0,11.0
2ad7e937566ede4b158f9b06656b69ef,esporte_lazer,49,1840,5,3350.0,50.0,39.0,12.0
a1fa8c0b1d3e019af17cb198cefa4691,eletrodomesticos,57,137,1,100.0,18.0,8.0,13.0
7dcc2e60786a27f4a3115fdf666b81fe,fashion_bolsas_e_acessorios,60,487,15,500.0,20.0,10.0,20.0
c9bf1f1d7fdb5fa18943e2d9dad5de02,utilidades_domesticas,56,1220,2,500.0,23.0,2.0,23.0
3c07c4a8d970b0ffad8a97bd6b5e478c,moveis_decoracao,56,1750,3,2450.0,105.0,3.0,70.0
822c9ab05e9b8114704a5b2cd8639585,perfumaria,49,300,1,520.0,24.0,13.0,17.0
f706789a48ef8564b44640d0180b1aa7,artigos_casa,39,292,1,1300.0,41.0,7.0,41.0
cec6ba506483e17644eb48ee6694f5cf,ferramentas_jardim,56,354,1,5050.0,21.0,35.0,21.0
2cbd0f06c3123f0bd14c4bffc0498996,telefonia,52,728,1,75.0,19.0,5.0,11.0
06ae026e430189633c2fbd0288c86257,relogios_presentes,36,562,1,450.0,22.0,14.0,17.0
aba92acbdc38cb3a656015d4fa601a23,telefonia,59,502,1,325.0,40.0,10.0,11.0
b520bae2a8c9790cac40196cb2025283,moveis_decoracao,40,94,5,200.0,16.0,5.0,20.0
f97ad9066c718a6cef93dfcf253d3e0d,moveis_decoracao,63,886,5,30000.0,61.0,70.0,65.0
40f9995eecfc68f54991ca49582e9885,telefonia,60,816,1,150.0,27.0,5.0,20.0
4228bf901c8db392cbffcbc1f14a13e2,eletronicos,42,943,1,200.0,20.0,20.0,20.0
7e5fe07db814cff1e50a7561a10e37ef,artigos_casa,54,672,2,250.0,16.0,10.0,16.0
836c4b48c2b383bb38bb5788f828c596,fashion_underwear_e_moda_praia,47,187,2,100.0,26.0,5.0,18.0
42283300f3811baee739f5f6edc6feee,ferramentas_construcao,60,1988,3,450.0,16.0,14.0,11.0
37b4783642fb927cc790934843b00b06,moveis_decoracao,31,479,3,1000.0,16.0,19.0,29.0
189e539d996a9b8ba4bba1a140a024a7,beleza_saude,59,763,2,300.0,20.0,10.0,15.0
e71435b372f90893385344e8be3a7696,utilidades_domesticas,43,2372,1,1350.0,44.0,11.0,25.0
f2f960ea3804c29b5e5834c34082a0f4,fashion_esporte,51,511,2,200.0,16.0,12.0,12.0
8934769521d632e65c27992662f05673,variedades,26,1105,3,200.0,17.0,4.0,13.0
ace77a1ab97b16e1947ee74c5f2d8c64,market_place,50,312,9,600.0,29.0,12.0,23.0
672f4e03ae047fc417a8921d6c1ed73e,instrumentos_musicais,46,259,1,700.0,38.0,4.0,30.0
03df27817e9494be978b56cc083a0beb,telefonia,58,607,3,200.0,19.0,4.0,11.0
8b0229efd2d204e26dca4fb9d3eda08c,beleza_saude,24,1690,1,4000.0,30.0,35.0,30.0
bd9fca6bf4bdcbf4094d7bc11415dfe5,eletronicos,47,2378,6,4683.0,45.0,29.0,22.0
50f1880f1989251727fbbfe8c0a346a6,variedades,54,661,2,1450.0,42.0,25.0,15.0
373ad61ecfb4f1bd97ce0de42d3d9f04,beleza_saude,34,336,2,300.0,16.0,9.0,15.0
6ef76b1a0c15eb96ed49c78d38f37b68,artigos_casa,50,222,1,600.0,45.0,15.0,35.0
9ee22e986a24607377ce379ebda2c666,eletronicos,44,293,3,16850.0,22.0,22.0,18.0
ea768069ca084e95a752ee7d51a8ff70,automotivo,53,2720,5,975.0,22.0,6.0,13.0
06b4fb6f7d3ef030f7906bb13dde0728,alimentos_bebidas,39,394,1,1550.0,16.0,36.0,16.0
dbbd95b8c1dfccf8bd20dff9b52688a9,eletronicos,50,481,1,2500.0,25.0,23.0,32.0
ebb87ff961b613b4e8c625c25018f9cc,esporte_lazer,50,736,1,2350.0,60.0,15.0,43.0
a9bd39d11fe4d2d378c44eee9b11d9ce,artigos_casa,58,295,1,550.0,60.0,10.0,40.0
8d578db76b524efa43a961df4ac2d7d9,automotivo,60,1394,3,2275.0,33.0,7.0,26.0
e94d9f48ab491b190c0f0bdbd12830ae,relogios_presentes,56,559,2,215.0,19.0,13.0,19.0
2bb3e85f2a403543fdb64e266e70c792,brinquedos,57,925,5,19450.0,45.0,50.0,45.0
9bda44a359c6f3c4a011c470eaa1708c,perfumaria,37,531,1,500.0,16.0,16.0,16.0
ec22e13f6e6798a040b5e4db9d434e59,brinquedos,43,223,1,350.0,45.0,15.0,35.0
a0b4002c65e49bff2f59d5c78c95fd0f,relogios_presentes,58,195,3,200.0,16.0,2.0,11.0
a4c27cf9767fe2b589251c764b891eda,perfumaria,58,1061,2,368.0,22.0,15.0,18.0
902a8b8bb0768e8562edc2d903337812,bebes,33,104,1,750.0,40.0,11.0,35.0
0fa699aaa0a38aa5d1de8e7fe04d2204,variedades,,,,17900.0,48.0,32.0,28.0
40c19ad8081c5efe90d93d945287adb8,perfumaria,30,138,1,150.0,22.0,7.0,16.0
7736ea239e147291f6adb766c992beb1,artigos_casa,46,128,1,250.0,40.0,4.0,30.0
7e3c3f51d5ccc2382147194f911e22a8,fashion_calcados,42,649,3,700.0,16.0,8.0,18.0
0c5bb07e9638a9c1f2616db08eb0318f,consoles_games,27,462,1,200.0,24.0,3.0,19.0
a8c6a80cff824c02863660b09d8a5502,perfumaria,37,641,1,200.0,16.0,3.0,12.0
2655d926d7d25a339682b6d8b2d53a49,artigos_casa,50,395,1,690.0,25.0,11.0,22.0
5aa4825c48568a0e84cbb5a84fe0b533,informatica_acessorios,59,211,2,700.0,30.0,12.0,12.0
258a6d1b2a8645981cf1f93803e5ae6a,artigos_de_festas,25,354,1,350.0,16.0,11.0,11.0
feddfbd2585f9007f7ed77b1d1ae8d80,beleza_saude,54,2627,1,700.0,16.0,16.0,15.0
2012a57204f00f8fd57f8196130bee26,artigos_casa,54,660,1,1050.0,35.0,3.0,30.0
c033d17d5564326cf7986e7ffda1cf60,beleza_saude,55,865,4,1350.0,42.0,12.0,11.0
a968285b931b85e05c46234aa3db388f,fashion_bolsas_e_acessorios,49,378,5,150.0,16.0,9.0,11.0
8fc20e5093a3fce66e664f0f066e1a75,papelaria,37,129,2,80.0,17.0,9.0,14.0
672bdce161930b1c72890c619224376a,fashion_bolsas_e_acessorios,27,542,2,1000.0,20.0,20.0,20.0
36696562bef043d7e07305d62baf5ca7,moveis_decoracao,63,199,6,3800.0,42.0,16.0,26.0
be4759b234eb97ef5af31ef0ccd0498e,esporte_lazer,60,874,1,500.0,16.0,30.0,16.0
41b32e93d4f4db03491412efc40f3c91,relogios_presentes,58,485,3,1000.0,17.0,10.0,16.0
977f845fc71d6dfd5af3a0aaaabf2161,bebes,46,1947,4,10000.0,50.0,34.0,50.0
a4975ec11326ed8c6c875ca0f56a2814,eletronicos,57,270,1,200.0,20.0,10.0,15.0
694f7daacd749d7bde487e0f9675c5b8,malas_acessorios,55,1002,8,850.0,30.0,15.0,15.0
5907ee011dfad4ad998e382fe4df3d14,artigos_casa,56,557,1,700.0,16.0,10.0,16.0
283f243bb09e48e8f324d175182d5cfa,telefonia,60,1440,4,225.0,18.0,5.0,16.0
ce195678bb5445bf68a272e3aeb5bb69,esporte_lazer,54,1186,1,3800.0,31.0,31.0,31.0
7b18385da9c1aa96dcc9bf8da7ea4608,informatica_acessorios,60,162,1,1000.0,22.0,22.0,22.0
8e9ecca4227272deda7212e69c0d7429,moveis_decoracao,58,1068,1,680.0,33.0,4.0,33.0
c702ae743958a81cd230189d4e72674c,informatica_acessorios,41,344,2,183.0,23.0,14.0,14.0
115fdef806a3b8e9fc52a1dee818f2de,bebes,49,376,1,450.0,35.0,2.0,25.0
bb1ee1154c7f9b5329328e3fab9e6bb2,papelaria,54,983,5,8800.0,32.0,5.0,40.0
6e1b14d3cbb5fb3a2c00351007127dfd,variedades,55,985,1,1625.0,44.0,24.0,32.0
28e4cc79e14821f63f876cb3b2f52eeb,beleza_saude,25,1340,1,400.0,20.0,9.0,15.0
d0fb1e667e989933a80444f93da833c0,utilidades_domesticas,47,390,3,525.0,18.0,19.0,16.0
36c1e7a02219b5d1e56743473a92e895,esporte_lazer,42,2034,1,800.0,25.0,25.0,25.0
4c1bdb311e919e2100eef5ef92debbbe,automotivo,60,1409,3,2200.0,22.0,4.0,22.0
acef497c1130f71ccfe63aaa1c9a607d,beleza_saude,53,2496,1,200.0,16.0,6.0,11.0
94c07760f470ab9997f27d0129682eb3,variedades,,,,450.0,16.0,20.0,11.0
18301962305db63b0f3e995998075ffa,jardinagem,33,164,1,200.0,16.0,16.0,12.0
87f6e794e8e759e774a4c34590565036,brinquedos,59,1961,6,950.0,35.0,6.0,25.0
42749c525c90994bd3d4c74edf047172,jardinagem,57,1289,1,1300.0,60.0,13.0,23.0
db933f6b3a695ab2f9f990ced2a0c258,informatica_acessorios,46,518,1,850.0,35.0,15.0,15.0
b59e3776fd0270273b8f6b1345e2f0fc,eletrodomesticos,59,754,1,16350.0,25.0,25.0,25.0
a1231816b47b24a6fa3de97f2147a8b6,papelaria,60,126,3,6150.0,25.0,55.0,45.0
901d948bd60c35ff015aa3a8fe28b610,informatica_acessorios,30,642,2,200.0,20.0,10.0,15.0
ba58dd885694fa6a278aa4217365680a,instrumentos_musicais,23,816,1,9100.0,55.0,25.0,35.0
00de7f393d962717eeeb2d7131a40dba,telefonia,47,816,2,300.0,16.0,5.0,12.0
d51e0a7f437c0d14f560082ed007fd85,perfumaria,36,47,1,210.0,17.0,11.0,14.0
70906e04da1eebf3d1b8791bd09ffe85,informatica_acessorios,51,518,1,214.0,18.0,14.0,13.0
884b444b6ef19272ab3adf358afcc921,variedades,25,258,1,10600.0,57.0,34.0,37.0
643a66b1dc5dad3de6cb5a41549e72f1,casa_construcao,51,1558,2,300.0,27.0,8.0,21.0
f74eb9bc847b5e5e906e5e214bb451b8,moveis_decoracao,59,438,1,900.0,30.0,4.0,20.0
cb8e28059517d11290a61a51203df575,utilidades_domesticas,60,512,1,500.0,16.0,30.0,40.0
b776dbd8d7dfb18b7422dd99b1f1ba03,utilidades_domesticas,49,539,3,3350.0,22.0,17.0,23.0
9c74c26ab807a4a6a5c1dd3c0a112d76,artigos_casa,58,781,1,500.0,20.0,10.0,20.0
16447aab914c7ecbeb5b7b7518ff3d94,moveis_decoracao,63,395,1,150.0,25.0,5.0,20.0
2d27434c710806b971a721da337a112a,relogios_presentes,58,401,2,200.0,16.0,2.0,20.0
e502a4cfd9526d141774f8f7b3d2f782,informatica_acessorios,59,129,2,100.0,16.0,8.0,11.0
48619586c9a058ad8640a4e53185a9e0,moveis_decoracao,43,471,1,700.0,20.0,20.0,20.0
794c86fac605d182da0e2e7965c047f6,consoles_games,23,1537,1,200.0,21.0,5.0,14.0
bf06a69bb27c58156391de458700f3e7,relogios_presentes,60,272,5,300.0,16.0,2.0,11.0
f45d3b91af1103db9a21dc9d11cb9223,fashion_calcados,57,404,4,750.0,22.0,12.0,33.0
b7c082547bcb8ee0d7537b17668bc108,seguranca,47,686,1,233.0,22.0,17.0,15.0
159d2dfef362b9ad87fc748aeca593e8,esporte_lazer,31,792,3,400.0,23.0,20.0,15.0
15c6285354cb4294fba984d48fd19805,alimentos_bebidas,28,932,1,1400.0,25.0,25.0,25.0
5e560c2bf4bf75f9c836af727033f3c2,moveis_escritorio,51,2206,1,20500.0,58.0,28.0,58.0
aae1c80508d794a69456c92a49968a2b,moveis_decoracao,57,2260,3,1550.0,69.0,11.0,11.0
3f6f946481fd39f4eda986012f6e0447,variedades,,,,1600.0,38.0,28.0,40.0
e5255f9b1ef223780f2e2d7d3e11fd22,esporte_lazer,60,1461,1,2850.0,16.0,15.0,15.0
4710a0bdb9d5f433754a8c77de67ed88,artigos_casa,40,185,2,300.0,20.0,10.0,20.0
732b161706d966d09976eec245d8b3bf,beleza_saude,52,1796,1,2100.0,30.0,17.0,17.0
8e761c0d91fd28b0937e63238852f2f8,papelaria,40,264,8,550.0,25.0,7.0,20.0
8bd9ea581812a401d20fdccc7b8abb1a,fashion_bolsas_e_acessorios,52,1519,2,200.0,16.0,2.0,20.0
18bbb32704d17a575910a8cf8089bce4,telefonia,57,631,1,725.0,22.0,12.0,17.0
45f68d6b5c1bdaeb13882fdcb62e4e47,bebes,57,1644,3,500.0,23.0,33.0,11.0
df3ef285e62ef3719a8d1b02ea511fc9,automotivo,51,346,2,200.0,16.0,16.0,12.0
9bfc587761f18460f4b443495f3588b4,artigos_de_festas,60,298,9,4200.0,40.0,35.0,40.0
ed13ae6f86e2108b97c3e86d7a9adc3b,esporte_lazer,63,213,4,1600.0,26.0,26.0,26.0
3606696d19bbcad6cb6c0e985749862f,automotivo,56,882,4,450.0,16.0,9.0,15.0
e002889aa3b0026aa7dd040d8344a14b,esporte_lazer,55,1889,5,650.0,38.0,10.0,28.0
2944c269bc95271a46f4c63f07149b0a,variedades,58,681,3,275.0,16.0,16.0,13.0
84c14b1bdd1a86dad802e0863ef5385e,artigos_casa,55,198,1,2200.0,35.0,20.0,30.0
b18d3e74e5793a823be8acec061a5977,brinquedos,58,78,2,367.0,29.0,21.0,21.0
5cd053141f4add1fc0a9ea4fb43242db,beleza_saude,49,1490,1,850.0,31.0,14.0,20.0
a90344a21959338905811b0c0248ac4a,papelaria,57,487,2,150.0,16.0,6.0,11.0
2eb73af678f6999d0c48d617f5bc42bb,artigos_casa,59,575,2,4150.0,51.0,11.0,51.0
962a6951154f98f2c8e9a5b8b2bcf4a9,moveis_decoracao,47,610,1,2550.0,30.0,35.0,30.0
1a264b7839c199ba4df21d5284492650,automotivo,44,1335,1,250.0,18.0,11.0,14.0
ea13d597910697c345c5e41c59512986,moveis_decoracao,54,602,2,1700.0,69.0,20.0,53.0
a742e0f6787ec4e2ae3a124d40d82c6c,artigos_casa,59,223,1,2150.0,45.0,13.0,35.0
8aba0cf5748dc396ec71bfdb0624a2fe,esporte_lazer,40,1213,5,300.0,40.0,10.0,15.0
e4d1cdc6559e08672c98c73a21305521,esporte_lazer,52,303,1,150.0,25.0,5.0,20.0
691e94cb0e5eef842f15bb1ca0dac309,utilidades_domesticas,53,810,1,6500.0,63.0,14.0,44.0
3bb8427f7700385308f42cfcf4c8d10d,consoles_games,58,1388,2,700.0,25.0,25.0,16.0
92ee7c820f6eb0c532ecd94508e3cc29,audio,37,329,4,200.0,18.0,6.0,16.0
a9d8f831888820cd641dcd5ca9fea4e8,variedades,,,,50.0,16.0,2.0,11.0
48270bcc7097939dcf14a537d7128054,variedades,,,,1000.0,30.0,30.0,30.0
d1ff1a1223a2739d17005c9f4c4a40b6,papelaria,59,240,3,10100.0,28.0,55.0,37.0
81a7ce9e5b3c92b523c22a4d3d3e05f4,utilidades_domesticas,60,213,1,450.0,16.0,30.0,11.0
b5778c55de68777a0a3565e03b2e2817,variedades,,,,2500.0,26.0,25.0,47.0
e91955df14147b502c6737d45dd0bdcc,eletronicos,51,1164,2,1000.0,28.0,20.0,28.0
72b253635b316f49e42e618d6e585ebc,brinquedos,23,273,1,125.0,22.0,7.0,14.0
c14d410aea63d378e1934e00f20924cc,beleza_saude,45,1544,1,2000.0,22.0,12.0,16.0
7b85e3deef35afd6ebed5461ee8f0641,informatica_acessorios,56,617,1,1583.0,18.0,15.0,12.0
6fd08d44046ab994b96ff38ad6fcfba1,bebes,60,865,1,500.0,23.0,23.0,23.0
165948b2c41e846df7d09b56826a747f,fashion_bolsas_e_acessorios,55,89,1,200.0,16.0,2.0,11.0
7c197490eb450e4ef0453e2ac0af9f30,informatica_acessorios,43,275,1,900.0,30.0,15.0,15.0
fb629d276a4906468cec4054df4bfd24,automotivo,58,296,4,100.0,16.0,20.0,11.0
87203c0c493c868d66c51ca0b47328d2,utilidades_domesticas,54,1023,2,3150.0,34.0,18.0,19.0
15d5088ad671c687e6ee89b9ba4e0766,eletronicos,25,812,1,17325.0,35.0,40.0,40.0
931c60354b3929e5d44693757b11b5c0,beleza_saude,39,3580,1,375.0,29.0,4.0,16.0
64eb8b21706b8e2c733ba16bf02a1537,beleza_saude,33,542,1,1100.0,20.0,14.0,16.0
736c8680c4a1ce8fc7ed08c9df0431ab,automotivo,57,667,6,4450.0,56.0,11.0,32.0
1349eb7b72fc4394d408917c76464af8,bebes,41,243,1,133.0,21.0,8.0,14.0
33f00e46ac331db0df0c5e84b67dc1e0,brinquedos,52,882,7,50.0,20.0,8.0,17.0
b21f65209a6ce012874c5b0a33d7bc55,malas_acessorios,48,956,1,100.0,30.0,8.0,25.0
3d870b8af7dbdc91b10cfb0139f3d44d,artigos_casa,54,505,1,250.0,16.0,10.0,16.0
0c9439abe84dc40a64fc164365c4d064,alimentos_bebidas,36,1481,1,2775.0,16.0,38.0,11.0
cfe99a31516679fb9515881d25891570,fashion_calcados,35,222,5,500.0,29.0,12.0,23.0
a6a5c394a9908ba4b34f50ce6bbb3465,moveis_decoracao,59,2434,2,400.0,69.0,11.0,11.0
ec6cf0744914e96d2c1bf6a1bc475665,eletrodomesticos,60,392,1,1850.0,20.0,8.0,13.0
39fc0322ba2fdb70b5c3f6ff32baa4a5,moveis_decoracao,56,282,1,1250.0,45.0,8.0,35.0
a41e24aae442561fb4a9ef505ff1d55f,papelaria,36,495,1,250.0,19.0,3.0,14.0
d8dd9c0b7decc04a3112159b4e6cf7be,bebes,55,1635,1,600.0,20.0,13.0,13.0
a9c07eb189dfb45ac5652b6a82f7b008,informatica_acessorios,34,518,1,950.0,26.0,16.0,16.0
5d0163a1864ccff91f6949a1b03a37ae,utilidades_domesticas,49,403,1,8450.0,19.0,48.0,27.0
a5ff20b029ac4a8efcb652a53f640ce1,esporte_lazer,39,1659,1,850.0,16.0,16.0,16.0
f9677c35e1360591bd6b86e3c5c20181,papelaria,34,684,2,300.0,16.0,5.0,11.0
f2886fbf788880954be8b4399aead7c8,informatica_acessorios,40,522,3,200.0,20.0,20.0,20.0
afc026db9e1bc0f06ae19abe8aff3b66,eletrodomesticos,59,113,10,10750.0,50.0,50.0,50.0
531db530c03405e0e34470594e53b7dc,esporte_lazer,58,301,3,250.0,25.0,25.0,25.0
885863d2643afa92b9379cacd3614f26,livros_interesse_geral,54,626,2,550.0,25.0,5.0,18.0
f2bb1681ac26e3993d10ff79cba282d5,utilidades_domesticas,46,180,2,400.0,23.0,6.0,15.0
fc13bac52be6640d9a77f54894e2c0e6,beleza_saude,42,1158,1,550.0,17.0,9.0,13.0
2a21592fa9b5f82a36ec4e151bb31d10,fashion_calcados,40,303,12,500.0,29.0,7.0,16.0
6ff2272628904adc50a60b0d755e9526,relogios_presentes,38,361,1,500.0,18.0,11.0,14.0
edec8e73963826ce09b218ed8cafe3a6,utilidades_domesticas,41,171,1,4513.0,47.0,32.0,25.0
564f6caa975212d645b004093145e621,esporte_lazer,55,385,1,768.0,15.0,13.0,13.0
2381a3052dd37f97e616bf160467acae,relogios_presentes,39,615,1,530.0,18.0,9.0,13.0
a9e0a3a894f4bf7844830c090853c3e1,telefonia,49,79,1,375.0,18.0,10.0,16.0
c59f580bd1844c1f634ce410bda0a6ea,moveis_decoracao,42,1405,3,150.0,35.0,2.0,25.0
be3eb52ad733d7f7fff631a0cad35e81,informatica_acessorios,29,863,4,500.0,16.0,16.0,16.0
ec3a2834eedc556927bb46dbad044f91,telefonia,49,426,2,150.0,18.0,6.0,13.0
dcef0da33db62e8ec01b99cc3d813676,papelaria,47,1076,2,1300.0,25.0,5.0,20.0
bc2d6310e5cbd60facb2f9c8d9471597,variedades,23,779,2,7100.0,36.0,47.0,32.0
77e56e1e099429aab02aa75e36831eac,variedades,47,1369,2,20600.0,53.0,45.0,53.0
47ed9bf58ec9b274dd4effeb9c75f117,beleza_saude,43,1145,1,300.0,21.0,6.0,14.0
ac8cd7b94039a681dafe6f7d664864e7,moveis_decoracao,63,641,1,200.0,27.0,10.0,12.0
81c891c541361f1108fe9e2a645324d9,variedades,47,832,3,13900.0,34.0,93.0,34.0
72a2153c4d20cfbcdb7f75d9c39f5814,utilidades_domesticas,36,565,3,1100.0,30.0,25.0,30.0
3321ad579f19476d0d668f726f8dffec,artigos_casa,60,268,1,2650.0,46.0,8.0,38.0
048d97d0e3bf2fdb3f1d268b69396cdc,esporte_lazer,48,652,3,1200.0,25.0,30.0,25.0
4be566f7ce6887d7ba428bccab9db80d,beleza_saude,40,664,1,4800.0,27.0,22.0,39.0
79e15231b726878193713bdd2c293448,esporte_lazer,59,1119,1,932.0,23.0,24.0,21.0
d2f2c2b94c6ac44ece0bd0dd202c7939,moveis_decoracao,54,241,4,1050.0,32.0,12.0,32.0
71cc431cc19ca0b0bb8bcd909b5037e2,esporte_lazer,31,325,1,920.0,25.0,24.0,22.0
612f9101c59a6a365b661f2546fdceda,pet_shop,46,845,1,500.0,25.0,20.0,20.0
d7afbba2a75a596c3a917abe0efd5f5a,variedades,55,733,3,600.0,42.0,25.0,15.0
583761235b9cbaaf0f216aaa1fb5c70b,informatica_acessorios,54,557,5,150.0,16.0,8.0,11.0
efd750dd2fc958a06d84d97bbc7056af,bebes,18,1102,3,700.0,20.0,8.0,14.0
5031f2af0894d36e3f6fe78b6f2d52bc,artigos_casa,57,444,2,1100.0,50.0,16.0,16.0
54dca21ee79ceeb14349eefde174341a,utilidades_domesticas,50,525,1,400.0,30.0,30.0,30.0
f8f1404df05c9e68c0f11fe76b338921,pet_shop,51,230,1,300.0,20.0,10.0,15.0
b62c4aeee36fc51b2bd7fa2e5c3268b2,automotivo,54,1120,4,1350.0,25.0,10.0,20.0
5c0df984f68150bd43a1a59aaa83c13f,pet_shop,26,784,1,150.0,30.0,20.0,20.0
adafff46869180550d3c4741c60841f2,automotivo,55,655,5,2400.0,30.0,28.0,30.0
1589d392201547c9b78a117c0e2191dd,livros_tecnicos,28,1499,1,450.0,33.0,6.0,22.0
431dc11c26a67c6a49e81cee84f35b28,consoles_games,47,1338,2,600.0,18.0,12.0,18.0
51fe26bc4bb0f89f07096d8c96b35476,variedades,,,,200.0,16.0,2.0,11.0
b80b2895a4edf092d99f63d8d96d84e5,esporte_lazer,36,1703,1,269.0,22.0,16.0,19.0
03e606af3a694d55bf9abce7f5b07c42,esporte_lazer,55,664,1,700.0,20.0,12.0,20.0
0820af09ddc75b84841b1fab4da4be9b,eletrodomesticos,60,462,1,100.0,18.0,8.0,13.0
69d4040bce5f682537d8e124d1cbc2eb,pet_shop,52,458,3,150.0,26.0,6.0,19.0
69eeb1281add8e5d8b916637f9f11a1b,artigos_casa,56,396,1,14750.0,58.0,28.0,48.0
c0bc78ee82fbbd6bfc0638d513c238df,ferramentas_jardim,36,399,2,550.0,27.0,8.0,20.0
57414a165829139b9b534f0b4a794fe0,pet_shop,41,302,1,14725.0,54.0,25.0,37.0
24a961e01bbc88851232e60d5e2795a3,moveis_decoracao,58,1722,2,550.0,52.0,11.0,11.0
d48bacc1dcd9c86bf1ed4ed2a303336c,brinquedos,52,752,3,1232.0,38.0,18.0,25.0
4e5649d10a8a7453bb3957caf1cdebf4,automotivo,59,710,1,2413.0,69.0,39.0,57.0
e83e5f5ff7ef69f7a09c848795df56a7,artigos_casa,53,155,3,2000.0,38.0,14.0,25.0
b31f6d8ca8da2fd8d4ee74cb899d2092,esporte_lazer,52,855,2,600.0,16.0,6.0,16.0
3c1e966cd4d045453f5b6660ea644c23,moveis_decoracao,53,1143,2,500.0,65.0,11.0,11.0
593bdcdada2c45e94684f7bb36ca6cb9,esporte_lazer,52,1541,1,400.0,33.0,20.0,20.0
8173ca41cdb176462f9ae79821a48404,esporte_lazer,57,382,2,150.0,20.0,10.0,20.0
d369c0eb24f18d687ae8598d570cb255,utilidades_domesticas,59,320,1,1550.0,32.0,40.0,23.0
6a65f47817739b82dcd2cdaf4c568e46,telefonia,59,824,3,175.0,16.0,5.0,11.0
18fa9cc25ea8b54f32d029f261673c0f,ferramentas_construcao,58,338,1,2900.0,23.0,8.0,23.0
f6e0b7ccc34e4decc1b855f8da06a5fc,brinquedos,59,257,3,900.0,30.0,4.0,20.0
23658e8d5d2c1d61b0d59b34ebbabb44,artigos_casa,52,433,1,1050.0,22.0,16.0,18.0
d92e9300399af3423de97225eec881b1,moveis_decoracao,56,1953,1,750.0,69.0,11.0,11.0
41fa7e83aa499518d6e793a30a1ce242,moveis_decoracao,55,585,1,250.0,35.0,5.0,20.0
2afd040779d1ce6295b76d092b048066,eletronicos,39,2154,3,100.0,20.0,5.0,12.0
4f7cbaf3cb54ae93234db08dc8f072ef,esporte_lazer,24,254,3,150.0,20.0,6.0,14.0
8f79800a347de2da5104a414bc791a0b,ferramentas_jardim,41,515,1,400.0,30.0,15.0,20.0
9ce62e73b4ea1a6c74b68ba57aa1333b,variedades,,,,1000.0,31.0,21.0,24.0
11e0a57b7340441c4ece1cf7efd99ff8,papelaria,45,355,1,1200.0,32.0,6.0,26.0
77922dd87928c2cf9225946dac2a27a7,moveis_decoracao,60,600,1,650.0,25.0,25.0,25.0
ace0a62915c59a40d45b2597336c68d7,telefonia,57,98,4,300.0,20.0,30.0,20.0
a1ce5cd7cb7370b16b898d24dd384c65,eletronicos,59,516,1,300.0,16.0,35.0,25.0
06c38a87544301cba8b0fb5a0796383d,brinquedos,45,553,5,2300.0,98.0,12.0,20.0
b586bd078d2983fc172740035eb9cd3b,beleza_saude,54,326,1,200.0,16.0,21.0,23.0
5fb0031ce4395d307321919f71ffbdf7,beleza_saude,29,682,3,859.0,25.0,20.0,18.0
b3c13ca98fb6f9dd5c6aec8b1d353506,bebes,59,2270,2,350.0,69.0,11.0,11.0
06b55f15e3505bd276acabbb4d3633f5,artigos_casa,49,155,4,96.0,25.0,8.0,19.0
09690382191f134e947200ccfe32f7c0,relogios_presentes,59,901,2,400.0,16.0,11.0,12.0
ec72556b5da399d24fe06338e816a9ac,papelaria,45,151,2,233.0,20.0,11.0,15.0
543677fb57d4ce16a9ac89d2d1fafd4f,telefonia,53,285,1,100.0,19.0,4.0,11.0
c61cd4826ecfb4760797ad42c92ff8b1,eletronicos,33,395,1,3700.0,28.0,39.0,39.0
db59f0dfd5593c492b2ff1a6ab50cc2d,esporte_lazer,50,258,2,1000.0,60.0,15.0,15.0
9a3a682d9257657cf55214a390ecbf3c,bebes,48,776,2,500.0,20.0,15.0,15.0
afecbd7b41e981fa603c9c008f894f15,eletronicos,60,506,1,2150.0,30.0,30.0,30.0
584c7a0f5da1770ba58350c8d8176b45,automotivo,57,1031,4,6250.0,40.0,30.0,30.0
b50c950aba0dcead2c48032a690ce817,esporte_lazer,58,2584,1,1800.0,16.0,16.0,16.0
184e91de5d4a87f023bba45c3e258349,moveis_decoracao,59,1941,4,2750.0,105.0,3.0,70.0
3d3cd6379eb6ac4e8e617574a1d0d145,artigos_casa,59,123,2,300.0,40.0,8.0,30.0
fbd2a9aa1f115244e2ce115ad8eacfca,variedades,,,,1200.0,33.0,2.0,27.0
b980f3256c981fc178514325143b1fc8,informatica_acessorios,59,1130,2,243.0,17.0,15.0,12.0
4a74e7a025c5837140060a472bd16950,telefonia,38,414,1,150.0,19.0,5.0,20.0
45cc9e057103e5e2176034fec87a06ca,artigos_casa,47,701,1,1000.0,50.0,12.0,12.0
24e19cb0f9da4394876ff32b7a43b99d,climatizacao,57,171,2,200.0,21.0,8.0,17.0
0d56b4fd97465d99b6ed174ffc7ba133,brinquedos,57,364,1,950.0,68.0,42.0,16.0
1a77eed8713a452e3cbcb548cccdb96a,ferramentas_construcao,43,408,2,6397.0,50.0,24.0,48.0
ba1d7e7ee1f055d252a2faa8ea3cea9b,agro_industria_e_comercio,59,693,6,1900.0,45.0,15.0,40.0
c8fac97dc76c4867dbe264c28b31fafe,market_place,62,602,1,200.0,16.0,16.0,16.0
b53f20c2b12a4b9821ce57f46a7d1cae,esporte_lazer,54,1786,1,150.0,20.0,20.0,20.0
1f180c96859564dd5857185f5914d2c7,artigos_casa,60,189,1,1900.0,36.0,7.0,29.0
2ef440beadfeaa9ac762aaf8fead2836,pet_shop,50,437,2,150.0,16.0,12.0,15.0
446a112adf10992c2e26eb566a68bd46,artigos_casa,47,718,1,700.0,28.0,8.0,22.0
c62dee961914cc2e49239963b04258ec,moveis_escritorio,63,1352,1,25400.0,64.0,30.0,74.0
0e8e65e0044a4d888d422517f545ba2e,brinquedos,41,177,1,900.0,24.0,19.0,17.0
8e42c31b4ca1afbb6bbe17efdd666cf5,informatica_acessorios,51,306,1,175.0,16.0,12.0,14.0
cfabf9d1f7c14b709f2982f83c8f9538,moveis_sala,31,607,2,9750.0,27.0,15.0,92.0
70f4ee470f7fc40e48a98f2903ddf010,automotivo,57,1062,3,1750.0,35.0,10.0,35.0
fdc0fe1b7ae4cdf11202504eb045b0b9,beleza_saude,48,2654,1,1188.0,19.0,12.0,17.0
a6d351912e312fb24186739576d04fe2,automotivo,58,703,6,5650.0,47.0,19.0,23.0
a5805a2671f8bb392f3282c35e0e81d9,relogios_presentes,43,315,1,488.0,16.0,12.0,13.0
b91b152754992edb9a83710c87a9427e,perfumaria,55,700,1,500.0,23.0,8.0,15.0
7b32b1b87594b60dced8abb4531d2986,telefonia,51,419,1,350.0,16.0,6.0,11.0
a6a8b6b05afd3a6e65c00b897f718425,automotivo,54,666,1,3850.0,65.0,25.0,25.0
5c821d665e58b08092e830f81c12cc37,climatizacao,60,3067,3,300.0,21.0,8.0,17.0
cfa7ee31b3e91eacffe78176dc964965,telefonia,19,288,1,203.0,14.0,16.0,14.0
2a97ccde48b4f516a7a76352d03eff88,artigos_casa,56,527,5,825.0,29.0,17.0,28.0
10c2160beca6757676b447aab88e5129,informatica_acessorios,37,978,3,1500.0,25.0,15.0,25.0
85f874eb720bb544b42fe257804fec67,utilidades_domesticas,53,534,1,4000.0,51.0,25.0,26.0
421223eb7c20a8ca13ab3a7548e0a1b4,relogios_presentes,54,657,1,250.0,24.0,10.0,14.0
ff96895c6b1d31f34b2d82f86670fa85,artigos_casa,59,297,1,2450.0,35.0,10.0,35.0
57c9362442482cd2451f2eabf468e532,relogios_presentes,31,944,2,283.0,19.0,14.0,19.0
c7079d23bead81759eb7c670b96728bc,esporte_lazer,60,723,1,600.0,50.0,12.0,18.0
83b92639fffd1d55c9e04c77c86d8d2c,informatica_acessorios,56,901,1,280.0,20.0,15.0,14.0
329c661807f085964b1877bfeca6ff73,moveis_decoracao,61,157,9,3250.0,41.0,15.0,25.0
2145a2868aaca837f92fd4bf1b6db163,artigos_casa,54,269,1,1600.0,43.0,15.0,32.0
34282a40b7d2b7aae8762762cb6ebcad,moveis_sala,37,313,2,4350.0,58.0,16.0,53.0
6743237ac224ec25a57fcc1b07197f64,esporte_lazer,39,273,4,200.0,20.0,6.0,13.0
aaea62612b84679ddf91cbdda1183e7e,utilidades_domesticas,36,2600,1,850.0,43.0,5.0,24.0
e69137c3731a8a094d7e2ad97f76c95f,perfumaria,47,918,1,150.0,16.0,9.0,11.0
9ab67e72832283a835980e86910ecf73,utilidades_domesticas,37,671,1,1150.0,31.0,29.0,31.0
1f85abca5a45544302089b5d442b4370,esporte_lazer,52,1450,1,1900.0,38.0,25.0,26.0
5129530d6042dd13060c2fd1748758d7,utilidades_domesticas,40,307,1,1500.0,50.0,16.0,30.0
8973ef2da217ed7a8e15dc3c7c5c96aa,ferramentas_jardim,44,415,2,5650.0,30.0,25.0,45.0
a1013e8a0647368039fc1a2f7cd5e516,variedades,41,1471,1,876.0,24.0,23.0,21.0
b944369f7fdafc891e06b47a372f7c45,utilidades_domesticas,46,452,1,26200.0,38.0,33.0,28.0
aa48d4f285b37252409e6f9fcb0b8ffb,beleza_saude,46,498,1,440.0,19.0,15.0,14.0
cc4683230056b8f1c0df24f7e335d3ca,utilidades_domesticas,49,821,3,500.0,16.0,15.0,15.0
ab1741a86f20ab3aca7dd2c347d5a9e3,variedades,,,,3600.0,39.0,10.0,35.0
485c67ced40028609fbe77043fa0b943,utilidades_domesticas,47,469,1,9650.0,22.0,52.0,42.0
d696750e550fd0f733979dd7e5dff921,utilidades_domesticas,44,916,2,950.0,53.0,5.0,13.0
2905bcccc19e845ff57663618d52febe,beleza_saude,53,841,4,1900.0,28.0,5.0,16.0
cea7edf64d9e93fbf6b89cc3ba537cd9,ferramentas_jardim,57,492,1,25000.0,40.0,40.0,40.0
a71e9a8a54f4ec1e46202a099345f838,ferramentas_jardim,34,404,2,125.0,18.0,18.0,18.0
ead3077a141a9c800d6a4bb9d0d415b6,artigos_casa,60,662,1,1150.0,22.0,4.0,28.0
ce341595864bee3e380631fc5f61ff06,artigos_casa,41,735,5,800.0,20.0,20.0,20.0
b2802bfbd4800fbac8b9554cbea43894,bebes,38,235,2,9400.0,75.0,15.0,50.0
a8fe47ad6f852f93cc92c7b408687de3,esporte_lazer,27,202,5,400.0,70.0,10.0,20.0
10d196ec072e2d8382c7ec9c942d7ea8,esporte_lazer,50,315,4,250.0,22.0,6.0,15.0
6c321ed0f47858a8650f4104771224b5,relogios_presentes,58,509,4,300.0,16.0,2.0,20.0
b1fa7a05a5eb864f4fd083ef11c0d0d6,brinquedos,58,454,4,390.0,33.0,9.0,18.0
363daaf7bd11e7d76a33134068e06985,malas_acessorios,51,1494,10,1050.0,30.0,15.0,15.0
92e2d2146e433cd4d1f09a3f8633ead0,artigos_casa,53,714,1,1200.0,33.0,18.0,26.0
5d422bd54b54307ff7a5e770f40946e4,brinquedos,16,508,2,300.0,16.0,5.0,16.0
363a9f5b97bf194da23858be722a7aa5,ferramentas_construcao,44,1455,6,30000.0,100.0,50.0,50.0
3951784ecfbd4c912d2e02245d8b5e89,utilidades_domesticas,32,1172,4,1200.0,50.0,10.0,15.0
c312a691cf0af01311be9671eb161a0a,moveis_decoracao,54,681,4,450.0,16.0,21.0,16.0
9bbb425c18528ece663ef2a6ac0096d2,papelaria,39,257,2,500.0,28.0,12.0,21.0
9cef9507ca068525d2ff2fadf077e5c5,papelaria,55,325,3,500.0,16.0,11.0,11.0
ea5774e69135147e6f0e1eb593d9b105,beleza_saude,55,1202,3,500.0,20.0,10.0,20.0
c93558f621dc5b9277a19f009b83aaaf,beleza_saude,38,1145,2,200.0,21.0,8.0,11.0
596c6a436968ac047c8251af34fdc09c,papelaria,54,724,2,200.0,16.0,7.0,27.0
95ed6f297ce9eff502631d01905cbd9e,perfumaria,42,931,2,228.0,18.0,8.0,14.0
cb319c5e10eb5b7a23ded617e71fbd92,artigos_casa,59,430,1,2900.0,42.0,11.0,36.0
6c04f5ced4964898effa486a73d81ca2,brinquedos,58,884,1,250.0,20.0,15.0,20.0
fa7fc74ae3858461908b3503b355fd5e,variedades,,,,17100.0,42.0,80.0,30.0
84d85a2f13ed52a5f07ce6d1497a397d,moveis_decoracao,50,488,3,700.0,32.0,4.0,23.0
592cc6634d2c783d297effc0b828bc37,eletronicos,57,1198,2,250.0,20.0,20.0,20.0
54d04fc6ad1839346b6fe2c94687fd74,esporte_lazer,37,377,1,300.0,20.0,17.0,17.0
fd3a4121e687a6b84e7af92606d5d718,fashion_bolsas_e_acessorios,30,358,5,150.0,16.0,5.0,11.0
86332b1229c41aeb4ab9d85472de3ed9,artigos_casa,59,1841,1,2350.0,28.0,10.0,28.0
90d0b33a310abf581b6eb73e4f40d0df,utilidades_domesticas,30,718,3,100.0,17.0,28.0,11.0
78ed4ecc7b75c660ce2ccfb97af2eaeb,esporte_lazer,45,190,2,400.0,29.0,20.0,37.0
cdafffbe81c76e4cb8b1270523215c82,perfumaria,47,313,1,500.0,16.0,17.0,15.0
8cfc3506cedc0626364457d254429118,fashion_roupa_infanto_juvenil,47,327,3,300.0,30.0,20.0,20.0
56a5da29b4975931b470aa9d61ced8d3,automotivo,52,1236,1,200.0,20.0,6.0,17.0
b3d4d6113e42b86ceb66060424125828,fashion_bolsas_e_acessorios,31,824,1,100.0,16.0,5.0,16.0
173e9fe34bfe97f3a5e6dc57fe897b74,livros_tecnicos,36,890,1,950.0,29.0,3.0,21.0
394e7e390f3282732faa3a73a6033c3a,papelaria,51,749,2,200.0,16.0,7.0,27.0
5d42919d908b17ec1848699d89e2bace,bebes,58,1515,1,8300.0,20.0,30.0,82.0
8c0c3a8ad1d1896e7d9d66921a4b66ab,brinquedos,47,719,3,1200.0,17.0,21.0,37.0
256c61261c818dab727fa2a60d8964ca,moveis_escritorio,53,1092,1,8638.0,51.0,62.0,26.0
9aedf557945e816d48539ee56293f860,pcs,55,3610,4,2400.0,16.0,31.0,39.0
e4e9fa024c5f014419b395452a41987c,esporte_lazer,59,355,1,3450.0,16.0,105.0,55.0
77b91313bf9acf3eabf9abc503d99366,beleza_saude,50,686,1,452.0,25.0,11.0,15.0
42ba5eab75cf0db7905414fdc6a3fd7c,informatica_acessorios,57,740,1,1000.0,28.0,15.0,15.0
94f2d239e688aa415a2dd620435e8344,fashion_bolsas_e_acessorios,54,434,6,120.0,17.0,9.0,17.0
7aa666012fbfab4464142b1055b9e1d5,artigos_casa,57,677,1,1200.0,28.0,14.0,16.0
d10375970dfbcb0ed9ccd97efbd9e806,brinquedos,34,721,2,4800.0,60.0,20.0,47.0
b0456bed910862a9189f7db732e7a2ff,beleza_saude,56,1448,1,1450.0,35.0,15.0,20.0
8f5cb6362e19f8120f77484dc5619a6b,automotivo,47,660,1,13300.0,62.0,62.0,21.0
9e8312642841e9458b0d72c652c01766,casa_construcao,53,871,6,450.0,16.0,20.0,16.0
c36a207be2a4ee8f04bd838f97f1711c,artigos_casa,44,459,1,2150.0,47.0,9.0,38.0
3a9d55dadd7f45b28659b20a81c48cb2,fashion_bolsas_e_acessorios,25,202,3,250.0,18.0,9.0,11.0
b61ca163d698bd09698b6876a3e945e6,utilidades_domesticas,51,897,2,450.0,20.0,10.0,20.0
b67902c15de1b4c26b61f79e0535b41f,fashion_bolsas_e_acessorios,53,133,5,150.0,16.0,9.0,11.0
9d395a6bc9dbad2dfe60c8c92d8df397,moveis_decoracao,59,2001,3,850.0,69.0,11.0,11.0
7ca498260c343bafc4596d101ec12490,papelaria,53,367,1,2343.0,32.0,39.0,35.0
6e9f9e5e78ff92b0c7ea485b416682b0,eletronicos,39,559,1,400.0,18.0,8.0,11.0
dcfeedf441c38e5e7e58ffce194af2bb,beleza_saude,50,193,1,30000.0,67.0,64.0,61.0
74abe2be0a975b4af328f6e69f8a5ea1,consoles_games,27,205,3,550.0,34.0,7.0,19.0
f0f5a9211c208c91441a70cb5241214e,esporte_lazer,59,2087,1,200.0,35.0,15.0,15.0
141f72cac97df846fc51097f795bd94e,automotivo,59,131,1,750.0,30.0,8.0,30.0
c316d99c0a8d01fc59bde7e88edf27bd,relogios_presentes,57,634,2,120.0,17.0,12.0,13.0
980f472a1354c8366960f7c4528c470e,beleza_saude,42,639,1,350.0,19.0,12.0,13.0
eee9f2330ff9789be1480d98f060a7ae,consoles_games,30,288,1,200.0,25.0,20.0,15.0
b142019898949dbc5e1128bfaf66dfef,brinquedos,48,1156,1,300.0,17.0,10.0,12.0
eed6978726f666f29319519d56058469,perfumaria,42,3923,1,150.0,16.0,8.0,11.0
bdf4090aad270b83a2ce5eaac92032cc,automotivo,57,326,2,100.0,16.0,10.0,15.0
34bd280578cc88e0e8591ba38e2dd7d2,automotivo,59,2034,6,1975.0,42.0,28.0,31.0
6e7df7f4622d4360261995dbd5e787d0,ferramentas_jardim,30,2284,1,1450.0,26.0,15.0,23.0
99d649a55b3bbffa301adbe2e0661d41,telefonia,60,710,2,150.0,17.0,8.0,11.0
20ed63974a9207895b4e56993e5a9a3c,moveis_decoracao,34,259,2,5700.0,40.0,30.0,40.0
6c6dc08e83a72648b3202c2cd6f9252a,telefonia,60,361,3,150.0,21.0,7.0,14.0
18344238d9024a2e2f3f549d5ab1fadc,fashion_bolsas_e_acessorios,39,412,5,500.0,30.0,26.0,22.0
3d75be4f65e922627a4f73dc2cf9898c,papelaria,52,177,1,1000.0,36.0,6.0,29.0
014fcf6bd5cd4c7ee29fb3bb618c445e,variedades,,,,7000.0,55.0,30.0,45.0
b9cdd87d963a750d114ff2b6971e9290,artigos_casa,58,231,1,1600.0,40.0,5.0,30.0
a511bdae1b7671858cdc3398cd601ab1,artigos_casa,56,383,1,600.0,16.0,10.0,16.0
1962b83bc322046d6e2c7ec06eeaaae3,esporte_lazer,35,1385,2,650.0,16.0,2.0,11.0
be59f0b9bd1d08d096188f98168fc987,variedades,,,,3550.0,40.0,10.0,40.0
8b703da31bafff192fa02873886b9074,eletrodomesticos,59,207,3,300.0,40.0,25.0,25.0
63094ac128b54dd72d511043411df079,fashion_bolsas_e_acessorios,55,255,1,150.0,21.0,9.0,14.0
5135301d684848b74276f22afcc6781c,utilidades_domesticas,49,1012,2,500.0,24.0,20.0,23.0
d4f91ac96799dc3d9221293e29892e30,brinquedos,43,713,3,700.0,35.0,7.0,35.0
9bde06b382560a866ee357832761aaf0,brinquedos,53,724,1,1400.0,30.0,22.0,22.0
2a699d35a87e92a01747297243bfc987,esporte_lazer,39,691,1,200.0,18.0,8.0,14.0
b5db6f00bc0bd85e37440f992dc8df81,brinquedos,49,1214,2,400.0,23.0,20.0,20.0
1c6b0760060e08631997f228e1d07a78,artigos_casa,41,111,1,350.0,40.0,4.0,30.0
9defd1ffa1cecec71bc4a269ee97938d,moveis_decoracao,53,811,3,400.0,50.0,3.0,25.0
cc5447118c174dcc6456c84ccb29e6f7,perfumaria,25,549,1,550.0,19.0,13.0,18.0
a8e9f87b1e5eb60206b63ff80c5ecadc,eletrodomesticos,49,790,2,700.0,20.0,6.0,11.0
65b96f012e6206481aeb67d31dd9b146,relogios_presentes,58,486,7,250.0,16.0,2.0,11.0
de72ea95a1cd05b1a597d294a425be57,automotivo,31,728,2,25100.0,64.0,64.0,49.0
ecb4c7c604905689ed8075d75c012acc,moveis_escritorio,43,1207,1,14550.0,56.0,60.0,36.0
166afe76948e93ed13181b01febfeb25,artigos_casa,42,355,1,4200.0,53.0,20.0,34.0
22b01577238399e86ecd3a882617f88d,ferramentas_construcao,52,510,7,7300.0,35.0,14.0,35.0
a9ad8b0011994d657f5398d864999f61,artigos_casa,49,638,2,1150.0,32.0,17.0,22.0
e1002b42a99dd5cc7558e0ca58729bcc,utilidades_domesticas,28,321,2,600.0,26.0,11.0,11.0
a179fe5e75138e812571da4d038f0271,automotivo,55,713,6,3650.0,56.0,6.0,76.0
601a360bd2a916ecef0e88de72a6531a,variedades,33,897,1,1600.0,42.0,25.0,15.0
5c9e8cde14498f5d4dbe4d7c70c0d5f1,informatica_acessorios,54,816,4,3950.0,20.0,10.0,20.0
9f6e8441548dd40516cdb98f1b29c3d5,variedades,,,,2700.0,44.0,13.0,44.0
354b4462c54cd203759f94de3b02b4aa,artigos_casa,52,411,1,2550.0,42.0,16.0,36.0
02fcaaaba3a4b4882987a3639d968572,artigos_casa,55,139,3,950.0,36.0,6.0,27.0
299f75185c7f6f9b711b15a5ddb77e56,utilidades_domesticas,52,739,3,8850.0,56.0,30.0,34.0
c57c6b0b6d9868bc2164f6182b52d9ca,beleza_saude,50,440,5,300.0,28.0,7.0,21.0
e251a68000f75257cf9ef16bcea51976,papelaria,44,207,1,200.0,21.0,7.0,14.0
af56e0203193f066ed64cbbbbf95ae6a,esporte_lazer,50,1290,3,750.0,25.0,7.0,25.0
cc59cf334461196527f790e5c9191ece,pet_shop,39,619,1,140.0,19.0,12.0,15.0
e942040a23d73eb3598f59fccaba7df8,papelaria,45,319,2,1450.0,20.0,35.0,29.0
30ad9d2c8a8e788a606a6c23e07260a9,informatica_acessorios,38,488,1,300.0,27.0,5.0,20.0
bfc59c5d8a26d129f82fbc5207fcd676,variedades,53,330,1,2000.0,35.0,44.0,19.0
e67fe5b459220cf7c28682f53734e665,esporte_lazer,57,731,1,145.0,22.0,18.0,14.0
8e2e504e3be9cc0ed518daa0e271acf5,bebes,42,831,1,417.0,19.0,13.0,13.0
3e6185f70df5a257fee1631488ba93d5,utilidades_domesticas,54,974,5,600.0,32.0,13.0,24.0
def8b2856a5c8fea8715aa849a198cd4,brinquedos,43,279,1,281.0,16.0,12.0,14.0
506b4917ff408ec49f23598bfd3a586c,esporte_lazer,32,789,6,3975.0,33.0,20.0,38.0
bd9d35f2bce5b870f79e5d7112a01953,beleza_saude,54,457,4,1700.0,36.0,10.0,36.0
3eb3d01a76a4cbaff641de8a47e4ebec,esporte_lazer,40,1416,1,225.0,22.0,26.0,13.0
cf1d8e226162a1d0ad61f29b7ed72d82,market_place,53,1377,2,250.0,18.0,8.0,18.0
8c0b38fcee9ef771b9da3d7dc849989c,telefonia,49,1342,3,300.0,18.0,5.0,12.0
b252c77ac54ea46b4b2b884b8fba074d,climatizacao,46,847,1,2700.0,32.0,32.0,16.0
fe1d68f123061329a6d3505c2b905566,moveis_decoracao,54,575,1,150.0,35.0,10.0,25.0
cf40e5e0674c8f74da58b2620de88ccc,relogios_presentes,60,286,4,900.0,20.0,20.0,20.0
dbda643f8da1758793ef0dab19c18688,moveis_decoracao,45,169,1,6950.0,50.0,10.0,70.0
f4b952dd7ab601c02bb1bd06395f45f6,relogios_presentes,53,301,2,1183.0,23.0,5.0,26.0
3e5b75c297ba6534b5188202c4a6a58b,artigos_casa,59,230,1,1350.0,45.0,15.0,35.0
71fddf41cc1719c5550ebc5d0ab86357,jardinagem,40,275,1,100.0,16.0,2.0,11.0
d43f4e32cbdc4fc0a825ed4020475c82,esporte_lazer,39,558,2,1300.0,20.0,20.0,20.0
06cd420a1b028388e0bf1f78daf20411,ferramentas_jardim,36,844,1,2850.0,22.0,15.0,14.0
7fb3f37949847dce3f2a1b81d4445f55,fashion_calcados,49,375,6,300.0,29.0,7.0,16.0
4e5696c21b0c174738e7929b147b7126,moveis_sala,59,453,2,3500.0,100.0,5.0,23.0
9375d96ff0ad81493ff5231497e170f1,audiovisual,39,593,1,200.0,20.0,2.0,14.0
1af8902c3a99c03308ce1a8d05dc7d52,instrumentos_musicais,61,1106,8,5650.0,50.0,15.0,45.0
687d4a56a1f4ac70dd11db114d47076c,telefonia,45,356,2,50.0,19.0,3.0,11.0
49b59dec916cd9070cf9fb07dee32976,climatizacao,60,803,1,16550.0,27.0,36.0,54.0
a3ebd09e2be48bebfd0d16ef3c83a176,automotivo,49,588,5,1100.0,63.0,9.0,33.0
9c16099894e4002d54e17033e06bdbc8,automotivo,50,430,1,50.0,16.0,11.0,11.0
63d91238d97cbb132fb0ebf97974c6d6,perfumaria,51,933,1,400.0,27.0,5.0,20.0
d73f1e4ad0322d8442fc9591505381aa,variedades,,,,500.0,35.0,25.0,35.0
43fbb9403319de5e660094ddbe8cc0a4,informatica_acessorios,46,468,2,150.0,19.0,5.0,13.0
95f3db773f64f68c9b7e7c3ee4ecd15e,beleza_saude,46,1871,1,850.0,28.0,14.0,20.0
a8a491b1916fc6801cbebd09e7c02567,telefonia,58,597,1,150.0,19.0,4.0,11.0
6fb9118651534879ecb3654b56a48a4c,bebes,57,838,8,50.0,20.0,8.0,17.0
b0694770dbbfebe2d48cd288cfce2f85,artes_e_artesanato,35,1190,1,15400.0,100.0,4.0,60.0
1b981d76f4ec023c49b13412f503f1c2,bebes,57,1988,2,300.0,69.0,11.0,11.0
eba7488e1c67729f045ab43fac426f2e,perfumaria,43,259,1,610.0,22.0,14.0,16.0
c76a2c67b75f1bf675d2c86157537910,pet_shop,56,444,1,900.0,30.0,30.0,30.0
d97e1fd728f059a776579e16c9e69e85,beleza_saude,36,3076,4,215.0,22.0,6.0,15.0
ae9b8e8d0dcd7ca369276380ee8ce659,telefonia,52,514,1,100.0,19.0,3.0,11.0
cba3e8ca3dbfdffd6f83420526590416,esporte_lazer,45,716,1,300.0,22.0,18.0,18.0
978859c6048ded0fa8bf3b9ea8236387,utilidades_domesticas,59,299,1,350.0,33.0,4.0,20.0
1a3577790b3f28eb137b105c4d62ca17,eletronicos,50,703,3,590.0,34.0,18.0,24.0
23c6236434e58c6519c19e56c2dade45,esporte_lazer,59,1432,6,517.0,27.0,17.0,26.0
90dc5a5cd0134c086adf8af643660a19,esporte_lazer,46,565,3,6150.0,20.0,20.0,20.0
f26d0caaa778c717f696ce339dd7c927,moveis_decoracao,60,409,1,7450.0,52.0,18.0,35.0
0d77de0f4137ba0f89d3d25191ce4788,automotivo,58,537,2,200.0,16.0,16.0,11.0
37c0cfb5f2381b6130c1ddaa5df146ae,brinquedos,59,1359,3,1200.0,32.0,31.0,17.0
43506d2b6b5e0535079f88c7dc51c4de,artes_e_artesanato,54,746,5,6850.0,105.0,5.0,65.0
0cac4325d7aa33ada7ff2ba4d84f8874,brinquedos,42,834,4,804.0,30.0,21.0,21.0
8f0877b2fd784f6948e606be7f04744c,utilidades_domesticas,59,414,1,700.0,30.0,30.0,30.0
342ea5301fb0561caa90fb8e64767deb,eletronicos,35,370,1,100.0,25.0,7.0,16.0
9e29dd5d33b2745d4b80ee88da614632,papelaria,53,227,3,5850.0,60.0,20.0,29.0
6050e522f532bdf1c69623a0312a39db,esporte_lazer,24,158,2,1800.0,26.0,14.0,16.0
379e1dd5ee78e22877ee8a895cdb8244,bebes,53,821,2,9088.0,39.0,40.0,79.0
efdf96511632c6f9747717c41611f09d,esporte_lazer,43,410,1,1201.0,26.0,25.0,22.0
339a989bacc8557091e137fd3ee46831,moveis_escritorio,36,2071,1,10850.0,55.0,24.0,55.0
a7906a8a69acf5b0cb256882e741896a,esporte_lazer,45,1514,4,5150.0,100.0,9.0,23.0
8da77162e41d47464f9806727417cf6e,artigos_casa,58,293,1,3600.0,50.0,10.0,30.0
fa05a3cc2d44ecc49e3e6c5a80958845,relogios_presentes,50,368,1,500.0,25.0,13.0,13.0
112c98970afb0e6dd81c05ddd447416d,eletrodomesticos,52,372,4,200.0,27.0,13.0,17.0
af79de12e005e141b22ab97c807e76d3,fashion_bolsas_e_acessorios,37,828,1,100.0,16.0,14.0,14.0
0105b5323d24fc655f73052694dbbb3a,pcs,59,621,4,2839.0,19.0,16.0,18.0
819386cf1eea26ae023a2895cd2f73d1,ferramentas_construcao,60,1295,1,2100.0,54.0,10.0,11.0
a73636de818ae69b7e3e92b9a3380c53,esporte_lazer,57,3285,1,750.0,28.0,15.0,15.0
7f2097ece1964900e1f72465c57dcc67,artigos_casa,53,185,1,300.0,25.0,3.0,19.0
36b5bbad82f37ff2276398395227af7d,market_place,16,726,1,300.0,25.0,10.0,16.0
47b61a5f9093614abf8416431fa2817c,malas_acessorios,38,267,1,500.0,18.0,45.0,32.0
dc4c70ae91ccd3ee8e376c073b377f64,esporte_lazer,53,412,1,1000.0,25.0,20.0,25.0
917f0d682ab52b9dc53d1f5e785946c2,papelaria,50,363,3,400.0,30.0,52.0,20.0
2f5f6d54fb012db68068ba104791c61e,brinquedos,53,623,4,300.0,33.0,4.0,31.0
6859a88437bf429e4e50768ca79a2e9c,alimentos_bebidas,31,1039,1,450.0,28.0,20.0,20.0
e5433d154f98bcb2c139b9679fce0814,perfumaria,21,476,2,250.0,22.0,5.0,15.0
7dcdcf1d40dd5422c3f16685ac1f0dbc,malas_acessorios,31,42,1,100.0,16.0,3.0,16.0
15151e8a937f6a4d1a4f0c03c765c6f2,ferramentas_jardim,38,2612,3,50.0,51.0,22.0,22.0
c4e8d6b4c4915e1e596379c68c4391dd,moveis_escritorio,40,1152,1,7900.0,35.0,52.0,34.0
09bf405af365a33db9915e95a433333a,utilidades_domesticas,59,436,3,800.0,43.0,18.0,16.0
d5d74b90b07cc3536b8eade784014438,brinquedos,44,582,1,1350.0,45.0,20.0,18.0
db297075296bd5cfd0aebe008781a46b,esporte_lazer,51,477,5,850.0,102.0,6.0,11.0
9328c3a5c42ae7b32d53e419f9b93d66,moveis_decoracao,60,473,1,500.0,30.0,3.0,19.0
0e1cd2215a878ad18b2c0b482330a9aa,beleza_saude,54,1689,2,250.0,19.0,8.0,14.0
8f7ae8d7845cdabafb4b6f20d8bc5a43,esporte_lazer,41,785,2,700.0,16.0,12.0,22.0
38ad86e536a0e27c5a4d2dc30964259d,telefonia,60,540,2,300.0,17.0,4.0,12.0
ba8a143b592c2af31aa106f79e521424,informatica_acessorios,35,624,2,100.0,16.0,4.0,12.0
d1f1c64b5ad001769bb3a6f20994cdd1,moveis_decoracao,39,213,1,7650.0,63.0,8.0,63.0
022b0ef3922883f810bdff4d58e93115,automotivo,58,641,5,1625.0,60.0,8.0,33.0
97b5158053e671771fe7c85ec69ee043,moveis_decoracao,59,846,1,21300.0,50.0,50.0,50.0
dfac7527b7d46b412ac29dcabad2f619,beleza_saude,38,1018,1,2500.0,35.0,16.0,16.0
653db51f38df09a30a8f25e7933050fc,moveis_sala,51,598,2,1350.0,44.0,14.0,34.0
2e77ba2c0bbbfb6e03e988077395308e,utilidades_domesticas,42,151,5,200.0,16.0,6.0,12.0
811809cbfd4d37f3fa4b2849bc288167,artigos_casa,60,235,1,3800.0,58.0,14.0,48.0
db91d5a3b20ec0804d7608ab608bea95,utilidades_domesticas,35,813,3,900.0,22.0,24.0,24.0
5727b4e9463bfa0b43bf97397c4b7c44,moveis_decoracao,33,238,1,2450.0,53.0,3.0,48.0
88de5a4c9a8190df7f9b4a5b4f3f68cd,pet_shop,44,430,2,200.0,16.0,7.0,11.0
a9dad2ea6b0cb39733febae5b7ec1dda,utilidades_domesticas,58,143,1,790.0,36.0,8.0,25.0
729834518009d0ecf002340e2b9e34df,variedades,51,873,3,1400.0,18.0,9.0,27.0
01cf7c4cffff8db0a1cbe612bd2d50a4,moveis_decoracao,53,371,1,800.0,40.0,5.0,11.0
c15d29dd019b316a74a82f67c69e2865,variedades,42,445,2,250.0,16.0,13.0,16.0
7567d226ff0be3edcfca0124da0ca3f5,papelaria,59,697,5,100.0,20.0,8.0,15.0
28ac89c113ac960ad954042de30dd52f,esporte_lazer,29,622,1,10500.0,34.0,11.0,11.0
f9be8e0e5acd947d8f49dbc390b9ab20,artigos_casa,60,322,1,2400.0,45.0,15.0,35.0
c172a2563d937d6f3582c7dce3ac150c,livros_interesse_geral,59,680,4,650.0,20.0,10.0,30.0
62633ec6c321f244f230ae94e9864d6a,telefonia,51,1350,1,125.0,21.0,6.0,14.0
1f33f54aa8e680e3d3b654539abfdcca,relogios_presentes,37,637,1,700.0,19.0,9.0,15.0
72de34cc9f1e580f4c11d830be654271,esporte_lazer,48,161,1,2775.0,31.0,13.0,30.0
5140431c54f26f3706d901fef4b1a528,papelaria,53,543,3,1600.0,35.0,42.0,21.0
82d5798b1ffcb66543a2f0d6198a3a07,esporte_lazer,50,861,1,150.0,16.0,6.0,11.0
cc158c284564106f4b668ae02389e2c3,telefonia,47,520,1,100.0,19.0,3.0,20.0
f3378729b1a09fa8f2c42e2457d6b1da,papelaria,57,182,3,400.0,24.0,7.0,14.0
b17a4e7b997ea645dd323bb1bed802ac,variedades,,,,600.0,24.0,4.0,15.0
79706e79825f7409ef032653a271fba2,moveis_escritorio,54,1085,2,22800.0,48.0,45.0,56.0
53c61580d8e5c4941a358ee0335c1d5c,jardinagem,55,2029,5,210.0,25.0,7.0,15.0
c25202cc84e17ea4188bdd80a6b069e9,automotivo,59,2811,1,463.0,16.0,13.0,15.0
3f1a741cf5591384428c1cbb0ef07ec0,beleza_saude,60,400,1,150.0,60.0,11.0,16.0
75bc68276acddf2f0940f421a54338ee,perfumaria,30,138,1,150.0,22.0,7.0,16.0
96f8ecb5e5705b3b726d7e3022622575,moveis_decoracao,54,1413,5,450.0,35.0,2.0,25.0
fb7a74777a6afa91445275b19024a722,informatica_acessorios,54,882,4,500.0,20.0,30.0,30.0
a4bdcbc90bfef55be462f3355d1a7d2f,telefonia,59,1568,1,100.0,18.0,6.0,11.0
e27c4dd075a521097a085bced0631ce7,moveis_sala,31,618,2,9750.0,27.0,15.0,92.0
16b691e994cb81b2e7e31c93ba603136,artigos_casa,40,582,1,1550.0,35.0,19.0,45.0
38b5079a807bb9f22ddfa46f929accee,perfumaria,55,633,5,200.0,16.0,2.0,11.0
75d66a361eb55154321b0e04f698784a,informatica_acessorios,41,701,3,400.0,16.0,16.0,13.0
48e82f62f499350869ac7529efd9fcbd,moveis_decoracao,60,357,1,650.0,25.0,5.0,17.0
a56fbff66c12c1ef311cac69e7f2d5fb,moveis_decoracao,48,493,2,600.0,30.0,20.0,20.0
6054d161235b97a4aaccea2a086d30b8,seguranca,46,506,1,2300.0,20.0,20.0,20.0
db56f6d2b04c89eae4daba188842fd7b,malas_acessorios,56,450,3,12450.0,40.0,25.0,57.0
328e385961fd439024dabd6512dc1039,automotivo,47,641,4,5200.0,44.0,17.0,30.0
4e9583016ceb715ac76fb39d1b288ff7,perfumaria,41,1043,1,300.0,20.0,20.0,20.0
2715967684d6991f7501693bfe08c08b,brinquedos,44,420,1,800.0,28.0,35.0,18.0
e26445edc4d665a7950a4b60461fc58d,livros_interesse_geral,31,710,7,1000.0,22.0,28.0,16.0
42c99de3dc62c3687c4c7da629da3c50,artigos_casa,40,420,1,100.0,18.0,18.0,18.0
09df4169c3678074ca16ab1941cfd1dc,artigos_casa,58,188,1,1400.0,44.0,2.0,35.0
34502b3a0c6af7c9b8bce8a8af0aa048,artigos_casa,54,265,1,1500.0,38.0,13.0,31.0
555796dfc4799923dc94be876085279c,informatica_acessorios,37,567,2,163.0,18.0,8.0,14.0
52e9413ed0d3e64b796aac2bc2291d50,esporte_lazer,54,790,6,200.0,17.0,10.0,11.0
1c57458e824ca3d974ec1831a1a55e72,pet_shop,57,794,3,30000.0,79.0,2.0,63.0
1a70473adb9873f9068e80f2fcb78824,pet_shop,26,294,1,190.0,17.0,22.0,17.0
a7566c5565bf286a5c8fb48387d97bb8,perfumaria,44,259,2,425.0,23.0,14.0,17.0
4faca3ec2b35828a327cecd7fd0bc9b6,moveis_decoracao,57,132,1,5450.0,30.0,36.0,30.0
d325b4b600e06bd11a1f8afdfdf3679c,beleza_saude,46,1290,1,950.0,25.0,12.0,19.0
042535091ac9e946489c2155a0392c47,utilidades_domesticas,23,162,1,300.0,20.0,4.0,19.0
e3fa14bf3866f013d03fa0b76a9842ee,moveis_decoracao,42,790,1,1400.0,50.0,25.0,25.0
516c257eda161040c8d23cf8af9a6edb,esporte_lazer,37,671,1,920.0,19.0,20.0,17.0
f1021c9679d1e911ab6c137909f13d5e,utilidades_domesticas,46,819,2,300.0,16.0,30.0,11.0
01aace6e8152ecaf9eb47678521069c6,informatica_acessorios,60,399,3,475.0,19.0,5.0,15.0
ab464d315185546c908a888506fc22c1,utilidades_domesticas,58,641,1,1000.0,16.0,23.0,15.0
dab1da142d5a95b9200cef4675a3f9fa,esporte_lazer,57,801,1,1600.0,23.0,24.0,18.0
bce3aa01b13b6e00307669191f690955,casa_construcao,52,921,7,1050.0,16.0,20.0,16.0
c04e948c6900ce99ac47d89b3b6d70cd,variedades,33,1401,2,30000.0,70.0,37.0,70.0
2b733cf37ff9af2258751a5a508d3e69,pet_shop,57,375,1,27400.0,40.0,30.0,40.0
4f6f29245fede78dbd0027274c7bd9a8,beleza_saude,56,407,1,200.0,18.0,8.0,13.0
187359f629249d5333ce31f87136a802,utilidades_domesticas,43,1437,7,900.0,32.0,15.0,32.0
f5c0451a8329bdf130172a733eb5d60e,variedades,50,330,1,1700.0,33.0,44.0,19.0
4241ea8d0ec9cd6574d86fd72d1dc2af,instrumentos_musicais,60,283,6,350.0,16.0,4.0,20.0
d22a5221a26ff421ad353360421f799a,moveis_decoracao,38,170,1,250.0,20.0,10.0,15.0
79b34bfd104ba0110090a32b86572944,papelaria,30,672,1,1050.0,30.0,30.0,30.0
fee4f51fea27d262dd116b53ddf31ce6,utilidades_domesticas,59,1708,1,500.0,16.0,24.0,20.0
e6974726480273852de4ef5d57003db2,brinquedos,42,586,5,1507.0,27.0,26.0,28.0
cd9d71c495bc54dbb324571016b7f37c,moveis_escritorio,31,1222,1,8425.0,53.0,53.0,18.0
0a8bc1a07183eceacf95ae5cb4cbd076,pet_shop,25,1399,1,165.0,16.0,10.0,11.0
bd67e67dcfcc53e712a29c215ec26de5,esporte_lazer,41,1947,1,2550.0,18.0,78.0,35.0
cfb0017c91a7cdefe2ea322d504f8fa0,relogios_presentes,47,247,1,250.0,16.0,11.0,11.0
eeb140d5f26a24f9920969845deb6b4b,utilidades_domesticas,29,850,2,600.0,16.0,12.0,12.0
188c9cb0aff9e485e3f84752731c633a,artigos_casa,55,428,1,150.0,16.0,11.0,11.0
89a533915d1f4f365c123a333e7b0d53,beleza_saude,52,1336,1,2150.0,50.0,50.0,11.0
500909059ad72b36b2554150cc327edb,artigos_casa,39,1140,1,3100.0,30.0,25.0,30.0
10b930e4c15b5f8e6b7c8c7e17ac776b,consoles_games,37,360,2,450.0,19.0,15.0,15.0
d19c17e2d1254322fcd22ddc11c15fae,automotivo,20,83,1,600.0,16.0,2.0,11.0
c77abc8a8f4b7b1aa8a9bcdb48fdcf3a,variedades,46,650,1,1400.0,40.0,40.0,30.0
b3468c11e7518de68a4139b850801405,informatica_acessorios,45,507,3,400.0,19.0,4.0,14.0
fc9f8ce7c9be6295161b8c8fccb26b6b,bebes,57,291,1,500.0,40.0,15.0,35.0
45bb83550ff78aa259858ff41921129a,eletronicos,50,1423,1,3525.0,33.0,35.0,34.0
0a859d8dc68f6a746b4709217110c439,esporte_lazer,50,2871,1,30000.0,90.0,50.0,50.0
0f63bdd7e201644735e2c9d8fca69554,automotivo,54,1475,1,300.0,16.0,18.0,15.0
5d1d8ec5b31c5c359f10c4b23b819170,moveis_decoracao,58,867,1,150.0,19.0,5.0,25.0
23930a256cb06e683cbceb246221290a,telefonia,57,412,1,100.0,16.0,6.0,11.0
add055c0f961a8667228b93f97d43b0f,moveis_escritorio,33,2417,1,14600.0,58.0,28.0,58.0
3c61c8a6d10b84ba973228169282b294,artigos_casa,53,666,1,1250.0,35.0,3.0,30.0
44a36ac829dfa2dace1d880985b71344,beleza_saude,50,533,3,243.0,20.0,14.0,19.0
ae1fe986145cc9e80f0d7753d669989f,papelaria,49,181,2,10850.0,60.0,20.0,29.0
2e8eb076261eb842a7e1bdf64e1facda,fashion_calcados,53,408,3,1400.0,22.0,12.0,33.0
d0bc3fa9914a70cb48cdf42e0b18de74,esporte_lazer,28,143,2,200.0,25.0,25.0,25.0
1d9311c8ab3fedab5eb4df1277b84bfe,ferramentas_construcao,59,1289,1,1550.0,54.0,10.0,11.0
154e7e31ebfa092203795c972e5804a6,beleza_saude,48,575,1,100.0,20.0,15.0,15.0
1bdfcb8320195a0fbab354ae99d95d91,utilidades_domesticas,43,192,3,150.0,16.0,6.0,11.0
8d3995daf4103cf13ff5400bf66c1587,bebes,30,1570,3,300.0,30.0,10.0,20.0
4d339d073c4590d9a44b8fb0e43a61ac,informatica_acessorios,46,937,2,50.0,16.0,16.0,11.0
7ae142d3ff07b80eeb7bc16b9bc5c5cf,artigos_de_festas,28,182,1,1900.0,70.0,15.0,50.0
89335f18510cd04dc1bb8cf69f3cf14d,bebes,31,259,1,14500.0,57.0,45.0,33.0
726838a1b5bdf32e2fc8010f0807bd46,market_place,19,767,1,200.0,22.0,24.0,24.0
65906875895d4c8ba11779d8bd5b1270,automotivo,49,695,4,450.0,30.0,30.0,30.0
b11f3f1a834f8df4ca743db95563670b,artigos_casa,58,144,4,500.0,47.0,3.0,37.0
aa0c047aa75f7c8e437acd62601055fe,alimentos_bebidas,34,397,1,533.0,27.0,14.0,17.0
b5034cecd2d602fcc8175e8fe0988a3d,automotivo,56,361,1,200.0,35.0,4.0,26.0
d6061ffaf719f75dd074a637c535b644,artigos_casa,53,1180,2,1850.0,45.0,15.0,12.0
2535db191954746776aa1f51dc1a9651,beleza_saude,43,341,1,350.0,18.0,14.0,15.0
b1e189f4b3dc3352ba24db1688e06d4b,artigos_casa,60,166,1,1100.0,34.0,7.0,32.0
e6a09abfe91b8e27c7fe22aac84dc333,informatica_acessorios,40,177,3,1950.0,20.0,6.0,20.0
436c8d57ff8d4aa254318e9bd9b48c83,variedades,54,599,6,530.0,30.0,9.0,14.0
fb1e2262cc73f7ab23c5dc5cf8d78693,malas_acessorios,52,452,2,16200.0,43.0,29.0,67.0
ef6fb97da4e206dd38306ba55b9d5cbe,variedades,55,229,2,700.0,30.0,22.0,16.0
715a15449266fede35b4a667372a2b11,artigos_casa,60,298,1,4900.0,36.0,15.0,45.0
52a0cc66507fa8ae445cc135c69e6d96,beleza_saude,46,3106,1,4375.0,28.0,28.0,28.0
e0c53c03a642ddca93689255bd4af194,artigos_de_festas,54,821,2,283.0,16.0,12.0,14.0
a2a7efc985315e86d4f0f705701b342b,informatica_acessorios,45,837,1,1133.0,16.0,15.0,20.0
425b2ba2dab3986c4fa13ca01547aff0,automotivo,22,661,3,400.0,53.0,3.0,41.0
8e26e1c242d575871d8074986b625bfa,artigos_casa,45,415,1,2150.0,16.0,10.0,16.0
edf41b78574ca881eee5140ffff55dba,esporte_lazer,46,1332,1,2123.0,33.0,28.0,28.0
6f67fbf87e4b17a1aa8abfe2a0ffc7e4,relogios_presentes,55,660,2,300.0,20.0,13.0,18.0
98d3d093647c91f5bd575773f6eab9e1,perfumaria,54,1133,2,400.0,27.0,5.0,20.0
b22934d8dedd07b3033be2bf6da70bcb,brinquedos,33,561,2,415.0,19.0,16.0,17.0
1169ec485506aa10f38d941275dfce4b,utilidades_domesticas,58,381,5,550.0,18.0,12.0,12.0
f1d4ce8c6dd66c47bbaa8c6781c2a923,bebes,52,828,4,4950.0,40.0,10.0,40.0
fb3230a295c320ca2a32fc1047e8715f,automotivo,55,109,1,300.0,30.0,15.0,30.0
fa92cdb881a2eab7e1f10d0ba6f42fc5,relogios_presentes,55,498,3,300.0,16.0,11.0,15.0
14d2c4a849afdde0e39ffad27a1dfc56,eletrodomesticos,57,272,1,1650.0,50.0,2.0,37.0
64051126507bdb875c1baf5b3b5a9a98,informatica_acessorios,60,392,2,540.0,17.0,10.0,14.0
90d44d8f3025c0bcf8ef83de3fe8011e,ferramentas_jardim,36,153,2,700.0,22.0,28.0,24.0
1c059cb9cda165ab22821d43860ca347,moveis_decoracao,31,308,1,2250.0,37.0,30.0,20.0
93914ef5901d870afb5c7c9ac77a50a9,moveis_decoracao,57,306,1,3775.0,38.0,18.0,32.0
cdfbf89ab41de77f2bc60c0194c00d37,telefonia,51,446,1,124.0,22.0,5.0,16.0
89e8ae28657101d78ae7be99d7230390,artigos_casa,50,204,1,2900.0,55.0,25.0,35.0
ec72148301904394ad2c3f6204781102,artigos_casa,55,210,1,650.0,16.0,10.0,16.0
719d571299707561c34ba04ab867b32a,beleza_saude,41,1178,1,434.0,20.0,16.0,18.0
45e967683e7292b195609137fadaf2fe,automotivo,57,453,4,100.0,21.0,2.0,17.0
5524bbd7c991692980702322aa085419,informatica_acessorios,57,1098,4,18150.0,17.0,35.0,35.0
79d7da51bcd8d7722a6db7b3c285e218,alimentos_bebidas,59,1562,1,500.0,20.0,20.0,20.0
48465725d322101bdadd1d1a5acd8480,fashion_bolsas_e_acessorios,60,411,5,150.0,20.0,20.0,12.0
ce93cb16a8a8bf824af8246d97692415,esporte_lazer,50,494,2,200.0,16.0,7.0,12.0
19db7ccde0bb9cb62b208b2b3b794927,telefonia,57,1009,1,200.0,18.0,6.0,12.0
a90de1bc3dd63ed137d8e045774dc2ec,moveis_decoracao,58,2049,4,2800.0,69.0,11.0,11.0
865cf360a28190ff9c1cf3ee412c55ba,utilidades_domesticas,56,856,4,250.0,16.0,15.0,12.0
4d012181c7a23a79f84dc6cdd1cb1c04,brinquedos,20,274,1,6550.0,54.0,40.0,15.0
4161c903c8834f814fda62d066031d74,alimentos_bebidas,52,595,1,500.0,33.0,21.0,27.0
a79c0d179a6de79b23a81b64b3980c04,artigos_casa,57,220,1,1200.0,45.0,15.0,35.0
3f68d7ea8e04d4b3ffe99bbad06800d3,brinquedos,54,1125,3,700.0,38.0,15.0,27.0
a1b156a0925874f584d8d0cb45a962ba,utilidades_domesticas,59,1115,1,14600.0,43.0,62.0,41.0
6f0fa88a479cc04c328859b3546e1ab0,fashion_bolsas_e_acessorios,56,1485,2,200.0,16.0,2.0,11.0
ba4c06dba31764d34fd6446894754568,artigos_casa,56,173,1,970.0,36.0,4.0,26.0
9f683084a0b0211109fef6e538cb4767,artigos_casa,43,352,1,800.0,45.0,11.0,11.0
db8416b29581dc9ccea5e43e59fda317,perfumaria,46,534,7,1850.0,35.0,26.0,26.0
d133bcdec960531f1cbc01c79c657e19,utilidades_domesticas,56,309,1,483.0,22.0,26.0,23.0
c06ec7b8d433a443d9350e3da23a4076,utilidades_domesticas,56,257,3,12100.0,51.0,54.0,47.0
882b88e3f8d6db8171ee56f61efc8bd8,automotivo,53,877,4,500.0,17.0,4.0,11.0
8fbd36d3b045f5f38b252b1513478f38,informatica_acessorios,56,482,2,500.0,35.0,5.0,15.0
20a8603c265d777e25da064113d556f5,telefonia,59,474,3,475.0,17.0,14.0,14.0
80e9d618cc71f5eed806b81bd62c38e4,utilidades_domesticas,60,494,2,5100.0,36.0,16.0,46.0
a4aae1a5593180418f46f1dd9f5d3793,brinquedos,52,827,4,2300.0,41.0,60.0,16.0
5194b89392be2982beeb37174bf7dcba,moveis_decoracao,43,197,1,1600.0,55.0,10.0,30.0
c5f80e9b4f6f51bc7cdb5d004643262a,beleza_saude,58,767,5,8900.0,38.0,88.0,30.0
8d39a63db6a98e40571f486e0c711cf7,variedades,,,,450.0,16.0,7.0,11.0
ffb2e8c1ddc7c3e590d2bc4c91de53e1,moveis_decoracao,43,534,1,600.0,65.0,2.0,13.0
3bf5c74c4cd6c31533bd6abf7c3d5a13,telefonia,60,317,1,100.0,19.0,5.0,11.0
0fd681f9cda34792a6404631648ac5f3,instrumentos_musicais,26,821,2,300.0,30.0,7.0,30.0
2a211896ec7ab72cedc7939e9ffb01b4,informatica_acessorios,58,1306,1,700.0,23.0,20.0,17.0
aa0d48704d551d1247be98ca06dfa990,artigos_casa,58,1626,4,250.0,16.0,22.0,11.0
c4f8e50f322e3f8b523e0e26559144ac,brinquedos,63,849,4,7300.0,58.0,27.0,33.0
0547b998c6f8893fab4ba02d5636c10f,relogios_presentes,42,262,1,500.0,16.0,16.0,16.0
fd1e94b07608d8b4a74b0c81dd4fe10e,brinquedos,50,874,2,1700.0,16.0,42.0,42.0
4c8b28305f570899b6ded964ddd234a9,moveis_decoracao,51,767,4,550.0,34.0,6.0,23.0
acd8d7f70cb01e9251e4da67e8813ffd,moveis_sala,32,787,1,12200.0,33.0,10.0,93.0
79b1bbaa733d92414726da0dc53e221c,beleza_saude,58,2167,3,850.0,27.0,4.0,11.0
c7e02747ef9366a4fb7f4ac4fd261c36,informatica_acessorios,59,2168,7,900.0,35.0,10.0,19.0
1906cb28cdc0781f04a95d4d3d0d980d,fashion_bolsas_e_acessorios,52,1359,1,300.0,16.0,2.0,11.0
5acfd4d25279c8414a02e70a92743c34,esporte_lazer,54,470,3,100.0,18.0,14.0,16.0
4f3192a28c9da057319996e1502dc216,variedades,38,1499,1,4317.0,30.0,40.0,28.0
3af4f5bb8b0616387fe23646fa94e256,moveis_decoracao,54,769,1,11600.0,45.0,35.0,45.0
de3e60701787a602b30be9c75937242c,utilidades_domesticas,33,722,7,15200.0,64.0,20.0,44.0
79e193444d3b3ba2e2f28d0e0f9bd97a,artigos_casa,44,729,1,800.0,20.0,30.0,30.0
733ea58d772bede3f0bba1d816efd8e9,climatizacao,45,252,2,350.0,20.0,15.0,15.0
9c9c0e6325bd947d1468817769ed4197,informatica_acessorios,36,971,1,450.0,21.0,16.0,16.0
3308e7337d30a51ac18fa4e9e72b310c,telefonia,58,785,5,350.0,17.0,4.0,12.0
62a6991adbb1e60f5c03a77fae5568ff,automotivo,58,892,1,3350.0,35.0,20.0,20.0
7a3d2e33323f0341eaecc6154c003ac0,consoles_games,31,241,1,325.0,17.0,11.0,14.0
a12c02e04fe31b34937656a5c5114a7f,automotivo,57,1552,2,500.0,21.0,18.0,13.0
fd5c5a67cd369732c2ac20dbd574d1d4,artigos_casa,58,137,4,450.0,29.0,9.0,21.0
812f1a638bcd733dd09a574e2424dff0,esporte_lazer,47,1344,1,4650.0,36.0,31.0,31.0
bf8193d8e1127957f3b82527c6d44c01,malas_acessorios,36,543,1,500.0,25.0,7.0,20.0
20c036a30ef670a7591c160758fe0b65,moveis_cozinha_area_de_servico_jantar_e_jardim,35,380,3,7600.0,66.0,10.0,46.0
d911283e9e087d5526ee83bb5150544d,variedades,56,330,1,1700.0,33.0,44.0,19.0
cf75cf76758e0ff7115fa0fcb486a732,esporte_lazer,28,1319,1,600.0,34.0,16.0,16.0
c8b96022819f31119f1404ad2c3c1059,pet_shop,54,1581,2,5450.0,30.0,30.0,30.0
354a74f657f4d957f2a0e5b9ee1eeb7f,esporte_lazer,43,1188,1,2950.0,36.0,38.0,36.0
e1ecd7384e97b1ca3f7b1601c78728c9,utilidades_domesticas,52,386,3,500.0,45.0,45.0,45.0
bd45d419cafca91f96772c2b59f0e0da,relogios_presentes,56,1068,1,280.0,16.0,13.0,14.0
91d192f809ce47b73e0080288da65f34,beleza_saude,56,1128,4,670.0,17.0,11.0,14.0
9041a4cde4a900bc259d3b1b6847f6b1,moveis_decoracao,53,626,1,8500.0,35.0,45.0,45.0
0290cc426311fb177fe19e513a7dc349,automotivo,51,244,1,1000.0,20.0,20.0,20.0
91421c5de3c0cb822ec9bf05f9220267,telefonia,56,1649,6,200.0,16.0,2.0,11.0
a8f6902216234a2535986d89451f9ad7,telefonia,42,938,2,800.0,16.0,28.0,25.0
9226bd32a68934187cdb36243076ba99,beleza_saude,31,470,2,250.0,22.0,12.0,17.0
3f31e91ff55912757b04a48d7c1337cc,automotivo,56,651,5,6950.0,78.0,4.0,47.0
48cff86e739b8e4dec45e95a05bb0d9b,moveis_decoracao,55,541,2,14200.0,49.0,42.0,42.0
5b1c98d30c986d084d3c312dddf35b74,relogios_presentes,37,283,5,700.0,20.0,20.0,20.0
0d944ade388f4db684ab7578aadcc0ad,fashion_bolsas_e_acessorios,53,1488,6,150.0,25.0,8.0,18.0
6aa7792ae76dad7d68331915fb2602c7,pet_shop,57,1600,4,900.0,30.0,12.0,30.0
336090aa9bdfdc02b01b154b2d0abda2,eletronicos,58,219,3,600.0,16.0,5.0,20.0
8d8109048bbf6f0369b1522029f92a19,variedades,49,933,1,250.0,22.0,23.0,16.0
eed813e00d01572cb589f87199d081ad,informatica_acessorios,56,358,1,400.0,16.0,2.0,20.0
ee34e3cf023de19e886e2a55f714ddfa,artigos_casa,56,365,1,1250.0,38.0,20.0,25.0
0a1c4b9c1ca294b2c85dbe2d4920abe6,papelaria,47,111,1,6250.0,30.0,10.0,30.0
b3129f40b427408e82987db1b30eefd9,artigos_casa,57,184,1,650.0,30.0,8.0,25.0
0cad3c9a114203d74ff1ca303486f205,automotivo,56,1763,1,3350.0,40.0,40.0,40.0
c348450d15a924d32e7f9b0dd91ca938,bebes,55,715,3,300.0,18.0,24.0,20.0
ad837169a27edc799909c3b1f6081399,bebes,46,513,1,12150.0,62.0,35.0,52.0
ffe8083298f95571b4a66bfbc1c05524,artigos_casa,54,486,1,1350.0,40.0,5.0,30.0
c5fb785eb88d9246c4a9b3e7d47632b5,informatica_acessorios,55,204,3,300.0,35.0,8.0,20.0
441b81eac0773c6ed4ec1e1fb42ebba5,papelaria,44,893,10,1600.0,32.0,52.0,19.0
ea4d2100b24a14263ce28be19889f035,esporte_lazer,31,238,2,2600.0,60.0,15.0,15.0
f9ebcf80103354a6695bc743673fcacd,moveis_decoracao,59,141,3,300.0,25.0,11.0,15.0
5c15e8f223a8bf0d7858c403ddc1b0ed,moveis_decoracao,63,699,1,650.0,45.0,15.0,35.0
7dda94d5b1861c308661fedb3944df60,moveis_escritorio,34,2419,1,9275.0,54.0,30.0,53.0
7384a19bf6df5d6139bc52286cd26c2e,alimentos_bebidas,46,553,2,9550.0,57.0,40.0,25.0
4daad1d90efd466b4c3889b4421f5610,utilidades_domesticas,49,430,1,5275.0,30.0,65.0,30.0
1c33c71830d320620439a3236a1c4ae1,livros_interesse_geral,54,2931,3,2200.0,19.0,26.0,11.0
9b08a09bf2fd9731cfca8cb3db24457c,ferramentas_construcao,14,233,3,150.0,16.0,10.0,12.0
bbdb0183a86f02d57038f08dbea44879,brinquedos,53,623,5,1950.0,45.0,10.0,45.0
9ae3dacfd2327107a1e28274fac25a4e,artigos_casa,59,463,2,1900.0,48.0,8.0,39.0
49949e69181c88f76527f613550ca6f6,utilidades_domesticas,45,231,4,500.0,16.0,12.0,12.0
1393eeb2b27f82d3f8035ed8d4b3a5e2,moveis_decoracao,36,652,3,950.0,64.0,6.0,11.0
a448325c57fbf792a2f6ac7d1b730917,climatizacao,63,1729,3,4800.0,72.0,5.0,11.0
630a236cea73f2eb6900f74e1cb2eb62,artigos_casa,56,674,1,1200.0,30.0,5.0,30.0
43bafb0c5d10b886c2a7166089560202,malas_acessorios,57,393,8,950.0,35.0,10.0,20.0
1aecdb5fa3add74e385f25c6c527a462,ferramentas_jardim,41,3544,1,16400.0,100.0,30.0,30.0
614a7083f3c1a64a1829fee6bc60d90d,musica,32,366,2,100.0,19.0,3.0,11.0
52e5fdcb5e51164483d584c75bd3a478,telefonia,55,211,1,150.0,19.0,8.0,16.0
3a21e6f5a154a5b03b6edb8fc6b24c5d,bebes,58,585,2,220.0,23.0,9.0,17.0
d19c5ff1a4d4e8b0558536d57cf43cf7,ferramentas_construcao,57,1430,8,4700.0,35.0,25.0,25.0
c784a651cf319526cc7cf854f83cb941,papelaria,58,125,8,500.0,30.0,19.0,30.0
f8bbbaece0a5676ffd4d6c3cbde920ca,bebes,55,1072,3,1050.0,42.0,25.0,15.0
bea29aa4974e69f7e5873c7df0393b16,artigos_casa,52,435,1,1050.0,22.0,16.0,18.0
05696da7eee323669666f62228d00f78,artigos_casa,55,342,1,12900.0,60.0,27.0,50.0
ad84bd53f52aaacae7a40027842ab970,informatica_acessorios,31,212,2,1013.0,30.0,24.0,19.0
61bd5c44104358d0af199e259821d2b8,esporte_lazer,57,1002,3,450.0,30.0,20.0,20.0
221682b067ae8e8460ae2517e7e25e11,beleza_saude,60,528,4,250.0,19.0,11.0,23.0
fa824bd872b3bfb379407d40ff3059c0,relogios_presentes,60,645,1,265.0,18.0,12.0,13.0
1cf22c0593f2ba8ecf404d0945a2036a,ferramentas_construcao,60,996,1,5500.0,16.0,45.0,15.0
3dd08f6de0f8c6d604bed117d4df0dfc,brinquedos,43,1156,1,500.0,17.0,10.0,12.0
5a2a1ef8eda93793f1a4569bcdabd123,eletronicos,37,115,1,350.0,22.0,7.0,16.0
60349023b5385947aa3a395689868518,moveis_decoracao,60,2138,2,3000.0,69.0,11.0,11.0
47f4c1c7335bd22493bf6f376ee9fa6b,beleza_saude,57,721,1,560.0,20.0,12.0,16.0
f020db7bfbac6214f8dc51b753800c5e,ferramentas_construcao,54,740,1,3250.0,19.0,19.0,19.0
0eb5e2c967974b4a88f060ae6610788e,pet_shop,56,839,15,1600.0,33.0,30.0,44.0
25bd33730dc67d9bcd87dc05dedfd2da,beleza_saude,43,1182,2,1350.0,42.0,11.0,12.0
f83c9874b5b5044ea58fef1be68c1ea8,variedades,52,791,6,5200.0,63.0,2.0,79.0
7a1e511458adb4ffcbb43acffd72517c,utilidades_domesticas,51,453,1,3400.0,60.0,15.0,25.0
7dffa5a576c3022da3db58e3b829f886,relogios_presentes,54,395,2,550.0,25.0,13.0,25.0
db7519522818a6db0f264d6b4a16c40e,moveis_decoracao,47,801,2,400.0,19.0,10.0,16.0
d53d0094e20a39b4c5304940cf8995ea,malas_acessorios,58,890,9,1750.0,32.0,52.0,19.0
3c60c6bdbf4bac113ffbbb3c5b84753a,papelaria,57,722,3,150.0,16.0,10.0,27.0
c75a872692395427a0cfe0cf90bc858f,esporte_lazer,45,1541,1,500.0,33.0,20.0,20.0
e50d281842fc4e385e897713deeae9c2,beleza_saude,46,1319,1,500.0,16.0,5.0,12.0
19c91ef95d509ea33eda93495c4d3481,beleza_saude,50,1257,1,700.0,25.0,12.0,19.0
1cbe6092926b24ecacfdeb748bc34105,automotivo,52,666,1,4950.0,65.0,25.0,25.0
bfa4ca2c253f707895fce02b4756f4c4,papelaria,44,123,3,10100.0,38.0,55.0,35.0
bd08f3b4263a91e6d82b7ed0e8c4b75d,artigos_casa,60,280,1,725.0,35.0,10.0,18.0
659dc4a2860c19265edc2fe7e451329c,malas_acessorios,45,232,1,550.0,45.0,10.0,32.0
3085b422a5fd43e691b42df75c8a63ba,beleza_saude,30,876,2,1500.0,53.0,48.0,30.0
dc7ec35f43d77d1bc4b8fbd8cf6bc7c8,bebes,29,280,1,700.0,25.0,21.0,19.0
d3c264d1e08ef19321e6d5a75f419c82,utilidades_domesticas,51,139,3,200.0,26.0,4.0,19.0
d8e8c5f6ab9f4c0214127182ca234525,moveis_sala,54,380,2,4550.0,50.0,10.0,50.0
0d69c82f1bc2991a5ec6fff3d803876b,fashion_bolsas_e_acessorios,56,1666,7,150.0,17.0,5.0,19.0
31a70a048673639e07f9c3848b590d8d,eletrodomesticos,47,347,2,100.0,16.0,10.0,11.0
4845d1e797e8d6c21a975df4fae03ee1,artigos_casa,51,696,1,700.0,25.0,15.0,20.0
6ec3c050cedb96661c07a891ee359146,casa_construcao,63,380,4,1200.0,16.0,20.0,38.0
8d024e70a7e9e92b8851684d047a7021,esporte_lazer,52,642,1,1136.0,24.0,21.0,18.0
3803502e6590e7de4f77af1b2cb8d0c4,utilidades_domesticas,50,482,4,700.0,27.0,9.0,19.0
83ecdffd5afc36321b868838c447c44e,fashion_bolsas_e_acessorios,42,168,1,150.0,17.0,7.0,12.0
e6a8a1b25dccfe76d339f9cd19be7779,esporte_lazer,45,601,1,10450.0,20.0,23.0,12.0
4645dbced3aa2868c85f6031f226ed5b,beleza_saude,50,921,1,700.0,16.0,16.0,16.0
8ac83e639035f00faa972f1fb0063b4e,beleza_saude,50,796,2,150.0,20.0,10.0,20.0
3e068f21ad721826461bfe93ff04ee59,papelaria,59,1566,1,250.0,26.0,26.0,11.0
516a7c0b152777ac153b6ff568582222,fashion_bolsas_e_acessorios,39,565,3,100.0,17.0,7.0,17.0
ced65a7af145a0974ffb661e7b20b5ae,malas_acessorios,51,352,1,450.0,20.0,5.0,20.0
90ef6790cfc145cf45f9c476d1f47af0,papelaria,49,241,3,6100.0,60.0,20.0,29.0
efbb1aa8004b5afbe175d7d6ce557342,moveis_sala,33,328,2,6050.0,55.0,14.0,47.0
58151ad2f10829fca9c53a2a0dfb5535,artigos_casa,55,246,1,950.0,38.0,10.0,38.0
76ec315dcc55a9e20ce3c0cd6124a9b3,esporte_lazer,51,1016,2,2300.0,30.0,13.0,25.0
537ac9105a4aeb58599b4e4581fe8f04,artigos_casa,40,485,2,1100.0,40.0,6.0,30.0
3dc7db1edfac20883ed35ecfec05a3cc,automotivo,60,547,1,1050.0,16.0,5.0,16.0
03d4233b9e3382adaed9e5c58626f1dc,moveis_decoracao,59,566,1,200.0,35.0,10.0,20.0
09e5556011177a1f20244a4fcdde2752,moveis_sala,52,400,3,6100.0,50.0,50.0,11.0
cd8c7501d1e3a66f282dfed8dbd5ab9f,beleza_saude,53,3954,1,3700.0,40.0,10.0,20.0
4cd8cb56dc105468771e4fc4a815dfd3,eletronicos,60,454,3,2007.0,30.0,25.0,31.0
d0be993a2140a8cfe0a106b6c2d974b6,ferramentas_construcao,40,1973,9,200.0,40.0,4.0,30.0
c8194120cffeb4eea08d08e91ed1d284,jardinagem,58,986,2,3097.0,57.0,9.0,35.0
459d6fff714db7ff3a86582bf33fc9df,esporte_lazer,49,839,1,250.0,16.0,16.0,16.0
168b1b45c68037b0490157ee10540349,artigos_casa,60,269,1,3150.0,39.0,13.0,46.0
0b898ec6fedc70029a044c72475aeed4,audiovisual,49,1151,1,200.0,20.0,2.0,14.0
947f602dbb2ac7b6795cc5b1f0508a52,beleza_saude,37,3781,1,100.0,16.0,5.0,17.0
c2a241928535e097a96aa157dfaa86b5,casa_construcao,59,962,6,50.0,52.0,22.0,52.0
056d07eb7d9c446e3780a3a7f102190d,artes_e_artesanato,48,135,1,500.0,50.0,6.0,20.0
743f4eec5711267026a93df72eeb7174,livros_interesse_geral,44,1615,1,800.0,33.0,6.0,22.0
3f3d9760b163e08f9566ea1b2b8e1cd4,beleza_saude,56,1891,1,1100.0,16.0,15.0,13.0
36f78198534cccd08c53c29b56e82d55,beleza_saude,52,1784,2,150.0,16.0,6.0,11.0
fc470dc1924bf42ce34d83187505dbe4,instrumentos_musicais,57,55,1,150.0,20.0,7.0,15.0
79ce45dbc2ea29b22b5a261bbb7b7ee7,beleza_saude,27,152,2,1000.0,25.0,6.0,12.0
317610c6c173aec78923ac272ae9393d,esporte_lazer,56,926,5,2500.0,93.0,10.0,40.0
252dc1fbd22786a5305623453f8eaf8b,beleza_saude,59,3323,8,100.0,28.0,13.0,12.0
22e9d458875333a868ae17fc894781e5,automotivo,60,651,5,3300.0,78.0,4.0,47.0
b58894ae62ca975959eb3a8d4c8f4f92,brinquedos,35,1099,1,4200.0,60.0,60.0,30.0
dcecdbaf763f2a027e5b4587ba9ee82b,papelaria,44,226,2,200.0,24.0,7.0,14.0
086351823300e0339f6955b27998c186,artigos_casa,49,189,1,3305.0,65.0,12.0,45.0
a6a7cf0d51ae6970c1881c0da049e1fa,telefonia,60,587,2,200.0,19.0,4.0,11.0
775bca2cd0c1c8165c893062195f9429,moveis_decoracao,44,472,2,2400.0,19.0,7.0,16.0
37933ba010cb5d5f231585d26287bed3,utilidades_domesticas,45,160,4,9800.0,61.0,31.0,31.0
4d34afdb45a519bcec6f07b20f0b5622,eletrodomesticos,47,58,2,1344.0,26.0,27.0,34.0
573e2258c8b79fb5b1ea443040c8dcd1,perfumaria,36,2379,6,300.0,20.0,20.0,20.0
ebcf9e2edf1b5ef61117102401561d4a,telefonia,42,329,1,150.0,16.0,4.0,13.0
d55f7acfb1c10beb91b70cddfce29e3e,utilidades_domesticas,60,333,1,16000.0,32.0,72.0,32.0
536f3b8c629a2ef8e8b582d937a792b1,perfumaria,47,1985,1,550.0,22.0,7.0,16.0
67583cf9d65f2b9a1f26c158bd85257f,ferramentas_jardim,53,267,3,16600.0,42.0,90.0,26.0
39fed4eaa7c5632965cb9736ff7e7a97,eletrodomesticos,57,328,1,150.0,27.0,13.0,17.0
ea66598d13482c9c72f1936c62d2e630,eletrodomesticos,55,725,3,6613.0,49.0,13.0,39.0
cf161acf0258ad3ee8fcadd1c7f0e368,esporte_lazer,50,867,3,1050.0,30.0,11.0,11.0
1a1dba78177cbabf00a2e1eab46e62b6,variedades,,,,700.0,35.0,35.0,15.0
f2d15dbc857e5597dbe82236c424cd79,esporte_lazer,51,375,2,1650.0,20.0,40.0,30.0
9047a9fe0b7e4175af012bfa793890cd,automotivo,59,344,1,2050.0,25.0,25.0,25.0
b7db1a22a9e89c9749d7386c4f0ff639,automotivo,55,1311,3,400.0,16.0,7.0,20.0
93f8951fb9bd7dc84f80350de6fadbd9,brinquedos,48,342,3,1050.0,16.0,20.0,15.0
ec242882027ee23182f0e790e4117128,artigos_casa,60,872,1,1400.0,45.0,15.0,35.0
a5633cb3c488d04d36b0191dce4c8bc1,eletronicos,36,175,1,600.0,16.0,63.0,33.0
f07c891a5d581691d77863eed1743dd1,papelaria,60,427,2,300.0,24.0,7.0,14.0
3846c262ddb08db0ea2cc1a1685590ff,variedades,,,,600.0,18.0,18.0,18.0
0ca7afae61c042aedfd973110cd8970f,utilidades_domesticas,54,493,1,1733.0,23.0,23.0,21.0
f4d2144023a238288d36db2840a37ea0,informatica_acessorios,46,2626,4,486.0,27.0,17.0,28.0
8b502ca34e28d30605bc667b965b6abf,relogios_presentes,63,1323,3,550.0,16.0,13.0,13.0
b6c312bb8b2e0c3ab0a23d207802f82f,artigos_casa,58,395,4,5967.0,48.0,37.0,53.0
0d90fced28b749fa0468818d98cb8212,beleza_saude,42,534,1,983.0,41.0,23.0,35.0
29fd9022374ff3fef2e8f82c39b4133e,artigos_casa,57,427,1,800.0,45.0,15.0,35.0
d64738c7b2e2d1778a51e835d8f02568,artigos_casa,43,703,1,790.0,22.0,15.0,22.0
bd2c3709849255acdbf5855094cdaa01,artigos_casa,41,350,1,1525.0,50.0,15.0,38.0
188ad420d63afdbdf6711580e40dfbb5,brinquedos,57,564,1,150.0,20.0,7.0,15.0
3470ec574925a96bb8480140fddb1050,pet_shop,55,633,1,300.0,16.0,16.0,16.0
75dffc4de999c1c28630b084e58beee4,automotivo,56,1831,1,1425.0,24.0,10.0,23.0
95c1a931a9c24a30577e9af5a5c420ea,esporte_lazer,33,959,1,550.0,25.0,15.0,25.0
11e70144cff3fcf2bb31adf12b91178c,artigos_casa,60,160,3,900.0,40.0,7.0,34.0
c90cf9075d7e8a5f4eca8b39763bf2e5,automotivo,52,147,3,100.0,20.0,3.0,17.0
34742604f6cd1e891726b849b6890f81,esporte_lazer,47,1582,1,12000.0,105.0,46.0,46.0
c8666b79d968dd8ed08d31e4fc58fb93,perfumaria,45,158,1,100.0,16.0,16.0,11.0
e8452a21116fc579999d65cb5279797a,artigos_casa,49,729,1,850.0,20.0,30.0,30.0
9d6c4148e617e319b543737dfe71cc5f,brinquedos,54,472,2,400.0,21.0,7.0,15.0
ad59cb0673bceac69f32635f227b2ddb,market_place,35,382,1,285.0,19.0,13.0,15.0
4b4cf4c7dcef27edc5dcfd5b9ea611c0,utilidades_domesticas,59,789,1,575.0,16.0,10.0,14.0
f4387cd405b21509803344d044ac2c3c,relogios_presentes,53,581,2,350.0,16.0,11.0,11.0
aa0756c28665669298ad1d32c064619e,casa_construcao,51,853,6,1050.0,16.0,20.0,16.0
f6584475ef4b8710cec93be723766326,beleza_saude,38,334,1,527.0,18.0,16.0,13.0
5dae498eff2d80057f56122235a36aff,ferramentas_construcao,58,338,1,2700.0,24.0,7.0,24.0
bd0ced5367f8750ffbeaa23d1d2ddf33,ferramentas_construcao,59,1085,4,800.0,25.0,21.0,25.0
a67265ec07daf7b3d86238c34721f702,artigos_casa,54,289,1,2150.0,34.0,9.0,33.0
c2fb73db15e28aa021dcf7b2856fef27,bebes,52,704,4,3600.0,60.0,20.0,50.0
fe7d52482b17e6b3466f4b8f3ce51a9e,beleza_saude,45,3059,3,250.0,23.0,7.0,15.0
738067b78d178e457fa0dc6db5d2cc58,informatica_acessorios,59,583,1,300.0,16.0,8.0,12.0
8b6ed41158b194711f83b8da92757544,esporte_lazer,52,490,2,1182.0,21.0,16.0,17.0
b06e4ddd013b4a1a81e80fe575d9b762,artigos_casa,60,226,1,1500.0,49.0,7.0,40.0
9d308481c717341c98ade1c35baee01c,relogios_presentes,49,628,1,417.0,16.0,11.0,13.0
83d199d296c44101c8c3b5c9c0cce9ea,brinquedos,26,855,2,500.0,18.0,6.0,21.0
e87c7aefd725b0f63ce4f690832f9cab,moveis_cozinha_area_de_servico_jantar_e_jardim,43,1424,1,6550.0,21.0,41.0,31.0
626a944b34a60ab69c2fcf2827163c84,eletronicos,56,3498,1,600.0,16.0,4.0,13.0
9f5a2290fe27f9c70ca8424e98229b62,artigos_de_festas,52,647,9,2400.0,41.0,16.0,38.0
8250ed49c0929b233a405e3ece4ce328,casa_construcao,22,579,2,30000.0,30.0,105.0,15.0
9bd556e1c4a7917679b89ec2075e9cba,utilidades_domesticas,55,271,2,2700.0,30.0,16.0,33.0
c4a4f6326493ee449e618f0143d290fd,moveis_sala,58,1358,1,23100.0,50.0,60.0,50.0
bc048769f430e8e98c07bae3108a422c,relogios_presentes,44,546,1,475.0,19.0,13.0,20.0
79f9c6ec3a4021fc8af98efb87be2ce2,automotivo,45,334,3,100.0,38.0,2.0,22.0
f4e2ea6624e03c8734a6504f2d55331f,relogios_presentes,42,2711,1,175.0,21.0,14.0,18.0
d85c634ccca1e39041f2e692079dedf6,relogios_presentes,32,467,1,457.0,19.0,15.0,24.0
ba9a847a2c023953743ba9e5ef6c88c6,eletrodomesticos,39,229,1,200.0,26.0,15.0,35.0
03e7d29d9988a30815f1f20b6549881f,fashion_calcados,54,404,4,700.0,22.0,12.0,33.0
e8726dba146280f6ac62eddbf22d71b0,ferramentas_jardim,54,1905,3,450.0,50.0,20.0,20.0
6562dd6467621f6b5ab019a96d4ee8c7,automotivo,56,920,1,9850.0,56.0,15.0,15.0
5b388e2d3e6204d8a3a6698e122bdc4a,perfumaria,45,650,1,350.0,18.0,10.0,12.0
a4e61cf10d2c48246eb1f9cb56af1e79,moveis_decoracao,58,566,2,300.0,52.0,3.0,35.0
cfd652b39b87b4e06cf4ea106a32db47,variedades,33,659,1,1250.0,42.0,25.0,15.0
8f7f39a553ee4fad3c49f91a837dc58a,automotivo,53,1421,1,200.0,20.0,6.0,17.0
325e75d20ca67d859f707129be35878e,utilidades_domesticas,63,427,3,350.0,30.0,5.0,25.0
d245838e3d0b2b51d751ccdc98885a8e,beleza_saude,59,895,1,50.0,20.0,15.0,15.0
fca5350a69eb4d8ae4f5884413ebd0e5,perfumaria,36,220,1,400.0,16.0,18.0,11.0
11fcf75cb0f15b4e28842db20b062850,moveis_decoracao,63,461,2,800.0,80.0,10.0,60.0
e691bd0506414e107f3075b13954b2ef,perfumaria,19,616,1,100.0,20.0,20.0,30.0
dcf9390408cfcc20fbe35ae75f74d0c4,automotivo,52,190,4,11600.0,53.0,77.0,17.0
af8033e2e2919480bf64674af8dc453a,moveis_decoracao,58,575,1,300.0,35.0,10.0,25.0
03ba2b6c24374d16022585b6b1b385e1,esporte_lazer,24,1636,1,7450.0,19.0,22.0,20.0
5c97588998ff51dd072c59f19bed6c78,moveis_cozinha_area_de_servico_jantar_e_jardim,34,1932,5,17000.0,35.0,96.0,12.0
ec87fe7c217a713732b71344bc43274b,moveis_decoracao,29,383,1,2000.0,30.0,30.0,30.0
19a20f150018f5e9df17c838f7139435,utilidades_domesticas,48,617,1,2600.0,33.0,23.0,30.0
d10fd5adeab7535975993cbc2ce64b56,beleza_saude,50,928,1,738.0,17.0,19.0,15.0
2ccd049c8e7ea210e079a1aa8ad92477,papelaria,54,218,3,6900.0,28.0,55.0,37.0
0e35a413d832e63c5d46101b7c88de0f,moveis_decoracao,32,165,1,400.0,32.0,5.0,22.0
26b2a480ced2900a62bb9431133e95aa,iluminacao,41,971,1,1050.0,16.0,19.0,16.0
efbe9b32f8f4baa096811656d1292b9e,informatica_acessorios,55,726,1,350.0,25.0,3.0,25.0
a379052f2b3b2388e071828bc4eba5fa,beleza_saude,58,1638,1,270.0,19.0,20.0,19.0
1ef71d12e77a6bb27f555c45747807ab,brinquedos,36,478,1,625.0,31.0,10.0,22.0
65aca437a0c87d858fed1fd11dda2f4f,automotivo,56,461,7,400.0,30.0,11.0,15.0
8747974bad06af6fbf0f2acf33a55ddc,eletronicos,59,1723,1,400.0,23.0,11.0,21.0
4fde8dfa310a17fa27bd63e6607dcd2d,artigos_casa,48,2139,1,1700.0,30.0,23.0,11.0
b570f2a8228eeaa87e224f25264576b5,artigos_casa,59,81,1,800.0,20.0,2.0,15.0
a7e37a8ca3fcb0a7783fafdf40591f7a,brinquedos,20,234,1,400.0,17.0,10.0,12.0
293637be1a5ab3bd138fb6b758100e7c,utilidades_domesticas,27,780,2,150.0,21.0,34.0,34.0
e6afe5ce0d27df0b787daf76bd037050,ferramentas_jardim,37,1067,3,5400.0,34.0,34.0,34.0
70e0d082134b563e2977cf5f268ad3f9,esporte_lazer,59,471,2,300.0,30.0,10.0,16.0
efcb9126521b2cad4902c2346168c65b,consoles_games,23,430,1,525.0,43.0,11.0,17.0
371c121dc86b3821f720e7dbe1928207,papelaria,59,504,4,150.0,22.0,5.0,12.0
12181424582d4d4233622caeddcae843,informatica_acessorios,53,326,4,1450.0,56.0,12.0,25.0
7002de80666aef110fc6b91f41e111d5,fashion_bolsas_e_acessorios,23,433,3,150.0,16.0,10.0,13.0
f5caa36f71f444c6508c84818cab5641,brinquedos,46,435,4,1600.0,20.0,5.0,18.0
6eba58100f906fe0965290b28ca3c45f,artigos_casa,54,532,1,1450.0,16.0,10.0,16.0
325c397d5d1eebe97422d6bc1ed8709d,moveis_escritorio,30,210,3,5600.0,90.0,30.0,40.0
5e53af05c040b01584b81b3549945faf,ferramentas_construcao,53,470,3,200.0,16.0,16.0,16.0
87b489e8ad10cd2b4e631cc1af34ff00,moveis_decoracao,55,287,2,700.0,28.0,50.0,28.0
c8a148c82c4a80df54e7ceea266f9fb5,ferramentas_construcao,27,116,3,6900.0,45.0,19.0,45.0
c0603988d17e4588dfce0f7f01978557,artigos_casa,60,516,1,400.0,26.0,18.0,23.0
2a5fd02982127e736ae8f4d6d020fcc8,utilidades_domesticas,33,1520,1,5950.0,35.0,35.0,29.0
3dcb77af8b9587985d046b195e105475,artigos_casa,59,289,1,3400.0,36.0,10.0,35.0
cec51758e9839eb5414b214934430da6,seguranca,50,853,1,450.0,16.0,11.0,16.0
b3f3d2afe706552a90fd99f870e4ddf5,variedades,,,,3000.0,33.0,40.0,22.0
5afcae10f25795d55b858f6a2b95233b,brinquedos,36,509,1,800.0,40.0,10.0,40.0
08c816d9a716567bf436173ef6f5f12e,eletronicos,60,740,1,150.0,18.0,12.0,15.0
a66505d5bdac1f7263e98e4eaaf996ea,moveis_decoracao,58,454,2,467.0,47.0,4.0,35.0
541ebe8c106e6b65e3861b679d455d4f,relogios_presentes,54,753,2,300.0,16.0,11.0,11.0
46670e03948d0e1c2273c88899f27cc7,consoles_games,48,1199,2,615.0,19.0,12.0,18.0
013298e0648d412de0d65690045493bc,perfumaria,52,733,1,350.0,17.0,16.0,17.0
6b7de889f456ee35f031172d358b2cd2,papelaria,60,778,6,1500.0,30.0,50.0,20.0
3c699da37ca714bf7dfa8450413fac3b,esporte_lazer,26,108,1,600.0,22.0,16.0,22.0
57210152ac995411cc3cbbaff91488a5,moveis_decoracao,27,889,1,1250.0,23.0,8.0,8.0
9f7f468f60c25b1f2b5183c259116c46,artigos_casa,56,146,2,400.0,40.0,3.0,40.0
7d88f23682af2fc7db5484b6e41f8993,eletrodomesticos,50,264,1,500.0,18.0,8.0,13.0
69523f67543ff9ea6b1a15858fb59b3b,relogios_presentes,55,201,8,200.0,16.0,2.0,11.0
562cc818d2fced5e90afc6c220636bff,instrumentos_musicais,33,487,3,3250.0,66.0,17.0,36.0
a88124e0b1d42ca7b0813a78ff630437,ferramentas_construcao,55,338,1,2600.0,23.0,8.0,23.0
2add772ac1b21ad0f2a8f7bfda8723db,artigos_casa,55,610,3,7550.0,60.0,30.0,60.0
80be7f3c94ee90b42197f718de0ea371,bebes,56,937,2,400.0,30.0,16.0,16.0
d4b07c2026024b816cd6685fd312cd19,artigos_casa,60,146,2,3250.0,34.0,8.0,41.0
594bbf3064869810a9f56dac8c05acfb,brinquedos,57,795,1,200.0,17.0,12.0,12.0
6979e1139091865830dbbe45342271e0,brinquedos,47,493,1,1185.0,22.0,18.0,23.0
13c7f5f30c37ace12ec243d2ebb8e970,informatica_acessorios,57,738,2,433.0,18.0,4.0,15.0
c56cdaacd8e2dca5489236a4875c0b89,informatica_acessorios,52,153,3,600.0,19.0,5.0,12.0
59dccecad0c81b2b36cec5f92e7fcf12,moveis_decoracao,47,343,1,800.0,40.0,5.0,20.0
34b2f2ad489d0598df09cab99e17c928,ferramentas_jardim,21,703,3,7600.0,40.0,40.0,40.0
de00d8cf49c6e6ce6b269424b550413a,ferramentas_jardim,56,318,2,1900.0,69.0,5.0,22.0
b08df62248deffb092aad0ec5ef5d03d,ferramentas_jardim,56,381,2,2900.0,30.0,10.0,25.0
7eb9c68704af5effea1cee6f3a6b4b4b,fashion_calcados,54,404,4,900.0,22.0,12.0,33.0
1e78f6e43c85b0bc80a2ccb4b78006ba,automotivo,42,840,1,5100.0,45.0,20.0,45.0
26782e17e3df2c4b6142ac9ddc0af5d4,moveis_sala,26,948,1,8225.0,55.0,73.0,18.0
282dcadbd8c61f52f06a8ae802b54ee6,beleza_saude,59,2751,4,3300.0,23.0,23.0,23.0
6e4d0d0f95ee20729970abe6ad1bbe39,utilidades_domesticas,45,173,1,2400.0,50.0,6.0,50.0
26f4f1d683f32cfce93292cc626d5eea,pet_shop,53,823,17,1150.0,21.0,17.0,30.0
b00b81e1ea32eaf578f8972848a2e67e,perfumaria,57,2145,1,783.0,19.0,18.0,17.0
8ba9596b8e1d12a239692a8243de14b9,moveis_decoracao,40,243,3,7675.0,71.0,8.0,71.0
8b6ec82b7089cbbb7d187eaa3c74275f,moveis_decoracao,59,2084,2,1350.0,69.0,11.0,11.0
1666b6ce6543ea221eac0c273d4ce8d7,brinquedos,55,701,1,1500.0,41.0,16.0,43.0
1a4313cc3541860e69057b96e097d419,automotivo,58,228,2,5550.0,55.0,35.0,30.0
1b6033cbf12974cf79c1cccbf8592ffd,beleza_saude,27,1840,1,250.0,17.0,12.0,12.0
01880e9ca075037ac0520fb94c07a79a,automotivo,42,756,5,550.0,17.0,5.0,12.0
fb61913f136b043fa02aef89b739fd1a,beleza_saude,45,1703,1,1400.0,20.0,40.0,20.0
9b90cdb2d9223fc2e400fcdda43bdd48,esporte_lazer,41,1139,1,5475.0,32.0,33.0,22.0
c4761af5e6a2183cc23c77a8d16f9d09,variedades,58,426,7,23000.0,60.0,42.0,57.0
f9fde29df32a1dba73a3b1075c9a6f3c,fashion_bolsas_e_acessorios,40,233,1,200.0,24.0,9.0,16.0
1a64be9825a124a4b43d1e19bac03a44,variedades,45,424,2,600.0,32.0,4.0,29.0
da857fc20bb0eb099a186790add9b298,artigos_casa,58,289,1,2200.0,45.0,15.0,35.0
8e3a9b154a86602302ce789b9eb8b6c7,beleza_saude,46,862,1,700.0,25.0,12.0,19.0
8527a4190bad5e8443739b3cdb19920b,informatica_acessorios,54,1018,3,650.0,17.0,15.0,11.0
6c2ab90b87f928321701b7515be9ca38,artigos_casa,34,373,1,16050.0,64.0,32.0,47.0
41b28e279b61620ed4a3471c804438c7,brinquedos,49,911,3,200.0,20.0,25.0,25.0
3c95f0e78d88cdfb8af7f72dd586a4a0,artigos_casa,44,338,1,1200.0,34.0,17.0,28.0
d6a95e3741f817881010aa71433051b5,eletrodomesticos,57,1799,3,50.0,26.0,2.0,12.0
49cdb82f423618027a6526f52199e812,informatica_acessorios,22,716,2,200.0,44.0,2.0,31.0
3a56185b0baa8dc98beef8ebba000b96,casa_construcao,48,894,1,2300.0,30.0,30.0,30.0
a04087ab6a96ffa041f8a2701a72b616,pcs,55,1105,1,13700.0,27.0,50.0,53.0
0a37e05528984f47c754837344732fbb,beleza_saude,58,3897,2,800.0,40.0,20.0,30.0
5ed3835ea6f96c77bdbe416dc1a96850,papelaria,33,197,3,200.0,24.0,7.0,14.0
0992e0d1ee0fefb9a73e3b1bb829f396,artigos_casa,58,763,2,11850.0,50.0,40.0,43.0
00cf06147ed4880ec5fbba2adbb20e1d,livros_interesse_geral,30,253,1,350.0,24.0,5.0,17.0
e31c5933157c3e4134a0f536f7bcc14e,utilidades_domesticas,60,185,2,525.0,25.0,28.0,25.0
83b7e1ec294af41b21657b105834c836,esporte_lazer,49,3148,8,325.0,19.0,14.0,17.0
6fa678696394694c5c9fb4d32a9fd247,automotivo,56,1063,5,3850.0,53.0,43.0,11.0
267a48e9a306231f94d36b274782ca5d,automotivo,52,381,2,4259.0,24.0,22.0,32.0
40c9f84a8919516ca9b0d6a9f5ad27f4,fashion_bolsas_e_acessorios,45,802,1,100.0,16.0,5.0,16.0
f152b09d0630df240acc7c63009e814d,utilidades_domesticas,50,153,1,9950.0,20.0,50.0,28.0
a8255c87078b4bd9bc05fe7290ca5c25,automotivo,44,1034,1,24000.0,61.0,67.0,33.0
094fbff68f8c7fd768277bcfa984b4e1,variedades,41,364,1,600.0,32.0,4.0,29.0
b6f7a80ce020adcd7918fca6246bf96a,eletronicos,31,3033,1,4450.0,48.0,34.0,33.0
6e423c2d28bfb207e1fd1d6e1df84721,perfumaria,43,284,1,350.0,20.0,10.0,18.0
9ef8eabf54b45bc606e85fcb4d97e968,automotivo,40,1387,1,2140.0,38.0,38.0,36.0
36027cd76cee85025c9136de78270a6c,moveis_escritorio,27,2161,1,14600.0,58.0,28.0,58.0
b7f127a1a10296074245d22db5f6d386,bebes,44,705,2,150.0,17.0,24.0,18.0
a37ac4848a06b9240e633912b5e03eda,artigos_casa,64,320,1,2600.0,45.0,15.0,35.0
9f51209599d82cd4c08f2d1c9442f507,esporte_lazer,58,380,1,475.0,20.0,6.0,12.0
50bad34e680f8a231096d72eb998a877,utilidades_domesticas,43,339,1,200.0,20.0,10.0,20.0
4f969a12cc8cb60a5cce67cc3fc305cd,automotivo,33,47,1,186.0,16.0,13.0,14.0
b63e8531d772927d6d0b5e4ee1c48389,casa_construcao,53,917,8,1300.0,16.0,27.0,16.0
2fefcfd2d56f54c3587e08e1442b36dd,artigos_casa,57,111,1,900.0,40.0,15.0,30.0
8ccda06566781fb3616d798bfe2fa783,beleza_saude,52,1009,1,433.0,17.0,17.0,15.0
3e6092cf0f56b9c78bcbd539157b9f70,variedades,,,,400.0,17.0,17.0,17.0
0797e47ffb3917b66fa62245a283bd9e,moveis_decoracao,55,1108,1,2000.0,28.0,38.0,11.0
589b0d2d331830d60af52d28e80326f1,moveis_decoracao,57,228,2,1500.0,55.0,15.0,42.0
842f7a72bf72f369c31ba9ff37fb1552,esporte_lazer,57,1600,1,1300.0,31.0,33.0,32.0
6256f069a778d733a18702d577570abf,beleza_saude,18,592,1,3600.0,45.0,11.0,15.0
8209695ad737d7180eee4aa7f734f579,livros_tecnicos,59,927,1,900.0,25.0,5.0,20.0
ede062bcd13ef64b5cc87369e4edaf62,beleza_saude,58,391,1,250.0,16.0,5.0,15.0
dd4c3b4ab7e001aaf385ea2e68952030,bebes,23,358,1,450.0,30.0,7.0,20.0
dfb68ce52d4975e692909a1bf9d59f1b,fashion_calcados,44,284,12,300.0,29.0,7.0,16.0
41801d2ed5124923137ec39aeeea1e93,utilidades_domesticas,51,444,1,8525.0,27.0,58.0,28.0
a537bc52f4b925ec56cc9937a7601636,artigos_casa,44,729,1,3450.0,20.0,30.0,30.0
77255774965600c1ae00627edb86b9d1,telefonia,45,385,3,50.0,19.0,3.0,11.0
0ae935aec15938b92f6667ec2fde2dc2,utilidades_domesticas,42,542,2,900.0,25.0,10.0,36.0
2cfec57b3d2ea171bceca7aef38d044a,market_place,37,199,1,50.0,40.0,40.0,30.0
29da49705f0a9201052204e50bd7e176,brinquedos,34,643,1,11867.0,43.0,43.0,38.0
f45992b1a19d4d13c6260492eb703aee,telefonia,50,908,6,300.0,19.0,6.0,15.0
b169ac8237427de1bd8c67b4eabfaa18,utilidades_domesticas,55,1142,1,19250.0,60.0,60.0,32.0
b90e522acbe2ea08ee4ce317a90e173c,moveis_decoracao,58,884,3,6050.0,40.0,30.0,30.0
8be155e42d9bde2616787ea27963ca71,utilidades_domesticas,27,331,2,500.0,20.0,20.0,20.0
ceb9200bc33732558224476d75815c32,utilidades_domesticas,60,922,5,975.0,41.0,36.0,12.0
0352f26fa462bd615275f3e91857926d,moveis_escritorio,46,1172,1,250.0,78.0,45.0,21.0
6d313b6e250189718db2169e5e3a38c2,alimentos_bebidas,43,1680,1,375.0,20.0,12.0,15.0
5302215c46b3b1e3824060964c170159,esporte_lazer,30,211,1,1200.0,51.0,18.0,20.0
3a53c1796dd7e4050fdfd2f5d4c90f70,pet_shop,57,2358,6,6350.0,56.0,20.0,34.0
4a7c466c35cfb5fec7d60f9548623cc7,esporte_lazer,44,228,2,2350.0,60.0,15.0,15.0
5eb7102793807195374fcd13de07eb62,utilidades_domesticas,55,1093,2,7350.0,57.0,28.0,30.0
c5079acea9d34174b1948b00f599d2d2,papelaria,54,696,5,350.0,26.0,36.0,11.0
aef49965c6d201c9eacf037fcda90b39,alimentos_bebidas,43,453,2,4550.0,40.0,20.0,30.0
9a43ec914ce488e4fba5b5553d3754bd,livros_interesse_geral,56,815,1,300.0,30.0,5.0,20.0
ffd60d515c690a976c497e75cd2336f4,livros_tecnicos,50,153,1,250.0,23.0,2.0,17.0
2c82351074f92b0f7225437cea2b47c6,moveis_decoracao,55,529,5,1150.0,16.0,33.0,33.0
dd12801e4d1919e84bf6f90167f22fb5,fashion_roupa_feminina,58,360,4,450.0,16.0,5.0,20.0
2c3210fa1dfe1fdf8b8e3254287c9e4c,artigos_casa,58,405,1,1400.0,40.0,10.0,30.0
99ad29366bb604be21e29faa41057d34,informatica_acessorios,57,151,2,800.0,42.0,8.0,31.0
8c4e5e50a08a443b7fbad34ad7587625,ferramentas_construcao,40,491,2,1300.0,20.0,20.0,20.0
41347179516c8b9380040cf54274ff80,informatica_acessorios,45,503,1,1150.0,23.0,19.0,26.0
acdd408fe971bbe29a81f8febb575ffc,eletronicos,50,237,1,175.0,20.0,16.0,18.0
7f38cf4e517ec6bb1d31c4e6b6df18ef,pet_shop,56,834,17,2000.0,33.0,30.0,44.0
5b39353cd25a87d0f48b6a1e1adc1cfe,utilidades_domesticas,42,1148,1,450.0,28.0,12.0,23.0
e76438822c17316d276c27e52e588931,informatica_acessorios,57,1138,3,100.0,18.0,12.0,16.0
3c0410890640cfdd1ca5844ba86ddb9a,esporte_lazer,34,359,4,1400.0,27.0,12.0,49.0
8f57a6aa2cf90f5f8a7c3cbe60d14af9,beleza_saude,37,510,1,419.0,22.0,14.0,18.0
473ecd4c15ecda05e4044ef14f1f4c2e,fashion_bolsas_e_acessorios,41,827,1,100.0,16.0,5.0,16.0
783caabd539c4079ec08423e30719fba,iluminacao,56,1512,6,500.0,35.0,14.0,23.0
257726ef77c81150339893567c4de6cd,moveis_decoracao,60,1969,2,400.0,69.0,11.0,11.0
d4a3ae5a2378f3e732a6d3ba73cc22e4,informatica_acessorios,55,631,1,571.0,24.0,25.0,20.0
8d3367004d60f40855db4a5bbbabfdb6,variedades,,,,900.0,22.0,4.0,14.0
c0874e1265b2428abc4d213e9fa6beb3,beleza_saude,47,770,1,300.0,19.0,12.0,13.0
8b4a33d7c554bbe096de11bb33ce6f4a,automotivo,56,1586,3,550.0,16.0,21.0,18.0
e30aaafe45e34ce07003ef0cfcb6e49d,artigos_casa,49,1003,1,1550.0,40.0,9.0,32.0
4df96b4c5286321b71834691e8defd53,brinquedos,57,571,1,400.0,28.0,7.0,24.0
41ad56651f07e2f6f66f9372c0e89071,perfumaria,51,273,1,350.0,19.0,13.0,16.0
229e0aa8bfc8fc368eab501695dbcef3,beleza_saude,47,766,1,400.0,18.0,9.0,14.0
90948d9a060616a06ed14846f7f1749c,eletronicos,59,547,1,1767.0,49.0,10.0,19.0
014d94f219fbff1166b9cf700eee36b2,relogios_presentes,50,556,1,400.0,18.0,12.0,12.0
71ff103df4589cc0b353dfb0f6777037,fashion_bolsas_e_acessorios,28,385,5,500.0,30.0,26.0,22.0
920efad5907c4034a1ef4c4c11b17fee,telefonia,45,363,2,150.0,19.0,4.0,11.0
c6548fa817cc7271747e6c6bd2461171,brinquedos,31,299,2,500.0,42.0,6.0,33.0
d3a10b49783a6ba7ea46526fc79aea91,malas_acessorios,57,914,2,12000.0,35.0,20.0,50.0
888eeb22340037a42971d30e3808a745,utilidades_domesticas,55,158,1,150.0,20.0,20.0,20.0
155815f7173905f1e5cde0b82adfc113,artigos_casa,26,421,1,200.0,16.0,12.0,11.0
ace96aa4dfdca4a61e0943f359a59a0e,eletrodomesticos,54,257,3,300.0,40.0,25.0,25.0
d31ef0d2022ce16ea2ccc36bb4ad6cb9,artigos_casa,59,262,1,4083.0,56.0,16.0,50.0
b816ff414e308c71a09f04b4d0845c44,pet_shop,55,1143,2,1400.0,50.0,20.0,40.0
044f125d78e0a631b0479182a37aab8c,esporte_lazer,57,574,6,550.0,30.0,16.0,16.0
e4b460d73444ee00514b4de1f281982d,utilidades_domesticas,49,161,1,500.0,40.0,16.0,16.0
aa49aaae4bb4f02fb270790fd815b40e,ferramentas_jardim,45,267,1,250.0,18.0,16.0,15.0
a78e2e8f49106bb2123fe7541fa86640,telefonia,58,477,5,250.0,17.0,4.0,12.0
4563095e06df1fa67de2eade86f4f01b,moveis_decoracao,52,469,2,100.0,16.0,3.0,23.0
3f0376e782caf27ef19342d8e5c7e6f5,eletronicos,46,401,1,150.0,22.0,11.0,16.0
07e00c385280d659de8eb0254b75ecdd,utilidades_domesticas,57,190,1,350.0,33.0,7.0,15.0
d452e9bafef21d2501e9bc3eb5e0bd47,brinquedos,21,385,2,500.0,36.0,24.0,22.0
3bb3e5caf47c7e92ed97227247e942a8,artigos_casa,43,1362,1,3000.0,40.0,9.0,32.0
323c53e2d6f8bace877b0df931ab58f9,artigos_casa,57,635,1,1300.0,20.0,16.0,20.0
f0eb84297f83516be56cbbd76c50988b,esporte_lazer,58,1593,1,300.0,16.0,15.0,15.0
3b402e910ac3b3271958456b36a7c7ac,bebes,50,297,1,300.0,23.0,4.0,23.0
d75e2e75d4471019ee14ae21d5f61704,fashion_calcados,43,647,3,900.0,20.0,9.0,21.0
192a2c0fed2f8bed34ad458a073ed376,utilidades_domesticas,63,309,3,1300.0,17.0,30.0,35.0
c5944369a5cc96d600713f640e46ab5e,relogios_presentes,19,699,3,350.0,18.0,10.0,15.0
85fa36e792c259f4f0022c6966c50c1c,utilidades_domesticas,42,328,4,400.0,27.0,9.0,18.0
dca18a6e2fb6da75092ed874094ed7b6,telefonia,62,340,1,300.0,13.0,8.0,10.0
6803077179d24889430188e03fafd31a,eletronicos,48,287,1,100.0,23.0,8.0,18.0
6f36d878bd507787e24513994b910408,esporte_lazer,43,856,1,408.0,17.0,12.0,13.0
1efe84b450fd2e07ceac3cd1ace28348,malas_acessorios,57,488,3,19100.0,40.0,78.0,41.0
f8cdee3eb5ab9b7c357469dedbe2b6c8,artigos_casa,50,194,3,750.0,37.0,23.0,35.0
b19f489c6dd8b47c1e9ecd9e3f2d8bb9,fashion_bolsas_e_acessorios,51,396,4,1400.0,40.0,15.0,30.0
7616196b7ad03aafa01c9e501df2382f,eletronicos,47,1667,1,1075.0,19.0,15.0,23.0
e1bbf2ca01cd51ee3d72ed663136cfd6,relogios_presentes,56,1344,3,500.0,16.0,11.0,12.0
e01c8d063562c93e7caa8306abde6a6e,artigos_casa,47,370,1,302.0,26.0,4.0,20.0
9ac3f8f66132539cb797c44296f1fa27,papelaria,59,248,7,2000.0,30.0,20.0,29.0
9e8762176dba8eada7ed0259e69c3423,telefonia,60,296,2,150.0,16.0,11.0,11.0
2e2b9bfa91068239d5fb2b39764b92a5,beleza_saude,69,918,1,50.0,22.0,3.0,15.0
121b5fec5d2e7d0de3c0f58824bbe6ea,livros_interesse_geral,57,310,1,400.0,27.0,6.0,18.0
2f465f0f879ab88842042a85bac3a937,moveis_escritorio,56,740,2,30000.0,51.0,66.0,63.0
ca7a479258a82d50745a75fc9a916475,automotivo,59,2032,6,1775.0,42.0,28.0,31.0
b744e6c9118fe1df001c94ef9a4d7ab5,utilidades_domesticas,59,587,2,850.0,38.0,31.0,34.0
2719b33ad5e693f64d333db5422585eb,esporte_lazer,48,354,2,900.0,28.0,25.0,25.0
c67b70ad21dd3cd5254c5da1a24d1e0c,utilidades_domesticas,52,499,5,267.0,22.0,11.0,19.0
ac90817bb08e66670f9059f85f76b796,esporte_lazer,52,448,2,250.0,21.0,14.0,15.0
0a56efd5f050d3f861a04c6f005d1128,casa_construcao,58,1029,1,400.0,30.0,30.0,30.0
eb6511e81e85ff51547765cbc892f094,ferramentas_construcao,55,1383,1,233.0,17.0,9.0,14.0
51556be67b1fe2eea3c13273a659009c,variedades,55,835,1,900.0,30.0,13.0,30.0
d2f1cd931c7b76fefa93547cc1b4881b,moveis_decoracao,55,320,1,850.0,40.0,5.0,11.0
6f2af80a4dddb41170c1afe551f88765,pet_shop,51,458,3,150.0,26.0,6.0,19.0
ac907983b036be593568677bda43fff7,perfumaria,34,435,1,300.0,29.0,8.0,20.0
c3e4f757b86c42e1a598380332bc9e88,variedades,53,545,3,4500.0,30.0,30.0,30.0
cf08577e1af3a53a0c2b0769af31b31d,artigos_casa,53,89,1,500.0,20.0,10.0,15.0
7f4e034245e45549110139d1de248f83,bebes,55,1629,1,600.0,20.0,13.0,13.0
75d7e231ed2dba03def04a4ade1e17c1,malas_acessorios,42,791,1,500.0,50.0,5.0,40.0
b9c7a57c9d01c95a4dc4815e539852eb,relogios_presentes,60,159,1,150.0,16.0,2.0,11.0
88dd63919fc9ab693803578a04a20209,informatica_acessorios,58,395,1,217.0,16.0,14.0,14.0
1491a8ff192d4b5c369b0eaa2fe33ee5,artigos_casa,46,162,5,4600.0,60.0,19.0,50.0
7b6669ccb9510397f7923a979c895733,beleza_saude,58,689,1,450.0,25.0,9.0,17.0
d37c7b44350fea9327f32f3e603f682b,moveis_decoracao,53,187,1,900.0,40.0,2.0,30.0
08bc541b873d8c1ecd4e6bdd1d287c97,automotivo,50,1145,3,500.0,16.0,5.0,11.0
56a59e73563d9b8d536af8b0dc9e0995,pet_shop,51,1815,2,200.0,20.0,7.0,14.0
de6517dda8e49774f58c07f80abc8d7a,market_place,56,975,1,950.0,26.0,17.0,24.0
ef49c266450dd5f0287cc0f4e23d914a,papelaria,26,473,6,1500.0,35.0,50.0,20.0
6bc8dadd7731eae110fe2d177361784c,informatica_acessorios,48,591,3,138.0,16.0,13.0,13.0
d05d4a7430d1293367ba2ffbedcdef05,esporte_lazer,44,907,1,300.0,16.0,7.0,11.0
09337f4d317bae01dfa96e6d368eafc4,variedades,,,,800.0,38.0,10.0,16.0
1e618d311a1b7f88a9d96ec50aa85582,utilidades_domesticas,42,540,4,9950.0,31.0,61.0,31.0
da17d63dff29a96ddfd5a9bfa5fb0aa9,malas_acessorios,51,1419,3,100.0,17.0,3.0,13.0
97d27432ff43bde88266c3a3c42f4386,beleza_saude,51,1237,1,200.0,16.0,9.0,12.0
60a82b9f55ecd2035ad8d9c61e2afe18,artigos_casa,47,228,1,200.0,32.0,3.0,23.0
1166c098840d03686b633fe2612c5f2d,beleza_saude,56,632,2,200.0,20.0,10.0,15.0
2a714dc40b27bbd0887215ed0cdc3bbe,eletronicos,57,2060,2,3250.0,70.0,10.0,25.0
c862d801c5bf9b08e1bde0e3801199ed,automotivo,56,1445,2,1100.0,32.0,13.0,30.0
729dfb36954326a8b9ad0a5602571943,seguranca,38,1174,3,200.0,19.0,12.0,12.0
9cfb95272c4cd1e98619d3bdea888a7c,variedades,33,604,1,1700.0,42.0,25.0,15.0
908dd61b840a480fa931ef04389c6266,artigos_casa,52,275,2,1500.0,45.0,15.0,35.0
6165a3006a26ed2835cd16fab97442ba,utilidades_domesticas,51,408,3,950.0,16.0,40.0,16.0
fb064510d22e52d7467fbf08243d2e3b,moveis_decoracao,52,563,2,450.0,25.0,29.0,25.0
d801653b991d31a3df73fc859f1ce0ec,beleza_saude,50,902,1,683.0,22.0,17.0,24.0
b581509b156a8fbc97230b31e9ff5892,artigos_casa,52,431,1,3550.0,45.0,15.0,35.0
817a6779721af586b76778eb4fdf98da,moveis_decoracao,61,157,9,3450.0,41.0,15.0,25.0
af39520e0fe7c2703117ddcf3026bfd4,esporte_lazer,33,221,2,3650.0,60.0,15.0,15.0
55cb480b28bdd6d8e71d83b3c8d67c75,moveis_decoracao,26,218,1,600.0,25.0,25.0,11.0
476b6df477189e80a6b8eaaa75b07200,artigos_casa,60,347,1,7950.0,45.0,18.0,38.0
e672fbe634ad07cce9d85f412becb2c0,variedades,41,909,1,1400.0,42.0,25.0,15.0
fb931f000171a7ce4963df2a8bbfe82a,instrumentos_musicais,45,154,1,550.0,30.0,10.0,20.0
b8fdfcbb0ed03c62d197327a56593842,esporte_lazer,42,852,2,1400.0,16.0,12.0,11.0
1ef5ef43b311a978115840517ac78943,automotivo,60,204,2,150.0,25.0,20.0,25.0
0dd11fb64ad79535d17973b8608eeb6a,artigos_de_festas,51,280,1,250.0,16.0,12.0,11.0
18962ffc781d31e8d995293458954e91,moveis_sala,20,466,1,3350.0,33.0,13.0,33.0
8e2e2894b4362d92a3682124ca8124e2,moveis_decoracao,43,203,2,383.0,24.0,22.0,21.0
e4d66ba222533f24e4d74a5d4c4846d3,utilidades_domesticas,16,270,1,550.0,40.0,20.0,20.0
9221870543e7f515a11b884fdcd84cc3,artigos_casa,55,248,1,3025.0,44.0,14.0,38.0
a194f3df8d9270f350891b7454174724,informatica_acessorios,35,843,1,275.0,19.0,10.0,13.0
3abefa3ab32440bb6f5937c65c6652f8,perfumaria,39,522,2,127.0,14.0,16.0,12.0
890026b4bae75bc7976e251c46c029b7,relogios_presentes,51,960,1,450.0,20.0,13.0,13.0
d585c50d622ff40b4d69959caa42a5a3,beleza_saude,50,1580,1,1036.0,20.0,19.0,14.0
aaff2ae684debfeafcf84e22e46e12d9,automotivo,42,497,1,550.0,20.0,10.0,15.0
aa95bee0592e05d2ef533b8e5b7236b3,ferramentas_jardim,53,313,1,500.0,36.0,3.0,11.0
dbe0e186f7c51ded6ee647d3a069bb2c,papelaria,34,737,1,200.0,20.0,12.0,15.0
e84997d75938765ef99930f908ceedf4,papelaria,52,431,1,1900.0,49.0,12.0,36.0
d44757bff9d0a479db38e2117eba931d,brinquedos,53,1047,3,21600.0,60.0,50.0,50.0
5d847bc4fc80feb2b197cde103963ca5,telefonia,58,776,6,200.0,17.0,4.0,12.0
aecc6705d25880a6fad90e305c32d875,informatica_acessorios,58,189,3,250.0,21.0,4.0,14.0
158102fe543dbaeb84d87811bfe06d0d,moveis_decoracao,56,646,1,300.0,16.0,30.0,20.0
68b54eaa499e3d2537fba64f2b6a1b9f,beleza_saude,56,2430,2,200.0,18.0,6.0,15.0
7f999994d36cd33919418f07aecb7e93,beleza_saude,41,1096,1,150.0,19.0,8.0,13.0
0f9dbdf3289052ac7406ba5bc1b0dbc4,relogios_presentes,51,486,2,250.0,18.0,14.0,18.0
a0951eca8e874597dc3abaefc1940679,artigos_casa,53,293,1,1250.0,16.0,10.0,16.0
ea000c74939d315d768282230f7c232d,relogios_presentes,44,417,1,800.0,20.0,12.0,15.0
3a8023f6ae79b6b7da36d630f2ee1658,bebes,42,498,2,8200.0,44.0,32.0,35.0
36eef04eb938af8bd108b4e2753b5a95,moveis_decoracao,31,192,1,1600.0,24.0,27.0,39.0
d6693a8a60b625f2c5eff7f475b5ed22,artigos_casa,59,277,1,5550.0,45.0,15.0,30.0
ddf08c1f4da4aeb900e20da32cee2c50,artes_e_artesanato,44,134,1,1350.0,70.0,10.0,11.0
6dfe5ffea29ecbbe138a4066b5ebec9b,artigos_casa,55,290,2,17100.0,56.0,38.0,48.0
06a69e6ca81fc5f8b7b2887f974c6687,esporte_lazer,35,459,5,750.0,23.0,30.0,30.0
62ad9a8972411e333e16347051a98e2a,eletronicos,43,889,2,113.0,16.0,10.0,12.0
b1ff030591e1d0e0069e54d11c5c21d5,utilidades_domesticas,48,254,2,750.0,54.0,7.0,22.0
b9142260cefbbd5688748061179bb7fe,artigos_casa,49,316,1,5850.0,45.0,21.0,37.0
ee13af1ea8a18c0c1862a20778da9eb4,esporte_lazer,36,1000,1,525.0,18.0,12.0,12.0
9c64cafd9a39441e353cbb545ebb68b6,utilidades_domesticas,53,817,1,1900.0,30.0,30.0,30.0
4e8b71eebba5605faf020d7e2a5067c9,utilidades_domesticas,59,1614,1,450.0,16.0,26.0,11.0
0ece029097324dceb8b637673ca7e519,informatica_acessorios,46,394,1,350.0,20.0,15.0,18.0
ec96b7b4e1401281edb9465d0d689cae,alimentos_bebidas,36,420,1,1200.0,16.0,23.0,13.0
402e8d6a95c83da5c3cef16b795329b9,moveis_decoracao,40,160,3,523.0,20.0,25.0,20.0
8d1cfc0463b545928bfb4e589e017bd4,market_place,55,1626,1,175.0,17.0,10.0,19.0
ce3f1427f50a5326751f233ed59e1522,moveis_decoracao,39,396,2,1000.0,22.0,10.0,22.0
4e5dc46fe4e31dd605f374ee43f0268e,pet_shop,46,2381,3,400.0,30.0,20.0,20.0
56ced674bc270d0b2795c254cee81530,informatica_acessorios,45,530,2,150.0,19.0,5.0,13.0
db99498f1d7048253b27cbb54916ec1d,moveis_escritorio,60,970,1,17950.0,64.0,30.0,56.0
6685d4ea9111ef423f76ea2ecf350180,moveis_escritorio,52,1292,1,6975.0,52.0,51.0,17.0
87ae34a2e6f971a135f8bea5ae7949a9,telefonia,58,585,2,350.0,17.0,4.0,12.0
07d56eb519d315a2d8fb2f98f095e6bf,fashion_bolsas_e_acessorios,56,1447,1,200.0,16.0,2.0,11.0
15529bfa2d73947d1e03020f58f5a016,moveis_escritorio,34,1042,1,6800.0,45.0,55.0,16.0
ca86b9fe16e12de698c955aedff0aea2,informatica_acessorios,41,500,1,400.0,18.0,9.0,16.0
87285b34884572647811a353c7ac498a,utilidades_domesticas,40,268,4,500.0,19.0,8.0,13.0
0dabe0ee04aa9d25592cbb5b585e698c,industria_comercio_e_negocios,58,1930,1,4050.0,30.0,20.0,30.0
9163c7e81fd68452472912c4cde810aa,instrumentos_musicais,59,153,2,300.0,16.0,5.0,20.0
858da7953a793b7569420868c88d0ac1,bebes,51,697,1,7100.0,42.0,24.0,42.0
461ad76d92ef0858a087d05f96b7d6e5,papelaria,51,88,1,100.0,16.0,5.0,16.0
74104f4d2a450d95d04f0bed142b082c,utilidades_domesticas,48,1827,4,12800.0,35.0,104.0,35.0
3e6ccb382c617b7e07b5865257f8bdec,artigos_casa,19,284,2,1000.0,45.0,10.0,15.0
72f50924c42f32d9a236b7602686a49f,artigos_casa,52,289,1,3450.0,36.0,10.0,35.0
3cc4b421c1f28dd22e86fc4aaafb600e,artigos_casa,57,188,1,1100.0,44.0,2.0,35.0
b944a925e8a27be5de9850445766deb1,relogios_presentes,39,589,1,15267.0,17.0,10.0,13.0
78efe838c04bbc568be034082200ac20,moveis_decoracao,57,272,1,2500.0,40.0,10.0,30.0
93e6c730cc84ef7cfdd20cdfb2269144,moveis_decoracao,50,1938,1,1600.0,53.0,8.0,11.0
30fdc68482fb0487e68aaf09260b22cf,artigos_casa,48,126,1,1200.0,45.0,25.0,35.0
31c1d1dfbb4b2730140b8bd9248bcd58,artigos_casa,58,58,1,200.0,20.0,2.0,15.0
ff92ca9bb0b3f4ec00a9b76c9f68cb3a,eletrodomesticos,36,3437,6,1925.0,61.0,43.0,46.0
6d7a4492be45dfb8e38e762efe6614a4,telefonia,60,776,6,300.0,17.0,4.0,12.0
235b4ddb049ab79478e058d0d3609bae,relogios_presentes,58,884,6,500.0,16.0,11.0,12.0
25e76274904336669da4cebe1233cde1,brinquedos,32,425,1,400.0,23.0,25.0,11.0
7926c1689244625162673c66b4196371,bebes,53,809,5,7700.0,60.0,71.0,43.0
a8828da272eadaa78eed16beefd526fa,moveis_decoracao,56,1749,4,1300.0,65.0,3.0,45.0
837ef63763b3259b5a50d8984f3a7b42,artigos_casa,39,437,1,550.0,30.0,3.0,19.0
3685c687db4b3d2da5085d23b408e93a,variedades,49,805,1,300.0,25.0,10.0,20.0
645fd9f79f14fad6e8a79fbc94dae528,variedades,,,,5100.0,30.0,20.0,30.0
0cf3ab3383c2ae6f5750e5847c749e22,informatica_acessorios,53,1784,8,700.0,25.0,25.0,25.0
abf005f4791cfbdb0cb9596298eb5f4f,brinquedos,39,440,3,1000.0,26.0,21.0,27.0
16ed6a6e3fce23b741650437fe58d65b,utilidades_domesticas,49,1226,1,750.0,35.0,15.0,35.0
414829663add2bcd9db69ee3ad351a9e,esporte_lazer,53,354,1,1110.0,32.0,25.0,23.0
b756577e274d3a4793fc27209d7072db,beleza_saude,57,1502,1,200.0,16.0,4.0,16.0
93ff19f54af8a64683cfe497020c7e4f,seguranca,58,2599,4,350.0,16.0,16.0,16.0
7bdb28a55646012fb3348058d629d9bc,instrumentos_musicais,55,541,3,2750.0,103.0,12.0,17.0
5cb1a29179d1883d7ab5424629fe67aa,moveis_decoracao,37,594,3,1100.0,103.0,6.0,20.0
f5d9f3f39171645ad59c424570874afb,beleza_saude,49,967,1,450.0,16.0,15.0,15.0
ffade53cc6541c89321fff351e04751a,brinquedos,47,390,2,1050.0,49.0,25.0,36.0
5a6f7431b52d1c349ddfe94dc43ae35a,instrumentos_musicais,32,126,3,8200.0,90.0,15.0,60.0
3e49351c2f191cb67c4224b392531a74,malas_acessorios,43,883,9,1750.0,32.0,52.0,19.0
4590e33159d28afa51c996b1133eed09,audio,58,656,4,250.0,16.0,5.0,11.0
2ce17ef87d6bb64be1a0b36a4a614ced,artigos_casa,46,171,2,1050.0,50.0,11.0,11.0
0b349a8595d271e85a0514fe541953fd,beleza_saude,40,422,1,400.0,16.0,10.0,20.0
24a8def3ef6e6ee8fcaabfa6e0e9f6be,ferramentas_jardim,55,1654,2,500.0,20.0,15.0,15.0
347218313fef22ddc3bde07fd578b804,moveis_decoracao,56,302,1,650.0,25.0,40.0,25.0
b91a91c07533369ef426985f93170068,artigos_casa,60,267,1,2900.0,46.0,8.0,38.0
a99b67c7e525bb5ca667e1aa284c28e2,esporte_lazer,27,684,1,3100.0,19.0,3.0,19.0
116a034e82f0914338091260ec0fc668,artigos_casa,39,582,1,1300.0,35.0,19.0,45.0
8aa1ba72d595bcf58ead2e5636f006cc,moveis_escritorio,59,1298,1,9350.0,52.0,52.0,17.0
782447ddd6d2ba5b64cb23ef7a8db626,eletrodomesticos,44,57,1,3585.0,33.0,6.0,19.0
39fda099b9edc21f85a80d14021579b5,variedades,,,,300.0,16.0,2.0,11.0
8c34ab7fffe8c063bc8c6da88aa92185,esporte_lazer,40,1034,3,200.0,105.0,10.0,15.0
10953168e42bc4a9f7bb6468974cb5f8,livros_interesse_geral,56,962,1,625.0,14.0,13.0,14.0
55782cb82e0efe052da0a3da237da3b2,automotivo,60,1159,3,2450.0,30.0,30.0,30.0
d5b4966c1008fe4450d7f00503c75026,esporte_lazer,52,351,3,550.0,35.0,14.0,23.0
1a9d5623d718be92f3d696bfd261bb4f,brinquedos,35,1837,1,500.0,16.0,20.0,20.0
772453e71330bbe06de41e9baf8495ac,relogios_presentes,59,329,4,200.0,16.0,2.0,11.0
e855e71e84e8f333d5f82f54e22fda48,fashion_bolsas_e_acessorios,14,115,2,400.0,20.0,20.0,20.0
e9eca3b15e6ebb8296666ab1254b504e,esporte_lazer,31,3822,1,680.0,17.0,17.0,15.0
c6147d11c322b6a63f0cdd8722be9477,eletrodomesticos,46,384,1,14350.0,35.0,46.0,35.0
8ba200c8b018e8205adf543699c02eac,telefonia,51,1538,3,253.0,21.0,16.0,21.0
0fbe487106cf1d260fa38c000eaa0dbd,moveis_escritorio,43,1372,1,15817.0,54.0,48.0,30.0
95d9994fadaf3720792cb0f1db17f782,artigos_de_festas,60,298,9,1000.0,35.0,30.0,35.0
ab29983671266e9f7c999f8c6ce26541,informatica_acessorios,59,1226,1,800.0,33.0,12.0,11.0
eba9ae37524dc8fdba2161862c6f8aaf,utilidades_domesticas,41,210,3,1100.0,19.0,12.0,15.0
bc4b1c6c831c93b87cd134c9089c657d,fashion_bolsas_e_acessorios,39,188,1,150.0,21.0,9.0,14.0
20ecd51a1e2c3e5cc72096b2ce0d29d5,artigos_casa,52,222,1,1300.0,37.0,5.0,34.0
9d6580f17a0cba74324ce82874fbbe13,telefonia,57,1239,3,8100.0,25.0,25.0,25.0
ecd4ecd11a1bdbd279d1852fe373eb6f,beleza_saude,58,439,3,600.0,16.0,2.0,11.0
b4b48db403b9792d92330c4a79262763,moveis_decoracao,52,1492,3,2600.0,105.0,3.0,70.0
00b4155166f994ba9da3cf001eb80505,utilidades_domesticas,53,786,4,1125.0,28.0,15.0,23.0
680561e0bd744ea20f4db761ef21b475,artigos_casa,43,646,1,1600.0,39.0,16.0,39.0
82cef15a4bafa854c7a2a2c9854b7e44,perfumaria,58,1987,1,300.0,16.0,10.0,11.0
343c15a347e523f2b6cf38a5db81e179,esporte_lazer,48,1232,2,30000.0,105.0,65.0,20.0
46dfa5ce1033bc249800f9e496749051,instrumentos_musicais,53,821,8,1050.0,50.0,20.0,40.0
3e28c005e07e71dc007d1f88295ba270,variedades,61,1451,3,900.0,20.0,28.0,20.0
059dce566827cd3b3274f2b986d5c0db,ferramentas_jardim,36,733,1,3500.0,40.0,19.0,35.0
b47796afaf2c2ed23e1fe1c000ee33ac,variedades,33,551,1,700.0,27.0,29.0,22.0
7099b88be79102f4ec1fb1410b28d466,beleza_saude,56,783,5,500.0,27.0,14.0,23.0
6ed222ae1a69000a035843cc85964446,ferramentas_jardim,44,504,3,250.0,20.0,20.0,20.0
9276ddb0d445c1bfcac493452b6f0ba4,telefonia,60,818,6,250.0,17.0,4.0,12.0
b299b65b326c5d3118340f087d11036b,perfumaria,57,300,1,300.0,18.0,8.0,12.0
e9f31c92ab2b5fb1c5835ba61f39edd3,esporte_lazer,50,1449,3,600.0,18.0,11.0,11.0
e797b308a441ebad305845644a9a4808,bebes,58,2135,2,1850.0,67.0,10.0,40.0
3dc485b15eb3f5a61fab4f5ed17cc24d,brinquedos,58,614,3,800.0,16.0,18.0,17.0
588ec31c89dea5de5dc87e15790df3f4,artigos_casa,60,374,2,6650.0,20.0,40.0,50.0
e6fd80a00ebb1a3e0d58a38555fbbf2c,informatica_acessorios,31,600,2,500.0,19.0,9.0,16.0
bbe4dfe43d77a5d150ed30618b20db25,beleza_saude,48,1674,1,2300.0,33.0,10.0,16.0
cdd4ca17d0e8c9d9d322b1d11d76e876,telefonia,58,266,4,100.0,16.0,11.0,11.0
3a5ef18a79b288df31a2b4bf5b2d17ce,brinquedos,47,749,1,1200.0,35.0,6.0,25.0
9e71d4f2f252c40fd2528b50789ed5f1,automotivo,44,351,4,300.0,16.0,11.0,11.0
ac3bf6e6f3fc94d003fe0eaa8de7738d,consoles_games,39,129,1,50.0,16.0,39.0,11.0
9f7b48e2d4e4d7375f71a10791faa1b8,artigos_casa,42,507,4,2050.0,50.0,10.0,40.0
7d4f932dd4fa16256c20de073329eacc,bebes,54,1035,1,50.0,20.0,5.0,15.0
4bebf188c775f30a151f05ab7501e290,automotivo,57,2064,1,250.0,24.0,18.0,18.0
e1b844dd178aba2623a72a784398a1dd,moveis_decoracao,63,255,7,1050.0,38.0,13.0,47.0
1ebd1450a2b8d51ffda696956426024a,artigos_casa,45,102,1,300.0,26.0,3.0,21.0
078b7149a32b479d3cbf1649fea0172c,livros_importados,57,3694,1,300.0,16.0,14.0,16.0
81b454070eecf89b21503cd5d313aa57,automotivo,50,2304,4,250.0,16.0,6.0,15.0
7a6750f9cb558b9fc79dbfa0d121a589,artigos_casa,48,126,1,1600.0,45.0,25.0,35.0
48ce12dd2efb6bb7f38a34eb4723c10e,consoles_games,37,726,2,610.0,18.0,12.0,18.0
922efd345b4d692aadf0e6b65f5d51e7,automotivo,59,394,1,200.0,16.0,16.0,16.0
3eda91c4ed75e3ce93482a5eed64868d,fashion_roupa_masculina,50,472,2,900.0,50.0,10.0,40.0
1a7cffdce32ea72085aa94c27b19d01a,perfumaria,58,648,3,450.0,22.0,16.0,16.0
20e52965ed6d9e498b87dd87d050afbd,informatica_acessorios,57,467,5,700.0,47.0,6.0,32.0
f434709eecc62585cc43f03ef042ae97,jardinagem,58,1017,1,850.0,16.0,16.0,16.0
efc176bdfdf6a6e5e9c4ba7c2de4978c,brinquedos,35,558,2,6050.0,53.0,25.0,55.0
5b8d60277cb78caf49ba0c814eae519b,telefonia,40,945,1,300.0,16.0,2.0,11.0
4b397ec5dfbf6faba2d7d99322f20146,artigos_casa,57,343,1,8750.0,55.0,35.0,45.0
76c73618750ec1718b6f51a96c498f93,beleza_saude,57,844,3,575.0,25.0,13.0,16.0
ceb25e5f3be12c14a1c69bd9e9e0f67f,brinquedos,51,1510,7,318.0,19.0,23.0,18.0
5259e30bdbb70187894c62929b7f154e,esporte_lazer,26,187,1,600.0,17.0,30.0,12.0
e27477bc051dcfafd523c6064551bd25,moveis_decoracao,51,676,1,5300.0,35.0,23.0,35.0
742778ff0ce574b84b7ed2fb0788cfd2,esporte_lazer,49,1089,1,275.0,25.0,15.0,19.0
fef0dd8c53552d0f784b7cc5375a3ffe,automotivo,48,1069,1,600.0,16.0,2.0,11.0
191b7949f8bac02b5232cb1d4efcac66,ferramentas_jardim,60,516,4,1100.0,35.0,5.0,11.0
57d87687241f1aeb1a202f93ceccb0f3,artigos_casa,55,273,1,1150.0,38.0,10.0,38.0
e920f7b4d8d5aea075445edf274ef24f,utilidades_domesticas,17,154,1,2133.0,24.0,25.0,25.0
b74e40daa954e92be8e5d3b342fa8863,esporte_lazer,27,1045,1,200.0,16.0,16.0,16.0
8eea5d1c23054af9c31cbac7f9b27af3,artigos_casa,59,140,1,1150.0,36.0,8.0,27.0
367dd13835e78ce371a3e7ed449a1d26,utilidades_domesticas,58,702,3,350.0,30.0,11.0,11.0
ac58ccff47ad9387fe18c8cbe53b824d,moveis_decoracao,20,1695,2,600.0,30.0,15.0,15.0
e5a9ed1edaebd9efadcc8b9e02b115ea,utilidades_domesticas,51,429,1,2700.0,80.0,10.0,50.0
b1222af2bf1a16e4dd8590f280961d17,perfumaria,58,309,1,1000.0,16.0,15.0,15.0
bad02bda4c5cc1c81501022f3b06101c,moveis_decoracao,38,723,11,1100.0,30.0,31.0,30.0
31c954de261f07754040a8fa2529e95f,artigos_casa,47,256,2,200.0,45.0,15.0,35.0
dc4a245b2972be4b4735dc079693d185,utilidades_domesticas,26,261,1,850.0,35.0,10.0,11.0
2c7619bcea25989e443487d30e0aa25f,relogios_presentes,54,380,1,700.0,23.0,15.0,19.0
2b555b49c7de9f3035c7723eeeb334fa,beleza_saude,40,688,1,413.0,20.0,11.0,13.0
ad2fd650ad6317838e719a158f84a709,utilidades_domesticas,57,954,1,800.0,28.0,22.0,28.0
a94db861b4ea1c79704586f07c8cdbc3,utilidades_domesticas,46,316,4,12150.0,68.0,20.0,33.0
62b1367807a6fccf6e9492860574950e,utilidades_domesticas,50,652,1,5950.0,30.0,30.0,30.0
9503faef00966962beacdb4916272305,ferramentas_construcao,55,612,1,1900.0,35.0,30.0,25.0
077599a82ee54960bc4f4c941b0d1359,beleza_saude,53,1140,3,1600.0,18.0,8.0,20.0
fc41206e8fcdfebc2418ab3a038053af,automotivo,57,703,6,3550.0,56.0,11.0,32.0
5d52927f3cf2e3266c5dd6e4d2dd566a,telefonia,52,526,5,200.0,21.0,6.0,13.0
af4895ef046adee58f5a0a4395769905,bebes,33,561,1,200.0,18.0,16.0,16.0
97829a5ee2d2dd3615acf2c3b0dae689,papelaria,44,402,3,650.0,16.0,4.0,11.0
54971206521793b44053a9c348d148c2,artigos_casa,56,95,1,500.0,20.0,10.0,15.0
eb7172d8a3c64298d2d767f6603c231e,brinquedos,51,296,2,250.0,23.0,11.0,22.0
d862ce2954329a2af9498e8568ee9b1c,pet_shop,58,1009,4,250.0,27.0,9.0,27.0
3b31b57a9cdf87158977c3188a8dfa5a,perfumaria,50,509,1,543.0,24.0,13.0,18.0
32aeecc02aa5adcb7f75155a80a47836,esporte_lazer,45,1575,1,2152.0,26.0,24.0,21.0
a695ab8413ea83619cde9b18292d6aa1,moveis_decoracao,38,503,4,1700.0,23.0,7.0,23.0
96d1c06692244e2fed6e1f9aa9552770,artigos_casa,48,252,1,625.0,70.0,15.0,50.0
62509b4a04d6e50559ab943122e6a724,moveis_decoracao,27,413,2,3500.0,40.0,14.0,35.0
5b8edc146dc3ba78fabf41133e1e6271,brinquedos,51,386,5,400.0,22.0,13.0,22.0
8510c0493319d7d46949a52df53e3d48,bebes,53,817,4,5900.0,45.0,40.0,73.0
2a149f2dc4ecc44e7e34f558886d59e4,utilidades_domesticas,34,108,2,200.0,21.0,17.0,19.0
d11a48745339809b07eebc4a9c8c0a89,utilidades_domesticas,60,470,1,2980.0,17.0,17.0,19.0
923de9294ed7069305c5e8fbbc3ea51f,relogios_presentes,47,764,2,200.0,16.0,11.0,11.0
bd66403f5f11696c897a825d5235697f,esporte_lazer,60,528,2,274.0,18.0,12.0,15.0
8bd66662b25462ac84d850fbb7e71f43,utilidades_domesticas,60,214,5,27300.0,66.0,23.0,51.0
20c7734379b9740b6ac065132d5a353c,papelaria,49,373,1,550.0,16.0,10.0,15.0
9ed8952ad5f3e3cf3f287392c1f350f8,moveis_decoracao,52,688,1,300.0,22.0,2.0,32.0
6ad6cc284cdcc1cdd2f06eef8d983913,variedades,,,,100.0,22.0,6.0,11.0
f0d56a1df2c0a7a756d7e4352cdcc8f0,ferramentas_jardim,50,147,3,2300.0,67.0,2.0,41.0
da09111354db562f50dffb0476a96828,alimentos_bebidas,42,262,2,450.0,16.0,13.0,13.0
8d441ed10f519b5a689d263b009ebf85,relogios_presentes,60,102,3,400.0,40.0,10.0,25.0
c26592bb29cba57872a926be4835a246,fashion_bolsas_e_acessorios,37,293,3,100.0,16.0,6.0,20.0
82f98bab2c86b34a3e8ad47dfbf464fd,eletrodomesticos,57,483,1,350.0,27.0,13.0,17.0
0fd55f5dee013f990c929cd3ad6bfee0,utilidades_domesticas,50,3027,5,2725.0,37.0,17.0,37.0
381db5acd0b7163fc12b8efc2fda6e9e,ferramentas_construcao,54,561,6,350.0,33.0,11.0,11.0
08922ac36480e00c6972216735d44693,relogios_presentes,55,184,6,300.0,16.0,2.0,11.0
a848f5d152bc4b1ed01d9d231f15cdca,relogios_presentes,58,784,4,300.0,16.0,2.0,11.0
6d229d68959c67850f49a53dd1e2a67a,brinquedos,58,1558,7,5800.0,16.0,16.0,16.0
993dda4a23beb110830cd8d181abe310,bebes,51,2012,2,350.0,65.0,11.0,11.0
9cb42a0117f7a4098d69936a6e772481,telefonia,39,365,13,100.0,16.0,3.0,11.0
fe09eb5f7bfcb79d05df7c4e83ec204e,consoles_games,60,574,1,200.0,16.0,2.0,11.0
c68cb347b4ee03689ba20e2ff229fb1a,artigos_casa,53,228,1,200.0,32.0,3.0,23.0
aee3f592b58fb4d19977aac4159cd4b1,pet_shop,51,1585,1,200.0,20.0,7.0,14.0
ba2f091ca82d75e44ed38787ed180aa1,utilidades_domesticas,58,1137,1,19550.0,43.0,79.0,41.0
9522c1e219a651952a29e5f3a65e880c,pet_shop,51,1538,2,850.0,24.0,20.0,24.0
d94b74483f40a15c2f4678a59c429408,eletronicos,58,705,1,200.0,20.0,10.0,20.0
f07c770a1f1628deda545e01082a0d6d,beleza_saude,35,1014,1,599.0,16.0,10.0,14.0
97017430754804328eb9597b7f85da03,telefonia,60,818,5,300.0,17.0,4.0,12.0
121a6ac524b24aa5cd62dc2094097a1b,brinquedos,31,673,1,1100.0,28.0,45.0,11.0
3dabf82e264128dda5088dc804e09cc8,variedades,52,692,4,450.0,30.0,9.0,30.0
66b7fa94628214c463164097cfbadb7c,artigos_casa,58,518,1,2250.0,30.0,30.0,30.0
7b5d8be0e04080e4c8ee6a7ec2f1f597,moveis_decoracao,50,830,1,650.0,20.0,35.0,20.0
c0f9d7a726562d35365aaca50d63be28,utilidades_domesticas,58,1793,6,2050.0,25.0,25.0,25.0
17984012f01e836fad7cb9224c211baf,variedades,45,3908,4,300.0,21.0,12.0,12.0
65ae1951caecbb80c7d5e2e662ddb0dc,utilidades_domesticas,58,1284,7,2700.0,25.0,15.0,25.0
716586b5781e43926d404ad0f11669e8,utilidades_domesticas,50,443,1,1625.0,41.0,26.0,26.0
37aad66f525d46bbf7e3925d4491cd09,brinquedos,53,295,3,124.0,19.0,16.0,17.0
973a3dbe682b5a1cc9333f5a1f5d407b,telefonia,35,799,5,60.0,18.0,2.0,11.0
03940e741e919e2c258e177d875f8423,automotivo,59,679,5,5400.0,78.0,4.0,47.0
c9576e5363ae9a93988b372d07f54b81,fashion_underwear_e_moda_praia,63,3853,9,700.0,20.0,10.0,15.0
36b8b14d0662ef735c8ef4856f4dde58,pet_shop,45,3878,1,88.0,16.0,7.0,14.0
f27aff266ad97e75d4a24c893b2c311e,eletrodomesticos,55,1345,6,8850.0,45.0,33.0,35.0
7b969300f6d3f896ec4d7af6227ecc07,esporte_lazer,59,871,2,400.0,16.0,7.0,11.0
e48cff5b3591c9466cd84fcea1f1b3e4,consoles_games,57,574,2,200.0,16.0,2.0,11.0
006508eabcc19ae52ed87323124ad0e9,seguranca,50,984,2,246.0,22.0,15.0,19.0
0ed9a84687fad2d921b09b0ebcc4cded,beleza_saude,53,423,1,30000.0,55.0,75.0,61.0
8b78fb97dfb22b6e0e32d34284716d91,automotivo,59,500,1,700.0,20.0,20.0,20.0
a1f9e41822bf2fb8bb98659e650b7e3d,utilidades_domesticas,40,153,1,14350.0,55.0,15.0,45.0
0bde5c9ff4a756aed7fe09a8a3bb0dfd,pet_shop,29,363,1,12450.0,69.0,36.0,30.0
9d8a0e115e802d845b4ce1eb794d1260,esporte_lazer,30,2299,1,150.0,20.0,10.0,15.0
3e8f6864be117d2690e410b934840f87,artigos_casa,53,212,1,1225.0,34.0,14.0,29.0
5a910588e5561f1b7cbe03bc10cbc967,telefonia,59,734,3,250.0,17.0,4.0,12.0
b95179da85cd8482c7a347e9a0d08466,esporte_lazer,59,202,3,250.0,20.0,5.0,13.0
1c21c1ed398eae61184065889ca3d4b0,artigos_casa,51,324,1,900.0,42.0,8.0,37.0
d7e2d29c1596c2eb1e6e0c85f27cc81f,moveis_decoracao,56,1892,5,1550.0,69.0,11.0,11.0
64ff7191a8c0fb8fa9b42e947104d406,papelaria,58,391,4,5900.0,28.0,55.0,37.0
822f877cb8e4faaee2607d90cd61a3f2,artigos_casa,43,383,1,1300.0,34.0,14.0,30.0
b47b33081c41014bc9f372b9a63228c0,beleza_saude,29,432,1,700.0,22.0,11.0,16.0
abe356a1d236588f0fdb8099527108d2,ferramentas_jardim,57,417,1,1000.0,24.0,13.0,18.0
084e67a8fc02c8ac030154244701f1c5,artigos_casa,52,346,1,400.0,16.0,10.0,16.0
7e48d9554094858ee2269c4ef809f50e,relogios_presentes,51,789,2,200.0,16.0,2.0,11.0
f28498bb062a90c71f4579ce18b5f6f8,perfumaria,34,55,1,200.0,20.0,12.0,16.0
f22c9d6ce2431ff939aad39e026cc7ef,automotivo,37,1507,4,2600.0,38.0,18.0,23.0
bf96d813545699d736e9ce85dafe03f5,consoles_games,34,344,3,150.0,17.0,2.0,14.0
4745d118bc09758d0a4bf795b7bb5cb7,fashion_bolsas_e_acessorios,57,676,4,150.0,17.0,9.0,17.0
6597e697b00067b2d762e1ea16a933da,artigos_casa,55,284,1,10050.0,50.0,30.0,40.0
89411fc3098e56bb679697117c2055af,moveis_decoracao,42,1002,1,1300.0,17.0,27.0,17.0
8fdbacf2ec7e78916268d1d11d544038,esporte_lazer,28,369,4,1050.0,74.0,30.0,25.0
852dd510258cc0df3ed7b8d8417cebb2,bebes,46,1051,1,700.0,36.0,15.0,25.0
b7c05b69aefd3c94fca07b044c119357,utilidades_domesticas,45,210,5,300.0,18.0,4.0,12.0
86ef5f987ea9ab69c0231cbff16ce546,variedades,33,500,5,300.0,28.0,6.0,13.0
aef95f9d9e323e61a5caecdc41907c79,moveis_escritorio,35,1168,1,12675.0,48.0,49.0,40.0
b7b00b45c6be180aba844784c6769d12,perfumaria,48,344,1,750.0,20.0,15.0,15.0
e069639bc86788e34cbbd4d464ed2858,bebes,44,345,2,100.0,20.0,6.0,15.0
0dadef6ed70b861b14eddb3a3ca6b73e,ferramentas_construcao,60,1450,4,300.0,16.0,16.0,16.0
79cb68c2ccd94a4da825b9e33adf0697,fashion_bolsas_e_acessorios,34,358,1,100.0,17.0,3.0,12.0
6dde44b4172999f35f08654d06bad633,moveis_escritorio,55,1180,1,16167.0,64.0,62.0,25.0
d113b2e0de22329a327c5f133ec15914,utilidades_domesticas,58,994,3,1500.0,60.0,10.0,25.0
14c60b3a54996d02ff5d0d56d2aab05c,relogios_presentes,45,692,1,450.0,18.0,12.0,13.0
e0a35b4c1be73785b8637ee21d5dcd02,utilidades_domesticas,58,623,1,400.0,20.0,30.0,16.0
a7f67835c76b6bdd6950e1322c4b3900,esporte_lazer,56,574,6,250.0,30.0,16.0,16.0
5b0b1b9c6b42c532349cfa6d0d5bfa58,beleza_saude,53,871,1,1550.0,25.0,23.0,23.0
bde643c31f72e37dd1aac0c43e130ddc,telefonia,54,1986,1,2150.0,21.0,21.0,21.0
f23c48d81cd6a0c87f5c3b14aac68371,beleza_saude,53,963,1,900.0,30.0,30.0,16.0
5b74831156cb4a6957d9a00caa41d4ea,livros_tecnicos,29,2078,1,350.0,23.0,2.0,16.0
dd99b3c94bf585d3a13a018e9eeed07f,instrumentos_musicais,52,818,3,573.0,23.0,11.0,17.0
c696cd2db7870be08c37822f7c0ef831,relogios_presentes,59,672,3,350.0,20.0,13.0,13.0
9c1acc2ea8ce833bd5ef42aff75cfb24,relogios_presentes,48,546,1,600.0,16.0,2.0,11.0
68361925fcb61b3627e79dd95137ae7f,informatica_acessorios,28,1064,1,253.0,14.0,12.0,12.0
711027a82d762aad9b42dc032629dd18,utilidades_domesticas,53,1147,2,5650.0,35.0,22.0,30.0
3264eb8097906cea4af2f4a56e2447ed,relogios_presentes,57,723,5,200.0,16.0,2.0,11.0
0b52764083ede22c5acb8a573d859ddd,beleza_saude,41,1797,1,1200.0,25.0,13.0,20.0
0254a096e569c4a89b6870e9d4a65c3c,papelaria,55,971,4,600.0,25.0,12.0,28.0
96e9828efdbe86198b90841d0b39ca0c,moveis_decoracao,38,356,2,800.0,30.0,14.0,13.0
86b4986bc313d65b0b5e46f5be8d11ce,consoles_games,31,2287,5,1000.0,18.0,4.0,15.0
fb4d1630e90ffc0922d25bffe2cd489e,informatica_acessorios,32,1064,1,263.0,20.0,16.0,13.0
ef60db8b2f868e7a61e59d80cdfebf6f,eletrodomesticos,60,156,3,1000.0,35.0,46.0,35.0
db9f690c43d7029be69f5ae0deb4fd96,papelaria,38,326,2,1300.0,34.0,46.0,14.0
40a1e3c65a0bcf6f4ebba840a8156ba2,variedades,,,,200.0,16.0,10.0,13.0
50f5f13adab483598dfb6a40afaf70b6,informatica_acessorios,15,159,1,100.0,25.0,3.0,19.0
4e64dbe0b03dc0aba80f28b0b922c6b6,telefonia,43,1468,1,133.0,18.0,5.0,13.0
468a848eeaf1472183a23c05e53ac177,climatizacao,36,427,4,10175.0,44.0,44.0,38.0
f883f9b139767a9577cdb99523c31d06,beleza_saude,34,1115,1,1150.0,30.0,12.0,16.0
a5dfd9bdc6f4462aea09d20a26904f1b,moveis_decoracao,57,624,1,12200.0,100.0,25.0,25.0
4e04b7c4ec31cc8172cf3e5b863d34d0,esporte_lazer,58,493,6,200.0,16.0,10.0,11.0
41594ae99a5916fee609489c289ca3a6,artigos_casa,39,360,1,1400.0,51.0,26.0,36.0
052fa8abc4bd8f9e32329a610fc878e2,artigos_casa,26,421,1,200.0,16.0,12.0,11.0
430315bedd89f81ceec11ba8cc51ebe1,artigos_casa,55,244,1,800.0,38.0,10.0,38.0
dc1b52066a98303e1b82d19fa6bd33f9,ferramentas_jardim,46,1688,3,950.0,31.0,5.0,31.0
24c5d76ef43ee1782af51114a121ca3d,moveis_decoracao,54,586,1,1700.0,33.0,8.0,23.0
3bbc659a6c046bc03d8285cacb9e68f9,artigos_casa,31,205,1,950.0,40.0,5.0,30.0
50627d7c3dd43902d64134574befe12f,informatica_acessorios,32,626,3,300.0,16.0,4.0,11.0
dd52cd5fbf92f8068dc66246821d3253,beleza_saude,56,701,1,700.0,16.0,24.0,16.0
1f06d9b36ed20e13e3d95072487e4cb3,fashion_roupa_masculina,52,541,4,500.0,40.0,10.0,40.0
c073f9b6e3a508fa73c133e7e25827c9,esporte_lazer,39,84,1,300.0,22.0,15.0,22.0
78b3226efe135da4f498eee302f4d4be,beleza_saude,58,1856,4,383.0,19.0,12.0,16.0
5adf18557fb630bec009793ac8ae4483,artigos_casa,47,839,1,1650.0,16.0,10.0,16.0
ff5d7f21d255435967dfbe72b5dcdb57,telefonia,51,991,3,167.0,17.0,3.0,17.0
12a3f3a8ef6c5e3c29c88e670fd61ee9,artigos_casa,55,376,1,1000.0,39.0,11.0,28.0
ed7c541aa5466333629b1e1b8cfc8087,ferramentas_jardim,46,130,1,832.0,32.0,9.0,32.0
01f1608fbd6fc5b04308ff6157326e6d,telefonia,57,422,2,150.0,19.0,4.0,11.0
672fd0a2af10376f9b997ec5cfa04ef7,moveis_decoracao,63,461,2,900.0,80.0,10.0,60.0
1e1172a8b6ae12312c22ccf33625f7ca,fashion_bolsas_e_acessorios,52,1436,1,200.0,16.0,2.0,20.0
b2838c316d60d8f286a17bc23eb04123,brinquedos,47,727,7,200.0,22.0,11.0,13.0
da93a362382f7e8e659cfea14aa9b918,fashion_bolsas_e_acessorios,49,54,1,200.0,16.0,2.0,11.0
9e3f014cac929951c0297e591fbb234d,market_place,49,503,2,2450.0,28.0,48.0,30.0
abf460fbe81f4b2741cd059df2925fff,instrumentos_musicais,44,219,1,183.0,29.0,6.0,11.0
5ea13888505d00f6a33b996f70a06e13,perfumaria,54,1425,1,500.0,22.0,16.0,16.0
4e5a066f684af859ca235b1c73985775,utilidades_domesticas,34,314,2,1475.0,24.0,19.0,19.0
4413e2f854c2f02d80065a178decb9c2,artigos_casa,56,406,1,2400.0,40.0,15.0,35.0
b11cfc408f43a71b16c2288e79172244,variedades,53,530,4,300.0,16.0,11.0,11.0
7d6494080672e94faf8aaf1dbfaf6999,esporte_lazer,52,1013,5,13500.0,70.0,30.0,40.0
ae31f50b0dae2f0040da1aeb0f2ba4f7,moveis_decoracao,45,532,4,350.0,22.0,6.0,15.0
47e175ac0195aa4774597a07c912415e,papelaria,60,484,5,850.0,16.0,21.0,15.0
a97cd00f5c1dbfbc7f0f4b6c1032253e,utilidades_domesticas,59,731,1,5500.0,51.0,20.0,29.0
9b65ba680d68ae7e44234b79cb7ca584,relogios_presentes,60,306,1,550.0,16.0,2.0,11.0
b81399b264f3f525f6645f98369b1868,fashion_calcados,54,1722,4,2800.0,41.0,12.0,34.0
74e47bd907dc11882c23f4c4ce14031f,informatica_acessorios,60,1847,1,350.0,20.0,15.0,20.0
7efa345eefd35e2fc11d13201436bf38,casa_construcao,51,201,1,500.0,16.0,40.0,15.0
0a70bfd7366ebae1c146277751691546,consoles_games,48,720,1,200.0,19.0,13.0,17.0
db3772e122d171a9f548c1588ed66017,esporte_lazer,56,2538,1,475.0,21.0,9.0,17.0
e2652b87f51c488f334f7f4f0b2ca935,artigos_casa,42,372,1,550.0,26.0,2.0,20.0
dc85876834143377929cf89f98115506,informatica_acessorios,39,1698,2,2000.0,33.0,33.0,16.0
8c870be13e6e06a1a88de95a856e2585,automotivo,60,827,5,1150.0,32.0,6.0,29.0
a08a20499b36a88c1ded2d041a863a9a,artigos_casa,55,250,1,1000.0,30.0,5.0,20.0
5c0826f946c32406d5baa79544668b4c,eletronicos,39,873,2,1200.0,20.0,15.0,25.0
a08ffa6ecdd0ab3c1f4fe348acc2553b,variedades,,,,1000.0,40.0,8.0,40.0
3c3c57f8884d5702b83ab9ff91dbbd50,malas_acessorios,58,2036,4,22600.0,77.0,33.0,56.0
b6598804d396176951c83354974eea81,utilidades_domesticas,46,366,1,600.0,19.0,17.0,18.0
20ab1de6964467372e314a0e84d6719b,papelaria,59,899,10,1900.0,40.0,10.0,30.0
137ace556a03792cdc43f91ec621426d,agro_industria_e_comercio,48,1268,1,550.0,16.0,19.0,11.0
87cb507e0daa37bbf34956fd59eba832,relogios_presentes,55,167,2,250.0,16.0,2.0,11.0
a1a97164f38cfb98511eb68e6b40ad94,informatica_acessorios,60,640,1,100.0,16.0,8.0,11.0
81dba264e2c91829b19c58fa6eb33072,moveis_decoracao,60,2132,2,400.0,69.0,11.0,11.0
413f42e07324c88bf0dc54e21a69a3c0,artigos_casa,57,2473,2,1950.0,43.0,8.0,33.0
45d53108adfd3c40a54c578f431c45cc,informatica_acessorios,58,1675,1,1700.0,35.0,18.0,34.0
f111bc943c81722e3b96cb1d089026fb,automotivo,55,925,2,3300.0,65.0,25.0,25.0
8971b502ef885ceacff5dd02b873cdf6,beleza_saude,29,1335,1,750.0,27.0,15.0,18.0
9388e84da6051e85eb86fc653c3aa64f,artigos_casa,54,701,2,1100.0,50.0,12.0,12.0
9e7b30aadfe27e354bd8252050eb94a1,moveis_decoracao,47,531,4,6550.0,35.0,35.0,35.0
47c064333cf67e5cdc8243db3f095767,utilidades_domesticas,63,369,3,1000.0,30.0,5.0,35.0
955f8780ad5a8da545a008f6f95c1dba,esporte_lazer,57,903,4,258.0,25.0,15.0,17.0
3997a6da5a88930a92998ccbf98adf32,variedades,48,671,2,9300.0,44.0,21.0,38.0
ebf7d9b8166c02eb72e573eebd630458,artigos_casa,55,185,2,526.0,44.0,6.0,33.0
67639b8cb7f4b8c431ed4c48a76866e0,moveis_decoracao,59,241,1,2200.0,42.0,12.0,37.0
b4c955e468e720ec3e213a2152f7d46a,beleza_saude,53,586,1,250.0,27.0,10.0,17.0
fb060ad9a8625b626189641799bccf89,esporte_lazer,63,569,3,275.0,24.0,8.0,12.0
8bf396e81a19dffbbae80100aa14aa0c,consoles_games,23,959,3,193.0,18.0,13.0,16.0
d34e60a899ba1091792aa4bbac4cc1df,eletronicos,51,750,1,2175.0,17.0,17.0,50.0
e70bc14a36a0d1a0394cc724be815a1b,alimentos_bebidas,47,858,3,175.0,23.0,16.0,16.0
2fe1e09df32992e9e5041a2671233e20,fashion_roupa_masculina,36,968,3,600.0,16.0,2.0,11.0
236fdb1c273caaa9a7dbff8111e6a4e1,moveis_decoracao,55,412,1,7450.0,52.0,18.0,35.0
5c2fc243b33c2c7c211fd9e09beb7cab,esporte_lazer,38,549,1,1017.0,42.0,21.0,27.0
3eb130ebc817c46e7f7e9c9b00b7f75a,beleza_saude,33,431,1,1725.0,16.0,30.0,16.0
8d6259f0086b979199d22763478ad986,utilidades_domesticas,49,509,1,600.0,16.0,26.0,11.0
6fe7ef5f743e7b92a2c74264f40d0437,variedades,,,,6100.0,80.0,5.0,60.0
6405e17a3e8718d5316c5d644320f253,informatica_acessorios,37,415,1,200.0,16.0,5.0,11.0
f15962856ffeba607559e662ad9f8c9b,artigos_casa,58,96,1,603.0,28.0,7.0,25.0
61a7263fdb4809852aef0552a2c38342,automotivo,54,1120,7,6900.0,30.0,15.0,20.0
737039cf7d608ac96fca4148ba80fcc0,papelaria,43,675,2,500.0,40.0,8.0,30.0
ab8ba49579d5b0173f85517ce22968c6,perfumaria,38,476,2,414.0,23.0,15.0,18.0
9eae0f2bc40219fa89901bf4ae275799,relogios_presentes,43,668,3,287.0,19.0,12.0,14.0
fe75529a267b76ac6e96f0c322a899a4,beleza_saude,33,374,1,304.0,20.0,15.0,15.0
9217cd4b28552bdbb33d5eab7036c9c0,beleza_saude,54,446,2,450.0,20.0,20.0,20.0
7d78cbee891d98c76028e3008a230712,brinquedos,60,131,3,400.0,45.0,5.0,25.0
c36b3f0e13d2e953ee290c7ded304c57,relogios_presentes,40,228,1,750.0,28.0,18.0,25.0
37116a322ceabbe82c30430000af0db3,artigos_casa,52,89,1,200.0,20.0,10.0,15.0
ebb6edef98680a55bc741b18c3c30844,bebes,37,772,2,1000.0,21.0,22.0,19.0
cdbcde669141ea6af7193857333db4ff,moveis_decoracao,50,279,2,5550.0,45.0,30.0,45.0
da2fa693964fb1caddb581348b7b592c,iluminacao,52,210,1,7150.0,53.0,26.0,53.0
d35d1fa56f3c5a2777f5542a84a085dd,variedades,43,712,2,5288.0,32.0,26.0,45.0
71fded7382fbf17d5b2f1c5814b6be2b,eletronicos,27,432,2,75.0,18.0,13.0,16.0
83de011a17eb6035fe818aa81832ac94,beleza_saude,50,246,2,200.0,25.0,10.0,20.0
4bbaec4be577b56985a8fef3237b7551,automotivo,54,1204,1,700.0,16.0,2.0,11.0
a5c36ddbcb3dae3f3f2e60c141b6b650,ferramentas_jardim,59,1497,5,1700.0,33.0,25.0,23.0
e695e154d81ff71bfa7c12769a6faa07,automotivo,60,332,1,720.0,28.0,18.0,18.0
3d5813eaa9868b2c0e307e6c536ba492,eletronicos,45,125,2,11700.0,23.0,21.0,18.0
9bd15113e791933a5d0c59c00d9add5c,utilidades_domesticas,59,831,1,700.0,16.0,25.0,11.0
24f9bc76d458867944921094745b5473,papelaria,58,322,3,600.0,25.0,7.0,24.0
d59c0d70d5a3ca1414b6798c7d939d30,relogios_presentes,59,594,2,600.0,16.0,11.0,11.0
59038ff2ef33867691a60d4fe44ae544,moveis_decoracao,58,286,4,7950.0,30.0,35.0,30.0
f60e19fc3b0ee38735e6a6fefe937bdf,seguranca,58,144,2,150.0,20.0,2.0,28.0
f7fb8cbbcb9cd35f6fc536c77ae02ebe,artigos_casa,59,277,1,2000.0,45.0,15.0,35.0
c398a8dcde62548d51bb291753330209,variedades,53,1105,1,10800.0,80.0,50.0,22.0
f4cd030cd445192809e17afbdec67f56,moveis_decoracao,38,1455,3,150.0,35.0,2.0,25.0
060e9bdedfae37724dbce0b3270d76ae,relogios_presentes,54,821,4,200.0,16.0,2.0,11.0
6addacff5b9a648cf0760f3d943b99b0,informatica_acessorios,43,460,2,250.0,16.0,5.0,11.0
0bf16c5642f26022d106438f491b9b1c,utilidades_domesticas,15,422,1,300.0,41.0,5.0,31.0
cbe91f0c23e32e2de40f57e30580dc24,fashion_bolsas_e_acessorios,54,719,2,250.0,16.0,2.0,11.0
e9d5d95031539a8b32c057e158db4977,brinquedos,39,759,4,389.0,27.0,33.0,28.0
576a8893b15f9ed1b5aedc25052258a2,esporte_lazer,38,332,6,50.0,16.0,4.0,11.0
ed71a85647afea9562cd2a14b1ac8622,telefonia,46,156,1,200.0,20.0,5.0,12.0
b607bf5bab84cb38111d2b6a10164385,variedades,,,,200.0,16.0,2.0,20.0
7a8cdb37b5d447de4dba7806a82f84d7,perfumaria,53,276,2,475.0,19.0,15.0,17.0
869335bdf5f8389362b55e97c83ea1ef,esporte_lazer,41,304,2,1450.0,30.0,13.0,30.0
4bba2ed7155732bf6f663316059878af,bebes,41,610,3,100.0,16.0,16.0,16.0
3324465da0373199261538db9d035411,seguranca,53,602,2,1250.0,34.0,16.0,27.0
724c49c346d2979339d366fa59ce49de,la_cuisine,33,532,1,3600.0,30.0,30.0,30.0
72f47ace173a4fa96b05a1462e025aee,artigos_casa,52,290,3,2000.0,44.0,17.0,34.0
6c34d241bbd85d693f1fee6a4b8a8e2b,eletronicos,40,753,2,7350.0,35.0,35.0,40.0
715ff1d94c99db18163cae1eb40f9bb0,artigos_casa,34,437,1,400.0,16.0,12.0,11.0
310ae3c140ff94b03219ad0adc3c778f,beleza_saude,59,493,1,2000.0,30.0,12.0,16.0
80d3aeff2ab6c9d795010c029dbd5ddd,moveis_sala,31,342,1,4350.0,58.0,15.0,53.0
b45b5b25c6655d824ed7ffc8fa65688c,telefonia,50,562,2,360.0,22.0,6.0,11.0
01a2ad2b54cd734f78cb817da7752d8b,perfumaria,44,280,1,430.0,19.0,14.0,12.0
d6def90f2db6db438426d0434ba7c190,esporte_lazer,34,231,1,783.0,45.0,11.0,22.0
45e014218aa377a0cca60336a4d93d3a,bebes,36,474,1,8500.0,35.0,60.0,25.0
58e7e9ff092e30b9c71ccf594c99433c,artigos_casa,59,451,1,21750.0,45.0,15.0,35.0
e7d26dd6742baca292020c158e6720c3,malas_acessorios,40,124,1,450.0,24.0,47.0,34.0
8787e56abaa84fc6c3ba9afa857632b1,moveis_escritorio,51,2223,1,20700.0,58.0,28.0,58.0
539025c69ca8d9160f0ae5190741ed74,moveis_decoracao,58,547,4,1850.0,34.0,6.0,28.0
70faa98e995f58b0160bb8320b653e29,fashion_roupa_masculina,55,336,1,200.0,25.0,2.0,17.0
8c5f61f20b013d5dbe8b2e2f7794a873,relogios_presentes,51,435,3,200.0,16.0,6.0,11.0
92c1eb75a887a500d9689fbad65e27e3,moveis_escritorio,41,1205,1,17150.0,58.0,61.0,24.0
2cab5fb805c35e09a71fc411c7849ec2,brinquedos,55,816,4,1000.0,37.0,35.0,25.0
d5a19cc8a92434231693043e185b4c5b,esporte_lazer,35,1464,1,3686.0,30.0,30.0,23.0
3626035966a7aaee90d68108caebd386,artigos_casa,33,291,1,3175.0,52.0,15.0,31.0
ca4fe13c336a5399a892b4afabb17abb,alimentos_bebidas,54,314,1,1650.0,24.0,24.0,24.0
947a46e4f6dcc04e256398abf33e272e,papelaria,43,867,7,750.0,30.0,40.0,11.0
2700e8b4a64d5e7fae2677755e44b9d6,artigos_casa,38,312,1,11450.0,54.0,30.0,45.0
3e80acb0c96aaa71dfc8a128d3ba1eff,eletronicos,45,65,1,750.0,16.0,35.0,25.0
13b347f712ed4697097275485483326c,moveis_decoracao,51,264,1,5850.0,40.0,30.0,40.0
2f2155ee7545c9ca31ac68685224bc4a,utilidades_domesticas,41,1965,1,550.0,20.0,20.0,15.0
8d29622ad4b816113fa721f21af4f667,beleza_saude,48,1444,1,4200.0,30.0,10.0,20.0
01084e8138d03dc691daa19aa6c12471,moveis_decoracao,60,926,4,1390.0,18.0,11.0,25.0
513d6bfa0cc5198ae04a6ebf0baeae98,eletrodomesticos,52,465,1,350.0,16.0,15.0,20.0
ea99c9c7061d17bbfe7e85d842f2c3ee,artigos_casa,55,137,1,1600.0,36.0,8.0,29.0
4c99d6df98c5f4960cae6fd9f8603bd3,ferramentas_jardim,53,75,1,700.0,35.0,20.0,40.0
e8df9b80f414e3e2d604977ac52932df,moveis_decoracao,56,796,2,550.0,65.0,11.0,11.0
7f593be3aee816905c8678b92239bb25,esporte_lazer,58,570,1,575.0,19.0,15.0,17.0
270516a3f41dc035aa87d220228f844c,beleza_saude,45,232,3,800.0,21.0,4.0,15.0
ccb162ed569f47d83f62aebd5700d7ad,climatizacao,56,671,4,8750.0,25.0,25.0,25.0
f8714e3b95aadcbfb57568c5e09df884,fashion_bolsas_e_acessorios,60,188,1,150.0,16.0,15.0,15.0
77e8ff91e2cccad62b30a0a83bec431e,relogios_presentes,53,496,1,330.0,16.0,11.0,12.0
517dd1c1cda3892f83d386dcf9a4e9b7,moveis_decoracao,63,701,5,1750.0,35.0,10.0,35.0
4e1d8ab59a756d83db0a0902c1342e11,telefonia,60,823,2,100.0,16.0,22.0,11.0
87ecdbf76c33c8f2dabc40eeb821dc6b,moveis_decoracao,63,911,4,600.0,23.0,7.0,16.0
32c7991989ed600da3c3e313e96b440f,eletrodomesticos,55,200,1,100.0,17.0,2.0,13.0
c99666957e5d14717bd1d5ba0fd33f53,moveis_decoracao,51,1492,3,2500.0,105.0,3.0,70.0
5b5293a5be515b28c5dce3858b88b2fe,utilidades_domesticas,19,753,3,300.0,17.0,28.0,11.0
e860f15d3088aa6d981bf37b7d3e6020,utilidades_domesticas,45,711,1,2000.0,25.0,60.0,25.0
577651d818a476142703089bae8e6f7c,esporte_lazer,59,513,1,250.0,17.0,9.0,12.0
79fca321dbd3453bd8211690e39f1659,bebes,59,1045,3,1150.0,42.0,25.0,15.0
180534717d1776626e418844a26a7c8f,relogios_presentes,59,153,1,1000.0,16.0,10.0,11.0
09b2a4f1ce3561a6562ffdccc0ca7c18,ferramentas_jardim,47,508,3,1150.0,25.0,20.0,25.0
570c59d31475234150804a4ac2b3b9c3,beleza_saude,37,401,1,450.0,16.0,10.0,20.0
35537536ed2b4c561b4018bf3abf54e0,esporte_lazer,59,1459,9,2100.0,36.0,9.0,14.0
5cb96c51c55f57503465e4d2558dc053,esporte_lazer,53,282,1,300.0,35.0,6.0,11.0
8d12ee985749e3ea570ed7f5c875479a,eletrodomesticos,50,872,2,150.0,20.0,13.0,12.0
4fbee589d3377144a90a338e4ae76dce,esporte_lazer,45,716,1,500.0,24.0,20.0,20.0
a70f58bd49225ad1d9f199d3766385a8,informatica_acessorios,54,2304,3,500.0,16.0,16.0,16.0
a78fa6c80b9cc50d0100e12a097b8417,automotivo,43,1512,1,550.0,18.0,5.0,12.0
cf3ac799e2dc1bfbd6c97ea023171f9d,artigos_casa,60,298,1,4700.0,36.0,15.0,45.0
8d23da47a7828cf786103f1c3fbeab43,artigos_casa,57,663,1,3300.0,34.0,8.0,38.0
eb1e85561435be5d1760939dac8c881c,agro_industria_e_comercio,41,472,4,400.0,30.0,20.0,11.0
f422d0d9f8b5f7c27289382b14b61248,brinquedos,63,361,3,1800.0,38.0,12.0,35.0
283b761ae6738a52e9a64c4c6edb26d7,perfumaria,48,504,2,475.0,18.0,11.0,13.0
0f0d87a917b0f49861ef994dbc4daf08,moveis_decoracao,26,2595,1,10600.0,36.0,50.0,60.0
82a0f2bfaa026cb94f4f870afd51c6ad,bebes,29,1519,1,165.0,18.0,9.0,8.0
93c902b021a9e594f658ab1b0351602a,eletronicos,60,390,7,1250.0,26.0,10.0,18.0
ec3a3abf1c577856f4dafa59c126dccd,moveis_decoracao,51,1941,4,2400.0,105.0,3.0,70.0
7edbd4d0335cf6faf31669f33312d142,ferramentas_construcao,57,283,1,100.0,20.0,3.0,20.0
dde07b9fedc0682cc6acbd81d92ffe22,variedades,51,466,1,500.0,20.0,20.0,30.0
fda2e10316a83bcf6ffa52fc891642f2,beleza_saude,35,2489,1,1000.0,25.0,19.0,15.0
e54cb69cc7bf5d21921991aae48501fb,artigos_casa,54,702,2,1000.0,50.0,12.0,12.0
d063fc697e5aa468ad1e689d5e6028fd,automotivo,53,403,3,1950.0,40.0,12.0,32.0
f216457c32ee07732482741ca33128c6,livros_interesse_geral,22,921,1,400.0,26.0,3.0,36.0
07c055536ebf10dfbb6c6db6dbfc36e5,moveis_decoracao,59,473,1,600.0,30.0,3.0,20.0
5ed9eaf534f6936b51d0b6c5e4d5c2e9,variedades,51,693,3,600.0,20.0,20.0,21.0
d178793446cf02a02ef715cd5ab14ddb,informatica_acessorios,59,1994,4,950.0,25.0,11.0,15.0
9afc7bd1c6286201ccf4bf74ffc9ce6b,utilidades_domesticas,27,59,2,250.0,23.0,13.0,21.0
8dfb264673631eed595f12828b0ff2c6,automotivo,60,480,5,2600.0,37.0,13.0,24.0
8d2453bdd784cad1b09625bad27e3bd9,relogios_presentes,55,679,3,600.0,16.0,13.0,13.0
b30bd2570ba0ad3ce06e785a7b23d544,artigos_casa,55,315,2,2900.0,45.0,15.0,35.0
e23a34276c3979415a832cbd4d043952,informatica_acessorios,46,446,1,140.0,12.0,21.0,12.0
87838c210d9c925acac2619548950502,moveis_decoracao,56,770,1,11450.0,45.0,35.0,45.0
d1802b79d2e79841cc2cadedd8d4e6a3,variedades,,,,900.0,32.0,10.0,11.0
6e6cc4bc64ffea91782dbc0cc7c325d9,papelaria,39,256,3,50.0,16.0,6.0,11.0
5c2bb11cf2149bd4d9fffcc1246458c3,papelaria,37,531,1,2283.0,27.0,35.0,35.0
e4aa3f3e3209009166c6b79afa8204bc,ferramentas_jardim,60,482,2,1600.0,16.0,4.0,30.0
b8316b6fcbdee6f6e8760865065dc0f5,artigos_casa,56,551,1,600.0,20.0,2.0,20.0
fc7c2a5b006ec4b9166c89db4c46bf78,brinquedos,38,1303,1,2250.0,55.0,13.0,25.0
088c192c21da02dcb908f931d0fe324a,fashion_bolsas_e_acessorios,63,464,4,150.0,16.0,5.0,20.0
656e0eca68dcecf6a31b8ececfabe3e8,informatica_acessorios,45,236,1,173.0,18.0,13.0,12.0
4d483bc32420eaa4119978b42a7544d0,ferramentas_construcao,59,272,7,850.0,18.0,7.0,16.0
abcde4527db854fbcf9ba5a0ebb571fe,esporte_lazer,43,864,1,163.0,17.0,15.0,15.0
3ae3ff1822dea42b242b5902e605c1bd,artigos_casa,62,313,1,3150.0,45.0,15.0,35.0
8d38fad1bc505b1b3f50612f1fdaecba,bebes,55,1631,1,550.0,20.0,13.0,13.0
e1b7ea96e1ebb2524b943e22bf5e31b7,moveis_decoracao,64,427,2,1150.0,30.0,6.0,32.0
63c0e572201a0411c48dd051f0b316ad,brinquedos,54,519,4,1200.0,38.0,26.0,45.0
c98bf47f7bea8f3aee82fa023786b8a1,eletronicos,33,63,1,6185.0,63.0,11.0,20.0
82183967d9fde935fc0b0189bb68ccec,malas_acessorios,41,132,1,500.0,22.0,46.0,34.0
052b8660ee8a9ee18815d9b276694a10,perfumaria,47,540,2,107.0,17.0,12.0,14.0
ef43a6c287409808c37a67734f21e264,automotivo,48,175,1,4500.0,69.0,15.0,20.0
aaa391b7c35a628a6318851e8e933e0b,variedades,,,,200.0,16.0,2.0,11.0
56324522787b0f1b85cc081fffadc3f8,artigos_casa,56,663,1,2400.0,42.0,11.0,36.0
177a8cac0667c535478a8fdfd7d42191,brinquedos,37,267,2,200.0,20.0,10.0,20.0
8a8ca51f9f9e167a56b3469d64492632,malas_acessorios,53,246,1,675.0,29.0,23.0,18.0
10dfb99fdae9b721c39b7458564397f6,artigos_casa,57,293,1,3450.0,50.0,10.0,30.0
e5c9a123f21eb2f3dbf0192935d476ea,jardinagem,51,303,1,350.0,16.0,16.0,16.0
3cf83300f19d319b1a4b6c40f6734b06,ferramentas_jardim,60,545,1,475.0,19.0,8.0,12.0
fb23a21f32d00e71247da1188220cb33,moveis_escritorio,53,1147,1,13475.0,53.0,65.0,32.0
d43ee56f2821be64f6bd3c3af659789b,beleza_saude,32,530,1,200.0,16.0,17.0,11.0
b150110bc5afad8ff2cce5cd50c8e2a2,beleza_saude,50,614,1,367.0,24.0,14.0,23.0
6149b0a01ae42fccf651cfbef08979c7,casa_construcao,58,3222,4,4700.0,70.0,30.0,30.0
80b6ed0e8830e4532f348028372a3d42,papelaria,52,672,5,800.0,27.0,10.0,20.0
41225bba70a14ede03816d7baf0a88f8,artigos_casa,49,746,1,1000.0,16.0,10.0,16.0
6392b413939939ce321eed54003573d6,eletronicos,30,552,1,350.0,16.0,16.0,11.0
69af60118aac736afed734810bd88424,esporte_lazer,56,611,4,1200.0,35.0,15.0,15.0
a1dd59756b92c62cd39375d0b0222698,artigos_casa,52,153,1,200.0,16.0,10.0,16.0
e60af9d3fe480442e6ad248d497f6cf9,artigos_de_festas,38,238,1,500.0,16.0,8.0,20.0
b1dddee0530f59d8b4808c007e8f14a8,moveis_escritorio,45,2081,1,10850.0,58.0,20.0,58.0
2a15783d3cb601f8d9a6a86806b037b3,bebes,47,1080,1,600.0,38.0,5.0,33.0
fc6f75aed00a45312365ba4a37adb3f6,beleza_saude,47,360,2,250.0,27.0,5.0,16.0
855c27cfc6220613d38cddc543932b4f,papelaria,38,118,1,100.0,16.0,5.0,16.0
22a0a4cfaf39559db703230823bdc13a,telefonia,38,969,1,429.0,18.0,13.0,13.0
c7e54083cd8be3b0906b7f34e4a61bfb,esporte_lazer,60,492,1,250.0,19.0,10.0,15.0
b953d9a0d8c056d4144acbff1f0adc80,automotivo,59,763,5,1100.0,23.0,7.0,38.0
274d4e727ddbeb7c392ea2e551e3a77d,perfumaria,30,138,1,100.0,20.0,7.0,20.0
17636d19cec2b5a30a95e164fcd08325,papelaria,45,241,4,1500.0,60.0,2.0,15.0
974d9d3338a9d3d2b96ac5d5d9379968,esporte_lazer,56,643,1,20650.0,28.0,11.0,28.0
47356bc50df2353e354ef15c95306567,esporte_lazer,56,202,1,600.0,25.0,25.0,25.0
4c7d4a2efde21e3bf1660926fabc6a9d,beleza_saude,60,316,3,250.0,18.0,10.0,15.0
c6e37798f72f83c034ba97e2680cb5d5,informatica_acessorios,54,267,1,200.0,23.0,16.0,16.0
bdbcda578f0215903f8bcd77ca591e0c,seguranca,45,479,1,200.0,26.0,5.0,12.0
8db8fb254b643aad727afd54e618b34d,ferramentas_jardim,59,1257,2,600.0,22.0,13.0,22.0
466bf8874eb69e8561cf834878015050,beleza_saude,57,416,3,800.0,16.0,2.0,11.0
15ae68f4be12b1e7037da33a1ef9753a,artigos_casa,58,216,3,7600.0,50.0,30.0,40.0
3bbb1f94c6871212f10e8c25012a8e19,telefonia,39,365,13,200.0,16.0,3.0,11.0
768cb9a5290c41d7968447ae28c64cca,eletrodomesticos,58,535,1,15050.0,39.0,38.0,39.0
53c3fcae1475fdd6b315e8e6ff690fb3,relogios_presentes,59,508,3,2100.0,16.0,2.0,11.0
34239894e175b17d8c84edc6c73b4dad,bebes,35,221,5,400.0,29.0,12.0,23.0
eee02ac99af9217137a2ef5eaad20376,variedades,39,525,2,500.0,60.0,16.0,11.0
3168b2696b15ca440b92afa9e011a084,pet_shop,51,2456,1,3200.0,52.0,25.0,29.0
af8533a77adce26dca87480c4c5c9af4,variedades,60,1168,3,550.0,17.0,7.0,23.0
afbfd6b7742d136c2264a48e60a3fad6,market_place,36,2217,1,650.0,40.0,31.0,14.0
53d71d8d9d6878f6f0b9fe0ed79445d5,alimentos_bebidas,49,217,1,375.0,20.0,12.0,15.0
dbb9d74e911f8db0dd4d85878064ceb3,papelaria,53,388,2,450.0,38.0,33.0,26.0
f94d494034180bcbeb9c56cae79f6168,moveis_sala,55,1143,3,4650.0,31.0,17.0,31.0
3ede26b9ff5be98aa46feaf2b1416ddb,telefonia,37,361,3,200.0,19.0,3.0,11.0
6ca32b4631431cb1fe976880797a0f5c,pet_shop,19,619,6,5350.0,50.0,30.0,40.0
cbdbabc3d8b1a111329afd03a9f6a8d6,artigos_casa,55,108,3,3850.0,20.0,40.0,40.0
725e77eb7923719a251e7a4bd196ca6e,fashion_bolsas_e_acessorios,52,1490,2,100.0,16.0,2.0,11.0
cde7eb02af6868b9904f1ea2c7fdfdc3,relogios_presentes,56,398,3,500.0,20.0,30.0,20.0
3d103df80d5d22d709244fe27bc29a8d,variedades,,,,200.0,16.0,2.0,11.0
fa3bea10a666ef8afb1557f5e866b719,esporte_lazer,9,254,1,150.0,28.0,6.0,14.0
070d4b13c8ef5cc3d81259789b3bd973,artigos_casa,59,111,1,2200.0,55.0,15.0,35.0
093be8c4566a25d70e577faa3539d7d3,moveis_decoracao,55,2027,3,6700.0,90.0,4.0,50.0
6d7bc0518cc2406af3d486526806d50e,instrumentos_musicais,42,184,1,383.0,35.0,7.0,14.0
494f6aae5fcc59af1db7b6dc85df1977,automotivo,59,651,5,6675.0,71.0,4.0,44.0
62410fbefbe7df2abf7e6b23e64255ee,ferramentas_jardim,55,980,7,8050.0,43.0,32.0,22.0
ceea7d6ebaeb5a3620c2b43ff85dc13f,ferramentas_construcao,50,490,2,550.0,35.0,8.0,30.0
bea68931a4e8aeb29404dfc74b4ce5fc,artigos_casa,50,315,1,600.0,16.0,10.0,16.0
2a5806f10d0f00e5ad032dd2e3c8806e,moveis_escritorio,46,1350,1,11875.0,57.0,55.0,22.0
73df0070248804951b5c6ba9537c6fc3,variedades,,,,100.0,16.0,6.0,11.0
a96e543f9cfb2ecdb07c59321ff0018c,brinquedos,24,589,2,2700.0,51.0,35.0,26.0
fb09c649a144a9dfd4546612891e1f11,variedades,,,,2000.0,38.0,12.0,38.0
3630657a252ca88c694edfa53f2ad9f2,ferramentas_jardim,60,408,1,300.0,26.0,3.0,12.0
a8c6827a8a59c4b3bd37a9761715f3d8,esporte_lazer,53,985,2,3200.0,16.0,85.0,16.0
3779f2d78a8cc041bcce56232d83befb,automotivo,58,1275,1,1125.0,20.0,17.0,17.0
a94036c0bb4dfce8d5762777c07b7be2,artigos_casa,57,2473,2,2500.0,43.0,8.0,33.0
4d8c2f14df6a1429692e995d787613a5,bebes,50,304,1,350.0,23.0,4.0,23.0
665dcf48bfab7017f4ac917abaafac4f,beleza_saude,31,519,1,310.0,20.0,22.0,22.0
d5cf2d1224d6d3a279dc2593f5a824fa,pet_shop,60,770,3,500.0,35.0,22.0,28.0
487ff90293c6b5484d060de3fe409557,audio,43,676,3,325.0,22.0,22.0,22.0
8bfcc2900410d032d52f24991311a009,malas_acessorios,45,261,1,450.0,18.0,48.0,32.0
bfd40187494874d9bda6626efbff3bd3,brinquedos,59,940,4,11200.0,16.0,50.0,80.0
dd8e3ce8409dea51c566f227a4fc34ba,papelaria,46,395,2,200.0,19.0,5.0,13.0
7ff7661b8c3f488705fcf1f407d04329,alimentos_bebidas,55,3755,7,500.0,28.0,15.0,15.0
282b126b2354516c5f400154398f616d,utilidades_domesticas,48,2396,2,3700.0,20.0,20.0,20.0
966a067b38634929844120e39b1576bc,bebes,34,496,2,2050.0,33.0,13.0,29.0
c1343b2f78e0f750b57cb917529039ee,papelaria,55,567,1,230.0,20.0,10.0,15.0
8c2ace0ccc2dc2fef3d1b481eebb592a,moveis_decoracao,59,1492,3,2525.0,88.0,4.0,87.0
0f96cb6fd0ba832f2d7a21d13b251526,informatica_acessorios,49,1245,1,2200.0,18.0,25.0,18.0
5dc33472f14252b3f6085048159c9b96,esporte_lazer,57,486,6,150.0,22.0,3.0,13.0
6c0d0bb889a282484443de64903f88ac,utilidades_domesticas,48,663,1,700.0,23.0,23.0,20.0
d309288ee9ab5d3d3326efb574f9b555,beleza_saude,60,161,1,150.0,25.0,6.0,15.0
b5015f9057f27b5bdefde4ca99368b54,agro_industria_e_comercio,45,461,3,250.0,18.0,8.0,12.0
ab7be0a001c3104b4931ce39ed70857d,informatica_acessorios,42,446,1,800.0,29.0,13.0,20.0
4d38e93bf8056fbb01a32e72f0257df8,artigos_casa,54,309,1,1950.0,43.0,20.0,31.0
3288d87408bc4a61d7672f10aaa96e8e,beleza_saude,60,1097,1,318.0,18.0,12.0,16.0
7334d00edefdee21be7eefd05f5433f6,artigos_casa,49,640,1,800.0,16.0,10.0,16.0
c1aae55ae7c285aa64e3f0ba1966dd44,utilidades_domesticas,57,1652,4,825.0,18.0,9.0,12.0
ffd34459c21034d1da6df9800de0d7a3,beleza_saude,33,816,1,150.0,23.0,7.0,17.0
fdbfd4cec6db6e89f22d9aa2c4839eed,casa_construcao,60,362,2,20050.0,55.0,25.0,55.0
a270b2f4aad055863b643395b987d151,esporte_lazer,40,245,2,1000.0,60.0,15.0,15.0
c909912a223f3d98dd5c1eac6e93fecd,beleza_saude,58,753,1,300.0,20.0,10.0,15.0
e61f95fe83b531f0d8c152b6ad798eba,moveis_decoracao,58,461,2,417.0,47.0,4.0,35.0
cf02395ed36c61d5ce31bdecce9767a3,esporte_lazer,58,1155,6,750.0,16.0,11.0,15.0
40c36dbe4fd510370d40e09ae7670a26,bebes,47,442,1,250.0,16.0,16.0,16.0
c477957dd9b5f51032f3631c50630585,artigos_casa,29,796,1,1600.0,35.0,20.0,25.0
b1035b3d307f0aeb6157fdd3e09f8119,telefonia,55,395,3,375.0,18.0,13.0,16.0
e7240b84eb702e0aea8a1a30a47ba204,fashion_bolsas_e_acessorios,40,409,2,50.0,16.0,9.0,11.0
81a3f1e46ec16acb4800a5002b014438,perfumaria,55,696,1,550.0,16.0,10.0,11.0
ee22145169e4612ac54f2b9282a8047a,automotivo,55,1911,1,750.0,16.0,28.0,16.0
c7858457bc43561ccb96aaa2932cb085,variedades,,,,10750.0,35.0,65.0,35.0
d558b2cfa18448af883b91439fb908ad,eletronicos,48,1829,1,700.0,25.0,16.0,25.0
dcde96a5cda735816ac474de581a8a75,esporte_lazer,34,1260,1,450.0,17.0,15.0,14.0
39342c8e5e512bb1757779a3821a450f,artigos_casa,62,392,1,20900.0,45.0,15.0,30.0
6f8ea11c0086a0d13355abc5ee14cc7d,esporte_lazer,38,680,1,241.0,19.0,15.0,16.0
d2efc686acbf02ce6200ee423516f0d0,automotivo,56,344,5,100.0,19.0,7.0,16.0
d01361dc1752562049e33f0456109c7e,papelaria,52,180,7,3000.0,25.0,55.0,38.0
16734715511e4a408f9b534c748032f2,instrumentos_musicais,42,1627,1,800.0,24.0,7.0,15.0
2504bf725d7aa06820b73b85c5ca6653,utilidades_domesticas,44,250,2,1500.0,32.0,5.0,28.0
2284b28ca179d66957a67ef01a5b7d6c,utilidades_domesticas,54,408,1,1600.0,34.0,21.0,23.0
460a66fcc404a3d7306d5f50fcb2d18a,utilidades_domesticas,51,720,1,350.0,16.0,16.0,17.0
94a75895c8f08d597e9a2d9447170fd4,papelaria,52,831,5,11500.0,40.0,40.0,40.0
bed8edcc8479914748b6e6173513b3eb,utilidades_domesticas,45,567,3,3000.0,52.0,3.0,32.0
7f975a63ae36e04759dccaaf14a1d408,utilidades_domesticas,37,1270,1,2500.0,25.0,12.0,18.0
8133993c7a2e443974f9c5509b09b0fd,fashion_bolsas_e_acessorios,51,186,1,100.0,21.0,9.0,14.0
a9c7217ed9d06840852bafec1dbe2e49,fashion_bolsas_e_acessorios,55,1399,2,300.0,16.0,2.0,11.0
7ad04045119d9f1c12c3c395ce9a6590,automotivo,36,934,3,17300.0,51.0,51.0,41.0
3e315c0ee386121f7723905ea2c2f76e,moveis_decoracao,60,87,1,1300.0,40.0,7.0,34.0
71e5d0eb5a5fcc829dc6c1bc1ecac7cf,esporte_lazer,36,2886,1,150.0,16.0,16.0,11.0
0b3c2ee3c7994b5b9ebdddb2372d6f9c,artigos_casa,35,179,1,1250.0,45.0,10.0,15.0
61509eaebb2d4bd1a7511b1a75703f8c,utilidades_domesticas,50,500,1,300.0,25.0,2.0,17.0
97b1f3f9eeee9126dc8109846aa63ca0,audio,39,283,1,200.0,16.0,8.0,11.0
2362291929f77eccf5f5cb26029dcf90,automotivo,54,591,1,2400.0,52.0,8.0,52.0
c49bb7184818a1945f531caf0ab8c27c,beleza_saude,56,1979,3,550.0,16.0,7.0,24.0
0c574708dc913b3fa69635e044892864,relogios_presentes,45,1926,4,350.0,16.0,13.0,12.0
e0cd006cb0ccbbf5e501be0df7c1e5f4,bebes,36,80,1,195.0,15.0,11.0,12.0
7d1d3de69616eacb023e39204065a068,moveis_escritorio,60,793,2,20850.0,100.0,10.0,55.0
635eab616d6a1f8033986a59061d6ede,papelaria,59,248,4,1800.0,45.0,8.0,30.0
10d9c039b5dcb3b2a4a4fd507fd187a0,artigos_casa,52,127,2,900.0,50.0,5.0,50.0
ef9ae4fb9a9005e8e463cc2616084276,esporte_lazer,48,730,2,9000.0,44.0,35.0,23.0
db7a58cce179f80f562fb714ceee9319,bebes,51,132,1,1260.0,36.0,8.0,30.0
3daf6db466fe8366db873ecbb2fd45d6,artigos_casa,56,680,1,5350.0,16.0,50.0,40.0
3522a64b7bad6fe22cc046584a9d3fb0,utilidades_domesticas,50,773,2,4383.0,43.0,17.0,37.0
f8a9ed2d85e69c00f817d88ee3de7333,esporte_lazer,36,264,2,2850.0,28.0,28.0,20.0
d3060c543b1b88a647cc284ed7a9dd4a,pet_shop,38,817,4,6200.0,69.0,10.0,49.0
0060b415594c5e1200324ef1a18493c4,esporte_lazer,59,3029,1,1200.0,20.0,20.0,20.0
2028bf1b01cafb2d2b1901fca4083222,perfumaria,54,1536,2,250.0,20.0,8.0,21.0
177ccb9eb4263c7f82f6c3b98980d26d,seguranca,48,636,2,575.0,19.0,16.0,18.0
132166cc21f572ad76741f4487b49b49,telefonia,54,699,3,250.0,21.0,12.0,21.0
26f7a99db23ac54731f6db28f99c5fc2,perfumaria,48,1037,5,250.0,26.0,12.0,18.0
5f0bdec2fb222061ed8fe52586a5957d,telefonia,42,660,1,113.0,18.0,4.0,11.0
43840498716c5a01802df8992c619267,moveis_decoracao,49,718,1,200.0,16.0,16.0,16.0
d07cd460b9d3556ab8b59d0ab7163a0c,relogios_presentes,59,192,4,200.0,16.0,2.0,11.0
7518c51f502ca391864ea9b073e634d6,beleza_saude,51,569,1,200.0,16.0,7.0,15.0
0cd1e5169a1ba33d42fc9f76345a4504,instrumentos_musicais,33,1415,4,700.0,17.0,8.0,12.0
da7813106f94601e6022f50017299e2f,informatica_acessorios,49,567,1,1350.0,23.0,9.0,23.0
30364952b2a2bd659cfdda1b5112358c,artigos_casa,49,206,1,2700.0,55.0,25.0,35.0
8b2a1e0d2ee4fa00cd00519b7881203a,automotivo,49,283,3,17400.0,50.0,40.0,40.0
3918bb60ff48662029ca9f1e1f7b9842,fashion_bolsas_e_acessorios,59,352,3,550.0,43.0,16.0,27.0
a07713fa6def350398642fcb700db2f9,fashion_calcados,52,408,5,1400.0,22.0,12.0,33.0
58b566d4cc7237145b29b21e9699e15c,malas_acessorios,52,246,1,800.0,33.0,10.0,45.0
5929e483b6df44414c047cac38873fe6,esporte_lazer,22,300,2,650.0,60.0,10.0,20.0
56303e28cce31802381aea252883b8b8,relogios_presentes,49,569,1,200.0,20.0,7.0,15.0
c155c424ae428e87e3060b8cf9453d72,perfumaria,37,548,1,500.0,16.0,2.0,11.0
b92268ad64d3947c80fddbc3a82de845,utilidades_domesticas,55,134,1,8850.0,39.0,12.0,78.0
0ec63d4c614fff936b02b10d242bf955,moveis_decoracao,59,457,3,1350.0,45.0,15.0,35.0
e7d5464b94c9a5963f7c686fc80145ad,relogios_presentes,42,938,5,275.0,16.0,14.0,14.0
33b67c1594a903b27b5163c0efb15a5d,fashion_bolsas_e_acessorios,63,627,4,200.0,16.0,5.0,11.0
50fffe898281813ffdfa38591b0f1927,perfumaria,40,152,1,400.0,21.0,11.0,17.0
9cd17b1cc8db0de6b175f213e9054c01,brinquedos,50,903,5,2416.0,32.0,28.0,23.0
5554c5718f820a868853dbc5ca859b3b,esporte_lazer,40,595,1,3100.0,19.0,19.0,11.0
441b44bcdcc4969bd3a9d67bbeed44f2,industria_comercio_e_negocios,47,1943,2,6000.0,45.0,12.0,44.0
624846a50026c57927e1156335b120f6,esporte_lazer,28,1050,7,350.0,50.0,20.0,22.0
97c57b8428f6b7a7597248a02938681d,moveis_escritorio,51,2250,1,11400.0,58.0,21.0,57.0
0d27851a74a2b7abf8e6daa991d005f8,beleza_saude,54,384,5,350.0,25.0,15.0,15.0
8b51c6ccc9c0548c951214e1cd1547ff,artigos_casa,58,678,1,1000.0,28.0,14.0,16.0
c71cb8cbef2337bd69b95a02e4e682d4,papelaria,58,392,3,2100.0,16.0,9.0,11.0
3ed43e8f95f9801cd8099b6f73e07335,fashion_bolsas_e_acessorios,27,209,4,200.0,18.0,9.0,11.0
3225c54bb2785c33f49f50398fcdb88c,relogios_presentes,47,547,1,269.0,17.0,11.0,13.0
1a6bdef0156314f8f852fe58564a31cb,moveis_decoracao,31,1330,1,100.0,40.0,2.0,30.0
4ebb5f04dcd97206fb7b41b340c86e23,esporte_lazer,47,304,1,500.0,35.0,10.0,20.0
d8187d92ba7b6cef0ed22c1e80bb729e,artigos_de_festas,53,317,1,1150.0,34.0,11.0,34.0
e37d07fe13615c6846d4b3911415d963,bebes,45,811,5,600.0,32.0,11.0,32.0
b0adc96f418350c23fa6ce8a1d0aa328,beleza_saude,49,221,1,613.0,20.0,7.0,11.0
941fede5c398c3c84cac6e6c832c2b11,utilidades_domesticas,52,230,3,3000.0,25.0,16.0,25.0
9695ef7fc6824ad30eb18ab61ecf906a,esporte_lazer,50,706,1,7350.0,70.0,24.0,29.0
8d7d29e5fb9ff5333009326c87fc04e9,moveis_escritorio,56,1070,1,7433.0,57.0,68.0,31.0
496b2ebd2cc9b8b262c9705b1f3589ea,relogios_presentes,43,381,4,350.0,20.0,20.0,20.0
94d1135483ece2c7493dd8f6b4ad7454,casa_construcao,55,1626,3,15000.0,60.0,50.0,50.0
20bcfbb4c385ac8feaab2bff523a5694,brinquedos,48,480,2,400.0,22.0,5.0,22.0
237711663569a9692ca68a102f51ab59,bebes,22,334,1,300.0,21.0,21.0,21.0
79eeb2d2e2c707454215fe450a5602b5,relogios_presentes,55,207,1,200.0,16.0,10.0,11.0
40df4be4429553e18755913ac3cfeac5,instrumentos_musicais,44,546,3,1450.0,32.0,14.0,27.0
8828464e34fc3da3892f568218e14d61,beleza_saude,60,3244,1,3575.0,21.0,18.0,22.0
3713f19c71c4be21ced80738e2fa49bc,moveis_escritorio,45,1094,1,8200.0,53.0,74.0,18.0
8e476588d51b7bcc56ee5d14bcf25f26,brinquedos,19,487,1,1300.0,25.0,9.0,40.0
67f9d01bcd84e2229ba6f8a75b635b40,moveis_decoracao,58,372,1,300.0,37.0,15.0,27.0
a90ef57c59c6996ab4d11165dda4ee6e,beleza_saude,58,1233,1,300.0,20.0,20.0,30.0
f73be23829e192092569d5dda349f807,esporte_lazer,48,789,1,2625.0,34.0,25.0,18.0
fb0a00a46641c9bc4fb44ce7f230de57,perfumaria,43,173,1,400.0,30.0,16.0,22.0
263a74f89c1404aeb0aa4f17bdf0e18e,papelaria,60,440,7,350.0,21.0,7.0,15.0
3ffa02e2ee2ce17abb51b4545f367e7f,brinquedos,25,242,4,200.0,16.0,8.0,11.0
808a67fcfceaae1ecb87b9e85260e593,automotivo,37,874,1,2875.0,60.0,21.0,25.0
d0f60ef2a4823f57f00f1bd5cb463148,esporte_lazer,36,134,3,300.0,16.0,16.0,16.0
4613efcec95c18902f5e8b117df56188,artigos_casa,52,175,1,666.0,36.0,5.0,27.0
bd3024f7222c241a5e112251621397cb,esporte_lazer,28,247,3,150.0,22.0,6.0,15.0
25a600be07bdb3ee433243ba392924ea,moveis_decoracao,51,900,2,350.0,68.0,8.0,13.0
a0265e3673ba47db572b54978126f6ae,moveis_escritorio,50,344,1,15000.0,50.0,90.0,50.0
707f450cad7285fab5ad90bc3e7edb0c,utilidades_domesticas,59,604,1,1350.0,20.0,26.0,20.0
c43e56cd1eb509cca120446a61579ec0,utilidades_domesticas,60,413,1,1800.0,30.0,30.0,30.0
f38c674135b439b1d2deb1d68da9f4e6,automotivo,57,1412,9,600.0,20.0,10.0,15.0
d8de812ed5d981fc6a3984f4caa2aa05,esporte_lazer,44,1854,6,525.0,29.0,16.0,20.0
8919fe2519b9ec1fb828896ac4f52959,perfumaria,21,50,1,400.0,16.0,16.0,11.0
b0633125352f6e66818a7ca9afae94ea,moveis_decoracao,16,113,1,550.0,24.0,26.0,24.0
a9a7d44cbdf7c47c958a585d66a0c3e1,relogios_presentes,36,622,2,146.0,17.0,12.0,14.0
41d506be95a4196a805249d2a21d5a1d,informatica_acessorios,36,347,1,837.0,37.0,14.0,14.0
9393358ebcb4f182f4e42d0c3b863cea,bebes,54,438,3,11400.0,65.0,15.0,70.0
5e2ac503775a811be6aeeb9f87830e92,artigos_casa,60,680,1,1250.0,19.0,17.0,22.0
ee7ddd73a334c7e3d03131492419d68c,pet_shop,57,695,3,3650.0,36.0,16.0,26.0
c3ae2001a36724730fbc90605b9278e2,telefonia,55,1311,2,50.0,18.0,6.0,11.0
c1bc9defa33e2379fa66e43dd1875480,moveis_decoracao,49,170,2,6000.0,60.0,30.0,35.0
84b07ca699022a5dde105eddb4aac42c,beleza_saude,35,1830,1,3400.0,21.0,25.0,20.0
0f789be671fe3bd93cabfbb4a710f282,artigos_casa,47,325,5,450.0,20.0,10.0,12.0
91a3881d2f8b6a993db6ba07284637f5,esporte_lazer,39,1195,1,600.0,16.0,16.0,16.0
b40fe421bacf70aea142a25d3ac7737b,ferramentas_construcao,54,294,6,1150.0,25.0,25.0,25.0
288355bec90ef746899dca8aba646bae,brinquedos,44,1157,1,1053.0,31.0,10.0,31.0
a131898c2e4bf38b5d4c0b27da5066f5,artigos_casa,55,224,1,500.0,16.0,10.0,16.0
40a4dfa74a737d541b3c2413edf9cdf6,utilidades_domesticas,27,840,1,1000.0,22.0,10.0,18.0
f1bc55c22d7212dbec2c6d63e38f577e,pet_shop,52,484,1,450.0,20.0,20.0,17.0
e9cbc0910ab050cbd92fbeb051c270ea,variedades,,,,600.0,32.0,15.0,28.0
fa54ba82589db68838ebe0225c34f30a,eletronicos,34,212,1,16283.0,19.0,14.0,15.0
91aafdd30514579d1568b6f5ae9f4d46,brinquedos,57,175,1,300.0,16.0,17.0,11.0
9c7a34846a13f5d0a066eb6af9ecbd87,beleza_saude,34,585,3,900.0,23.0,5.0,15.0
a26401cdab37b65e545c1d3c6cf78829,brinquedos,47,458,6,200.0,20.0,9.0,12.0
d8c0c707d3724304033f593878cbf1e6,perfumaria,32,140,1,200.0,22.0,10.0,19.0
9800689d93f54df6dc7df4ebd0aade31,bebes,58,527,1,650.0,36.0,31.0,19.0
ac0878b52e5945bdee454c4115c40f41,bebes,36,767,1,2550.0,56.0,61.0,28.0
c32884d4d3342f6417b68f1f46387a14,esporte_lazer,47,396,1,600.0,16.0,15.0,15.0
a35a59bff183b90417bbc511e1d82115,papelaria,36,293,3,500.0,16.0,11.0,11.0
989fd236458b9c0410bc6e1cf23cde4d,variedades,36,777,4,1700.0,25.0,26.0,83.0
1f792af77962621fcc80d95c2897bb19,artigos_casa,40,590,1,250.0,22.0,5.0,16.0
38fe0e2fa28ed26b9d47b0cd5d15bf78,eletronicos,54,703,1,400.0,16.0,16.0,11.0
7bc54db14f2630ffad57c1a57fd16e97,artigos_casa,48,320,1,250.0,25.0,10.0,20.0
b8c89bc5fa5dc01a5d0e9d7ff0c6ecdb,artigos_casa,55,444,2,700.0,50.0,16.0,16.0
64436613065a92eedd50d29d4ec0cd43,pet_shop,53,1069,2,6700.0,50.0,20.0,40.0
01c9a70868bec5b748c67fcc26ce5895,brinquedos,39,601,2,750.0,30.0,17.0,30.0
bb812a3e630d1d023c592cbc7b3bd7fa,moveis_decoracao,58,1972,2,3000.0,69.0,11.0,11.0
0502d1a36be75bd36b452f31c6ed264a,variedades,,,,100.0,16.0,7.0,11.0
bebbcfea18211f83db416d354127179c,utilidades_domesticas,53,1254,1,1450.0,31.0,25.0,27.0
1b34de23397f9ce6cd0f7afa27b60eac,beleza_saude,33,3664,1,430.0,22.0,17.0,21.0
7c1bd920dbdf22470b68bde975dd3ccf,beleza_saude,59,492,2,200.0,22.0,10.0,18.0
7cefa61c9500d9b227894dc48d8b5a0b,utilidades_domesticas,54,544,1,300.0,25.0,10.0,36.0
0fa49c14fe89e1b01414391d78f7c1a8,ferramentas_jardim,48,595,4,200.0,30.0,10.0,20.0
bec00ee6877f9d594709ce242ee4d0ec,ferramentas_construcao,59,2224,1,200.0,16.0,10.0,11.0
c89bd65c6473672b9808b1d1d4df79f9,relogios_presentes,42,657,1,400.0,23.0,15.0,19.0
9373355c0da0bbda1d469b3504731ccb,beleza_saude,15,552,1,50.0,20.0,20.0,16.0
9d1b18c0f7c3a2519bac1d098f945278,instrumentos_musicais,53,1852,5,1200.0,28.0,11.0,26.0
8974fd022d2eca68246a2f754bd7de23,telefonia,26,345,1,200.0,27.0,5.0,20.0
1067af1d38844dcfaa3471839f922c27,brinquedos,33,254,5,9080.0,57.0,24.0,45.0
913dfc85a7c4fd983be2290f7436bedc,telefonia,55,568,1,225.0,20.0,5.0,13.0
db05ec86bc6eba7fe32b9c739d31b10d,artigos_casa,46,406,1,10150.0,45.0,30.0,45.0
364c1b9489e407ae88e1d12e89514428,livros_tecnicos,58,2533,1,1900.0,17.0,7.0,23.0
09e68b02ea2a0a677c692faac3735c9d,esporte_lazer,30,626,5,227.0,26.0,15.0,19.0
20856303113ea417297aa919436cf183,ferramentas_jardim,50,591,3,1450.0,20.0,20.0,20.0
bb09b0b5f3668effd704b1b2a83cae9b,relogios_presentes,57,616,4,400.0,16.0,2.0,11.0
5357939c29929b47a0e3923da9155fbd,eletrodomesticos,57,144,1,400.0,27.0,13.0,17.0
a1efe4a86746c22541813e22e1d23e33,artigos_casa,52,289,1,1950.0,34.0,9.0,33.0
cfef9c856c09723e61b5eeaed5aa2d55,beleza_saude,57,2556,1,300.0,16.0,6.0,11.0
7176644f1859de00c3d63b38ba606aee,moveis_decoracao,44,729,1,900.0,35.0,10.0,35.0
3c5ff6cfedc787b5fcef300fc43100c0,automotivo,53,2118,1,300.0,24.0,18.0,18.0
39e96bf755a2107369e9e9654476d831,moveis_decoracao,57,470,1,2200.0,50.0,20.0,40.0
951b0c4b9f14bd5f821ceffb3cd6bdeb,beleza_saude,34,267,1,606.0,19.0,12.0,16.0
4db04f1ae830079ac83e0fc9c63216a3,relogios_presentes,41,681,1,167.0,21.0,13.0,16.0
66b1f09e746c05761bcaccf6339bde8d,eletronicos,36,816,1,3050.0,40.0,8.0,40.0
a1ac36693a5e8d933e05f9df9180c9af,perfumaria,51,534,1,1000.0,22.0,9.0,15.0
8f182b62914de7e1eac12f09b125e9a6,casa_construcao,59,664,1,8700.0,30.0,35.0,30.0
53a0380bace091a275d6f6a7e46c07b6,bebes,46,251,1,213.0,17.0,8.0,12.0
ffa255211c5d16ec8ebadcb5729c96ce,eletronicos,46,223,1,100.0,23.0,8.0,12.0
4b2772e2e34787603725226af352e466,beleza_saude,30,150,1,200.0,16.0,9.0,14.0
1d7997c2448b27bd70c631b37acd27c2,esporte_lazer,54,1552,1,400.0,28.0,19.0,19.0
a8626e1c9d4273aa4bb5065747148d30,ferramentas_construcao,54,123,7,9500.0,44.0,15.0,33.0
3a135477bf41350a0b1d8afdf616d446,brinquedos,56,928,3,600.0,52.0,9.0,19.0
bed95d69e90e758da84f50f57dc0e31b,pet_shop,50,1983,3,3000.0,105.0,16.0,16.0
739e8ddbbd7a0d61e33949614a14d8cb,artigos_casa,44,473,1,1150.0,55.0,15.0,45.0
642e125cbc752b4eeb8faf442319c39f,automotivo,59,228,1,500.0,35.0,15.0,35.0
b2e9a7118faa5cc45d5bbaef6c53c40f,automotivo,55,551,1,100.0,23.0,5.0,23.0
e12b3c9c9c2dd369393d99e021901220,eletronicos,47,576,1,403.0,19.0,8.0,12.0
d66efed659bfd2df454da7f4c4dac4dd,ferramentas_jardim,50,1082,6,860.0,31.0,15.0,14.0
cdc9d87e17ccf98f35634e6c3b77073e,esporte_lazer,57,1236,1,4250.0,20.0,20.0,20.0
c4c508eec81b6f7eb8153419004c6450,malas_acessorios,59,472,4,20850.0,50.0,50.0,50.0
ac81bacb0ef8c88048ad83765dfeefc1,climatizacao,56,1351,5,4500.0,55.0,16.0,26.0
bc0cf6f75f7db177ba3d47677f5e467f,variedades,,,,200.0,16.0,2.0,11.0
e5eadf9be70a4a9fa514019542fc330a,eletrodomesticos,48,543,2,1200.0,35.0,20.0,30.0
ebe731afbcf530cfaa1e5260be512e9b,esporte_lazer,45,941,1,1300.0,100.0,8.0,15.0
f9cba524b5d78761e38224422cc54272,esporte_lazer,51,1498,1,1500.0,20.0,17.0,17.0
8f5bd114ef009fccfa3fd221b6bf7465,relogios_presentes,28,890,1,409.0,16.0,11.0,12.0
7fa79f73326e6b9b13b79f60a435d4a5,esporte_lazer,45,570,2,725.0,19.0,14.0,15.0
9e261f5543c32312afa68843fabcc119,pet_shop,33,964,1,4600.0,46.0,27.0,28.0
1468ae815f666819cd3fa15be0cc035a,eletronicos,58,870,1,575.0,26.0,26.0,26.0
503a2b62d0d1faa8d1950c483231aeaa,climatizacao,39,132,1,375.0,24.0,12.0,17.0
2ccb88cb2c4943230baf9a184b76b76d,beleza_saude,29,817,1,550.0,20.0,14.0,14.0
e14717f9b1abbf7601efb99f26194d0f,moveis_decoracao,58,1103,1,1200.0,30.0,30.0,30.0
de2ac390da8e5e9cc2c6bc88d5c5357f,relogios_presentes,41,438,1,400.0,20.0,14.0,16.0
8aeef27d525d6bfa3b48e599a6c15ffd,fashion_esporte,51,567,1,500.0,26.0,10.0,22.0
8d29be6478bbde713745b8f567edc734,esporte_lazer,33,556,1,600.0,23.0,11.0,20.0
a85e15cc715d8d8ce1d520208aa1304c,esporte_lazer,53,479,1,900.0,16.0,8.0,13.0
13c270dd3d811877114b2a225436a79a,moveis_decoracao,59,1972,4,300.0,69.0,11.0,11.0
5492f900418b499c9ea1479ebde6e1de,esporte_lazer,44,85,1,300.0,26.0,3.0,15.0
9c04b0496b6216fd87416d7fb07b4330,esporte_lazer,52,671,1,600.0,20.0,13.0,13.0
a916a0b56448758409cb1147fa3d1f8b,malas_acessorios,49,905,6,575.0,44.0,8.0,33.0
cfe9e8e1f0400c8cc665d41722f34086,moveis_decoracao,44,696,4,1500.0,35.0,40.0,35.0
07675856c4bfe13a38ddb23da5c3b176,relogios_presentes,34,513,3,500.0,38.0,12.0,38.0
4c8dfecc09a4b15b7c71b219278d9026,papelaria,64,582,1,700.0,19.0,44.0,31.0
c64c9d2312789dce6e9c70ebd1f20dfa,papelaria,39,112,1,250.0,20.0,20.0,20.0
5003ff32113b7b59ff731227f2681fbc,ferramentas_jardim,47,304,5,1000.0,40.0,3.0,15.0
fe117e311878a71023889b7bb6a8f2c2,moveis_decoracao,35,393,5,300.0,16.0,6.0,20.0
eefc25bf3b54c979499864b77267ee2f,variedades,52,1049,1,2300.0,42.0,25.0,15.0
63085bb4366ded27bcb63cbb59b4103a,bebes,53,872,2,13100.0,38.0,47.0,44.0
d6783a6e939059f756562de164efc447,moveis_decoracao,43,442,2,300.0,20.0,11.0,16.0
7c1001239dfe84755f6c35910436abd1,automotivo,58,1125,6,100.0,16.0,5.0,11.0
c077c1ab5ccc8f57fd2fb6fd2f0b03cf,utilidades_domesticas,53,786,4,725.0,29.0,15.0,23.0
ee87cb643157a8d2ac8298461517533b,moveis_cozinha_area_de_servico_jantar_e_jardim,30,580,4,3400.0,85.0,8.0,26.0
ebe595e1317f86ea08bd4fbe8f92bc1b,moveis_decoracao,46,709,2,1300.0,50.0,30.0,30.0
3f99d6b2a7b33ab37d6efc8ad7e45e4a,esporte_lazer,56,615,1,10800.0,28.0,8.0,11.0
2a217b8a9a09c938d8db704d99d7f053,brinquedos,54,77,2,3150.0,39.0,30.0,29.0
e4ca96fc59c4c8b33c732c377b5c773f,beleza_saude,57,2576,1,1233.0,21.0,22.0,16.0
8345f12ea3fe16a74912415280296b3d,moveis_quarto,42,750,2,16300.0,65.0,35.0,35.0
2760b32bd7165bc5a03f2f0b53caa2d5,casa_construcao,56,773,3,1100.0,25.0,20.0,25.0
249360ba4e41990fed4dd4398fd1893a,bebes,53,1286,4,200.0,16.0,6.0,11.0
94a6c010ef78e62cab34c6caf0a69b5f,consoles_games,51,113,1,100.0,20.0,3.0,15.0
9b2b4b4fb7f956d73db1052f952e14f8,brinquedos,57,538,5,6050.0,81.0,8.0,56.0
35b265fd684b08f6f780239bf05a390b,moveis_decoracao,56,1042,6,1170.0,22.0,12.0,20.0
a06766fec51c96d4d0bce282906735eb,artigos_casa,55,626,2,650.0,16.0,10.0,16.0
8264f2dcca3aa83cb217d7f09e9c8cf8,relogios_presentes,51,624,5,200.0,16.0,2.0,20.0
8229dca25207625966da8cffda27446c,variedades,,,,700.0,24.0,4.0,15.0
a6b9a1c0a432a6c03bde26488dd46845,esporte_lazer,55,791,1,5750.0,33.0,15.0,18.0
0a7a5763f6ee3b862ca27208f8fbbdb7,variedades,,,,1000.0,20.0,15.0,20.0
86beb8b7298c47a334e6deb8545b2f06,alimentos_bebidas,29,205,1,350.0,16.0,2.0,12.0
a5d722d3c7a01c224625d0881e630503,informatica_acessorios,57,905,4,500.0,16.0,6.0,48.0
ae708dce075c96f220a0ad5adb2dc984,eletronicos,51,1461,4,1117.0,19.0,14.0,19.0
38fbe42a76e0c841c9445467b7e5ab30,artigos_casa,45,734,5,550.0,16.0,10.0,11.0
5295e2ed3de019d54ea93507c27b3ded,informatica_acessorios,50,688,2,200.0,39.0,9.0,20.0
d966205671b5b10dd91ce7a8abde38af,consoles_games,57,300,1,300.0,16.0,2.0,12.0
33b0f8037510c23d243bb510d7d6e07d,artigos_casa,50,804,1,1200.0,20.0,16.0,20.0
3b17509fe0ed9bc707f338cdeed4fb45,esporte_lazer,57,744,2,1100.0,47.0,10.0,15.0
541f87698fb1b63df63ba4989dcc25ce,utilidades_domesticas,60,338,2,3100.0,18.0,18.0,18.0
f8912361eece17527c97b26793def92a,utilidades_domesticas,55,429,1,2000.0,38.0,25.0,32.0
dc84e20150e6742b653dfdd592c4bd42,esporte_lazer,56,279,1,175.0,18.0,9.0,16.0
a11b842166a17bc29bcdcb3cb45a50e3,beleza_saude,45,806,1,19600.0,40.0,35.0,46.0
70fb1a4e096e46196c07bcb13f615a44,automotivo,58,784,3,5300.0,42.0,12.0,27.0
81a715d81e8758ea2cc757359c2272a4,artigos_casa,54,265,1,1420.0,38.0,13.0,31.0
08edd1ffee7a3c812f5de54409d678fd,esporte_lazer,47,277,1,9000.0,50.0,30.0,20.0
cb7c5ecc59b4812139816ae4fca6fc5c,beleza_saude,37,377,1,5400.0,38.0,18.0,22.0
759f2746cbd8fc01367864eccec63d46,esporte_lazer,31,3889,1,300.0,20.0,10.0,15.0
167a7aad1e1e0717b9b5ab7d6c724ad5,artigos_casa,55,844,1,850.0,25.0,5.0,25.0
08ddfb809affc027d1aec6d639969dbc,telefonia,60,2151,2,167.0,18.0,5.0,11.0
ff7fccf8513f360157f0660fe51d1d88,esporte_lazer,59,1313,2,1500.0,80.0,14.0,16.0
02d48451331287e2bf12560d032d57a6,eletronicos,55,981,1,150.0,18.0,5.0,24.0
e33df02e384487f2bcd3788619f89215,utilidades_domesticas,48,274,1,350.0,20.0,30.0,30.0
127a2524a6031c086994214acb167abb,artigos_casa,52,298,2,900.0,37.0,23.0,35.0
c0ac2a543ff5a5c714f9a013becd4b07,telefonia,60,818,6,350.0,17.0,4.0,12.0
6c81db10f914c4d032b14fa93aa0a818,fashion_bolsas_e_acessorios,56,198,4,150.0,16.0,16.0,16.0
2f8074adf7fe41641ddf0df320e6a7bb,esporte_lazer,31,1055,1,1050.0,25.0,20.0,20.0
a082e9e8862e9af2f5a67c2dd1594010,esporte_lazer,54,1411,1,9200.0,48.0,26.0,29.0
283fdfa75f7a2ae01b4dec87edd065eb,relogios_presentes,33,1128,2,250.0,19.0,14.0,16.0
c64fe38b4cd06cf7160d9505aa87b8c4,moveis_decoracao,54,691,1,1200.0,34.0,8.0,22.0
fb8e60e1a3c247d3a2e17f6986e71a40,moveis_decoracao,58,858,1,3250.0,31.0,43.0,21.0
364db9e9154fdb4355992287afa4f774,moveis_escritorio,43,1394,1,13550.0,58.0,55.0,24.0
caa5c299fe513376ba573cfd401822c8,telefonia,47,530,1,200.0,20.0,20.0,20.0
6d279e8024e26a17c156a724bbfc1e8d,artigos_casa,51,301,2,950.0,37.0,23.0,35.0
c59dfb699331407c6b2ab0c81b723a57,ferramentas_jardim,55,681,4,2150.0,26.0,13.0,16.0
efef7693f29ade58f93ae5af15e7fa18,relogios_presentes,58,612,3,400.0,19.0,10.0,15.0
661a91a30ea8c794b9f0b1797d8832c0,beleza_saude,40,1146,2,900.0,20.0,15.0,20.0
40609ed7bf566f65da3424c1f2d1949a,beleza_saude,48,832,1,350.0,20.0,15.0,15.0
28a165dbe64110f22085544d7129480c,automotivo,57,829,4,17950.0,60.0,60.0,37.0
94dda8dfb4b1536bf54afadab8759430,papelaria,44,721,3,1450.0,100.0,20.0,11.0
47531d889b34bc318d8594a7d53fcdb6,utilidades_domesticas,56,644,3,650.0,24.0,5.0,18.0
b047c3de5919c05d6aa9e3ba5494b993,relogios_presentes,42,712,1,350.0,16.0,12.0,11.0
c589625c8ccc7bfd2e8f1fb041e24c4a,beleza_saude,60,919,1,150.0,22.0,3.0,15.0
119618b5b8b80a24cd99506dd5424864,beleza_saude,53,137,3,200.0,19.0,11.0,23.0
6609d9a71a607da16750629d52615b9e,moveis_cozinha_area_de_servico_jantar_e_jardim,46,964,5,1100.0,20.0,16.0,30.0
dddb4a3fd16bdf4c09003466f7e910cd,eletronicos,52,1653,4,3000.0,46.0,6.0,19.0
29e3ff0225dcccc5bce7606bdb6362ca,informatica_acessorios,46,2329,1,250.0,16.0,3.0,11.0
b702f87f77d8feeade7ecf7598730aea,climatizacao,54,445,1,150.0,20.0,8.0,13.0
d1ca3c14afb720b5b5c29b3853ea91d6,consoles_games,43,400,2,346.0,18.0,8.0,15.0
dfd2ea8377fb2838a47488c5b37558f1,moveis_decoracao,54,619,3,3100.0,36.0,14.0,26.0
3b82e71cc658bc6deadebef95075ac55,bebes,48,395,1,350.0,25.0,5.0,17.0
b65b2a89b987d90577d40783232a49c2,automotivo,57,305,6,100.0,30.0,5.0,20.0
1a42ea14c75ffc04ad584513567457dc,moveis_decoracao,58,1117,1,6050.0,36.0,23.0,14.0
7198684d5c66560fe6d2061944263991,perfumaria,55,983,1,195.0,16.0,11.0,14.0
12d4987d54a76e89154609f0314b0f2f,moveis_decoracao,63,627,2,1500.0,38.0,7.0,28.0
9aa9caee155847cddb376a05b9a39791,telefonia,60,777,6,300.0,17.0,4.0,12.0
dc66bd48cefb7c7c6ad6684a305b6bf7,artigos_casa,60,340,1,13050.0,55.0,40.0,40.0
1c9b5793de6c3d9117b6218552c87a8f,perfumaria,54,956,1,50.0,16.0,5.0,11.0
546c7560260f60e3e086d0d106ced4e5,seguranca,36,426,5,975.0,30.0,16.0,17.0
01a52711e989a817ab8100ddcf8d2940,beleza_saude,46,2771,5,1500.0,16.0,35.0,11.0
0cd64dc65679876c896236bea326589b,artigos_casa,51,242,1,2100.0,37.0,23.0,35.0
aaa80d9e907a758e151586557e332acb,utilidades_domesticas,40,617,7,650.0,16.0,16.0,16.0
060f71666a632ac169814c0f1d715571,audiovisual,60,2069,1,150.0,16.0,8.0,11.0
bd3a02d6af913ac8e4c07501e2a13dd5,artigos_casa,55,702,1,2146.0,42.0,11.0,36.0
82df58fc3b035fa426a2b49c76d08183,beleza_saude,46,580,4,350.0,25.0,15.0,15.0
d4a816cb2593a92590cabdaef6549b90,beleza_saude,60,1078,1,700.0,22.0,6.0,12.0
0c7f7adec80b0c8ee4b9703490bbb13b,variedades,24,491,1,3400.0,28.0,24.0,14.0
5e7cc48697a854bbc6724010b0ef229a,pet_shop,59,3809,1,163.0,18.0,9.0,14.0
05aed8abae327b8ffd61bc5255566bcb,relogios_presentes,34,386,1,288.0,18.0,12.0,14.0
ace1e48f1eaabcd539235e93e361133b,moveis_decoracao,29,356,3,400.0,25.0,5.0,17.0
02f8dd9b448d3ec2c73e65a22da1121c,relogios_presentes,43,597,1,250.0,18.0,9.0,17.0
f0c093c76173e238666bd40e2bf6217f,casa_construcao,53,1135,4,2650.0,40.0,100.0,20.0
05216a143a65ab59fc48fb996e7c12d7,fashion_bolsas_e_acessorios,53,353,1,200.0,16.0,2.0,11.0
21b8d4953c15b92f2f965c89dc35f5ad,variedades,53,615,1,2600.0,34.0,20.0,34.0
55908895fd7f77982b2d5a8aa1ad4fae,ferramentas_construcao,39,945,2,1550.0,30.0,12.0,20.0
915c18c67d0b3cd469475eccc0d1a7bb,eletronicos,46,391,1,150.0,18.0,12.0,13.0
ff62353dc0792586fbf5eefd8dc7d4f2,informatica_acessorios,54,107,2,100.0,16.0,16.0,16.0
ca3c22c251a7108b6b122830eb0c60be,beleza_saude,39,740,1,1307.0,23.0,26.0,20.0
2615fceb03b49ac6e17fa5b8f2e11b63,automotivo,58,951,1,900.0,25.0,20.0,25.0
de80c37c338574091896b7fdc81dc376,beleza_saude,49,1045,1,333.0,17.0,17.0,15.0
4abee1df902ca6e48fbe864fce3859bc,artigos_casa,48,610,2,30000.0,80.0,40.0,70.0
277d6549d32c2aa10255800083e9816b,malas_acessorios,52,1290,5,450.0,20.0,40.0,30.0
6822e9990a24f2d91e680ce5cf1731cd,utilidades_domesticas,58,269,3,1200.0,20.0,15.0,16.0
d0b7819045279ab3714828e45975b0f2,eletrodomesticos,60,363,1,200.0,27.0,13.0,17.0
de080af2646decbba6b52a3213110d29,informatica_acessorios,37,1227,1,300.0,16.0,16.0,11.0
685eb31be05f115e9263add7796ad95b,automotivo,59,687,1,6900.0,65.0,13.0,65.0
ca96d665a6e7038a569277e6e1d34cbe,utilidades_domesticas,44,676,2,500.0,37.0,13.0,37.0
d4ad0f0b0c607df43752eaa46d2ebae3,moveis_decoracao,58,2010,2,1550.0,69.0,11.0,11.0
d65575084607f3d226fb972abc1eb3ce,esporte_lazer,28,973,1,7400.0,49.0,22.0,41.0
c7947a8c9152878bc0db8043590fdca3,perfumaria,60,863,4,1500.0,30.0,12.0,28.0
2d8b38d9f3b8fc6659cd5aa565ec6e7c,telefonia,42,444,2,200.0,16.0,2.0,11.0
51f3e4065d72846204cb4f46d8d241cf,eletronicos,44,995,1,4925.0,35.0,45.0,34.0
b7ac8ecaf5ed4b43bdc03039a67550eb,utilidades_domesticas,53,1396,2,1750.0,70.0,15.0,20.0
87590844d536e6b92ecf707a50b1c2c5,utilidades_domesticas,51,437,1,600.0,21.0,21.0,21.0
8c6d562d9dde3d9658cf7496f61c1bc0,artigos_casa,53,607,1,225.0,21.0,10.0,14.0
eef398550dd9575d23eb2d8be74bd45a,variedades,,,,1100.0,35.0,15.0,20.0
3d6ef61d81f0c2a0957ea6bb00ecfdb6,bebes,46,1658,3,10400.0,100.0,23.0,27.0
06605f576f31279bada4552051c88fa8,beleza_saude,54,1378,1,100.0,19.0,5.0,13.0
5bd6493a2d5a384987386f2696bae33d,telefonia,59,405,1,150.0,19.0,4.0,11.0
422b4786464320e3645a7e018ba60d8e,artigos_casa,40,175,3,98.0,25.0,8.0,19.0
09c2dde20d43a2b79ec17fa25a5ad6b6,pet_shop,55,703,1,1500.0,50.0,30.0,33.0
ba10a94473b332e323abe844988c8237,informatica_acessorios,44,526,1,573.0,21.0,14.0,11.0
57c406b73a01242b1d0bd1bcae6d7cc8,esporte_lazer,60,1063,5,350.0,30.0,10.0,20.0
1b8fb2ae90018c533840a8085ca9ad6b,bebes,40,1465,3,400.0,30.0,10.0,30.0
9e9289854d376ff8dc6d8200e4d1d754,ferramentas_jardim,60,208,4,1214.0,30.0,17.0,17.0
f15c46e2da924b1fc76fe638911262bc,consoles_games,49,1944,1,650.0,16.0,16.0,16.0
b3e40ff639c185b9d726b4b19c17e6cd,variedades,55,934,1,2150.0,42.0,25.0,15.0
d4bf1e29f41deda5c71da49e4d39fb1d,artigos_casa,42,119,1,250.0,30.0,4.0,40.0
2604055d4992311bc72b115b6d5adda9,esporte_lazer,60,1971,3,1600.0,80.0,20.0,25.0
7c0ff36de8af6f43eabd036729ff64a1,relogios_presentes,57,373,8,100.0,16.0,2.0,20.0
0c104824e973388d487c67a3d346e96d,beleza_saude,45,3078,4,19300.0,26.0,61.0,40.0
9b239ddc71920a6c762514e65bd0b810,beleza_saude,53,172,6,50.0,19.0,11.0,23.0
f18b93fa1044028aa85eb5a0b3ac236a,moveis_decoracao,52,322,5,1150.0,30.0,20.0,30.0
12e479f1c2c0417147a3e36302485e30,relogios_presentes,46,629,1,400.0,24.0,8.0,12.0
74c355c68504e6c4fbd038441ad49ff0,variedades,41,939,1,300.0,16.0,5.0,16.0
04a3191f211edc97716020026d05d260,artigos_casa,56,595,2,950.0,42.0,29.0,28.0
820e8f306dc9ffcf6d0957516084cca1,brinquedos,43,932,2,888.0,25.0,21.0,20.0
a7d5fa700644b265f69df9ee7ed60b70,esporte_lazer,59,716,6,2650.0,20.0,20.0,20.0
658fc5dfe583ae91ca3268d4d3762a6e,artigos_casa,51,89,1,700.0,20.0,10.0,15.0
765a8070ece0f1383d0f5faf913dfb9b,esporte_lazer,44,1186,1,683.0,20.0,19.0,19.0
f9ce5e5592c6836c379b156a1b043684,esporte_lazer,59,247,2,1250.0,60.0,15.0,15.0
57f2bc497c1a3ebe41ba7a06d78ed159,relogios_presentes,55,336,4,250.0,16.0,2.0,20.0
0ae6a95572c97bf4c2552e0d27762c5b,beleza_saude,33,578,1,355.0,16.0,15.0,14.0
6aa994db5bc7ea9506451c75383e8769,artigos_casa,50,264,1,850.0,45.0,15.0,35.0
d14782a9f0856f169ee3b60303efa262,moveis_decoracao,56,509,1,500.0,55.0,6.0,11.0
a61e6f38c9e407c7d764ea09d34b0a76,variedades,,,,200.0,16.0,2.0,11.0
ed422fce524c3594fa48735099ec0d6a,moveis_decoracao,42,392,1,5700.0,30.0,30.0,30.0
747152211829957938862c1c57a30f16,moveis_decoracao,59,1862,2,1550.0,60.0,14.0,14.0
d2e8130fbec52f5dac0571ea1993f28a,informatica_acessorios,56,1199,3,525.0,23.0,11.0,16.0
f0f8e8693b43bde9ee1a7eedfe3d067b,iluminacao,54,538,2,7900.0,20.0,16.0,59.0
3f9e3d09e34ab9b3235a0e9d584bba25,moveis_decoracao,40,94,5,400.0,16.0,5.0,20.0
6d092506d5b32a4d839e08c1983adaf8,moveis_decoracao,52,1085,4,400.0,50.0,3.0,25.0
a339bbe3ca97f9ea3c3828f4e7de5309,beleza_saude,43,2356,1,725.0,20.0,16.0,19.0
bdeac558883a62ab1a048c8f3a0cdf3c,utilidades_domesticas,28,501,1,100.0,30.0,11.0,11.0
1a758361b1c10b3ffe3d3373332de319,esporte_lazer,56,819,4,175.0,17.0,10.0,13.0
32b3bc24ea45a74dfa67d9cb1886a37e,brinquedos,53,327,3,600.0,35.0,12.0,20.0
701db8a1fbbd75d0f9bdd29c2b7f891a,informatica_acessorios,58,305,1,300.0,21.0,7.0,14.0
00e2784f846618842151d40ec730ece0,moveis_decoracao,42,914,1,800.0,21.0,34.0,34.0
eefbc932268cd0bdde377b3d8ecdacaa,moveis_decoracao,63,2339,4,7700.0,22.0,19.0,22.0
052e139cd94698e09bb2502cdc7b9287,utilidades_domesticas,55,323,1,2700.0,28.0,18.0,20.0
9d703ce870d13f6fca072b0fca977fc1,eletronicos,51,909,2,350.0,27.0,5.0,12.0
bf1ce2996ddec3052749c74b73b02b86,variedades,,,,400.0,18.0,7.0,17.0
d59267ac2ab76cbed276481ceb149023,papelaria,42,170,2,650.0,16.0,3.0,11.0
6f2d7833b8f0a094571ebddebdc6623a,telefonia,60,298,7,350.0,17.0,4.0,13.0
fcd119ff3868ddbb0013932039418ede,livros_tecnicos,46,545,1,550.0,24.0,3.0,17.0
05c693a8085dad009cebdcf2830ab738,telefonia,52,525,2,200.0,19.0,4.0,11.0
8c8cb3d0f2853c44cbf9561c7d93beaa,telefonia,46,832,1,175.0,18.0,4.0,16.0
9a21b1152363a1bae31bf0165127b067,eletrodomesticos,58,145,1,250.0,27.0,13.0,17.0
bc0d01d2910d7201e558804df7d7f5a4,esporte_lazer,47,1128,1,300.0,33.0,21.0,27.0
78680f078476e5a28ec2c145ee75347a,variedades,54,822,1,1100.0,30.0,12.0,16.0
c56bf3984c2d59f53233c4bd82e8a5d1,moveis_decoracao,62,3116,3,1500.0,53.0,8.0,11.0
b84c03edd6414193f906d543a479a0e6,consoles_games,39,1028,3,400.0,20.0,30.0,20.0
491363806b8d8e7d7befa5635d415c45,esporte_lazer,54,795,1,200.0,18.0,8.0,14.0
fadc89c2a60ff96b18827644074dfd70,utilidades_domesticas,52,827,1,1800.0,30.0,30.0,30.0
da501879ed2eaf908ff2efd3e8535abc,moveis_escritorio,56,375,2,22550.0,79.0,12.0,40.0
fc04e723b53a7b372e081da67cf6aca2,artigos_casa,63,643,1,1500.0,38.0,7.0,28.0
0a80523b7c5fcae062ee678d12df2a80,utilidades_domesticas,29,765,3,700.0,35.0,12.0,28.0
52a5346c9dae9cd560b103875b94d123,variedades,,,,200.0,22.0,14.0,14.0
ed71b39fde2f884a620dedc2053dcf86,automotivo,60,442,3,350.0,25.0,25.0,25.0
8171a6838a6c6eec7d768990eb7ecd42,artigos_casa,42,170,1,300.0,31.0,6.0,26.0
ffb64e34a37740dafb6c88f1abd1fa61,esporte_lazer,26,417,3,700.0,43.0,15.0,35.0
b2f16abc8f4f288092e5d85939548637,livros_interesse_geral,55,448,1,200.0,24.0,2.0,16.0
fbbccb1d65066d96ce4cc9edef2f5a0a,pet_shop,51,301,1,2500.0,65.0,50.0,45.0
683487a7a9ad71b5776c9b9bcad37eed,fashion_bolsas_e_acessorios,52,23,1,200.0,16.0,2.0,11.0
96277485af1fa20c328fa90e57754ead,moveis_decoracao,49,219,3,600.0,16.0,5.0,20.0
67837a6bc3074b80f6fe8efc4740d37e,variedades,40,618,4,882.0,28.0,14.0,19.0
d3d4e7e463c2dfee7980633905a71cdd,artigos_casa,55,169,1,300.0,26.0,3.0,26.0
8466762a9393a2b2b1de73f3cf6081a3,moveis_sala,29,104,2,2700.0,47.0,6.0,47.0
8f8e77fd044480226cd55c1ebb9df34a,moveis_decoracao,53,317,2,350.0,16.0,16.0,22.0
181097c3de536f867a3c1dcfb06970de,artigos_casa,38,365,1,1200.0,38.0,20.0,25.0
4ef60b1f697ffec7b21fb506866496f6,pet_shop,44,1793,1,11350.0,80.0,26.0,26.0
7a22c18ef5b314ac41161a5598c05352,automotivo,60,841,2,1850.0,95.0,16.0,35.0
36e188142f61f077323f5d175e1af77e,ferramentas_jardim,52,1858,5,7950.0,53.0,30.0,31.0
89571bdf5db85184c4e877bf9dfaf92d,automotivo,60,1309,1,1300.0,16.0,30.0,12.0
2a592642399b33baf3a5729a6335b21c,perfumaria,47,1320,1,100.0,16.0,7.0,12.0
7a5bda98ff522182a08c469d2d160ab3,informatica_acessorios,33,277,1,450.0,18.0,9.0,16.0
0d8ce3ada96b62b2dd49290fceb45d0f,ferramentas_construcao,47,248,3,2708.0,29.0,17.0,17.0
d6b21712ba181dea6664f1b3e09d650e,esporte_lazer,30,1826,1,360.0,18.0,14.0,16.0
67fa36df2c5e624059dda016bfd72e15,climatizacao,53,286,1,150.0,20.0,8.0,13.0
6edc9b56c4c39bdb01f497fa86554003,consoles_games,60,865,1,150.0,22.0,26.0,25.0
3117617b81eeaddd6d5a788a3d4230f1,eletronicos,32,665,1,100.0,30.0,5.0,11.0
7eedc4bfd32856b0c2b78657036d203e,artigos_casa,55,318,1,16000.0,45.0,15.0,25.0
72a137b85d5a1d82cde242493f118f43,consoles_games,55,411,3,600.0,24.0,20.0,27.0
f3f77f4a417da1f06a6e0eb648d20a87,beleza_saude,32,1053,1,1200.0,16.0,9.0,13.0
f5b42cb359c4fe66e9e90f93dc97e516,beleza_saude,53,654,2,450.0,19.0,11.0,13.0
c3f8ee7e05c01c61ab863e336b0f2e5e,informatica_acessorios,52,381,4,24050.0,60.0,40.0,60.0
eb464e3e06e2701a532c9f08a774d0d0,utilidades_domesticas,50,440,1,148.0,25.0,27.0,22.0
a2246862425c12496bad1be2082015ab,automotivo,41,244,1,398.0,18.0,10.0,15.0
21e4321fa558327afe025bfb800a8bff,variedades,,,,1500.0,27.0,8.0,19.0
322083bacc83416f56c4110e0216c2e1,moveis_decoracao,43,789,1,1050.0,20.0,35.0,20.0
1a0f5bca5c36a68073930270bb47e314,esporte_lazer,54,1403,1,15600.0,55.0,26.0,29.0
13a05309c09bd28a2d0418005ae7a55b,malas_acessorios,64,557,1,1200.0,19.0,44.0,35.0
9e61f47367a7a1d6cafa44817f88f8db,beleza_saude,46,175,1,364.0,18.0,14.0,14.0
483691880798b6f0f657c203494cfe3a,utilidades_domesticas,55,582,2,1050.0,100.0,3.0,15.0
38651ca5be7f992345b0ea57bdf25719,perfumaria,41,634,1,113.0,16.0,4.0,19.0
82495477af19e76ed4b080e66298f2bc,brinquedos,56,645,2,900.0,19.0,33.0,46.0
ba3a1e2c6cc1fb7a27dd74916212e6fb,brinquedos,41,192,6,700.0,29.0,7.0,16.0
4821fcfd5ac4f89ee295f3ac1f20c7a3,utilidades_domesticas,45,567,3,2900.0,52.0,3.0,32.0
87b42927619008f877bfcdd5068e7edf,moveis_decoracao,40,94,5,300.0,16.0,5.0,20.0
138d7037b59dcee052810952c983033b,esporte_lazer,50,621,1,1400.0,21.0,16.0,16.0
140820b3618107caaee76c5433aa4a95,brinquedos,59,973,4,1800.0,43.0,40.0,40.0
6a012e40ee0f3e0ca9b34bbdeedbdd2c,automotivo,55,1076,3,150.0,20.0,20.0,20.0
0214e4741dab5812bb31a61af1dc3de5,artigos_casa,53,284,1,2100.0,45.0,15.0,35.0
6f1ccca9f878a413a495487eb649ab32,moveis_decoracao,32,240,1,700.0,40.0,15.0,11.0
a0425426bd812474106a782b2979e310,esporte_lazer,57,1417,3,950.0,35.0,14.0,15.0
fea7f0c147905a41ca324c0e3234a4c7,informatica_acessorios,60,2127,1,225.0,18.0,10.0,16.0
0f0c4960b05d6145bbb4b348423503ef,eletronicos,32,139,3,1700.0,32.0,5.0,26.0
5b917c70d9b106d8056bdde61c9850e7,ferramentas_construcao,34,686,3,150.0,16.0,6.0,11.0
b1551ef44e04265b510840b991b24b51,utilidades_domesticas,55,1010,1,1000.0,43.0,11.0,37.0
d71dee111aab947d8d1216505f130d8e,moveis_decoracao,15,856,1,5300.0,57.0,15.0,37.0
0b48dc720b9a40d75ce14eda10be0922,moveis_cozinha_area_de_servico_jantar_e_jardim,59,558,5,6950.0,47.0,23.0,37.0
293ee8ac0a45f559cdeba37b938fdb66,artigos_casa,51,290,1,8550.0,40.0,32.0,40.0
8fe93eb771226eeff303130838348e81,brinquedos,54,1113,2,3250.0,32.0,14.0,17.0
a80b3c9fe4065f8159d873438f88be4e,beleza_saude,28,166,2,300.0,23.0,7.0,12.0
171f04960543d71ad6ae0cfd444b369c,esporte_lazer,60,2099,1,3600.0,30.0,32.0,30.0
31352e05b5f8620929e1b8bbbeda5578,utilidades_domesticas,58,80,2,2050.0,25.0,10.0,25.0
22d180b9ee4f302fea5be73325dfea3b,artigos_casa,59,2736,4,18900.0,41.0,15.0,51.0
e49a57a6afd465b7d3cd109daf09ca98,variedades,,,,220.0,21.0,11.0,16.0
37bd6327d499dd991f2da7681625bb3c,moveis_decoracao,44,208,3,100.0,16.0,5.0,11.0
11cf21fc07b965dd7f4bf7a2c3e5f1c4,eletrodomesticos,51,280,3,450.0,27.0,13.0,17.0
c3a52053718435a35e070b991ff546ec,utilidades_domesticas,44,329,6,400.0,16.0,12.0,12.0
5bf57bdef224b9486b45ebba37ec6191,artigos_casa,47,232,1,1300.0,38.0,7.0,28.0
3a8b4f569449a1671e0d172023030113,moveis_decoracao,25,427,2,400.0,65.0,11.0,11.0
19884358087155dcb193ae99f344fa30,artigos_casa,56,405,1,1550.0,40.0,10.0,30.0
0f840300fe45ba963a5d215b62e6f767,brinquedos,50,167,3,350.0,16.0,13.0,16.0
3f2c4414409c0a99c34cc0a7753e37d3,pet_shop,57,498,2,200.0,20.0,20.0,20.0
7766894470ea995b418764065e6bf9ba,utilidades_domesticas,46,648,1,500.0,20.0,20.0,20.0
f838e96e79703e5e94c13c86609530c5,perfumaria,53,957,14,1800.0,27.0,18.0,32.0
3c81b58ed91e248ab04898f42e223b1c,esporte_lazer,40,428,2,600.0,20.0,20.0,20.0
9ea1152d6d52dc57ab2ea49aa626adc1,beleza_saude,49,3037,1,1067.0,22.0,19.0,19.0
015527ec9502daa03dfd0e22ef1d1288,utilidades_domesticas,30,583,1,200.0,25.0,10.0,11.0
fa89410dfdb2990c73083756cefe198b,artigos_casa,57,216,1,550.0,40.0,5.0,30.0
b3d40bac9e6f347b2db2bd3c6897d08b,bebes,54,298,5,100.0,16.0,6.0,11.0
89e0afa29b7165f7a6a95381418dd471,automotivo,52,251,1,21000.0,65.0,44.0,44.0
0f9a07df17934769a978a9b2917ba8a3,automotivo,58,579,4,550.0,33.0,27.0,26.0
05bbe113b2037f89552c644c5cb33ecf,utilidades_domesticas,57,1366,5,10100.0,48.0,30.0,16.0
2b0fac480ecacabf93bee47ad17c0b0c,brinquedos,57,492,2,900.0,35.0,8.0,36.0
9b88165228ce22d96f9e9275c59783d6,utilidades_domesticas,54,435,1,900.0,31.0,13.0,15.0
81d2fa5b1805af5f9e0d08af321b2f35,beleza_saude,49,198,2,100.0,20.0,15.0,15.0
0bed2811f66d80c67e51d3d9a5127233,telefonia,41,689,1,100.0,24.0,2.0,18.0
a44f944687bbcf1d5e4f2af94a55dc05,bebes,63,1380,3,5900.0,30.0,50.0,40.0
e71979722971f0e661a45658746f8af7,artigos_casa,54,236,1,950.0,34.0,7.0,32.0
062e425d963f3eac04709162c3ce6782,fashion_calcados,58,404,4,450.0,25.0,15.0,35.0
679bb6cbef77322da2a4719b6d7d0a96,variedades,44,117,1,600.0,25.0,37.0,36.0
e4f2856ddacde505a7d8a1faa4bf2c7d,informatica_acessorios,50,498,4,100.0,16.0,3.0,13.0
ae81ec7bba7a30b0b609ecc9513699d4,moveis_decoracao,33,510,4,700.0,22.0,12.0,15.0
78d9cee7386ff7a3fb916ee1c076a278,automotivo,59,651,5,8400.0,77.0,4.0,47.0
ff0253002f8f3b78103899fc6f6ba120,moveis_decoracao,52,1673,2,50.0,52.0,11.0,11.0
01b660ebc1a0c293ccf9b117fa6dd8bb,utilidades_domesticas,26,1175,3,350.0,60.0,10.0,15.0
5f96ea82b7c80d875fd5337033db3b6e,fashion_bolsas_e_acessorios,57,382,6,200.0,16.0,9.0,11.0
47523004e8ae631103108af56e8076a2,telefonia,58,828,2,300.0,17.0,4.0,12.0
3e767be391eb16817e11f752578e6c17,eletrodomesticos,59,507,1,14150.0,34.0,34.0,56.0
597730d1cc674def6ae75c213c7da08b,alimentos_bebidas,60,489,1,140.0,23.0,14.0,18.0
ac20a9614b6db9e7289b85c4f4b6216a,eletrodomesticos,59,190,1,1250.0,65.0,8.0,38.0
d41a23bd2bc3ec10cfffc66c0611a290,moveis_decoracao,56,297,2,1000.0,100.0,5.0,20.0
3a33c980b62eb1ef3b8ae61b6fc6fe55,brinquedos,51,465,1,2363.0,23.0,27.0,19.0
246e1686bfd115c87718db59425dfa1d,esporte_lazer,50,1204,2,267.0,16.0,9.0,11.0
0c3ed87d108f627980e66e9258f9c305,brinquedos,56,342,2,800.0,35.0,25.0,25.0
e3d080fd5b3ce383ec62cf67d4cb8238,beleza_saude,58,1360,2,150.0,16.0,13.0,11.0
e8f2a49b96a3da4142c6bb44902b1d78,artigos_casa,58,103,1,1500.0,30.0,20.0,25.0
8c1e9287e6b9508f4663a1bd31d2d837,papelaria,48,298,1,600.0,16.0,4.0,11.0
f1f0860095cfa6521eb73bd997599888,moveis_escritorio,35,2245,1,15200.0,58.0,28.0,58.0
173b3c971bbd7b0d48b9d87a96d10783,ferramentas_jardim,40,166,1,350.0,21.0,14.0,14.0
9fe7b856a0ad542b2234c745ffc12409,beleza_saude,34,1175,1,400.0,24.0,24.0,16.0
4886ee6eaf4ab72e0e91ed0c42815f49,artigos_casa,58,729,1,1950.0,40.0,3.0,40.0
96b200840d3b01d948ee9d507f6bcb3e,artigos_casa,56,638,2,950.0,16.0,10.0,16.0
981f6a96c09b7d28e5c5f2fbb282fcde,artigos_casa,41,596,4,1750.0,50.0,10.0,40.0
2f13d1dc8b4e1d9d8027be50339546a9,moveis_decoracao,48,895,1,2650.0,30.0,30.0,30.0
9565229244e9341fb8c8069879cf73cd,artigos_casa,60,234,1,1700.0,34.0,7.0,32.0
1f9799a175f50c9fa725984775cac5c5,artigos_casa,51,82,1,1000.0,40.0,5.0,25.0
bea920589ef5e1949b4627e0574b877b,utilidades_domesticas,41,356,3,200.0,30.0,10.0,16.0
c7296f9449f86afc5688984ed1c170a2,fashion_roupa_masculina,25,648,6,800.0,45.0,10.0,35.0
19f27a3b9d40e71e14679fe2f75bd41a,informatica_acessorios,50,264,1,368.0,19.0,11.0,14.0
c5685881d53e0b14945be0bee2678b2c,eletrodomesticos,48,453,2,8050.0,35.0,46.0,35.0
7855801875dac05bda454284be8be7db,utilidades_domesticas,58,1854,1,3500.0,36.0,30.0,32.0
d6443622b97746fcd40fefeac38a9964,beleza_saude,56,1897,1,293.0,21.0,12.0,17.0
e6a1b235646d1c1004b38e39f7796c2f,eletronicos,23,419,5,3900.0,43.0,43.0,20.0
064d09b1de34c17dbacfa4096f79f256,ferramentas_jardim,55,992,1,400.0,16.0,7.0,16.0
b8eb8663142255eb7ab4526b3ee1c7fd,informatica_acessorios,57,207,1,400.0,28.0,6.0,13.0
774e44c7114a86fdacbc4f2c762be83b,beleza_saude,49,569,1,150.0,16.0,7.0,15.0
50565731f3aeea3f334d15ab5bb98546,utilidades_domesticas,57,399,2,400.0,20.0,11.0,11.0
ddbd0c1c8d8bf3e9142fc3b9751a476a,bebes,51,1140,2,550.0,30.0,10.0,20.0
e8d7b12572b213ba22acebb8983a4615,utilidades_domesticas,48,221,1,800.0,21.0,22.0,20.0
d86408ff5f272d41f18d18f8cbefa1a3,pet_shop,27,2918,1,5300.0,30.0,30.0,35.0
73e3a34b5edba4b4b715a0fc46024230,artigos_casa,55,313,1,2150.0,40.0,6.0,30.0
ee6c49af1a2de55aa0e076257ab4ab99,informatica_acessorios,47,956,1,140.0,22.0,14.0,14.0
c3674fb8631d709e138f75fad3bf1b01,beleza_saude,42,1213,1,1607.0,22.0,16.0,18.0
ff0c8d7cbe636d47cf905e12dfee9927,eletronicos,51,1110,1,500.0,41.0,5.0,16.0
2b5c35cbb60bd98cf07a4cd51e95783e,climatizacao,51,553,1,500.0,19.0,16.0,16.0
0e687d00ba3214b4aca6397a14d49373,eletrodomesticos,52,1012,4,7500.0,55.0,10.0,82.0
c44f25ecf77c3fdd779c0fcac33aef1f,instrumentos_musicais,64,996,10,1400.0,50.0,18.0,45.0
ffe013e1b4603e3b0b02fbb159d5b400,esporte_lazer,43,281,2,6600.0,22.0,12.0,12.0
f80903ad4fa58fd23ba18f970d258cd1,fashion_bolsas_e_acessorios,56,758,4,200.0,17.0,9.0,17.0
ba77d921f1966cc601feb066362548d4,brinquedos,59,28,1,250.0,25.0,30.0,20.0
36ca9a8843947771769143fd2ce148dc,moveis_decoracao,53,966,2,1250.0,65.0,11.0,11.0
529a32307961a32ec5b6fe0a5bd17fba,automotivo,49,925,1,4250.0,65.0,25.0,25.0
3596313732572c949495070ab59bbb4f,moveis_decoracao,56,1892,7,3000.0,69.0,11.0,11.0
37c871f73c08339b2ee4b6c03337837d,automotivo,56,363,1,100.0,16.0,10.0,15.0
428f11967f2d855633c7857078c16fd6,moveis_decoracao,51,1758,3,350.0,22.0,22.0,18.0
4d1b2536bba4a66c9360d6d63327c44c,utilidades_domesticas,56,1075,1,9550.0,40.0,40.0,40.0
72f78c618c8f81c2b8f0ffd2a51293b4,esporte_lazer,49,493,5,1800.0,52.0,8.0,21.0
e70d8bce868310111ec36d96f6d80a9c,papelaria,35,332,2,100.0,16.0,6.0,11.0
9e05b007ff9fc11a8da4d97fcafcc7a7,informatica_acessorios,60,181,2,200.0,25.0,8.0,11.0
723f08b94cabe91ad292a3084725903b,fashion_bolsas_e_acessorios,35,385,1,50.0,17.0,3.0,12.0
f97194491a605b1d0e50d631e443cb5a,esporte_lazer,52,525,1,1300.0,31.0,35.0,31.0
52e1cb842e4584f2ef09b4a3a68ac929,fashion_bolsas_e_acessorios,48,821,1,100.0,16.0,5.0,16.0
b48d3e49914549b781c0b59f819b398e,beleza_saude,24,338,2,1200.0,20.0,20.0,20.0
17469cd3d2559b93669a813860296b8e,brinquedos,60,1212,4,1200.0,28.0,13.0,21.0
0bf311dc96c3ce0503cb03068588c196,eletrodomesticos,56,204,1,300.0,18.0,8.0,13.0
ef2eed3e42cdbeedcd515745b23d7ccf,esporte_lazer,54,2648,8,1800.0,30.0,24.0,28.0
7500a93e5485588cedc511badf55e56e,papelaria,59,669,5,750.0,25.0,10.0,19.0
2d9ea8e50b1cfa0b4e2678e63ffaf630,utilidades_domesticas,60,208,5,17500.0,66.0,23.0,51.0
e3e3c2fbbc1c7c16edf72ab9f70127d3,moveis_decoracao,58,1993,3,1400.0,69.0,11.0,11.0
27152d405eaca93403563ce6acfccfa6,relogios_presentes,53,323,3,900.0,23.0,15.0,19.0
5a59edc52ccb88898efddbfc52f3cbaf,moveis_decoracao,18,278,4,100.0,16.0,3.0,16.0
594e6c5d1c4a58f7936b5a7134f53c80,automotivo,55,1172,1,1400.0,105.0,7.0,25.0
bb08ae1ab72eab2720e31508966b7742,livros_tecnicos,24,2472,1,250.0,21.0,2.0,14.0
8726429de3797e35c022a32137909d2b,brinquedos,60,1661,3,6500.0,60.0,20.0,40.0
5237a911446da6c2a3cb764f7ea0e5c5,brinquedos,24,254,1,200.0,16.0,10.0,11.0
71f0bc096460c175e49cb3826bc8761a,moveis_decoracao,59,284,2,5700.0,20.0,30.0,20.0
c4e4a69d5b6ca483ab74aa846587d11f,perfumaria,56,548,1,450.0,23.0,8.0,15.0
93323c2cfff65a81c9da5566fcdde69f,automotivo,49,1183,3,600.0,20.0,20.0,20.0
2109e8aeedbade2096a471740fb9e798,moveis_decoracao,45,640,1,10150.0,45.0,30.0,45.0
ec2d43cc59763ec91694573b31f1c29a,artigos_casa,38,735,5,800.0,20.0,20.0,20.0
d442547d29ffa7f96220b65fac2d8db3,informatica_acessorios,53,269,4,9050.0,45.0,48.0,25.0
40f999464ef29d2a07cfaca1eea4c210,automotivo,44,334,2,125.0,16.0,20.0,20.0
544ffb995c65fbbe68f36f36e388dede,informatica_acessorios,60,290,1,800.0,33.0,12.0,12.0
6a614599fc79123b71a5dd22cbb6eab5,esporte_lazer,45,521,1,700.0,16.0,15.0,15.0
51239b9414a75bd33453d33d177475d5,moveis_decoracao,57,566,2,333.0,52.0,5.0,37.0
705affd495e328b5af6d73bc403c6bcf,eletronicos,59,2213,4,13700.0,40.0,30.0,40.0
3c8e648d4adaad3ae92da5799093a8f3,fashion_bolsas_e_acessorios,59,749,2,200.0,16.0,2.0,11.0
241a1ffc9cf969b27de6e72301020268,automotivo,48,260,2,400.0,16.0,4.0,11.0
e0bd815514869624f892b0230926a2d7,beleza_saude,45,640,1,675.0,31.0,21.0,21.0
1a6706786a1ae8f9e6e4e36a3bed68ed,artigos_casa,47,634,4,1100.0,40.0,27.0,17.0
7fb9118562782456232ad0c6e54386be,beleza_saude,54,1256,1,2200.0,36.0,11.0,19.0
ef305675b4b5113913f5998336fbd86a,utilidades_domesticas,53,2869,1,925.0,22.0,8.0,32.0
898ce6644632917718b73d9141c28344,esporte_lazer,49,327,1,100.0,16.0,5.0,16.0
3aa038240692a414f33eaf1d12a44ed1,ferramentas_construcao,32,120,1,3050.0,16.0,16.0,16.0
e9eebb8e8ba0fadb9020f8ba1c003b48,perfumaria,36,210,1,541.0,21.0,15.0,16.0
daa7499d1e545811c843e8189cd30286,fashion_bolsas_e_acessorios,41,1359,1,250.0,16.0,2.0,11.0
9ab817d90bc61ed772ffea01b4cdcdb6,beleza_saude,57,1262,1,450.0,20.0,12.0,12.0
3282c3c8f2354dfff84997a238f91f10,papelaria,46,503,6,850.0,21.0,7.0,15.0
b112694f32005c5254383ccf38bfd11f,informatica_acessorios,60,254,1,850.0,30.0,15.0,15.0
736f1b87428f9cfe5f5184c4ac0fbe05,artigos_casa,46,684,1,1500.0,40.0,15.0,32.0
d27ad56cae0ec64023ccd98a9f4e2500,moveis_decoracao,55,935,1,600.0,17.0,17.0,17.0
4b8241107656c46b2a8d89586bf2a893,eletronicos,48,622,2,500.0,22.0,11.0,11.0
1cc7fc7841f9dacfbb9ec2a43276bf5f,relogios_presentes,50,309,1,350.0,18.0,9.0,14.0
1963cf66a18eaa163005e27cc39d9793,ferramentas_jardim,31,176,1,300.0,27.0,4.0,11.0
fdfe4f462b8972c3455163e3fa7653c6,automotivo,59,695,6,7000.0,56.0,11.0,32.0
abaa4c2633cbc40dda16b575531db57b,relogios_presentes,59,1015,1,500.0,20.0,12.0,15.0
b72a8fd99d59007948419121f2a5056e,automotivo,59,669,2,425.0,20.0,5.0,19.0
b37b72d5a56f887725c2862184b8cab8,telefonia,59,566,1,150.0,19.0,4.0,11.0
5a68d72870a735b2e7ec0277013f7aa6,beleza_saude,54,1298,1,150.0,16.0,11.0,11.0
2ae40c35ef6620f730a55329d0cd3301,esporte_lazer,37,968,9,700.0,30.0,36.0,20.0
0bff7ada15fd3840490f79b2612db33b,papelaria,42,440,2,1775.0,39.0,22.0,22.0
5b55f963a5c26f723ea1b5d7872557d3,papelaria,20,98,1,300.0,25.0,20.0,20.0
bec79420ffee0e0e76e3b4cce2c4b1a9,beleza_saude,45,690,1,1200.0,18.0,14.0,14.0
00088930e925c41fd95ebfe695fd2655,automotivo,56,752,4,1225.0,55.0,10.0,26.0
7c3cbbd1a99a73b3dd683eb7c0570801,variedades,55,831,1,1400.0,42.0,25.0,15.0
322c315bc0661c64fdcab7a70dbc0354,consoles_games,60,578,4,1000.0,20.0,30.0,20.0
2083a6feb4bbb31f6abc92fc24e468c0,telefonia,56,3135,2,150.0,19.0,15.0,15.0
414ae37d87aac46914dddd6e972b0b58,fashion_roupa_masculina,39,322,1,650.0,20.0,20.0,20.0
1c86a1539e8f7551ac5c09a15b6a3c88,artigos_casa,41,172,1,1150.0,45.0,10.0,15.0
d4ef01e7655c13ceef1d7d248e0fdd99,artigos_casa,55,211,1,195.0,32.0,4.0,23.0
c7d75b3bafed2b1d9475c4876b1c46b8,automotivo,38,317,3,100.0,17.0,17.0,17.0
557313563f418e18cc4a19159774cecd,artigos_casa,57,184,2,600.0,70.0,10.0,40.0
fe06d596708c590bf178cdb82aa7d48d,instrumentos_musicais,64,569,5,850.0,26.0,4.0,22.0
e64befe356dccc6ed0073c124147269f,variedades,,,,200.0,25.0,5.0,15.0
de9305867467640bebc680708d43f27a,esporte_lazer,49,1263,2,17550.0,105.0,65.0,25.0
6994675fdff4377e6e1b738094977cf4,utilidades_domesticas,47,718,1,6900.0,24.0,12.0,24.0
183210d186d30d050604f96ef87af803,automotivo,50,651,5,4350.0,78.0,4.0,47.0
7cd30e51e926f2dbc750dc2443d60434,brinquedos,41,490,1,700.0,37.0,7.0,25.0
61b5c300f3e56ac6bda4cb54de396f9b,telefonia,33,286,1,200.0,25.0,2.0,18.0
15804bf9d24b0ff5a052ef9280ad6e63,moveis_decoracao,46,464,3,7300.0,66.0,12.0,45.0
e090b9bd2ef7d60d3b0ee3399c79ee3d,informatica_acessorios,55,402,1,1217.0,27.0,22.0,25.0
ab9730d0380f2a4bb056dbed9417478a,brinquedos,27,260,1,550.0,19.0,8.0,11.0
783dae38feb9e3a364e24e25168cfa8a,utilidades_domesticas,55,842,1,14350.0,50.0,50.0,50.0
679a3e5e1d2bb68982be5734c6e55e63,casa_construcao,57,565,4,800.0,38.0,38.0,22.0
9853476587e82bdf31cd50479173e1c3,beleza_saude,58,1323,1,675.0,16.0,14.0,15.0
bac155b95a240e42f840f622bde271d1,automotivo,56,721,4,400.0,24.0,5.0,11.0
6d15ca3157a742ef1911e16ab7b180b4,artigos_casa,50,505,1,1000.0,34.0,5.0,26.0
4afba85a48ad3d91d79215ba93ddb023,utilidades_domesticas,46,166,3,800.0,25.0,25.0,25.0
d9bba71d1d1ad35925593d365a2ab43e,eletronicos,58,1473,1,1850.0,56.0,12.0,39.0
f2b67cf6ef88cbc9c2f3e482f558b318,perfumaria,45,977,2,117.0,16.0,11.0,13.0
6e415cdc78febbdbe465df65d52dbc19,bebes,60,1110,3,450.0,25.0,16.0,29.0
555605f730aad3262ccaeec528f65766,pet_shop,59,814,1,217.0,17.0,11.0,13.0
516efbd604d9a7325f93967192ff86b7,artigos_casa,49,519,1,745.0,32.0,4.0,26.0
2885aad25d7d1963d3731a9a6ec86306,livros_tecnicos,26,562,1,250.0,40.0,2.0,12.0
02a93c4e95263ca545e9f46ca2b59833,variedades,52,134,6,1700.0,65.0,25.0,25.0
c351fada6ffa67ee3876b1cc568a90b0,esporte_lazer,46,2393,2,300.0,20.0,5.0,20.0
be40dfccc49c5959cc0cc2f6447acc38,esporte_lazer,48,855,1,1000.0,16.0,20.0,16.0
1e071ffaca5d72ab7d58901d01b38280,beleza_saude,53,735,1,300.0,21.0,8.0,27.0
ebfe7a4ca40dd34375e373405a114c32,utilidades_domesticas,49,79,2,417.0,19.0,11.0,18.0
6c40c98da8f33daca57f0e9b78eae09d,brinquedos,35,594,2,2900.0,54.0,41.0,25.0
e66daaafff14b87ad5ebf02f6bf4dc42,brinquedos,41,860,1,245.0,20.0,17.0,9.0
559602c54359e6b67d7cb7fa336d0ca9,utilidades_domesticas,32,197,1,1100.0,50.0,16.0,25.0
136b005b69367b661e552c94cd28a37e,beleza_saude,42,1514,1,2200.0,20.0,20.0,20.0
46ae1c0789fb281be43fdb50797c9f2e,consoles_games,48,236,1,400.0,30.0,7.0,25.0
78f3531b3a1bfef3513d4f344e0c88d0,moveis_decoracao,56,183,1,2300.0,40.0,10.0,30.0
553261019b28923d564e3fc159e4ff3c,informatica_acessorios,60,655,2,200.0,20.0,6.0,11.0
2e0a8fea09b84a86e1fef3fcdf244668,esporte_lazer,57,597,4,7750.0,52.0,22.0,32.0
8fd3860e3ab6a97c681d58366f981a07,automotivo,59,719,6,5950.0,53.0,43.0,11.0
9f01cb375b4185be6cb9d2f7588c5b46,artigos_casa,55,179,2,1100.0,45.0,10.0,15.0
94db23ef7b9dfd4774a38942cee3e05f,ferramentas_jardim,56,2130,3,10700.0,46.0,40.0,46.0
473e6d1c85bacb1bc3280dcda0f5321c,livros_importados,40,289,1,1000.0,29.0,3.0,21.0
c5edc6d6a54cbcc12367409391fdfc50,moveis_decoracao,39,210,2,400.0,40.0,11.0,35.0
82df2add69e03f9b165a7e46429c9484,moveis_decoracao,57,1492,3,2600.0,105.0,3.0,70.0
53374f156a1ace240c1db1d30de7f110,ferramentas_jardim,44,293,2,3000.0,50.0,17.0,38.0
167b946cfe5de05aadc151871edf7bb9,automotivo,54,1008,1,1100.0,17.0,12.0,16.0
fb19ac22e32dfecea21afbdde4b97b5f,telefonia,54,804,2,100.0,16.0,13.0,16.0
65bfaa2fff2cfb55a0b7a466549e6758,beleza_saude,29,1773,1,2000.0,30.0,12.0,16.0
6cb17f17ee982e47c1b99fc0d67b1a8b,informatica_acessorios,55,907,3,1400.0,16.0,17.0,23.0
991dc21288b4d582f86f85f7af02aba5,artigos_casa,55,844,1,800.0,25.0,5.0,25.0
394ccaadf8429703362e1796dccbf4d9,alimentos_bebidas,38,1345,1,1400.0,16.0,20.0,15.0
03d817e5e392e78674ed0bd8195f9159,informatica_acessorios,56,590,1,1350.0,23.0,9.0,23.0
98c0c93d863d3da23549a04d45033e06,utilidades_domesticas,37,813,1,17950.0,56.0,28.0,56.0
f5aabe40f3dfd95db498f07a13919204,relogios_presentes,48,528,2,1100.0,30.0,15.0,30.0
4e7e434548eab61622e345ad85090742,alimentos_bebidas,59,1355,1,1360.0,23.0,23.0,23.0
6610913b9a847f8fc5f66f13dad12680,moveis_decoracao,28,535,2,150.0,22.0,22.0,22.0
62962adb9db1eeb96d0dd8fd2eb87875,informatica_acessorios,51,1331,1,900.0,32.0,11.0,11.0
e0195a27314c382f2ab4c2bbebee854f,eletrodomesticos,52,620,2,100.0,20.0,2.0,26.0
4a9ba6f126261f91a91af268158e1ea4,automotivo,56,703,6,7300.0,47.0,19.0,23.0
09b0d15a8cc9a84e7af7e0225f67dc45,moveis_decoracao,52,252,1,1400.0,20.0,20.0,20.0
8afd99798fadd878e37b5bca830e6525,artigos_casa,35,347,1,3400.0,45.0,15.0,35.0
fe547f9a78a612634a416e6be45fe693,artigos_casa,56,605,2,3718.0,44.0,16.0,40.0
3d4e6c456d3ec15021dd8b42b9ce7ffc,esporte_lazer,55,1119,4,2150.0,50.0,30.0,30.0
50e015dd53fdcfa8502a7e6827e1fbe6,alimentos_bebidas,35,330,1,1250.0,23.0,19.0,22.0
94e87c8d2cac9ca6fa8c91b99712caaf,telefonia,47,178,2,675.0,20.0,23.0,19.0
8adfef9b7c8f92b52ef0d9fb88ee9997,moveis_escritorio,41,1348,1,9300.0,53.0,74.0,18.0
0701bc9fbbb6612a2e7427a3e7ddbf6e,eletronicos,54,312,1,300.0,24.0,11.0,16.0
a47a2ff12ffe20f1a2a85fb37d2712ec,esporte_lazer,60,3146,4,1000.0,94.0,15.0,15.0
9330504b97ecb321002b3f0af1f0f467,artigos_casa,58,624,2,467.0,45.0,4.0,35.0
ee98d78ba152f752429f6bc86297841f,seguranca,47,2003,1,3125.0,40.0,21.0,32.0
85d8ae64b3b59814a1136254a96f5693,fashion_bolsas_e_acessorios,56,354,3,150.0,43.0,16.0,27.0
f82db1a0fde998180d60adea56e1acf4,utilidades_domesticas,34,92,1,1300.0,38.0,6.0,38.0
ac1789e492dcd698c5c10b97a671243a,moveis_decoracao,41,432,2,300.0,35.0,35.0,15.0
cf82a4158ba3a1135ca9618d4ad1b204,artigos_casa,51,231,1,1800.0,40.0,6.0,30.0
495bddc7440e227dcf4af56f47749587,beleza_saude,42,743,1,867.0,13.0,14.0,12.0
c58fc7dab2a718f8aa5522dd57c2b18d,artigos_casa,58,396,1,1900.0,45.0,25.0,35.0
775882cccdd5199956853d6117b0e650,eletrodomesticos,48,196,3,300.0,24.0,11.0,16.0
3881e42dae9f77fcbaf9f23020b7ef44,malas_acessorios,45,218,1,800.0,46.0,10.0,34.0
dabdc2874e4fc6d00d647f150317d29d,beleza_saude,53,853,1,300.0,19.0,17.0,15.0
0f0143975760d1205a4285a4e2a1bdea,artigos_casa,50,747,1,1050.0,16.0,10.0,16.0
d239ed6ed6dabbcbfd8a3b776e1ca50c,utilidades_domesticas,59,1199,10,30000.0,60.0,60.0,60.0
3c9ddb88ecde498679b5c3b5f9b0a213,brinquedos,56,378,3,270.0,26.0,9.0,16.0
c5e40a9da6e1df4edf4c4e95d7c4bf0c,beleza_saude,56,2908,2,250.0,26.0,26.0,11.0
52ed6cbde6c5bee6f2ea166bf4c1d972,moveis_decoracao,38,161,2,550.0,16.0,12.0,21.0
f86ab4e67c4b9e24b61a0abab8cba388,artigos_casa,55,262,1,500.0,45.0,15.0,35.0
f2f411f86bd5bd427e28e2a30771761f,artigos_casa,58,188,1,1150.0,44.0,2.0,35.0
b63b2afaf851b15bdec6e67c553c0ece,moveis_decoracao,44,462,1,100.0,19.0,3.0,12.0
41f0468311f84a21f55c7f09f6c8fa67,informatica_acessorios,55,1994,2,400.0,16.0,10.0,11.0
ee385c61faaa052a8d58dc2a88b66f82,utilidades_domesticas,56,645,2,650.0,24.0,5.0,18.0
a0a6ba377d74146f38d2de3fca3817ae,utilidades_domesticas,56,684,1,9350.0,40.0,35.0,40.0
6a041eb6fc1af9d2634e039453f67598,beleza_saude,57,1066,1,2000.0,30.0,12.0,16.0
7020952e39b390bfe87c475d4c99b3d7,utilidades_domesticas,42,299,1,3700.0,40.0,34.0,21.0
92762f3fd2e9105edc850be0f5b3c51e,moveis_decoracao,54,413,2,500.0,32.0,18.0,18.0
c8df81dfad2ad37b2194a2798ec06bce,brinquedos,58,1584,3,1150.0,44.0,14.0,30.0
96cfc21d191df7257d9a6dfef4d897fd,artigos_casa,55,458,1,550.0,30.0,3.0,19.0
989caa6177866c67ca1935b442479111,esporte_lazer,57,1585,6,300.0,16.0,4.0,20.0
71d3eb56de43c35d4386dcb564a0fc92,beleza_saude,30,602,1,650.0,20.0,14.0,15.0
fa157aa51a996cc533b9048c3c8118a0,perfumaria,37,431,1,200.0,20.0,10.0,15.0
77dcfc5b971dc8c9efed8eebca4af2d5,malas_acessorios,57,417,1,700.0,100.0,11.0,11.0
07b6a3b7bd0e9c54119f7c679edccca4,relogios_presentes,47,511,1,400.0,16.0,11.0,11.0
f9888c7f6af544006f91ca92833d3507,automotivo,59,873,2,2000.0,54.0,17.0,24.0
c202b596f6f2dafcad69ea9d86fbaaff,beleza_saude,30,648,1,350.0,19.0,13.0,14.0
636f5be2cd52da4047bb73b7b15329e3,audio,31,315,6,300.0,16.0,9.0,11.0
c1ad8ac66c91ad301cefc322ba2adf31,relogios_presentes,44,371,2,757.0,19.0,14.0,15.0
001c5d71ac6ad696d22315953758fa04,artigos_casa,50,381,1,1800.0,47.0,21.0,41.0
dd5a5e7b2b76089d6415070e8d6d5456,utilidades_domesticas,52,4,1,1450.0,27.0,29.0,26.0
9f621d1fd090c5ca124462612ceabd96,utilidades_domesticas,48,878,1,3200.0,30.0,13.0,28.0
b72569983090c8bcd75fe577f5be5934,eletrodomesticos,60,62,1,350.0,16.0,35.0,25.0
f32ac4ba1acc078eadefc29c8d76a9e2,automotivo,46,2304,4,250.0,16.0,6.0,15.0
30a6a74ad9391b95bfc088f875ce8cfc,esporte_lazer,21,160,1,360.0,30.0,13.0,22.0
9fe7f92d158e1d98ee0b32849b893677,bebes,47,1407,7,26000.0,84.0,25.0,50.0
ab3c88a070e61288a0f37d8ea38e7cbe,moveis_decoracao,49,666,1,3450.0,30.0,35.0,30.0
2f4fe9fe975fa20adbb6d6f38c5fab3b,ferramentas_jardim,43,1530,6,300.0,17.0,6.0,11.0
19a6ffd4e245a92747a693805163a60f,consoles_games,28,790,3,150.0,23.0,3.0,18.0
cfcb14e1f3b7ac5213b4e2ae7697598b,livros_tecnicos,20,608,1,350.0,21.0,2.0,14.0
50b0e47f8219992ae98677122c483fde,malas_acessorios,53,700,1,9500.0,76.0,32.0,49.0
b02a3f9824b29932f36a74d811f1b14c,variedades,,,,2500.0,58.0,18.0,45.0
332b3e10a1e54aa72c52f41221eb53ab,variedades,38,870,1,1800.0,27.0,12.0,21.0
19ae99a380c31edb46ed9e7dc1e9931c,utilidades_domesticas,58,1206,1,17950.0,43.0,68.0,41.0
3e3c08f8d0d3bbe5094186e4562b6651,telefonia,23,879,1,200.0,18.0,5.0,12.0
d66eeeb49d2801f33401c8c6828aee40,automotivo,23,312,1,700.0,25.0,20.0,20.0
5b276c5a1bbe9381dd336487c3b0dea1,instrumentos_musicais,57,968,8,1650.0,52.0,5.0,47.0
ce4819dda4ac7cf24daf8f88eb5b70af,malas_acessorios,44,215,1,700.0,46.0,10.0,33.0
8c59dc491e73996f708d433188285ed1,artigos_casa,55,315,2,850.0,30.0,10.0,25.0
f1bad58626618e14b6b25b096acee146,beleza_saude,60,918,1,150.0,22.0,3.0,15.0
119cfca51257edda1acecb4b8576ec48,variedades,59,1618,3,600.0,16.0,14.0,15.0
710e89a75e7f980a83c21d9f884ae13a,relogios_presentes,59,502,6,300.0,16.0,2.0,20.0
503a975b7fd96719d7cdb8b88e7f5d0e,artigos_casa,52,354,1,20900.0,45.0,15.0,35.0
42a2bd596fda1baef5719cb74f73030c,artigos_casa,60,188,1,1300.0,44.0,2.0,35.0
483bc1cbabb3fd0c16d82d2f162852c4,fashion_calcados,60,402,2,2000.0,32.0,12.0,37.0
770c09cc394c3244d902afda4ea364bc,moveis_decoracao,47,709,2,1500.0,30.0,25.0,25.0
69268ea255c0a531db56f066777fdcf1,livros_tecnicos,53,1232,1,1300.0,29.0,3.0,21.0
6e24ce18a756dce11359936057941ad6,esporte_lazer,43,1765,1,6850.0,20.0,30.0,20.0
f38ded084a0a2da8b32fda4789f494a3,alimentos_bebidas,20,1426,1,1003.0,33.0,13.0,33.0
d64615580eb89e5d9a6ae0e37135a5fe,variedades,,,,300.0,16.0,7.0,11.0
aa8bc5595ba5d066c744e14995402cdd,perfumaria,56,680,1,333.0,20.0,13.0,14.0
c414790bdf0857692c821035bc3f6a0e,eletronicos,53,273,5,400.0,26.0,8.0,18.0
820f00b477e89a3bccfeb1e994a4a663,eletronicos,59,909,1,7500.0,41.0,26.0,27.0
0366dd798c6de7ec8d16c23de6a82cfd,pet_shop,53,830,15,3500.0,39.0,20.0,46.0
95d4404184aa5ce72e590362cc471d62,artigos_casa,52,297,1,1300.0,37.0,23.0,35.0
29b65c78c1d8d70da25c6a553e1bfdb1,perfumaria,59,402,1,350.0,16.0,16.0,16.0
b39da6a215a2f5ef47103501b37e19d2,brinquedos,45,347,3,1200.0,32.0,50.0,20.0
4d78056b9f9774c590e778a5fbdb7150,malas_acessorios,52,425,2,600.0,80.0,11.0,11.0
43f911ac50adc19a96cd523ade4e7cca,beleza_saude,58,963,1,1617.0,19.0,15.0,18.0
1aa2ed670a95e9f475723707a7c3f386,artigos_casa,50,234,1,1000.0,38.0,6.0,29.0
5cca824e6a0eebe738c8a6381d0d9349,informatica_acessorios,63,978,1,200.0,16.0,23.0,19.0
914cb9a32dcc2be329cd84c5012edc5d,moveis_quarto,28,458,2,1700.0,54.0,7.0,15.0
3625fbaf8284047185fb0351f2f84ae3,esporte_lazer,55,815,4,1600.0,25.0,8.0,25.0
4724ffa427f315c485e39b02e21859b2,beleza_saude,52,1059,6,550.0,16.0,9.0,11.0
a2db3ea3100e9950a30b8f0af164ed6f,informatica_acessorios,42,578,2,200.0,32.0,12.0,12.0
0ecb699933e1e9cc336bf7569ad72e84,moveis_decoracao,24,1707,2,600.0,30.0,15.0,15.0
f2a286e75c6c6022c0e7242e12a39079,relogios_presentes,58,623,2,140.0,16.0,14.0,14.0
2fc738cd8396c43c0235072751a180cf,brinquedos,52,210,1,350.0,16.0,16.0,16.0
5ccc345baeee162f46c5b18f7c5ccde1,esporte_lazer,57,372,1,3000.0,36.0,22.0,24.0
f4b4b654b5d11b8e56d603ffc530ddd9,telefonia,45,1173,1,200.0,16.0,15.0,15.0
36f8f85fb4edf9d4e94bf65e8d3298d4,artigos_casa,52,234,3,950.0,29.0,4.0,21.0
18e2f2853af64a5c039fb829e8609da1,relogios_presentes,55,457,1,600.0,16.0,11.0,11.0
ec1a2701e8f1d9d8703e876f5c0342d4,artigos_casa,57,665,1,3600.0,34.0,8.0,38.0
71f4e8616f830f33d1059bad50cacf99,esporte_lazer,48,886,1,200.0,33.0,4.0,13.0
5e702ce174d6c9fe3eaea9a5bde40a14,utilidades_domesticas,56,691,3,7100.0,25.0,52.0,37.0
17c52ae67ff6a495f5c73e4fe7beb56a,fashion_bolsas_e_acessorios,44,371,5,300.0,16.0,5.0,14.0
9f9a7e97e09d403a01120dc5f4ebf36b,jardinagem,55,2039,6,215.0,21.0,7.0,15.0
34cca2ce290bf56db69e0f6d2104fc37,beleza_saude,41,756,1,150.0,23.0,4.0,17.0
22f9bcc7235913f6ae3011796a4f4bbe,esporte_lazer,53,868,1,1625.0,21.0,28.0,17.0
f8cd8a989b03ce1808d9d8d76668ea51,moveis_decoracao,52,1216,4,3000.0,70.0,15.0,15.0
a038fb43df28bc37115e29e63d9809b7,artigos_casa,55,246,1,1050.0,38.0,10.0,38.0
b357dcb28df5d58381e1c9d6541f8064,variedades,57,1826,6,250.0,16.0,3.0,11.0
27274145782d0048827cb28b7786323b,eletrodomesticos,50,2626,6,5217.0,48.0,36.0,16.0
e493c5e2a707b9eb0f6d01041c86856e,utilidades_domesticas,55,343,2,5550.0,40.0,10.0,30.0
a0b14f5ef88242a8cec43b93f9d0fd6f,instrumentos_musicais,44,317,5,550.0,16.0,6.0,12.0
87689c3ea34514e449355126a5fc299e,seguranca,58,626,3,350.0,23.0,4.0,20.0
fa381a4a9af65ea5fc8f3829214045f9,esporte_lazer,60,1351,7,3050.0,62.0,10.0,22.0
822448321a1c019d77daab0994ffee35,livros_tecnicos,37,1176,1,1250.0,29.0,3.0,21.0
4f0e806431f76599423676fd485109ae,malas_acessorios,49,343,1,700.0,17.0,44.0,37.0
46c01e269265ddd1b66ccc8b4588a411,utilidades_domesticas,34,767,2,4150.0,29.0,28.0,23.0
c1b908d9b4d79147d9ce5f0289745353,beleza_saude,56,1670,1,300.0,28.0,24.0,11.0
e9e7c466f491674b6f283e2d2c8da88a,esporte_lazer,45,380,1,1250.0,32.0,15.0,36.0
2d4d78eecba060a7127c5f6a21cdb0c7,brinquedos,28,137,1,2444.0,45.0,22.0,41.0
b114bf337c0626166abe574eee9e3f32,moveis_escritorio,47,1398,1,13350.0,57.0,56.0,22.0
765b1b0a0b478b2e57a71fcd873ab4a2,utilidades_domesticas,59,452,1,600.0,26.0,21.0,21.0
7d6ff8668892b298e80202cbb7099272,telefonia,39,1311,1,231.0,18.0,13.0,14.0
79cdc73931bb8e30077784ebbd2a16fc,papelaria,50,337,1,1900.0,20.0,50.0,38.0
d048c384871633c66df10bc4d05e2345,automotivo,51,1657,6,16900.0,40.0,30.0,30.0
49c668b9d350a5836df4594378b09f0f,seguranca,60,1144,1,150.0,23.0,8.0,16.0
3743820de2227103b72b029a352fb98b,informatica_acessorios,38,391,1,183.0,16.0,16.0,11.0
84a517a0e06ef2a45abff3cab3f0ad0e,informatica_acessorios,46,643,2,225.0,16.0,15.0,13.0
fb9b26e56f7f624662ef9df82889f63d,fashion_bolsas_e_acessorios,29,830,1,50.0,16.0,5.0,16.0
67677f0c9d58c64d17cdbad0abe40285,informatica_acessorios,56,276,3,200.0,16.0,4.0,20.0
3c4fa3a3881df35a8f19bec369491d50,beleza_saude,34,426,1,606.0,19.0,11.0,16.0
32c871f1791d0176b14c3081c3cf3e74,moveis_decoracao,51,1006,2,2000.0,11.0,11.0,52.0
144266e1585320d057797a369596bb8b,variedades,39,765,2,1925.0,30.0,32.0,27.0
ee5329ffbe604bebcf84b2fd7792024e,beleza_saude,53,84,1,250.0,23.0,7.0,15.0
eeee41946ce5551470e97aef50ccf4c4,bebes,49,1522,4,600.0,23.0,18.0,26.0
ad53b74739180a632354ce9cb16bbdde,automotivo,53,2974,1,50.0,30.0,30.0,30.0
bb5c167b9d0732488b3b5a0b173cc41d,utilidades_domesticas,22,268,1,550.0,27.0,5.0,20.0
79e42c4fa2bde6e0c828d23c4fb7df35,instrumentos_musicais,57,962,4,900.0,42.0,8.0,40.0
bfb85a2851757334da980ac9893a6261,variedades,,,,200.0,16.0,2.0,11.0
38bd9bace6634c6a98f17942fb637acf,fashion_bolsas_e_acessorios,13,218,1,400.0,20.0,20.0,20.0
8a9405a507847ccf7d53141b2b16909d,instrumentos_musicais,46,3360,6,1900.0,35.0,15.0,20.0
2a1dc7b4d777085804b1a6389639870c,eletrodomesticos,59,302,1,500.0,20.0,13.0,15.0
34d0ca9f9eb36d00ed5f2039c161ba8e,moveis_decoracao,59,2010,2,1350.0,69.0,11.0,11.0
9b056287fe05c2dfb1394ff376621eca,beleza_saude,40,657,1,800.0,21.0,20.0,16.0
0347f9daa0a33f82b4c9c0821450cc8a,malas_acessorios,58,1038,5,9075.0,29.0,39.0,45.0
60d1e2123927bc621354b0ab11cc8fd5,variedades,,,,300.0,16.0,19.0,16.0
89bbac967e47033f5d8c15527de1ef9f,artigos_casa,57,217,3,3500.0,40.0,20.0,40.0
6ce07ff93c0dbafa9df5c10038e41287,artigos_casa,33,1061,1,4150.0,26.0,26.0,36.0
4cbe2c068a0dedc1d12e126a2e7a15e3,esporte_lazer,21,606,1,8700.0,32.0,10.0,11.0
b3dc35a7b0042136507e1c174bd7cd2d,automotivo,59,2951,2,150.0,16.0,7.0,11.0
d8d11b0dfd20afdb942dabc4ddb5fe24,telefonia,48,451,2,100.0,19.0,3.0,11.0
16ba44d9231d19fc57e0a4188d0ce1cf,moveis_decoracao,50,488,1,303.0,25.0,2.0,17.0
266bd39cb9a2ea456f82d4175e6306c4,esporte_lazer,44,979,2,7150.0,90.0,20.0,25.0
48b61c49e5be4efe8b3247569ed59332,relogios_presentes,57,228,1,1000.0,16.0,10.0,11.0
3aa3fb2fdb16c7383879e48a574fc8ab,moveis_decoracao,42,87,3,11850.0,74.0,8.0,74.0
254e83d8714765408ae71c07e6a972e0,telefonia,60,438,2,651.0,20.0,15.0,22.0
01b8234bc0c131e61acb47932d0bc25f,esporte_lazer,37,161,3,200.0,20.0,15.0,20.0
de4fdf07188007d3f9847a7ebe30039c,beleza_saude,41,262,1,450.0,16.0,15.0,15.0
7fa573c197477e03953feaa1d44bf28b,bebes,49,1386,9,15200.0,48.0,61.0,47.0
6eefea74d72822573892405c674918e6,variedades,56,1114,5,21900.0,105.0,31.0,31.0
a357f84a03304a2b4e051596920249eb,beleza_saude,31,1267,1,850.0,25.0,13.0,16.0
73c5d3186138770b5ae53055adf10ad9,variedades,,,,300.0,78.0,10.0,22.0
b61c2827d3a8043826c9132d88188744,esporte_lazer,45,407,1,329.0,19.0,13.0,16.0
40b09f33e646d488df2ca6fec4082d50,papelaria,56,275,5,7150.0,60.0,20.0,29.0
6c5572c3342540c8847e2c17ea817038,beleza_saude,58,330,1,5150.0,16.0,16.0,16.0
cc137d09f2cf12a1a498c9775c966a09,consoles_games,17,440,5,250.0,20.0,3.0,16.0
fc9ccf6863eb3c05fbaa46d4382540e7,automotivo,46,458,1,400.0,40.0,20.0,30.0
1f7164d40ac0579d08c5b77af30f8dd0,artigos_casa,57,414,1,7850.0,16.0,56.0,50.0
50b82b74dfaf7b1e257d85b3e58bb977,beleza_saude,47,186,1,300.0,19.0,7.0,12.0
ae9618492353b838afaf28bc414be248,utilidades_domesticas,57,1236,1,750.0,23.0,18.0,23.0
633cb41f42ef3dcfc01174d27637d0ad,telefonia,56,341,2,100.0,19.0,4.0,11.0
6f7326be4926840cfcd094d2629f1049,utilidades_domesticas,57,2812,7,1000.0,30.0,12.0,30.0
827f677ed9cd1e18a5f4e8ecd4eb7489,telefonia,42,351,1,200.0,19.0,3.0,11.0
a6f2ba5bb6d6d36ac92ed1faf4d123f2,beleza_saude,52,1153,1,450.0,20.0,15.0,15.0
0a96387463e89f518bec31ed12378aea,moveis_decoracao,34,257,2,3400.0,30.0,40.0,40.0
16fdfb4f828bedbe3ad9a00162bd5339,telefonia,46,393,1,100.0,19.0,3.0,11.0
09dbbe2c4f26cad4d560aea043f9632c,bebes,32,1531,2,800.0,40.0,30.0,50.0
6f46359e56f51d5deded13adcd1c255c,beleza_saude,42,437,1,650.0,16.0,16.0,16.0
9e6b8ecc9fe47cf9c40c3709b67089e0,moveis_decoracao,63,285,1,2500.0,47.0,21.0,41.0
d46fdf0e0cf02b09e384924d6ba77e57,livros_interesse_geral,47,706,1,450.0,23.0,4.0,16.0
bd41529f5f1face3f1d0d72ae81188a6,pet_shop,54,353,1,450.0,23.0,4.0,21.0
b8411dee248601bc460bac8e1fb8a102,artigos_casa,56,471,3,525.0,24.0,7.0,29.0
f52b6b9e0bc35ec9d682eea89b27ef38,utilidades_domesticas,59,1794,1,2800.0,50.0,50.0,50.0
cff277cb1dc167f45eb05eccefbe4b04,informatica_acessorios,52,365,1,200.0,20.0,12.0,12.0
89c759803e084e177bd98baad6fe67fb,telefonia,58,818,4,200.0,17.0,4.0,12.0
aaa86a9a394d5df9490a43aa78b4a59d,automotivo,54,445,5,50.0,24.0,2.0,17.0
79938780eb7ffb7289f59a9a283bc06b,beleza_saude,54,1739,1,1300.0,20.0,20.0,20.0
9376771cb92c045ec36c97fb810f1f90,utilidades_domesticas,57,1246,1,175.0,24.0,18.0,24.0
875db2194361bf1a20064ccd2c697532,alimentos_bebidas,58,2576,6,930.0,28.0,12.0,12.0
994f625d5c932719310d0a2f43acc714,relogios_presentes,53,556,2,280.0,16.0,7.0,14.0
c344623528c017d4fa7c51cb56d17a98,perfumaria,32,703,1,552.0,23.0,14.0,19.0
c86dde6d75b1c5f5c6ac95000a63b7a7,artigos_casa,55,384,1,1650.0,50.0,5.0,50.0
37fe4cdce8bd0f643d3f943a6a3b8e89,artigos_casa,45,501,3,1000.0,40.0,10.0,30.0
a870c32995bde3e0c9b4da66da762f99,bebes,55,330,2,2200.0,16.0,35.0,49.0
4f28b40a0f7af9ad723f8787a46a4643,bebes,30,2262,1,650.0,20.0,8.0,14.0
2d1d20d3c91d3940c6079a3bad529402,perfumaria,56,2133,1,150.0,22.0,18.0,17.0
f15982438cbe439923dbc01e8ee1b6e8,ferramentas_jardim,50,718,1,9200.0,33.0,7.0,33.0
b94d8ea73a0921d4019e67239784e7f6,moveis_decoracao,51,1554,6,900.0,28.0,15.0,18.0
627dc84ce949186519dbddc2f58fbdfc,fashion_bolsas_e_acessorios,30,401,3,200.0,16.0,11.0,11.0
f1262e6654054656c38563755bce3976,perfumaria,45,276,1,150.0,17.0,7.0,12.0
6feee83828f0c900f61f578bbab17911,esporte_lazer,35,401,1,1300.0,20.0,20.0,20.0
9bc56dc1c13a3dd110faa962cabf1531,artigos_casa,58,217,3,950.0,30.0,20.0,30.0
a42d0a44db77a6ed7945bb5c78da1398,beleza_saude,42,418,1,200.0,20.0,10.0,15.0
72c271a278c54c171d6d007eeac8cf24,papelaria,53,696,5,350.0,26.0,36.0,11.0
a3bb3642ad1170e55d345dbf5953f38d,informatica_acessorios,55,713,3,500.0,25.0,5.0,15.0
254689a977285f8dd17c32b30870e933,bebes,57,2883,4,16500.0,43.0,83.0,43.0
c9af29e8a0c52866bb2c9f5f6344d9b2,moveis_decoracao,58,2037,2,650.0,69.0,11.0,11.0
a694f2632fae82ef419fd71587103dc9,esporte_lazer,44,461,1,5100.0,60.0,30.0,30.0
75aabc8e1a57380a968e40965ccd0139,papelaria,57,224,3,300.0,24.0,7.0,14.0
09c3a2ea33f044aebffecd6681e00133,moveis_decoracao,45,494,1,1150.0,35.0,23.0,35.0
23e7b9a386cb15c0b5063bf0d45982a5,informatica_acessorios,29,1431,3,200.0,18.0,4.0,14.0
6f790ed0f75949b7fa234ec087aed912,bebes,48,1171,1,23033.0,49.0,84.0,49.0
0f24b7516c5b67c9c686848db9759d88,brinquedos,50,1099,2,430.0,38.0,12.0,20.0
8701ef265f73fd18064df16faa4104ae,alimentos_bebidas,47,890,1,250.0,20.0,6.0,11.0
85df978207ed4024ea16570dbb64fd6e,variedades,33,385,2,100.0,20.0,6.0,15.0
f90c81e1fa9b03873a387e7919e99b59,beleza_saude,40,1672,3,310.0,16.0,12.0,9.0
c6fdec160d0f8f488d9041316c85051d,moveis_sala,57,1107,1,30000.0,80.0,60.0,60.0
fca62108387e25005784da2f551466a1,moveis_decoracao,42,87,3,14600.0,84.0,8.0,84.0
22ca1399dde9714934f8ec09b6aca2fe,beleza_saude,55,782,1,1650.0,31.0,26.0,29.0
c438c9c697a57d265dbb6edd8b174b2b,brinquedos,56,807,5,150.0,16.0,12.0,18.0
11c3ff6555092bf425ea842a023a7809,variedades,46,507,1,1650.0,23.0,68.0,25.0
2de5c479fb0c490a0f2a2f3ab36e71b6,ferramentas_jardim,56,511,6,1050.0,22.0,21.0,16.0
fde7de6bf5508a0001da45dbe6c80b22,utilidades_domesticas,44,242,3,900.0,25.0,15.0,15.0
f25bb6afe10215e774d598f4f79d74e8,brinquedos,54,491,4,1400.0,41.0,4.0,41.0
3b8b957801a5b4bca1a4f5d1f5d32aef,telefonia,30,350,3,100.0,20.0,4.0,15.0
ad183bca8419cc4a34c0ed87d44b07c7,informatica_acessorios,50,1704,3,600.0,35.0,18.0,35.0
679804d4938f8bf53025298b725f2eb6,market_place,63,677,1,500.0,16.0,16.0,16.0
18870238fd023ef96e834a59dbd4405f,perfumaria,57,698,1,563.0,25.0,11.0,18.0
7b1acf905953e320243e6d2e166d852d,eletronicos,47,305,1,150.0,21.0,7.0,14.0
f1f90547cd55861d02c56010c10fa8a5,moveis_decoracao,29,571,1,7500.0,47.0,37.0,38.0
eaeb396efeff789c9e55a5126a2c6885,artigos_casa,59,396,1,550.0,25.0,2.0,20.0
7569eb05a9b91e5137cd9cf7494043e5,beleza_saude,34,1943,3,434.0,21.0,14.0,21.0
30cf0776f894ba06d8c30bc552330a90,telefonia,51,302,3,100.0,19.0,3.0,11.0
8d7ab3701456fdbfe2526636ce15327a,malas_acessorios,52,408,1,325.0,18.0,18.0,16.0
b1ae85955829e28646e38ed2ff6ae776,artigos_casa,57,184,2,600.0,60.0,10.0,40.0
9e658d39c905e71cc35ec057b88b185b,esporte_lazer,27,716,6,675.0,41.0,21.0,21.0
a7a9c0eede9320acf479daf444835d90,eletronicos,38,879,1,501.0,19.0,10.0,91.0
869e769127ff8442f28e7e782ae62d8f,fashion_bolsas_e_acessorios,45,416,4,200.0,16.0,5.0,11.0
7b813bcc93ea73f063db20ce6c3911c4,beleza_saude,59,493,1,537.0,23.0,8.0,14.0
33cd5581eb3d0497d9af68a34603ec7e,relogios_presentes,60,724,1,400.0,28.0,10.0,18.0
a2ff5a97bf95719e38ea2e3b4105bce8,eletronicos,40,849,2,11800.0,40.0,43.0,36.0
27c0cea4dc76549f5bd124d9cad0ae3b,bebes,57,346,2,13700.0,55.0,30.0,55.0
5919b992cefc81ed9074411c99401add,instrumentos_musicais,44,872,2,550.0,17.0,7.0,12.0
729a75e5cb63f785e67ebd8c44a5c0ee,relogios_presentes,37,621,1,350.0,23.0,12.0,15.0
ae04d3b0fa8cd38fa974ec0c4c03c5ce,eletronicos,49,429,3,5525.0,20.0,18.0,15.0
30699bee01692428398004b3308133e4,seguranca,35,264,1,2775.0,49.0,50.0,30.0
e3a3f867448d4e54c737944db7122dbd,variedades,33,895,1,1100.0,42.0,25.0,15.0
03ac940e93916395ea0483161cc84d5c,ferramentas_jardim,47,1489,1,6800.0,77.0,14.0,34.0
1613b819ab5dae53aead2dbb4ebdb378,automotivo,60,982,2,50.0,17.0,10.0,15.0
e868c0f77a736432fd2f4f905858ef26,informatica_acessorios,34,232,1,1425.0,23.0,18.0,18.0
333f69c22d63fc171fccf98d48ee742b,informatica_acessorios,56,303,5,667.0,17.0,9.0,16.0
4407440c06d8c11ce1b2e61c4382a8f3,perfumaria,29,450,1,450.0,21.0,14.0,15.0
4c88eca6c1faef5911374843849bd577,relogios_presentes,53,838,1,287.0,18.0,13.0,14.0
0654d3c1e3efc7e7cd9dbde9cb743df2,ferramentas_jardim,52,368,2,700.0,20.0,18.0,19.0
63c91bb26c656cd5fe0d2ca82b632c84,esporte_lazer,57,1278,3,850.0,44.0,22.0,32.0
4182ad8f6fd91b6064f2d1097d8a4291,beleza_saude,38,929,1,1097.0,18.0,18.0,16.0
7aa53bb43cb5b12d70be2a69d1e3c364,malas_acessorios,58,487,3,16200.0,26.0,57.0,39.0
e068d6beb383500788df589d811cbda0,artigos_casa,53,244,1,1900.0,45.0,15.0,35.0
55cfb8318af6fe90dfacf0892abb2cee,moveis_decoracao,58,2010,2,1500.0,69.0,11.0,11.0
af9418dfcdd7f19b51906a2f32cd6bc0,artigos_casa,59,289,1,2150.0,34.0,9.0,33.0
3b2d562ba6c9d15492a868f38b896e84,telefonia,60,950,1,900.0,21.0,8.0,22.0
cda3337475782af1a6a9e5580ca94b7e,papelaria,53,818,1,400.0,35.0,16.0,16.0
0ba8d6ed826271d06a9ebd6e3c3e8b3e,beleza_saude,45,181,4,400.0,25.0,5.0,12.0
e06ff9a961edac4a89f5451882861adf,utilidades_domesticas,48,1430,2,800.0,30.0,10.0,25.0
562f4fcb4d0fb2cd4b547e42e5bfd2e6,telefonia,50,3135,4,400.0,20.0,11.0,13.0
f0059d6f29674e2ee22b3d3b4dc560f9,moveis_decoracao,60,2007,4,2750.0,69.0,11.0,11.0
2ace3826b9a1b13030adc77ae9ae7902,telefonia,58,438,2,750.0,30.0,10.0,20.0
9e3a963e739c0a28056ba2ab33dc3ec2,beleza_saude,55,540,3,1500.0,20.0,22.0,22.0
16042ffa9e13c9207641ee169b044346,eletronicos,47,616,2,2167.0,19.0,20.0,18.0
1550a0fe151b511cb7cb327c55c865d3,bebes,56,1386,9,10875.0,68.0,44.0,35.0
afc0353fe79b04ccc1c58929acbbe62a,ferramentas_construcao,56,1776,6,2100.0,34.0,18.0,18.0
f3412532ea4da687eaa6943639812bc3,bebes,49,1151,8,700.0,35.0,7.0,29.0
ef69da85d3bc28e624e5bc8fd34456c7,ferramentas_jardim,43,165,1,14350.0,40.0,50.0,40.0
a0aa27e9f5d02670c0bb803f98863d43,informatica_acessorios,59,391,1,939.0,26.0,17.0,18.0
f3466e14c29ba0ba18ff6362c94ecdfa,relogios_presentes,38,397,3,560.0,18.0,11.0,16.0
9df7a56fa4352899fa6976c54a35ae3a,relogios_presentes,57,588,2,400.0,16.0,11.0,11.0
fac45b7ba2d8cbbf4d7ab67256745106,esporte_lazer,53,754,1,4950.0,90.0,21.0,21.0
9bd6de7d37cef435aacc25680a69db61,eletrodomesticos,50,130,1,8400.0,55.0,13.0,46.0
a2d0e33d71561d8116565565a6f68578,variedades,,,,150.0,16.0,16.0,16.0
7f27a510cfe7b7c16bdba4e185dd7940,moveis_decoracao,36,237,2,7400.0,45.0,45.0,45.0
ab29bedd6685cf84ec913965978c9d3a,automotivo,58,1276,4,1350.0,21.0,21.0,21.0
1c5e5b3851dcb42f81def7b900898c83,beleza_saude,56,1296,1,300.0,16.0,16.0,16.0
33fac76e7f17367dedaef7954bbb33b4,beleza_saude,63,1113,2,550.0,20.0,20.0,20.0
e09d5f4f915241efd18cd37fa543d7fa,esporte_lazer,46,283,2,2350.0,60.0,15.0,15.0
7e0f1b886ed1dd65930f3b9a30d563d2,beleza_saude,37,361,2,900.0,94.0,31.0,41.0
0aa63972ae4967bb6874df796163549d,pet_shop,63,1440,3,5000.0,40.0,20.0,50.0
52064f1a0937c3c72679b986b8ad7661,artigos_casa,56,262,1,1850.0,45.0,15.0,35.0
a0cf997ca06fc964e6c1f03d9a5e7752,moveis_decoracao,63,695,6,1500.0,25.0,33.0,25.0
186052b3f166a0f7227e78b2d27652d3,artigos_casa,56,162,1,3200.0,20.0,30.0,46.0
2c004d873fda9131eb12f6b71538087a,artigos_casa,54,683,1,1517.0,32.0,5.0,29.0
531e80cf1d0a71c020c1814e474a2045,artigos_casa,53,1814,1,1650.0,28.0,25.0,11.0
e6746d9281278108ca3319c4f0e6d05e,perfumaria,12,417,1,463.0,17.0,14.0,13.0
5eaec7fd1d19f063638a519d473cb200,variedades,54,190,1,200.0,20.0,5.0,15.0
4f45fa1109c51a1b799a8fe7a3f9a854,fashion_bolsas_e_acessorios,36,352,3,150.0,16.0,9.0,11.0
bc43d9cc64d7ff9093e8dd66b4d87665,esporte_lazer,57,969,1,1125.0,31.0,29.0,29.0
b833b995caddd97b8786370988e32ee4,utilidades_domesticas,54,351,2,200.0,20.0,15.0,15.0
e5458c88e2edc3d9d1109ae906fdbc62,automotivo,58,117,1,350.0,30.0,15.0,25.0
51e3084a334ce75dc646c9c6eea90e37,esporte_lazer,58,390,1,175.0,22.0,7.0,15.0
eccec1984cb1d214cc91f3168b113958,relogios_presentes,59,89,3,200.0,16.0,2.0,11.0
e3f398034e0ebbe5e0d3fb91036258e9,informatica_acessorios,49,1053,3,217.0,17.0,9.0,14.0
bf818ef79f0bf94fcefe6d0f1c707cda,artigos_casa,60,230,1,2075.0,35.0,9.0,25.0
01cdc6fbdb39fc792bb4c40164ce2331,automotivo,44,1085,1,7050.0,102.0,4.0,41.0
7c6ae4d12d2754ca0826ad17792c554e,esporte_lazer,55,2848,1,2000.0,33.0,30.0,30.0
ea5dab9d789df7f5cef0e41002bdf47b,telefonia,57,631,2,200.0,19.0,4.0,11.0
f66b9de04ca29b4039377a323e949dc0,moveis_cozinha_area_de_servico_jantar_e_jardim,37,62,2,25400.0,45.0,86.0,27.0
afa29d87f14911e7ddf199438b208e37,moveis_escritorio,39,2137,1,7500.0,58.0,28.0,58.0
f20a0bbd61ffeff9d684961e2d9a5be0,moveis_decoracao,63,462,6,500.0,20.0,5.0,48.0
a0ef8572cd061badd81ffc48dc04d1fa,moveis_decoracao,55,130,1,2000.0,40.0,11.0,34.0
ed3ad08bb1996a67332591b7b1a6cff1,informatica_acessorios,48,350,1,1850.0,30.0,16.0,16.0
e35f45a92b1a28c527d6e9edfec12af9,informatica_acessorios,55,2277,1,8900.0,19.0,13.0,32.0
65223c26538a2226610efc437e488b77,artigos_casa,56,382,1,300.0,16.0,10.0,16.0
c0a3d13743c894a0bd017a85acb658f3,artigos_casa,51,305,1,1500.0,49.0,16.0,39.0
20daef67faad9f39084ec8812b1dc6b4,beleza_saude,59,1868,3,100.0,25.0,2.0,15.0
e726b00d6143d630f1635740d8a265c2,fashion_roupa_feminina,36,886,2,200.0,16.0,2.0,20.0
0ae10ca52e6cb8745e17c11e7c43907c,variedades,,,,700.0,30.0,30.0,30.0
de7e97827841985dae27ef4c4769da95,automotivo,57,852,4,900.0,18.0,7.0,14.0
7210a4f2afef1f72df88723e733ef68b,beleza_saude,46,944,1,150.0,26.0,7.0,16.0
1cc6c532b1ed8a5250688f8136e01cf7,automotivo,56,656,1,150.0,16.0,6.0,11.0
b85fbb3b8e4ab010a2d49430298f65bc,moveis_decoracao,51,264,1,800.0,25.0,25.0,25.0
1c38f26a1dba8b5325c3b434679bfea2,ferramentas_jardim,51,518,1,363.0,18.0,26.0,17.0
5c12fb778168a77e3ffc8d7dd7a689fd,perfumaria,63,815,4,400.0,16.0,10.0,11.0
085481a1b9ec9eaa346ae0a39bd3c340,moveis_decoracao,58,297,1,5070.0,56.0,38.0,48.0
786beca54c998fdceea61e0a80250abf,utilidades_domesticas,41,150,6,300.0,16.0,6.0,12.0
5f16ef3125578cddb22c481431d8d0b4,artigos_casa,54,639,1,1050.0,20.0,16.0,20.0
8bff0b13faf092077c3bba691c07ff16,beleza_saude,33,396,4,879.0,31.0,15.0,24.0
9bc7d25a36d620cf449cfdebe3de132f,beleza_saude,45,287,4,500.0,20.0,7.0,20.0
14449f70527389068db24e234b28a37d,beleza_saude,58,2076,4,300.0,20.0,2.0,25.0
66a5f1151e5e84215b3c3ee6592f2b15,fashion_bolsas_e_acessorios,59,116,5,150.0,16.0,9.0,11.0
64e296f9cbda172ddde4c59be4bb1120,relogios_presentes,50,668,1,500.0,23.0,16.0,16.0
9bd5c7549aa6419f890cd8301f8faf53,brinquedos,53,902,3,621.0,34.0,8.0,31.0
ee72ae8f6d0b11d7f04230fc894d7e39,jardinagem,46,1077,1,1700.0,22.0,22.0,14.0
badbf5d003888b6338ea8774b4ac9717,ferramentas_construcao,46,893,1,2750.0,16.0,2.0,11.0
59f42de833f91d27e377bf831fa9c1e0,variedades,38,601,4,13400.0,52.0,44.0,27.0
1f5542855786adc0116f56cfd6f9f830,variedades,,,,150.0,20.0,5.0,20.0
c8e85f0e77fc6b81698e9ea2269988fd,instrumentos_musicais,30,1271,4,14100.0,61.0,58.0,24.0
34e83bed8d615779f4ed501e7033fc60,variedades,38,1639,1,100.0,16.0,15.0,11.0
2610a3a6c0250a7f4411801a8cf376c7,beleza_saude,56,1697,5,750.0,19.0,13.0,15.0
39678bc6ddb608fa59c306b78f51efe8,eletronicos,46,442,1,150.0,25.0,7.0,16.0
ac6c24af9f913c9375a3ea77883bda6e,automotivo,28,325,6,300.0,35.0,3.0,26.0
ba7298ca5084d1819f739b41083054d2,informatica_acessorios,35,661,2,100.0,25.0,3.0,19.0
81a266bbf4c7aa3113db84e81ca899b8,moveis_decoracao,63,254,2,1800.0,41.0,9.0,34.0
85ae33cb0cb21c6fe6b021faf074a682,telefonia,58,424,1,150.0,19.0,4.0,11.0
b77f596e85780e540958a58d35836e96,automotivo,58,174,2,200.0,16.0,10.0,16.0
251c15f2037e7977ac4b9df235e9b591,bebes,54,1317,4,1050.0,42.0,25.0,15.0
d33f55fbec1f19c63fc6854c2fd65925,artigos_casa,55,426,1,14050.0,16.0,10.0,16.0
7d603b9650fad957621945c193cc2df3,utilidades_domesticas,45,1232,2,917.0,29.0,16.0,16.0
df969ce58d2f301f941a09bc75558cd4,bebes,51,446,1,350.0,30.0,30.0,20.0
20fbf8f8316bd76f105599ecc7e485f7,pet_shop,58,754,6,1450.0,40.0,20.0,30.0
0fa81e7123fd0ebe03adbbe99d912827,artigos_casa,60,189,1,1350.0,46.0,2.0,36.0
e135dad580bf1f80d9e2828e5e85e7a6,beleza_saude,56,1363,2,200.0,16.0,14.0,16.0
f6c0bce2838cf1bdab4958c4cb8b946e,relogios_presentes,46,635,1,233.0,17.0,11.0,15.0
5ea135a7b8448e88c3fa7696860b3c3d,malas_acessorios,44,132,2,400.0,20.0,10.0,16.0
2b1736cd698222fad698e3c1be9dd4a3,automotivo,48,689,5,2550.0,20.0,20.0,20.0
4b26e5a29c80bb0a05e5094928a97537,utilidades_domesticas,60,128,1,3700.0,50.0,32.0,70.0
18b0e642cbae7251e60a64aa07dd9eb9,informatica_acessorios,24,718,2,200.0,41.0,2.0,29.0
a2f28e3d47bd6d7d334089ebebdd55e2,pet_shop,36,883,1,4417.0,27.0,27.0,13.0
2ac41de9b0580f84618e017249626a72,moveis_decoracao,37,320,1,2700.0,47.0,10.0,35.0
d763e6048c898edf2640a38fcd29588f,informatica_acessorios,55,211,1,1200.0,38.0,24.0,12.0
66ffe28d0fd53808d0535eee4b90a157,ferramentas_jardim,54,978,4,3950.0,16.0,64.0,38.0
c114a4721cfa58d98265d2074e53de44,climatizacao,39,444,2,600.0,27.0,13.0,17.0
710b7c26b7a742f497bba45fab91a25f,utilidades_domesticas,59,1933,1,1850.0,16.0,25.0,12.0
062d69b626c072fa369799d0018c95d7,relogios_presentes,48,345,4,6750.0,46.0,20.0,44.0
fed5c40c27e1c88560a9e92d82ee0825,eletronicos,53,109,1,150.0,24.0,12.0,18.0
574498be1ecac5af243037bfcc6f8b22,artigos_casa,35,236,1,1000.0,30.0,5.0,30.0
2d89e78798ca1f317b4d3a96c74248ba,beleza_saude,51,2468,3,200.0,23.0,7.0,15.0
68c01f1f3e73b30776f7d737f6a012ac,beleza_saude,44,1028,1,350.0,18.0,11.0,11.0
bc4cd4da98dd128c39bf0b8c2674032f,pcs,55,3610,4,2650.0,16.0,31.0,39.0
400a9b04cf215f1074b01b1d6c6104a4,beleza_saude,49,3901,8,2250.0,35.0,8.0,35.0
3822a27bc32b4e20694f1819c6d6e7ec,artigos_casa,56,310,1,6400.0,30.0,6.0,25.0
cbe73e033835920bea2c769177237510,utilidades_domesticas,59,470,1,950.0,28.0,18.0,28.0
58fd8873cf12a178215b4339d2b34ec5,artigos_casa,59,299,1,4900.0,42.0,12.0,42.0
d68016a0051f17a09f4491ab62e2bd28,beleza_saude,40,847,1,800.0,30.0,30.0,30.0
6f4ed02e363461e27168f72bc33ffb80,artigos_casa,59,344,3,12000.0,60.0,23.0,54.0
efcef300fe9b2c558a8ea258127f6e6f,pet_shop,43,480,1,7300.0,25.0,25.0,25.0
038c0dd7c1e48a1588f8919a0c305727,eletrodomesticos,45,78,1,100.0,20.0,13.0,15.0
53ecc2857666872f67f44e60b13d2ed2,ferramentas_jardim,32,390,2,353.0,26.0,14.0,14.0
1873d47fb47e167da1520bd9ffbb8f79,beleza_saude,45,1031,1,1250.0,16.0,32.0,12.0
4ffe5c9bcc2524a17ce23973b55d8b24,automotivo,60,695,6,3800.0,47.0,19.0,23.0
867c96d2bb67aba6500a4c509cf76072,moveis_decoracao,54,1988,3,2450.0,65.0,8.0,45.0
aeb2e29472cc0ee1cd8711e8b7c0bf47,esporte_lazer,47,414,1,700.0,48.0,15.0,32.0
0388b93e2992639ef7de7b35b2ba91b2,fashion_bolsas_e_acessorios,50,427,3,2100.0,16.0,5.0,11.0
4f8b31aef15b3f6b4c3cd34e74976494,brinquedos,56,194,1,475.0,54.0,13.0,26.0
4298b7e67dc399c200662b569563a2b2,informatica_acessorios,58,420,1,200.0,21.0,14.0,15.0
1b7b45fba5ad23e8117914f8b36e6772,esporte_lazer,46,1277,5,1600.0,42.0,10.0,22.0
f06301dd6d54c3e4300920991f2af380,artigos_casa,44,444,2,700.0,50.0,16.0,16.0
ef92defde845ab8450f9d70c526ef70f,utilidades_domesticas,36,558,1,450.0,24.0,8.0,15.0
0e54696a1223698bef52eeff59a10098,beleza_saude,56,1190,1,1250.0,26.0,21.0,16.0
fc9f1b7e877d87c6e78cc32686a73a27,artigos_casa,56,701,1,1000.0,50.0,12.0,12.0
391ae69031bcca826279a84f5c4034e8,utilidades_domesticas,56,613,5,3950.0,65.0,15.0,35.0
032e8352e7d34cc2558d4ae22132866c,moveis_decoracao,55,1617,3,4450.0,105.0,5.0,69.0
c8ab4e1fd53092c488c0a1777d522b41,brinquedos,50,591,2,6350.0,55.0,25.0,20.0
774dd887b3739f005c7097b568000536,artigos_casa,28,306,3,1650.0,36.0,12.0,26.0
bfa56a308202301eca94dc7f8b5c3dca,beleza_saude,31,1608,1,350.0,16.0,7.0,11.0
1701185747f4a378004088c1e14d0555,automotivo,59,241,3,10550.0,70.0,30.0,30.0
8bb27b1d96be90b36b8d0c7f30931d52,utilidades_domesticas,30,622,1,5950.0,33.0,26.0,33.0
733ff3db55dc1476774dc5a3f0621fe3,papelaria,25,736,3,1100.0,42.0,20.0,31.0
16e148a208d0f11df31eaf2f731ee460,malas_acessorios,38,216,1,700.0,49.0,10.0,34.0
488edbf15626ebb4b69d6c4600602ba3,alimentos_bebidas,40,907,1,472.0,19.0,16.0,16.0
f92ece990baf778926b7349c309b55f7,pet_shop,38,734,12,7300.0,49.0,29.0,34.0
d1c11e104455ab36d3e5b7458a9189d2,pet_shop,47,933,1,417.0,19.0,17.0,16.0
501ae028cdc334d0292eb35591ccb5d6,utilidades_domesticas,27,144,1,9600.0,25.0,32.0,24.0
d88df6347b8ee090e7a79d4493e1abe2,industria_comercio_e_negocios,54,1001,1,400.0,20.0,20.0,30.0
e0fb7b66c3ac0b1e5b49a218a065e816,perfumaria,54,675,3,613.0,18.0,16.0,18.0
8dc41bbd4f596aff149d8aa3e29521e7,artigos_casa,46,288,1,4325.0,54.0,19.0,42.0
a62f968b257e3759b2ec9bf2c71358b0,variedades,58,934,1,2250.0,42.0,25.0,15.0
c5736c891e81c20ebc49de62980c1136,variedades,43,421,4,500.0,27.0,5.0,27.0
0d95dd6703959afe6f64c7ebd49bd9e9,papelaria,51,261,1,1250.0,16.0,39.0,37.0
ad4f8de0139c69d7b3efb5ee2efb77f7,eletronicos,58,520,1,3600.0,35.0,40.0,34.0
5ed8f8ea5365a7ac8c451e7c8e836231,relogios_presentes,29,147,1,521.0,18.0,11.0,14.0
05cf9ac595f28386ee763c98cbc2bad0,variedades,,,,150.0,20.0,3.0,13.0
8dcffcf214d4c6e34c8cc2895e0d2427,papelaria,43,47,1,158.0,16.0,5.0,16.0
d1ea79912538f8c08574d206777837bf,livros_interesse_geral,54,429,5,650.0,25.0,12.0,20.0
5bbebc281f50fcd65e31a103730bb64e,eletrodomesticos,60,648,2,500.0,19.0,13.0,20.0
51d1db0b0ed8fee9994a5bae549a6160,agro_industria_e_comercio,41,288,1,5047.0,58.0,44.0,28.0
6868e3f08c6acd37b48c785aedddfdb7,variedades,,,,1000.0,29.0,5.0,27.0
7935326a359d2560cdb8a81b1e2e46c8,perfumaria,48,693,1,600.0,18.0,18.0,18.0
6d1befe53a3d28e0d0d8b3bfcce11195,automotivo,56,1235,1,1800.0,34.0,40.0,19.0
86047e935e01608082bdae92e41a11db,variedades,,,,1045.0,30.0,19.0,20.0
8f8cb7e4a7f16d339f87f8aa2711a003,brinquedos,36,529,2,650.0,28.0,13.0,15.0
08a59a7c557b1b8d49e5029a337d83fd,variedades,,,,400.0,28.0,6.0,27.0
e11f4a093cbabf75a2eb06a5748bf359,esporte_lazer,36,1360,1,2450.0,25.0,8.0,25.0
5f76bb88bf4410580362879247ef7248,utilidades_domesticas,46,1342,1,9700.0,28.0,26.0,26.0
cbece6847b36d3dc8a96c42da245ca80,iluminacao,59,985,1,750.0,16.0,20.0,16.0
413c11f2f70bb6e0d20172905d3995fb,esporte_lazer,51,1552,1,350.0,31.0,18.0,18.0
4925baf29078761c66f5f32ac8568abe,papelaria,57,687,4,300.0,30.0,15.0,18.0
025249b91a565601dc1b8f47ee7a230e,relogios_presentes,49,589,2,500.0,16.0,13.0,13.0
fd1eb7fd67e76cf3283618735a57cbcd,perfumaria,57,2670,3,1600.0,45.0,10.0,24.0
77ae02eaaa26f680c28c257388c2e1f9,automotivo,55,446,5,50.0,24.0,2.0,17.0
fc8e852906ed3985a6e1ea67eb1dfdf9,moveis_decoracao,47,2064,2,600.0,68.0,8.0,13.0
fbecfbe44e34c5291e5499870cd5db2e,market_place,20,43,2,5000.0,40.0,40.0,40.0
cf5f0f6ba7c1477ba6aca74da24faba5,bebes,53,1601,5,29250.0,42.0,58.0,60.0
101f391b9c83dc14c8f6147dcb70bfd3,moveis_decoracao,48,873,1,6200.0,18.0,5.0,20.0
f0f34793b31e7353a0d77fed40bdb196,moveis_decoracao,59,946,2,25325.0,95.0,25.0,64.0
69c3a9ec3f1094ad11505df27ddad569,beleza_saude,53,713,2,150.0,20.0,10.0,20.0
b84a91f1e58b1f44daf3a9b74a83f1d8,relogios_presentes,58,967,3,400.0,19.0,15.0,20.0
8c232245c53bdacb8760186225de609c,utilidades_domesticas,43,319,1,450.0,25.0,22.0,24.0
84dacba9d49f304ee015bc094083df20,utilidades_domesticas,54,341,2,16300.0,80.0,23.0,33.0
27051f70cfcbd63fec388f34e1f0d2a2,climatizacao,46,293,1,5524.0,42.0,37.0,28.0
576412dcec722c0f1f28ac7ee9acef54,informatica_acessorios,60,611,2,2500.0,31.0,12.0,31.0
146f38b5c222913dbe6606e5a25cd318,esporte_lazer,54,454,1,3400.0,36.0,41.0,36.0
bc527b3cbbc09017b7153bda2be5fad5,moveis_decoracao,55,2165,2,650.0,68.0,8.0,13.0
a6c23736e4df6d6659ccc0c2e26954bb,perfumaria,47,727,6,300.0,16.0,16.0,16.0
ce582a7aa032280b20a5f169195202e7,bebes,30,309,1,150.0,16.0,5.0,16.0
fcbdd87d29fc2d2fe700a7459d43445a,papelaria,39,310,1,300.0,16.0,4.0,11.0
43cc8e4d981bc04b9d78b12e8a908d41,beleza_saude,44,1793,1,11450.0,80.0,26.0,26.0
0678913581818c6056713a9b02f5ceef,automotivo,58,1934,2,250.0,19.0,19.0,14.0
0687ef6a91e16db4955fecac89ad73cd,fashion_bolsas_e_acessorios,16,132,2,50.0,17.0,4.0,13.0
24648c567b1a06a750a8042a774ba5c9,relogios_presentes,48,460,1,400.0,16.0,12.0,12.0
741e14d6cfe9c7dfcace49c4a0989bf3,bebes,52,704,4,1350.0,60.0,20.0,50.0
0b2a1288e8ba64c797e7586c8df75602,agro_industria_e_comercio,38,397,1,3450.0,33.0,36.0,33.0
8e05862e7dc54d6ad3571fb0749427d7,papelaria,55,184,4,250.0,24.0,7.0,14.0
3c4e3782469a0f1ac459dc6c47ebef31,esporte_lazer,56,235,1,500.0,30.0,5.0,20.0
a8177d9ba119fc738d8c3e06c6197106,livros_interesse_geral,44,618,1,1200.0,16.0,2.0,11.0
bd7805f8852673c30434a7cdbda6845d,informatica_acessorios,42,418,1,950.0,30.0,16.0,16.0
12a8571feabc765bfe057c37217daf75,artigos_casa,56,390,1,1983.0,29.0,49.0,58.0
51847bb213d8d5d22fd786d07a658968,ferramentas_jardim,38,244,1,600.0,25.0,32.0,25.0
0414ce6ba3643b59fd1e5c8e146c1d8d,pet_shop,48,466,2,2700.0,43.0,39.0,20.0
1f75be631e988bb0ad750e60e18d043b,beleza_saude,29,378,2,200.0,25.0,10.0,15.0
a0c6107c67d8dc850d070c70c7d32000,informatica_acessorios,57,489,4,350.0,19.0,3.0,13.0
25eb0a9d681b3515ff680cb41e69f58e,bebes,23,1059,2,100.0,22.0,23.0,16.0
3bc16db3924d3cf2ced69b26691f3d77,artigos_casa,53,704,1,1650.0,40.0,15.0,32.0
0e56789eca7cb6089cbcb26cdae08012,moveis_decoracao,32,1405,3,200.0,35.0,2.0,25.0
92144cc00a16129494387f172aa54198,esporte_lazer,55,1392,1,1350.0,16.0,16.0,20.0
5baf264237a4433f3646393b53c8adc8,esporte_lazer,30,73,3,200.0,25.0,25.0,25.0
d3153ef55a46de1972249b0a044c5bd7,beleza_saude,56,1266,1,1400.0,20.0,20.0,20.0
ad3cad415b6ec472fcdeff903a4a2567,utilidades_domesticas,51,386,2,2700.0,44.0,34.0,16.0
563e96ec3515e6a7048ebcebffcaf1ba,ferramentas_construcao,60,147,6,10100.0,60.0,20.0,40.0
b551128533846968d8752358d1f7f365,esporte_lazer,43,170,2,2400.0,40.0,10.0,40.0
6a1281ddeb8279b7748a31ffe3e479b4,eletrodomesticos,33,111,1,6600.0,42.0,42.0,26.0
2f280e90c002526eeef2deff70199cc0,perfumaria,35,906,1,325.0,33.0,33.0,31.0
e034c021254ff4d8da4e936e047967af,beleza_saude,42,2877,1,150.0,19.0,14.0,16.0
5343876e3ae357d3e47e3bf3c89dfc86,bebes,59,224,2,1400.0,75.0,15.0,50.0
b812780d29a366e40afd8d49b17b6d01,automotivo,48,749,1,800.0,41.0,45.0,11.0
34c8873cadb5465f46b7a20b6eb0215b,fashion_bolsas_e_acessorios,15,132,4,50.0,17.0,4.0,13.0
cdd68c0ef3e507db79631336cf9ec285,moveis_decoracao,49,494,2,450.0,30.0,20.0,20.0
f7d2c621aa931cf19b039d6089c106ad,papelaria,33,640,4,100.0,16.0,6.0,11.0
d065729477709c73459cad1d32cf311f,brinquedos,43,225,1,650.0,45.0,15.0,35.0
8efcb24ccca088a16dab13882f1c45e0,variedades,46,573,1,300.0,26.0,5.0,21.0
7be2cf904217376863ada2c9df82c8f2,utilidades_domesticas,51,663,4,3000.0,62.0,12.0,25.0
51f3479189a7783a3a617acd8e44be48,informatica_acessorios,52,516,2,450.0,42.0,3.0,15.0
0c96091f6f20b1d2c946a933370782a4,esporte_lazer,48,683,1,200.0,20.0,4.0,15.0
c9fbc1aa8e59ad7525f82fd8a5cb2337,informatica_acessorios,40,2206,2,749.0,25.0,13.0,24.0
e71f3cd0a0ef69b7fd173b32322dc6da,utilidades_domesticas,32,251,1,600.0,30.0,30.0,30.0
bb741dd30a6663863873c51be6c1061c,informatica_acessorios,57,95,1,300.0,32.0,5.0,16.0
89f1e78cec2da8a550bc341cfc36c066,esporte_lazer,16,1135,2,100.0,16.0,13.0,16.0
20b7215f127656c56776983719ba603a,moveis_decoracao,58,1056,2,650.0,65.0,11.0,11.0
6d0064c2c27664982756ef1dabd3ba8a,beleza_saude,27,980,1,1150.0,19.0,15.0,15.0
c3df8a716bc06d8fed63c0ed6e2c904d,telefonia,53,505,1,350.0,16.0,6.0,11.0
6dadaa59ab994917024e4774316a840c,moveis_decoracao,56,666,4,950.0,68.0,30.0,11.0
da3d93a1cb86a9e0369c04900f413a5d,ferramentas_jardim,39,1053,2,2660.0,34.0,25.0,16.0
e89d73f0944595de1d84663f975ae7b4,relogios_presentes,50,708,2,325.0,19.0,8.0,14.0
3817b9ab15f83deb6e7b1fb0285a560a,automotivo,49,1101,1,2100.0,28.0,32.0,38.0
78c4f2e6da6786ab39f8806a75c3db33,relogios_presentes,53,486,2,240.0,19.0,13.0,19.0
98354dc7140f034f3b55ec6fc45dd174,utilidades_domesticas,29,363,2,1000.0,25.0,30.0,25.0
b4ae18d0fc2d655133d1e1da2ec5c62d,moveis_decoracao,59,618,2,867.0,52.0,6.0,42.0
68120d970296eb097cc07cbfce29475b,brinquedos,50,679,4,500.0,30.0,20.0,20.0
04a58e66cae7d954a87cb7fbb67b204c,automotivo,59,1773,1,6600.0,44.0,25.0,39.0
d6bcc9649c52a826c656563ffb87a036,variedades,,,,200.0,16.0,2.0,11.0
2ac5c215e10e7251979c895510de4121,variedades,23,572,2,200.0,23.0,15.0,15.0
d1a790e97df2101ed61553a5fc1cfe02,utilidades_domesticas,36,566,3,300.0,40.0,5.0,40.0
96bbf32ba8cc8686a26742f4ede4aa34,fashion_bolsas_e_acessorios,59,745,3,900.0,43.0,16.0,27.0
d6aa421b9567e3e2a3a0caf8fb846cbc,utilidades_domesticas,48,546,1,5675.0,25.0,25.0,60.0
e870001ffe8a98a3318c48957bd271ca,automotivo,58,1658,3,200.0,25.0,7.0,12.0
77440e31527d8fa95aaf43bef08068fe,beleza_saude,51,641,1,500.0,20.0,12.0,13.0
3c7c75671b25b927f05e68b233263e5f,moveis_decoracao,56,1722,2,600.0,52.0,11.0,11.0
1a3ed2c0aa5c7beccd817b6b71282e99,eletronicos,54,799,2,600.0,16.0,16.0,11.0
3a5dc69f4360ae2f4561d165c2ee8fae,bebes,51,410,1,550.0,43.0,25.0,33.0
9456c129f470955000d28c94f73340cd,esporte_lazer,60,794,1,400.0,27.0,9.0,14.0
e5d6523f4cd63e1347ca8407deda4ba3,moveis_decoracao,60,2138,2,400.0,69.0,11.0,11.0
5911ffedc1c50c813140e8a27035f2bf,beleza_saude,49,3265,2,633.0,18.0,16.0,14.0
3863a6df816f3b8ce0358a1243541fcb,jardinagem,52,646,2,1225.0,45.0,28.0,28.0
6a1c65dbbecc1ece8c22856122a774ac,moveis_decoracao,53,770,1,13650.0,45.0,35.0,45.0
aaac8216e02ae792b8d28c6bead83ee6,relogios_presentes,58,171,2,200.0,16.0,2.0,11.0
c02a30b665557ab97c1b79c9aaaeafd4,instrumentos_musicais,58,652,1,2138.0,71.0,13.0,47.0
33bd5538a16d23f0a39da1c9bfd20980,artigos_casa,52,181,1,2200.0,54.0,9.0,28.0
112626d1abc7dfaab81063699f0e5600,utilidades_domesticas,52,267,2,10550.0,30.0,50.0,30.0
0ed0b763ec2b2da79223ed78dfc0263b,beleza_saude,27,1198,2,1150.0,26.0,12.0,24.0
e7a1555b071186b8184e2fe0e647181a,utilidades_domesticas,43,475,1,600.0,25.0,8.0,15.0
ceb9134650bd7cae74affc51800f309a,beleza_saude,46,648,3,1100.0,32.0,8.0,38.0
8fd665e89eee18f08d9973b0602e1387,esporte_lazer,33,829,1,600.0,22.0,14.0,22.0
98fa242dbcad30eeec98b1187ef08db3,fashion_bolsas_e_acessorios,50,504,2,200.0,16.0,16.0,16.0
ad2184066b4e4686938c277100198f56,papelaria,57,513,9,600.0,35.0,35.0,20.0
2d2fbde9939c282238dc0847b04c5018,informatica_acessorios,48,343,4,300.0,22.0,12.0,20.0
d961667356e6dffef33c0d0eb4c327cc,utilidades_domesticas,53,537,1,1150.0,25.0,6.0,20.0
fb00f51d564e36645bf7eab56ce5fd43,variedades,26,2532,1,2035.0,27.0,13.0,15.0
928c2c0fdf465581daac95380af04b3e,moveis_decoracao,59,729,2,2300.0,33.0,12.0,33.0
abf923da81737ee0bde792182948a693,brinquedos,42,314,2,450.0,27.0,11.0,13.0
0e839be47c2dc028ca3d90e65732b14c,moveis_decoracao,52,2057,2,700.0,60.0,7.0,14.0
c166595bd1ea20e060090a5b91145196,esporte_lazer,56,1026,1,150.0,17.0,15.0,16.0
29d78eec0b549067b52a07635d049c8b,utilidades_domesticas,31,1507,3,9900.0,53.0,30.0,34.0
1707ef553eb000d860fff09e3d08b037,informatica_acessorios,58,565,2,250.0,16.0,5.0,11.0
8347d3b517ab185dea43991aebb46737,artigos_casa,50,228,1,200.0,32.0,3.0,23.0
a2746ab0f7535d34316ed109d859d7f4,telefonia,53,627,1,500.0,17.0,13.0,14.0
88e45c0f0947e8b8e17cd93e8112be5e,instrumentos_musicais,59,477,2,7450.0,40.0,40.0,40.0
ca9b2caa4f7ec65aeda5825e09dcf99c,moveis_decoracao,57,2115,2,600.0,68.0,8.0,13.0
297a5f6e0aaf7b32fb0fc7483944105d,artigos_casa,44,146,1,2067.0,38.0,5.0,35.0
6d3397316a9cca69919dfa62be97a35f,telefonia,59,508,3,300.0,17.0,4.0,12.0
ff6154cee42bf2718cca4865f0620e04,ferramentas_jardim,30,139,1,600.0,24.0,22.0,24.0
b16c0da649071283aa94607f11da154a,perfumaria,44,741,2,200.0,16.0,7.0,14.0
43af87f38a5fdd07c23a32ec33727ba9,automotivo,56,762,5,50.0,24.0,2.0,17.0
8b2e2ee3c4042bdb5b3c5fa6b8663b33,brinquedos,33,1130,1,1750.0,34.0,19.0,21.0
262573ecc3b4b8c70a61fbc90671efa4,fashion_bolsas_e_acessorios,32,216,3,250.0,20.0,9.0,11.0
88703479ede641552b11881f0d2a6f6b,utilidades_domesticas,42,566,2,2250.0,52.0,3.0,32.0
23318fc7dadffdde2b4ebf8dadefcf68,moveis_sala,58,487,5,3300.0,46.0,9.0,56.0
635da37711a6b8a8adffc07ab6a5c9b0,informatica_acessorios,40,260,5,200.0,16.0,4.0,13.0
07691def223b4568e8ecb5a5b30574b1,telefonia,58,1568,1,150.0,18.0,6.0,20.0
d6d5ec5325b35cac036b7d2ad2d8bc3b,perfumaria,37,584,1,457.0,23.0,14.0,19.0
2f282449dadb2e59ff2afcde0bd9f393,variedades,,,,1600.0,45.0,25.0,25.0
eaf3ca98b28c4329251a46380c8473c5,papelaria,59,202,3,300.0,24.0,7.0,14.0
d3f90867737a01e4df1ff8879e235a9a,utilidades_domesticas,39,518,1,5100.0,60.0,17.0,90.0
08138db6d5813afad8e1f1d01393145a,telefonia,28,466,1,200.0,19.0,6.0,15.0
1a71a941d0691bd3d15ee51d5fb3b11b,relogios_presentes,33,169,1,530.0,17.0,12.0,17.0
2397e0e56f2c656e794348f4fbdfa3dc,brinquedos,47,1375,1,3000.0,33.0,37.0,22.0
ddccf31eab44aaa16cb1a7703a65b696,utilidades_domesticas,54,288,1,300.0,25.0,20.0,20.0
987ae6d6e94a608f9ea32bc82a649470,automotivo,60,1469,4,550.0,36.0,8.0,15.0
52d5dde0ddeb4e7544b584c92a38fef8,moveis_decoracao,61,157,9,3400.0,41.0,15.0,25.0
7b35ccd93a2184646c03b70326626923,esporte_lazer,30,2162,1,1563.0,20.0,16.0,17.0
8340db0bf9aa66946ce4a1f74c97041c,esporte_lazer,38,989,5,3400.0,45.0,15.0,35.0
48882f9b2e661cb01f564f54b92aa881,livros_interesse_geral,44,237,1,364.0,20.0,25.0,11.0
9682ad2500ae8b2609e6a88eb0cbc5bb,artigos_casa,32,373,1,1500.0,45.0,30.0,45.0
3f246bac2dc05206d0d5b6c637c7008f,pet_shop,56,486,1,26700.0,80.0,41.0,46.0
d4e19eb1e5c5d6194af618d3a67de4e6,beleza_saude,52,1151,1,300.0,16.0,20.0,15.0
c7e721eda335285746c694e6c408949b,relogios_presentes,42,802,2,331.0,19.0,13.0,13.0
53db2a5b8c80df5392dd028c0f7c13e9,artigos_casa,55,137,2,333.0,30.0,4.0,26.0
5f82c0dd37c20e3f5010be5f3c6a9ff1,utilidades_domesticas,50,365,1,21400.0,48.0,65.0,48.0
d070415dddac66bcbc0a2e4f253c0f81,automotivo,21,2566,1,20100.0,61.0,61.0,37.0
f720c39eaaedbc6f37a0cac64fe6a6aa,automotivo,56,374,4,150.0,17.0,21.0,15.0
fd29afd700b83ec4c34fe4a5b68fc23d,eletronicos,59,2148,3,717.0,20.0,7.0,15.0
6abd84909e8ed79ef808c16f90b91093,beleza_saude,56,389,1,250.0,16.0,5.0,15.0
9760ff15559ef0855c8aa01c00bd132b,informatica_acessorios,57,245,1,500.0,18.0,9.0,16.0
f257199a9546ac00a3af50c7f68cb05e,informatica_acessorios,59,1392,4,350.0,17.0,7.0,13.0
69c5919a1b057b3d3d8b58f3b9b4b89d,automotivo,34,364,1,800.0,20.0,10.0,20.0
e55ba61cd47a02e2b5479c63c7db13fd,eletronicos,54,126,1,200.0,22.0,12.0,16.0
6e729bd456c54469a9af4c8774f1eab7,ferramentas_jardim,45,2121,1,6050.0,18.0,39.0,31.0
b3c60191c4d756abdf423e5b21eb91dc,esporte_lazer,60,856,5,300.0,20.0,7.0,15.0
7b81c277c7e38dd3e617c88530402dab,papelaria,46,259,1,350.0,25.0,10.0,20.0
0c761b0e33d708e6a3694a94ac4b82c4,beleza_saude,45,1982,1,2200.0,35.0,10.0,18.0
658675929f516ce89c6c508269123f98,esporte_lazer,26,438,1,757.0,22.0,6.0,20.0
b984d2ef473c9daeaee1f7754f0076fb,utilidades_domesticas,57,403,2,200.0,28.0,5.0,15.0
9bbd350bf9e9d00628872c869354b3be,esporte_lazer,30,395,1,204.0,19.0,17.0,16.0
62efb2cde9269a637ebc6d2c0e02edfb,beleza_saude,22,1301,2,250.0,16.0,6.0,11.0
b4f435100a515fb999f800065c3424a2,pet_shop,55,833,14,7300.0,33.0,30.0,44.0
1020b67af447026e34fadc5a08f786b1,automotivo,58,1145,6,3850.0,53.0,43.0,11.0
d7b39598905ba8e791fe3f1f376d59f9,variedades,,,,200.0,28.0,9.0,18.0
7a82832901d5f4cd314a4e102c47bd2b,ferramentas_jardim,38,437,1,1900.0,45.0,6.0,20.0
ed1464ef7688d6e76b2bf2600c1ea3e9,informatica_acessorios,20,398,2,650.0,16.0,6.0,20.0
d4fa4ad0e82fea0c12d7cf3f773a03b1,artigos_casa,51,739,1,1300.0,20.0,40.0,20.0
8db4ee0e7e76083bd7d2d8ba3085b3a2,relogios_presentes,58,568,1,100.0,20.0,7.0,15.0
ec31d2a17b299511e7c8627be9337b9b,bebes,44,385,6,14675.0,55.0,64.0,52.0
6336e61e06e1a49c55f632beab8217f2,moveis_escritorio,39,2419,1,20500.0,58.0,28.0,58.0
2edc5e6012ad882462d116ed5a9e3085,moveis_quarto,57,589,1,1450.0,50.0,8.0,40.0
8c0794180bc059d1af097905d7352cfa,livros_tecnicos,25,1002,1,2000.0,30.0,4.0,23.0
dfb8e83d3ad8c5ce34db45b25f755b46,automotivo,45,1283,5,175.0,25.0,25.0,25.0
d4ad9721bda56413600c43c11006cb78,moveis_decoracao,63,1700,1,700.0,60.0,11.0,20.0
55917ad8d492641d4910c90cc593d896,automotivo,29,1641,3,100.0,16.0,16.0,16.0
1e1e594f54aee5d344f0f58b399c7493,automotivo,56,3460,3,50.0,16.0,12.0,12.0
3e49ed0eb3b0fd7c15032a2e250d43d5,moveis_escritorio,44,787,1,12100.0,54.0,40.0,52.0
16cbef36125de420ec9ae948425a6a68,beleza_saude,52,1013,3,525.0,30.0,6.0,13.0
9b20328274686c13d92234f6c1447c18,beleza_saude,42,693,1,1250.0,30.0,12.0,16.0
2ad3b9d06491a22cf955595ecd1b5e6f,telefonia,58,1566,1,150.0,18.0,6.0,11.0
1848a54b9f28b13e4d94d5bcc77904cc,fashion_underwear_e_moda_praia,41,1032,3,300.0,30.0,30.0,30.0
037a23831f142c505b119215d92eaf7e,moveis_escritorio,62,1139,1,8900.0,53.0,50.0,16.0
a1e33e0a3ead282527fab4ff0f72706b,musica,55,435,1,400.0,25.0,10.0,18.0
df6d00c24fc224b84e9ad17708d0f4d7,artigos_casa,53,495,1,650.0,30.0,4.0,19.0
4345b14b84ad05bc0f724913b134c6eb,bebes,34,775,1,625.0,23.0,22.0,11.0
d0a8e8165e8cb2572836fd8c3fbe1bcf,moveis_decoracao,38,1112,1,1700.0,80.0,20.0,20.0
a8c575b4028403c1885a4bdceb27f439,moveis_decoracao,49,617,1,1050.0,30.0,35.0,30.0
757b6da408dc043a090dd89a90e8d4b9,beleza_saude,63,416,3,100.0,16.0,5.0,20.0
3d388ad844800bc833bd3e880740917f,beleza_saude,60,3504,4,9500.0,95.0,15.0,65.0
abaf51d7a67cc363c8da7ae77d15ecdb,esporte_lazer,38,141,1,300.0,20.0,20.0,11.0
cc3e0004237b0c02f8fd95f943e1cebf,moveis_decoracao,27,296,1,350.0,17.0,26.0,17.0
a861d5c0df81a446e7e60ddb33ec0659,automotivo,57,1970,4,1550.0,27.0,24.0,27.0
9111d9c5a15a527389c6ba216623b7b4,informatica_acessorios,59,465,2,100.0,37.0,6.0,12.0
52801616f7cc110c31c559fa94cb8563,moveis_decoracao,46,210,2,417.0,21.0,21.0,22.0
ba9e896256f52e536a611c56a4cae38e,fashion_bolsas_e_acessorios,60,615,1,250.0,22.0,10.0,15.0
5bb73292c4b9cd1145fbb03e66d59d84,moveis_decoracao,40,3164,2,600.0,20.0,60.0,20.0
ae3f37bc85b67a251d32862062d3c70b,relogios_presentes,36,427,1,250.0,16.0,15.0,15.0
058453fe8a9473eceee27349de3b38ac,relogios_presentes,60,517,3,750.0,48.0,16.0,25.0
d8fc369e0b2d17b856119ff03276f198,consoles_games,32,265,1,600.0,22.0,9.0,12.0
1e17a95099678da4cd4479d4c5b8f391,brinquedos,33,762,2,1200.0,20.0,25.0,58.0
fe6614ba400caca2d8d310902d5ecdd5,fashion_calcados,57,404,4,1500.0,22.0,12.0,33.0
bb42f37fc3d9130e4a4339d24a47dd7c,artigos_casa,59,81,1,400.0,20.0,2.0,15.0
2c65cb7e002dd5aa378a903a98272c29,moveis_decoracao,57,268,1,1500.0,40.0,6.0,32.0
7c2d0df8e5fbfa71d54a400b33a8502e,beleza_saude,59,1515,1,138.0,12.0,9.0,18.0
00210e41887c2a8ef9f791ebc780cc36,beleza_saude,56,3893,6,300.0,30.0,15.0,15.0
0b501b17eff6353cde82245645c4207e,utilidades_domesticas,51,396,1,1750.0,45.0,21.0,26.0
dc2bd3d07579e7f3b185c7118e33c33e,informatica_acessorios,55,2880,6,1525.0,17.0,24.0,24.0
f361fccba568fabe00db466f80626d1e,automotivo,20,908,1,75.0,17.0,8.0,13.0
6db41bd5a650ed247a5690c0e78c3969,utilidades_domesticas,50,979,2,700.0,30.0,30.0,30.0
de75785dc5be712c4d4ed4ec5b422ce1,relogios_presentes,47,340,3,550.0,20.0,16.0,17.0
8b878f082e217c587ef3ad9431c6c762,market_place,58,1101,1,3600.0,19.0,30.0,26.0
c3eb7064c36408a9bfc77a42d6ab993c,beleza_saude,48,444,1,30000.0,55.0,75.0,61.0
23fdd328796868ab2cf9e551c0d4673b,brinquedos,56,1113,9,260.0,22.0,4.0,22.0
f2e84ab8eb8eaa7cddc82f2b0f4424d2,informatica_acessorios,51,727,1,450.0,18.0,16.0,17.0
99a3bbf99a7e2dc51bad09557d1967c2,esporte_lazer,39,513,1,1688.0,23.0,17.0,22.0
dedb5adefe63796ce6edd624d0ebd8a8,moveis_decoracao,43,642,2,1000.0,100.0,11.0,20.0
440f5b159d6123c0f65eb1abb5373b99,papelaria,58,264,6,2200.0,30.0,60.0,19.0
d3ceda8c68fb31960dab19adf28e5c6d,moveis_decoracao,60,2010,2,3000.0,69.0,11.0,11.0
b7a89537c40b1f5a18b5ba75dbb91cbe,instrumentos_musicais,49,1051,1,594.0,20.0,15.0,16.0
338aa2ba639b0be9950da484aac036c4,perfumaria,46,565,1,75.0,18.0,9.0,16.0
ff34f05b00e8638201e04d2d0651c663,ferramentas_jardim,43,452,1,2350.0,30.0,12.0,15.0
737ee9efa4782433c69fb8d80e925dde,relogios_presentes,49,364,1,250.0,40.0,10.0,25.0
094db48c531e5ce423c4b908ea96535c,relogios_presentes,58,441,3,1700.0,31.0,5.0,31.0
2009f9265306f26803dd5a243416707f,bebes,60,1212,4,1200.0,28.0,13.0,21.0
3f31ad7df5482b3e8fcaac6ea060574f,relogios_presentes,48,361,2,200.0,31.0,4.0,13.0
748b719f4cbfdcb99cae90bf4bb16217,brinquedos,46,1156,1,400.0,17.0,10.0,12.0
9102363e9fd5fc8fa4c0719ee704c89c,utilidades_domesticas,55,93,2,1300.0,37.0,37.0,37.0
873d2aa3911060e77ac89009410aa908,telefonia,54,172,2,150.0,20.0,5.0,12.0
6290a17933bbbd6ece996ef6542f4761,fashion_bolsas_e_acessorios,30,815,1,100.0,16.0,5.0,16.0
1d3f55c00acdb29bd959f2760abc8b7d,automotivo,56,614,1,5150.0,60.0,12.0,60.0
caa41bf17e27022341da028e79152c4c,beleza_saude,60,365,1,180.0,16.0,13.0,11.0
0152cb427657428c06633fce6d721da4,alimentos_bebidas,57,606,3,150.0,22.0,4.0,17.0
875bee7b8010ed5307538425241dda8a,automotivo,58,581,3,100.0,24.0,2.0,17.0
33c98bd750b001296730e4eebb44b579,fashion_bolsas_e_acessorios,52,830,5,200.0,20.0,20.0,12.0
38ebfc282f610c4b8c8950b634db74e2,automotivo,49,382,2,4900.0,31.0,31.0,31.0
050d890ccc1c0874e166c9af9c6dd821,beleza_saude,36,749,2,350.0,22.0,12.0,17.0
9190ce23001d7618017faae67788ea09,artigos_casa,41,627,1,4442.0,57.0,36.0,42.0
3a4dfe5f744b6f8727a27241cf1d97bc,alimentos_bebidas,26,993,1,400.0,19.0,19.0,14.0
5bb66ed812e22536e62fdf77349583d6,artigos_de_festas,58,1729,2,350.0,16.0,12.0,14.0
95d7eeaab4bd14c7ea4b2b95e415d8e0,esporte_lazer,48,1102,1,1400.0,41.0,6.0,33.0
42a437e306c8020b829fa2a5c55d3b62,eletrodomesticos,60,277,1,200.0,27.0,13.0,17.0
eff40981f3d4639fb50c5dd51ac00d7a,artigos_casa,26,393,2,623.0,30.0,7.0,31.0
0ce1e35bdc6af7e582e7ef9363e29b5b,telefonia,57,607,1,100.0,16.0,11.0,9.0
1c1dda7d5b3d50618aadda35edc2acd6,fashion_bolsas_e_acessorios,46,1437,1,300.0,16.0,2.0,20.0
401717fdb76bea40aad511f64ab03c92,automotivo,58,237,1,100.0,16.0,8.0,16.0
4c5cc632a68ce10ff22b58b5b8c8b8f3,artigos_casa,39,364,1,6300.0,51.0,22.0,36.0
067e6da1c75010f933e68b76efb2273f,utilidades_domesticas,58,451,4,8575.0,33.0,48.0,38.0
fce976d7954f915c971fb93ac8724681,utilidades_domesticas,21,853,1,250.0,16.0,16.0,16.0
525f8fbde09c9bf777025c3141fbbc6e,climatizacao,52,346,3,250.0,22.0,11.0,16.0
fabff014f52a6bfb8d46666506ef416b,automotivo,56,1498,2,550.0,21.0,18.0,13.0
927c2a01437aaec44d9b67f277b55eab,moveis_escritorio,44,1208,1,11350.0,63.0,61.0,24.0
9a07babc9b1d5d84b1e2422f8b55fd42,relogios_presentes,57,462,1,475.0,26.0,13.0,16.0
3dacb3ae011b40803a508b23392e15a0,papelaria,57,1682,1,7200.0,43.0,23.0,33.0
c028e45b1d245ae576fcf069f68265ed,pet_shop,49,683,1,11100.0,52.0,52.0,36.0
221734613a802d62bb706f54ae56f970,artigos_casa,55,739,1,1500.0,20.0,40.0,20.0
fd2168a1a9661512d53cb23d6d23ee02,brinquedos,32,1207,1,650.0,20.0,20.0,20.0
353453049f39e1273c7e57d80bd4d55b,consoles_games,25,1100,4,183.0,20.0,8.0,16.0
a77746494183161cdab587cc8428ca8c,beleza_saude,40,1102,1,2175.0,36.0,11.0,19.0
aee9cd26256b232251c668f81a66a52e,telefonia,49,498,1,100.0,19.0,4.0,20.0
5c3b598051f68e469d0ea40deb7fb904,alimentos_bebidas,58,3337,4,475.0,24.0,16.0,19.0
3cfbc83ded5aa170816cc18cdb5d4188,relogios_presentes,56,633,1,400.0,20.0,13.0,13.0
c2c00c360a8407127ec5393828933bc5,papelaria,47,329,2,250.0,20.0,20.0,20.0
df5cc67b7f137007b9e4e82efe5f623b,fashion_bolsas_e_acessorios,48,731,1,250.0,16.0,2.0,11.0
34d94359772f0bc123b585b23014e311,informatica_acessorios,20,1069,3,200.0,16.0,25.0,15.0
7f8b42a3cbe617b6112e0623f0d32fa2,esporte_lazer,41,936,1,6300.0,101.0,16.0,25.0
398f22ec36f9955449190bf09e971d83,beleza_saude,62,3074,1,1750.0,16.0,16.0,15.0
a152e968e6e943c06ca8ad6fbafc72a0,papelaria,59,315,4,5750.0,60.0,20.0,29.0
ef7465961a25c8e59ef03770142bbb12,informatica_acessorios,31,589,2,240.0,18.0,10.0,14.0
5de86da99512dc2f7efd46c262af9c8e,beleza_saude,50,2352,1,1083.0,19.0,18.0,18.0
26cdd235bfb9ce27858057fad1a52e3b,esporte_lazer,54,794,1,10750.0,30.0,20.0,30.0
98e0de96ebb0711db1fc3d1bad1a902f,eletronicos,60,3007,6,1571.0,18.0,6.0,18.0
c067d207da71c4b67d2f1ad5eb4e96f6,brinquedos,53,436,3,290.0,17.0,7.0,13.0
b8ded693eefc7fd6fae337f6c202093e,automotivo,55,790,3,100.0,24.0,13.0,19.0
c756c946d61f5ffc068418badfb6302c,relogios_presentes,55,175,8,250.0,16.0,2.0,11.0
bd135e2d8464317f17a1eddd678e8860,informatica_acessorios,45,599,1,500.0,16.0,2.0,11.0
bf5f81431577de43f0cb0864d45f835f,automotivo,52,553,9,650.0,16.0,29.0,22.0
ac8ead6d720eaa6c547bb93c6044b285,moveis_decoracao,59,316,3,11400.0,60.0,6.0,60.0
e641658c6c4f39509609041a4c1443ad,automotivo,53,578,3,1350.0,30.0,20.0,30.0
96f4be9a5580c9fc8f6a6fa033ffb485,fashion_bolsas_e_acessorios,57,349,2,5000.0,100.0,80.0,11.0
14b47a66430c89500f18cdaaef9e0c21,brinquedos,49,1230,7,3500.0,30.0,30.0,30.0
2c818013dbc95f5cd2d6a393a31813e0,moveis_decoracao,63,233,11,1500.0,42.0,14.0,32.0
8899e549604c83a99da5fd3ec51d955d,variedades,57,1003,4,200.0,30.0,20.0,40.0
12530458b22303a822da23e0ef0c400b,utilidades_domesticas,60,416,2,950.0,43.0,17.0,24.0
7d634a0a3016f753b828575a458269b5,informatica_acessorios,42,250,2,200.0,23.0,6.0,15.0
ddb73ecd2a301a87fa538fa0a33d4112,eletronicos,59,487,2,800.0,16.0,2.0,11.0
527921e5d38d82e839ef2195d6455fc6,pet_shop,63,2653,9,20700.0,60.0,40.0,40.0
dab9c91ff81f632aff81bb4cb671cd18,variedades,51,590,2,3175.0,30.0,28.0,33.0
9d6dd55c4d66be7b7021bb471061ce16,perfumaria,39,1290,1,200.0,18.0,4.0,13.0
97e778e5156560324ed3226e6dba3a5e,fashion_bolsas_e_acessorios,35,353,5,300.0,16.0,16.0,12.0
662522c4792f029e5de23e6241378b38,ferramentas_jardim,59,1439,3,6000.0,40.0,10.0,20.0
61928d5aa0738540798d3a57a38717f2,pet_shop,48,282,1,250.0,16.0,16.0,16.0
1ce47626d790bdfe279ad4cedc159009,moveis_decoracao,35,563,1,100.0,16.0,16.0,16.0
19685f2e45de3c3b733029b54a2c0d9c,telefonia,57,2877,4,1450.0,21.0,16.0,16.0
d381a801331f62e294893c46ce121fc8,perfumaria,47,729,1,400.0,19.0,11.0,16.0
e2e2c6003104c5c3b265e60c980904d9,seguranca,57,752,3,14650.0,65.0,65.0,13.0
b3fa89053a8298a2d3265e6ea6c79588,bebes,54,1116,1,11683.0,47.0,30.0,49.0
ff14b42e6c031d90825f40f2b1089185,papelaria,57,158,1,3474.0,31.0,28.0,30.0
90c3564fa89e67d5e1b4898dd43cebc9,automotivo,27,299,4,300.0,51.0,15.0,15.0
7b8c427eb09be88d32fcfaa8018f5caa,beleza_saude,55,624,1,2000.0,30.0,12.0,16.0
31a2fd4c489928b895ded31469fcbb5d,fashion_bolsas_e_acessorios,40,417,4,150.0,16.0,9.0,11.0
8bbc072e9ad5dfad286bf7965b945217,utilidades_domesticas,55,801,3,483.0,30.0,14.0,25.0
8805dd9f1994bee68f2e1351c5e64f26,relogios_presentes,41,1680,1,500.0,20.0,14.0,18.0
3bba0b38a9ccc67ee4f46b92530f186a,seguranca,51,769,6,2725.0,33.0,22.0,16.0
8f41c6ba389c91b377bba94e332bf925,artigos_casa,60,600,1,1200.0,20.0,12.0,20.0
2267f81f3634e3fdd5d27151ddad3c26,variedades,53,419,3,9650.0,86.0,8.0,40.0
db3d41ff5381ce98cf9726f09e731adc,informatica_acessorios,47,1751,2,1673.0,24.0,13.0,21.0
978d2315d672718ad7235114a71bc2c6,bebes,54,493,2,4033.0,27.0,27.0,27.0
1dfa1d1603b10b073093775015d0fc74,fashion_roupa_masculina,36,622,2,900.0,45.0,10.0,35.0
2a5431fbefaafd4adc1abc5f60a2ba31,automotivo,57,833,2,100.0,16.0,3.0,11.0
8229312bb3ac903dda978c5f6a7206bd,utilidades_domesticas,56,411,1,900.0,50.0,7.0,50.0
868969d3a93aeeab7bfcd4fc3d3d65de,telefonia,40,623,2,233.0,18.0,8.0,13.0
41c24b8ce92d1a2cac62db5edfd088b2,relogios_presentes,27,178,1,314.0,18.0,11.0,14.0
a8de27e0e3c906eb51872553801962b7,papelaria,58,371,7,1900.0,28.0,55.0,37.0
4a2aa2807d3b21d35fe604f5629b40ad,papelaria,51,795,2,450.0,28.0,28.0,22.0
9a21c7ce9df5c19b94d2ea715a23a90c,esporte_lazer,46,183,1,800.0,25.0,16.0,16.0
3e3f442db862cb6fe99389a41b7acb84,agro_industria_e_comercio,60,638,6,12800.0,67.0,57.0,30.0
063595b8c2acd495d650be922916fbff,moveis_decoracao,63,744,9,1600.0,30.0,21.0,28.0
ebf19d90623587fde1eff2a222d8b177,brinquedos,53,495,2,1874.0,38.0,38.0,26.0
1ce3fabecf822e737401979c2eef12e5,automotivo,51,658,2,150.0,16.0,16.0,16.0
2bbafc7b18384308a1fb3f64c022b25c,esporte_lazer,47,861,1,1014.0,25.0,22.0,22.0
575a896d07cd269eb0b2b8762e0be261,esporte_lazer,60,902,2,6150.0,20.0,20.0,20.0
7b66b19cf13720604859bcd8c48c0dab,relogios_presentes,58,785,6,250.0,16.0,2.0,11.0
833b7baca432a26ccfc3e3eaa8271519,fashion_bolsas_e_acessorios,42,261,1,100.0,21.0,9.0,14.0
e1ed9c25b42fc1afbc7459cc821a9d44,ferramentas_construcao,22,101,1,7700.0,50.0,20.0,50.0
ce9642db03eabe825b92638bd5d4aebd,malas_acessorios,58,367,5,1200.0,45.0,15.0,35.0
2a33c8929309d51853186bd18ff3e3f2,artigos_casa,60,298,1,4300.0,34.0,12.0,43.0
6aaa03bfd8582d76c23b11ef0e80f85d,utilidades_domesticas,58,696,2,900.0,21.0,12.0,21.0
5379d3a11f5e58c31f2de3ea3330777b,relogios_presentes,54,553,1,288.0,16.0,9.0,13.0
a710be5818329b097a82bb26b480f5fa,esporte_lazer,53,826,6,367.0,19.0,14.0,17.0
438becbce7afb5a88f4075ed4d76682b,utilidades_domesticas,32,817,2,600.0,16.0,16.0,16.0
4d3e81b2dfb45a73759982d63e532e94,variedades,49,425,1,200.0,30.0,5.0,30.0
25287671dbfca39d8aecdd754c28b269,beleza_saude,58,1402,2,1600.0,16.0,10.0,14.0
c7b28fe2ce0fe3c1e58fdb5ccfce9079,telefonia,54,436,3,200.0,19.0,5.0,11.0
f00f7669eb9a3712d500fe96759bb02b,ferramentas_jardim,35,172,3,1700.0,67.0,2.0,31.0
d766964397625ab68a48b7267bf7b04e,automotivo,42,395,2,11100.0,60.0,60.0,18.0
738da8ddda2e593acfdc53c2d1520dfa,instrumentos_musicais,63,950,9,8350.0,105.0,12.0,45.0
5320227c4bd28373213316b78f0f0b44,relogios_presentes,47,738,2,200.0,16.0,11.0,11.0
79a1e70838d5e7e05c1347829e0caff3,informatica_acessorios,54,1990,1,1250.0,50.0,22.0,30.0
4ddaadd618ebc681d6730057c360ab8e,market_place,23,235,2,1100.0,30.0,5.0,45.0
b0054021dee7f055b57da97096fc1c95,brinquedos,45,386,1,400.0,16.0,12.0,15.0
e91b0c7b4d9cd642c111a68c8a337ebc,artigos_casa,53,111,1,1850.0,35.0,15.0,25.0
12f066474dfa3c415c169051c5e1967e,telefonia,60,749,3,200.0,22.0,8.0,15.0
88ffcf27478318ba55b1f9d22d65ce97,seguranca,53,246,1,600.0,25.0,31.0,25.0
2afebecdbf5ff9f1058bc9164e65c200,bebes,53,710,9,8800.0,33.0,30.0,44.0
a5e253ef6240a13a4d631fd39d2c7444,fashion_bolsas_e_acessorios,48,638,1,200.0,16.0,5.0,20.0
ecf60cb41ee36163755ee427f85ef680,esporte_lazer,55,265,3,200.0,16.0,10.0,11.0
a58add0d4b913cb2fe2542b77bac6dc8,ferramentas_jardim,33,467,1,3700.0,40.0,34.0,33.0
606fe329bc6b2d8d63f8d787cd5d0960,informatica_acessorios,36,1437,1,92.0,18.0,17.0,12.0
447934cd014b033280977350b730d892,artigos_casa,58,124,1,3100.0,60.0,16.0,16.0
9ba7a2e6df6dbaa83fe78f9b4ea0b3fa,moveis_decoracao,52,1878,3,2350.0,104.0,4.0,68.0
e1dc23d88d327fefb34f58df7d6be272,utilidades_domesticas,29,814,3,425.0,31.0,14.0,14.0
be1d0cae4c4acf0350ad1295fe5a3299,artigos_casa,52,455,1,350.0,16.0,10.0,16.0
4a67edece2fe2b25b7ba6072c6e6d64f,moveis_decoracao,38,245,5,1850.0,21.0,57.0,15.0
627c9ddcab5043db4f8816ce2da1d31c,eletronicos,59,510,2,150.0,30.0,20.0,20.0
b1f4ba08a7cc4ec6ba47a54fe99beea4,beleza_saude,52,94,1,200.0,20.0,4.0,11.0
5fff011a1080f30f5ef452bf7ea65820,automotivo,58,885,3,1400.0,19.0,26.0,16.0
a7c82583dc20dc8caa7b88a98b8f3cd5,automotivo,58,226,1,350.0,27.0,8.0,14.0
9c7bdf67b06b419aefb93cfdfc96c55d,esporte_lazer,25,823,1,476.0,17.0,14.0,14.0
b22658be72921a967a7d592dfc61e54e,perfumaria,34,523,1,500.0,20.0,20.0,20.0
75d7ef43c821730d335b779416ef824e,pet_shop,60,776,3,800.0,50.0,5.0,50.0
3f5a7aa9c9cd21cbfe37688ed326222b,brinquedos,48,236,1,600.0,45.0,15.0,35.0
3952bdd2bc1fc8c324a78de21ae4d801,moveis_decoracao,47,660,1,900.0,21.0,20.0,18.0
441f80632def2e872e95a3e474226119,moveis_decoracao,56,296,3,900.0,100.0,7.0,12.0
aafff0a607f7a35ec845b6def642057c,esporte_lazer,41,1188,1,2950.0,36.0,38.0,36.0
f9af3e675a59ac5c74736e8f6e501f6b,esporte_lazer,59,3445,1,400.0,18.0,18.0,18.0
1a20fafcc7f7eba192f047da438a0bb4,beleza_saude,56,574,1,400.0,25.0,5.0,16.0
607533a152a7db3664c7bd5b24fa0e36,artigos_casa,47,258,1,613.0,37.0,20.0,38.0
8e371c2303bcf90383f6cebd67f2dffe,brinquedos,48,236,1,450.0,45.0,15.0,35.0
3eef0cb94ba82de806bb30ab743c7655,moveis_escritorio,26,1177,1,11880.0,50.0,60.0,27.0
e52703b3a28722cd38f045d5ebf09b84,telefonia,59,725,2,167.0,18.0,4.0,11.0
55b04296824029ae20bbeb3b200e69d0,moveis_decoracao,54,785,6,1300.0,60.0,12.0,12.0
bf78843cda99fe99d2246a94a4a465a3,bebes,23,591,2,400.0,24.0,16.0,25.0
a34ffdd8795ad14708ab74aaba226ec0,variedades,43,855,4,10700.0,104.0,23.0,27.0
674882c56b0e1ef7ce973f10a6c02b1b,pet_shop,58,809,5,1500.0,60.0,16.0,26.0
02aa16706915b09bedf8409296478283,esporte_lazer,31,798,2,200.0,16.0,6.0,20.0
656d923048a96be8ec0da05d7b71aa28,esporte_lazer,40,604,1,129.0,22.0,4.0,20.0
d2a2228b3f520f0af299b43ae00c698e,eletronicos,55,1226,1,500.0,29.0,10.0,16.0
f14c1f6cf5ba04ba0a6f52c763a6b7a9,utilidades_domesticas,45,1734,4,3900.0,52.0,5.0,32.0
3706bfca98c324436c9037eb9b35f594,artigos_casa,58,362,1,200.0,26.0,6.0,19.0
17d17b9640ddee0ec3fa09c91b284ae9,utilidades_domesticas,50,476,1,500.0,24.0,8.0,15.0
77cad52aa444e612b99517bebbb4abb2,pet_shop,63,1451,2,1250.0,35.0,20.0,45.0
76de7235ba0ddd12de1d998e1a5a1722,telefonia,57,166,2,150.0,20.0,5.0,12.0
17efcba3c09566b89c945ef563f381d2,esporte_lazer,54,728,4,1150.0,46.0,10.0,15.0
9bc39c44d241610638729a32026eb37a,artigos_casa,47,537,1,6300.0,58.0,20.0,46.0
76d58c2f53f7d340cb9fe2d8514e38ae,consoles_games,56,586,2,300.0,25.0,11.0,18.0
fa76b5636dfcd56d3d02b6657b64fb67,beleza_saude,48,923,1,2175.0,19.0,28.0,24.0
8368aba9a583e38eb9db42881c92c473,relogios_presentes,33,676,3,500.0,23.0,15.0,19.0
90b8a54ccc8372ea12573a7fd3312c33,ferramentas_construcao,55,856,1,250.0,16.0,12.0,14.0
5f6b9379adaf6cf73b45229cf6eb5ec4,esporte_lazer,42,1391,1,240.0,17.0,11.0,14.0
a7363ecea2a94dac7cd78479fb39b0cd,artigos_casa,48,729,1,2400.0,20.0,30.0,30.0
d01019ebab9a3f583fd32785518d8704,casa_construcao,30,1272,1,1175.0,30.0,15.0,18.0
10a6596b3224c408ee46c8aaaa2977cd,eletronicos,58,823,1,450.0,30.0,20.0,16.0
1e7d94ec384eb160b91eb277f13ba1ff,esporte_lazer,40,228,2,3650.0,60.0,15.0,15.0
5d83f43544c29b5d5f522ee9955e2043,bebes,41,347,1,700.0,30.0,16.0,16.0
e54f264ebcdf353273544c6cc18de83f,ferramentas_construcao,63,187,1,5400.0,40.0,26.0,25.0
6af944d65385c537dd7fb26787c7dae3,moveis_decoracao,63,190,2,2100.0,50.0,7.0,50.0
995132c3d9a4d244fdc9fb4b3d5c8e82,brinquedos,35,400,3,750.0,34.0,23.0,30.0
f7944bea06011a56749cb63cb546b89a,informatica_acessorios,58,1745,2,6550.0,30.0,30.0,20.0
a610552157e4317323f1c23e9c51fe26,eletrodomesticos,47,238,1,425.0,44.0,14.0,34.0
76f71ec385ad031b06d5ad8be0440260,fashion_calcados,46,647,2,1200.0,20.0,9.0,21.0
6d3d8ade6b793a08b041b6bc653c08ca,moveis_decoracao,53,502,1,650.0,25.0,25.0,25.0
9ccf11289147e5277b022439b4ea1f20,automotivo,59,983,5,600.0,20.0,20.0,20.0
ecd5ed7617a3120fd8951a701c93f9bf,utilidades_domesticas,60,830,1,3700.0,40.0,20.0,20.0
7bdb0c9137fdc67e666061dc0ee2838c,utilidades_domesticas,27,868,3,500.0,17.0,9.0,17.0
f7a17d2c51d9df89a4f1711c4ac17f33,utilidades_domesticas,56,1245,5,350.0,22.0,8.0,19.0
37587b932bbc7d76c4d1cde1cba57542,ferramentas_jardim,50,458,2,800.0,24.0,13.0,18.0
6a1a04054158fe995e1688d8f79605b2,esporte_lazer,59,254,1,1650.0,40.0,45.0,25.0
2a46d3a8cb337e4c4b5db2d6df599cea,eletronicos,53,1011,3,5200.0,20.0,15.0,13.0
0dda66cf50e9782e3b4499568095bba2,perfumaria,40,587,1,450.0,20.0,14.0,13.0
f48d34d7fa5828bde48c15d602f26aa7,moveis_decoracao,63,233,11,3000.0,41.0,17.0,32.0
86b905f8e48ccc43feec909bd9b934fb,moveis_decoracao,34,677,1,1200.0,17.0,32.0,17.0
c9edf439fd16e320a394e3e998138ff5,ferramentas_construcao,59,1748,4,2200.0,60.0,30.0,15.0
bf5c9388b3b4225c6578eadbde4781db,utilidades_domesticas,53,2014,5,117.0,21.0,9.0,11.0
e6a497d97ea84990f05bda077f62a2da,moveis_decoracao,51,358,1,2900.0,35.0,7.0,35.0
bec7585cabd7834bae06fc5bd3475cc9,artigos_casa,47,641,3,2150.0,50.0,10.0,40.0
165cf891cdb818da8293163bf0a9b2ba,informatica_acessorios,51,156,1,100.0,16.0,6.0,14.0
809f2a482cb6abfaa2cc24167538f57c,beleza_saude,28,936,1,300.0,16.0,17.0,11.0
cebff45f1d1558430be0e07ac0df6a68,automotivo,56,960,3,1400.0,30.0,30.0,30.0
de5dafaae0182647bb67d4b81b37f36f,brinquedos,42,571,4,4735.0,39.0,43.0,36.0
4f0abfbee7569e43b80f9aaa256a9bf8,beleza_saude,60,919,1,150.0,22.0,3.0,15.0
bc805087d4afe16910733e594081ac29,artigos_casa,55,610,3,17450.0,50.0,50.0,65.0
c3b4729646369fa6b490fc0b732ab443,beleza_saude,37,819,1,1078.0,20.0,17.0,19.0
d500c64ef3ac31087d21f93faacec268,livros_tecnicos,55,792,1,2000.0,30.0,3.0,21.0
b815c6ac9af2fbea9b2588de81c53905,moveis_decoracao,54,284,2,14500.0,35.0,30.0,35.0
fa8b90b254398a181c77d51bae41eada,beleza_saude,38,493,1,5550.0,50.0,11.0,60.0
3cb27db8c8015afcf219721d4fc10148,telefonia,50,286,7,200.0,16.0,3.0,11.0
6cc2b92f841b20c5e39281a44a9c68bc,esporte_lazer,50,437,1,2200.0,60.0,18.0,18.0
dc6185221ef0ba24510b48e0612fd51f,artigos_casa,52,572,1,6700.0,30.0,20.0,20.0
9ecdbd21cd2c1067a8dda34c1674cec4,moveis_decoracao,47,450,4,800.0,20.0,15.0,20.0
3bfd31bd6ca35eba88eab292090ca291,artigos_casa,51,453,1,21000.0,40.0,20.0,36.0
951e2998189b05082eab2080036b135b,telefonia,59,734,3,350.0,17.0,4.0,12.0
be7bcd2421313e6b35f03717b13f5ff3,beleza_saude,56,739,4,1600.0,18.0,34.0,27.0
c5cc16e72344194c359106a8061c83f5,automotivo,58,904,1,2750.0,35.0,20.0,20.0
e8f1f23c31482d8f798aaa64733e85d9,telefonia,21,1213,2,300.0,17.0,9.0,12.0
4dbbac7226b931013e5f0e2741d1025b,esporte_lazer,45,1541,1,700.0,33.0,20.0,20.0
7b5889ae43453cce7e93e2e32f97afc6,ferramentas_construcao,59,492,2,6350.0,28.0,32.0,24.0
f8e3bbc2e6dfcda8a3523e3ad3512d37,esporte_lazer,52,926,1,250.0,20.0,20.0,20.0
5c9d7078a9ba9cfd2f39725146e15678,bebes,50,1206,3,1350.0,42.0,25.0,15.0
664fa109c2fdc2f1c8f1ec2b6863fe5c,brinquedos,59,377,5,350.0,28.0,20.0,24.0
e8dca0ae20e339a356e9d598fefc3be5,telefonia,32,1130,5,100.0,20.0,20.0,25.0
46b609a28b05ef9d5179026a055c5121,moveis_decoracao,59,693,1,700.0,39.0,5.0,20.0
df4df3fa6ff7a9f642cdd117ed85626e,automotivo,49,410,1,400.0,16.0,2.0,11.0
a69e3d74b5056570954717a7efc806de,malas_acessorios,58,529,10,3350.0,29.0,28.0,24.0
1da3e4356495511914d62ce5385f7122,variedades,29,338,2,350.0,18.0,16.0,16.0
e0f63b6827db5de140206f0e66485f3c,utilidades_domesticas,55,1208,1,3300.0,40.0,30.0,30.0
3736d232d7b439822cdb4cfee973fba0,eletronicos,60,487,1,833.0,30.0,21.0,21.0
bf7a3359eeb43b9944c70293e4be896a,moveis_quarto,56,240,1,14000.0,60.0,5.0,90.0
519693b7e29749ed7b6ad60cb07b9400,variedades,,,,200.0,25.0,2.0,18.0
00d2add85b1f5aba6bb3d5d977314e25,casa_construcao,60,935,1,9050.0,56.0,26.0,28.0
cfbc837967ca671ee87f5243f2a1024d,esporte_lazer,47,527,1,400.0,16.0,17.0,11.0
2f6e181a1c1c54d63d3a7e4d64b9947f,ferramentas_jardim,57,305,4,850.0,16.0,7.0,30.0
ec5a5cf28e0fbef0c5391157203ab8ce,variedades,57,1407,4,188.0,16.0,9.0,14.0
32bb152336c896d906a6344cdbe1993c,moveis_decoracao,58,635,1,7350.0,30.0,35.0,30.0
c47696608d548c9999a92966e435b3f6,esporte_lazer,43,248,2,850.0,60.0,15.0,15.0
e1723cc3f4bc8a361b57f8c8b97959af,eletronicos,44,376,1,200.0,25.0,7.0,16.0
016809bbae76f284266dcffcbb12480b,malas_acessorios,38,789,3,600.0,50.0,5.0,40.0
99de5bb76bad02d0f39306af0436bcfd,audiovisual,37,1657,3,800.0,35.0,4.0,25.0
d902e8400cd0c58b64ea157af940e670,bebes,52,786,2,3800.0,44.0,23.0,43.0
b8e1b1d7c85f0f3530d09dc4c52fa0ab,moveis_decoracao,62,472,1,500.0,46.0,10.0,60.0
45d79c8c6875aec2005c8f554dc1d352,esporte_lazer,25,209,1,900.0,51.0,17.0,20.0
6bd8c7dc9695bdc48adc5960f4fee0ff,moveis_decoracao,63,706,3,2750.0,35.0,10.0,35.0
66867c4d80b358b6cd9fada5208ad1ed,brinquedos,56,551,1,1200.0,30.0,14.0,22.0
096d687ce8c7ae68039cce3f229b1d4c,pet_shop,35,1008,2,665.0,9.0,9.0,8.0
997821c0ede235a8ed07670ce57a8d86,telefonia,60,776,6,300.0,17.0,4.0,12.0
b8748a4a2330a08837c8a22664e31f5e,perfumaria,47,125,1,543.0,21.0,23.0,21.0
757172573ef8a2cc354243f3da4fa565,ferramentas_jardim,58,218,1,2700.0,80.0,12.0,60.0
6d7d853286dac8449c42146f8ce5dedf,esporte_lazer,35,421,2,150.0,45.0,10.0,11.0
ddd089de76da9c400545c6fbf80e2ccb,papelaria,52,1235,2,800.0,20.0,50.0,40.0
c816e7f68945b875d70f82b82f7b0495,artigos_casa,60,124,2,900.0,95.0,8.0,50.0
e435ceb7ced9b8446defd858630454ed,beleza_saude,28,792,1,440.0,20.0,11.0,17.0
e5f8f7fec18736ea009f2f7334543497,moveis_sala,57,1054,2,925.0,22.0,10.0,17.0
195a72beccf48da20d71e2d7530b470a,beleza_saude,48,474,4,425.0,20.0,11.0,14.0
64b446c34d5599462f6c9d4ed6bc5c09,eletrodomesticos,60,637,1,250.0,27.0,13.0,17.0
6553ffe8703fdc36bad125ddf9f6d691,malas_acessorios,45,905,6,425.0,40.0,7.0,34.0
1d7db62a21ffb4f220d3e8a05fa77e02,fashion_bolsas_e_acessorios,22,328,3,100.0,16.0,13.0,11.0
56fd30e18420cb9a5a50c718168fa660,ferramentas_jardim,62,2167,3,700.0,16.0,17.0,16.0
c4b21b551ef498a942996724f6f82695,automotivo,39,871,4,850.0,28.0,16.0,21.0
71e54303c8b80673889bfc98bc5ecb0e,artigos_casa,64,702,1,2700.0,42.0,16.0,36.0
0ed27993e016d4546e2038bfd75b812c,variedades,,,,1000.0,48.0,8.0,39.0
4cf712858586ea03ca847ca8aa2c8228,moveis_decoracao,60,473,1,900.0,30.0,4.0,20.0
92f1f77b7f3c73831fef53406c195302,telefonia,46,1267,4,350.0,20.0,15.0,20.0
700ad1e824c548718de15b880c688ef1,automotivo,59,449,3,150.0,24.0,2.0,17.0
7134464bd4e33be7a2604345a4c0ccf4,artigos_de_festas,55,336,1,4550.0,33.0,18.0,33.0
32bad49615b7c5da42609b98df97482c,eletrodomesticos,51,81,1,50.0,18.0,8.0,13.0
001b237c0e9bb435f2e54071129237e9,artigos_casa,42,253,1,6000.0,40.0,4.0,30.0
a7961e6620228e0f227361f0668e37ba,artigos_casa,23,415,1,200.0,20.0,12.0,20.0
951cb45d30e716a846d8cf5874034e56,telefonia,57,524,1,150.0,18.0,3.0,12.0
236f3599e6d57eeb5eb9535b2c88b231,brinquedos,29,657,3,300.0,19.0,15.0,17.0
6921371f065f148b890f1007f4520c14,automotivo,59,307,2,150.0,20.0,6.0,14.0
410f854e2b9c85fc6295ab19b1a2ef2d,ferramentas_construcao,49,141,6,9900.0,54.0,20.0,40.0
2c0b8a973e616502de1d80482fb9c5be,eletronicos,57,410,2,100.0,18.0,20.0,16.0
591f652fcfefc35a0e6f10b0371a63e1,fashion_bolsas_e_acessorios,31,145,4,700.0,17.0,4.0,13.0
dfe8b257ae3c4ac736e02845401f49f4,esporte_lazer,55,2660,9,5750.0,30.0,20.0,30.0
b7d35019c9f8e0eeff52b36a59eec8e8,eletronicos,55,1654,4,14600.0,35.0,30.0,34.0
70accfd08e04dffc605f6577d4e852c4,beleza_saude,58,1672,1,350.0,28.0,24.0,11.0
6eb70dfb283dc3f645ed7b03c990dc72,audio,31,251,2,343.0,19.0,11.0,13.0
bc0f31b5e89dfeba8169ad1123d44d2b,climatizacao,46,1215,1,350.0,18.0,5.0,14.0
6994f9a9c56c7684b24d7d4a00e7026f,informatica_acessorios,43,1527,1,700.0,24.0,8.0,16.0
d7cdcdb31629bb225ebedc727c780d9f,climatizacao,57,2638,6,23300.0,36.0,30.0,45.0
ba3f298a122a95c4928e8b8628e8520e,artigos_casa,50,111,1,2200.0,30.0,20.0,25.0
ada6a9116c85d8e56232e0a4265d7db9,eletrodomesticos,45,151,1,14813.0,50.0,43.0,26.0
ccb5b6def674efaec461d386ac2ec146,beleza_saude,56,1539,3,600.0,18.0,30.0,30.0
20a67c4242225878d0a014685ab3edaa,malas_acessorios,43,280,5,250.0,20.0,11.0,20.0
74824accb4f777403366c8e6b4e32d9b,artigos_casa,54,701,1,1000.0,50.0,12.0,12.0
84f7fd2c1044599c234663aee75a2fcd,esporte_lazer,60,648,3,300.0,44.0,22.0,42.0
7668d66f068c135ede2c919c2be31563,relogios_presentes,51,505,1,400.0,16.0,11.0,11.0
4f4524396824b581a27a7dcebb2938b5,ferramentas_construcao,60,560,3,3000.0,25.0,20.0,25.0
d61d270aa0862b38a2eb6cb38c05f60d,esporte_lazer,51,477,5,850.0,102.0,6.0,11.0
7d5d1204ad4036e30b0d4afce077f396,pet_shop,63,688,2,200.0,20.0,10.0,20.0
d6a246503bb84b2e0914e8a1dfb58a04,alimentos_bebidas,33,703,1,400.0,18.0,15.0,13.0
7edef979b756af9359d411234fea104a,fashion_bolsas_e_acessorios,29,377,2,200.0,16.0,9.0,11.0
8eddc081294df4f0672aedec8a5b249c,utilidades_domesticas,59,933,5,1700.0,31.0,27.0,31.0
34c58a18b4dcac5fd8d96e8e08b738ed,instrumentos_musicais,48,1359,1,11083.0,83.0,41.0,33.0
788cfeffa94621a51f76df9232c26b3a,moveis_decoracao,32,423,1,9900.0,37.0,32.0,50.0
637ea0abda9b9824985e1aa64ba4363a,moveis_decoracao,59,166,1,7300.0,30.0,36.0,30.0
afc9a91acfb3b23adb16e7bf78ccd78f,fashion_bolsas_e_acessorios,38,463,4,150.0,16.0,5.0,11.0
e92a985a8d92ec8e08cb04d6d9396026,perfumaria,35,1311,1,250.0,16.0,2.0,20.0
4fec1ad678269e2167a25f1db2550c33,utilidades_domesticas,28,465,2,200.0,30.0,20.0,20.0
4011494d902f1075a502ffe9432186b3,instrumentos_musicais,59,557,1,650.0,20.0,20.0,20.0
8516ee98a593fbd30f6ab57f3d3477bd,moveis_escritorio,38,506,2,20050.0,101.0,10.0,62.0
7c252e2828f4198b4bcbdbe1bce858ea,telefonia,59,1949,3,1900.0,21.0,21.0,21.0
f636021ab0248325d2b69e3bcfc489bd,informatica_acessorios,55,844,1,200.0,28.0,2.0,40.0
c2363f555558eefafc1fb2767571cc57,informatica_acessorios,36,665,1,800.0,16.0,11.0,37.0
b81e20325ffcfcc0f66604b4fd84badb,papelaria,39,256,3,100.0,16.0,6.0,11.0
b85d127ab2f470f523f1678b7f399cef,utilidades_domesticas,59,304,1,150.0,20.0,2.0,20.0
7acd752914187cf1f698d82d5025595c,perfumaria,42,121,1,283.0,21.0,12.0,19.0
793ee3bd01e3ecec7ab94aed9aeee415,informatica_acessorios,40,1076,1,950.0,36.0,15.0,16.0
ebe8bbf509715e46f138ac98b1cbb12e,casa_construcao,24,1113,1,383.0,17.0,14.0,16.0
22dcd61aae0f6d1acc992914bc67a0e5,relogios_presentes,47,364,2,300.0,40.0,10.0,25.0
34f7bddc98259b62a001644be7928e43,eletrodomesticos,55,943,1,20050.0,44.0,45.0,62.0
265f4031e6bbb8ee2c1590baca25c89f,automotivo,51,282,1,750.0,16.0,24.0,24.0
f8aa70d9a3144410291ddb62d20506b6,esporte_lazer,60,418,1,24700.0,16.0,20.0,20.0
736b01e650e996639d732e4aa356da84,artigos_casa,52,636,1,300.0,16.0,10.0,16.0
58662fc2ddcb4853532ee42a1cfc9843,informatica_acessorios,38,294,2,140.0,20.0,6.0,14.0
781a5256893d06b9526750ff0b5f50e4,beleza_saude,50,1233,1,225.0,18.0,11.0,14.0
6bd248f93425ceeb625a8a97e2404112,papelaria,39,217,1,550.0,46.0,10.0,32.0
5a734305711f911ef984b0b59c9b7936,utilidades_domesticas,57,137,1,17050.0,20.0,50.0,28.0
cd82271424be9568801391194697361c,artigos_casa,56,999,1,400.0,19.0,13.0,15.0
fed8c9425c38a8433368e5fa59592a89,bebes,42,1211,2,950.0,42.0,25.0,15.0
00f8c37377b038c9c791128d2f928111,eletronicos,32,302,1,100.0,19.0,15.0,17.0
3729e88d6c44656dc1bbd5f3c57b00d4,esporte_lazer,60,403,3,700.0,30.0,20.0,20.0
cfaace0475fb31c60cb29ff8abd131fe,moveis_decoracao,37,315,1,7300.0,30.0,20.0,70.0
7e78ca7b03df674ba01752a0344b3ebe,telefonia,58,399,1,150.0,19.0,4.0,11.0
2d2d15d322e7069eddf81d5200b19417,moveis_decoracao,56,352,1,2000.0,35.0,43.0,35.0
dbaee28f4ee64465838a229582d77520,ferramentas_construcao,58,1178,2,418.0,19.0,6.0,13.0
2776dfdf555739816e6987a1f00e9224,esporte_lazer,56,293,2,2650.0,60.0,15.0,15.0
43d2d5d7e3a65abd97422578f9d4df78,fashion_bolsas_e_acessorios,45,1220,6,200.0,40.0,32.0,11.0
3fe92971b9d5a0280651851e06ea0ef1,eletronicos,34,372,1,150.0,25.0,7.0,16.0
99b5d7eec773ceced9d287d753ca00e9,papelaria,46,484,3,1000.0,16.0,4.0,11.0
509869967faff93ff8a7a229abed8641,artigos_casa,54,310,1,950.0,16.0,10.0,16.0
5f6d8e9b4925b2a5cb271f55aea07896,artigos_casa,48,324,1,2050.0,39.0,11.0,35.0
b3cf0a98f31b76ed0cec13d9c77102c4,market_place,26,1528,1,1300.0,33.0,6.0,22.0
2be7c0f7dd57742c970f856ec64bc25e,informatica_acessorios,41,317,1,200.0,18.0,9.0,16.0
970920a8e74dbbac4bcae9119351d3b7,utilidades_domesticas,54,572,1,500.0,25.0,21.0,21.0
e80898f7fa43bab01ca59564aa5f1bb0,informatica_acessorios,55,328,1,400.0,28.0,10.0,23.0
855f69302e4d53ea69972cb1946a08a0,relogios_presentes,60,267,2,200.0,16.0,2.0,11.0
5861217c6b00a886e28a101167dbb1e1,utilidades_domesticas,51,150,1,425.0,23.0,15.0,18.0
6c0163ecd7df58f4240f9a83ca6079c7,informatica_acessorios,59,765,3,300.0,16.0,10.0,11.0
c34e98ba0749e6f9163215b9f293a560,esporte_lazer,59,1081,4,700.0,16.0,10.0,11.0
5baf51b71ace9afbb38f0b161f0c098b,beleza_saude,62,3621,1,800.0,20.0,15.0,15.0
81310f3abbc71bf476f866abfa353df9,eletronicos,49,415,3,389.0,20.0,14.0,20.0
4cb922d064b9a86b25b900350108771e,brinquedos,44,327,1,11850.0,50.0,35.0,40.0
1a9336bcfd7544237cf44cf3de1f5530,utilidades_domesticas,41,2427,1,2800.0,45.0,35.0,35.0
2e274768896aa2c7635b9689423a5d34,esporte_lazer,42,1404,1,3313.0,29.0,32.0,25.0
0a32d8349e99e8cdb9a5dec7d3f94985,utilidades_domesticas,28,416,1,300.0,22.0,6.0,11.0
dbf23e54e9fe684d5774201bdf0de80f,utilidades_domesticas,58,71,3,500.0,20.0,35.0,22.0
a035b83b3628decee6e3823924e0c10f,perfumaria,53,2235,3,1450.0,20.0,25.0,20.0
a0458f75b62b1e812480c0c915d9b649,esporte_lazer,31,509,3,300.0,16.0,6.0,20.0
522a61b8bf90717d1dede67a67459a4a,jardinagem,33,164,1,800.0,16.0,16.0,12.0
6d8f2ccbced01ba3165048d784a5cf0c,relogios_presentes,60,556,1,200.0,20.0,7.0,15.0
08f457ff8eec8dfffecc0489179e7db5,ferramentas_construcao,60,3407,2,2300.0,16.0,11.0,11.0
f6dc856631040b5a7843b14a94b09b96,pet_shop,48,1594,1,15550.0,47.0,32.0,62.0
6b81a5e5e578171e2f5d691e3cba9be5,informatica_acessorios,46,741,1,150.0,17.0,9.0,13.0
3a75dd0d3e10eb5b122f48730482547c,livros_interesse_geral,49,1147,1,350.0,30.0,4.0,17.0
f77f18b15df7b13a76cac068e285eb78,instrumentos_musicais,48,283,1,350.0,27.0,6.0,20.0
5c37fc5cf2955deea60c262cc60a51e1,moveis_sala,33,261,1,12075.0,56.0,17.0,56.0
57646b730d659bc73d8193fc5131014b,flores,48,130,1,450.0,30.0,15.0,20.0
e706fb211285b40b3555b302920e61fd,fashion_bolsas_e_acessorios,52,437,6,200.0,16.0,9.0,11.0
fcc27d197f2e7be2b9a8ecedfd1a1730,variedades,56,316,1,2000.0,33.0,44.0,19.0
835c3918777f6ad40fea5150f5ba0cfb,relogios_presentes,60,925,2,400.0,16.0,11.0,11.0
45dcebc4f3d844e116f01e3f191711dc,utilidades_domesticas,63,771,11,3000.0,47.0,25.0,32.0
a1ca62481619b02ad09535f2b418bb75,telefonia,56,867,3,350.0,20.0,16.0,20.0
05d7b955682862c7ee7db5c1a7d728ce,esporte_lazer,42,600,1,400.0,16.0,6.0,11.0
60de781b3b48e9203b98776db5bd3035,beleza_saude,41,948,1,250.0,21.0,17.0,17.0
9d46bfe46a9812f451dfbd861f711759,relogios_presentes,49,270,1,450.0,23.0,8.0,16.0
c781fcf450227132b560b10bbd2ed26b,bebes,49,375,6,200.0,29.0,7.0,16.0
318fda70a35e94c586339fe51eafbe7d,utilidades_domesticas,59,932,1,1350.0,16.0,30.0,12.0
3a2df6d2493defbb3b0f25c4f359423f,pet_shop,53,295,3,1100.0,20.0,25.0,20.0
d305d1981b39fbfddd8c9d6b5a19a29d,telefonia,60,982,4,450.0,19.0,12.0,14.0
78a8b452478479d26f32e36504176cf1,moveis_decoracao,49,290,1,15300.0,98.0,10.0,60.0
7ed6634347bb8371bc6b20b3a7022bce,esporte_lazer,60,331,1,8500.0,100.0,6.0,50.0
7b122b9b1822b5e4241a7b06e0a7f4cb,esporte_lazer,44,414,2,400.0,20.0,20.0,15.0
1eb5b06a73df439c29be30c762965ce3,relogios_presentes,55,328,1,900.0,23.0,15.0,19.0
1b64e3f229ea80e2b453b120cebcc448,informatica_acessorios,41,724,1,1925.0,33.0,40.0,18.0
ed57c392fcdb758e2aae5d3b2c8abfc1,eletronicos,57,687,2,200.0,16.0,10.0,16.0
84cdff92b3a55fc67a2b0bbdae9b57bf,moveis_decoracao,59,1873,2,1600.0,60.0,14.0,14.0
d34c07a2d817ac73f4caf8c574215fed,telefonia,56,56,1,325.0,20.0,15.0,14.0
70a9f1d2c0e23019d6b8db85a81e69c8,variedades,58,989,1,2500.0,42.0,25.0,15.0
b2467a0d160e2d74cf50312ff80e75c7,beleza_saude,53,986,1,2000.0,30.0,12.0,16.0
ce149636a055d9eded4cde55da9ebd3b,fashion_underwear_e_moda_praia,52,624,1,200.0,42.0,4.0,14.0
bd988548c4a31b6c4fe5571e3cea8f8a,perfumaria,49,674,2,525.0,18.0,17.0,16.0
227bdd697845ec3537a795cc900e715d,moveis_decoracao,55,207,11,1200.0,30.0,10.0,25.0
cd6b772c1446156e232d62e01d4c8a25,utilidades_domesticas,56,274,1,700.0,22.0,6.0,11.0
28492192565141edad4251d6f32d1fe1,esporte_lazer,31,831,1,1238.0,26.0,18.0,19.0
6b25f8d191ed1f5dd6689c84ed519a0b,eletronicos,54,2402,5,2200.0,33.0,10.0,18.0
4257f45f6ea58aa46885ed7ef723b6c0,variedades,,,,2300.0,29.0,13.0,25.0
6871a3c157d6f51697e887f3c3598479,informatica_acessorios,58,1923,4,850.0,25.0,11.0,15.0
ff5f8606556b625613f069a5a9a48966,bebes,63,554,1,2300.0,27.0,14.0,27.0
4fcb3d9a5f4871e8362dfedbdb02b064,automotivo,53,603,1,5950.0,65.0,11.0,65.0
f32bca3145053bbfb83b7f3d464691ca,artigos_casa,56,684,1,1225.0,19.0,17.0,22.0
8473795696f49e9e79fba701f129828c,brinquedos,39,591,2,2300.0,57.0,9.0,46.0
7281fb0ce17b91ad3102548544f07981,beleza_saude,42,910,1,650.0,50.0,10.0,15.0
5fdf539153cefe3f3fd8589c6c22f191,variedades,42,1496,3,1700.0,28.0,36.0,27.0
17865682ce7cccfe7dec02d1f74a8f86,automotivo,54,339,1,350.0,25.0,10.0,15.0
c2e2f746cdd48da2d45b17f3fcc4575b,moveis_sala,53,566,3,2350.0,62.0,16.0,14.0
823193e4168a61989f856c9bea47060d,moveis_decoracao,58,568,1,21000.0,58.0,40.0,50.0
802b8430511a39ecdad069cf6c7dd812,utilidades_domesticas,60,1519,7,300.0,25.0,10.0,16.0
5fb1e24560c31b0eaa1911d4247187ed,brinquedos,34,649,3,2600.0,33.0,12.0,26.0
0a45c6bb3a03e8c13228d4200cb964c2,moveis_decoracao,40,551,2,1900.0,19.0,7.0,16.0
eac9c1d0fccbfea24c2524ebe84b8bee,telefonia,53,845,2,200.0,27.0,5.0,20.0
e6574cebbeb21c82802d3a0b682129b6,esporte_lazer,49,1263,2,30000.0,105.0,65.0,25.0
7046a5632fbe7baa273b14b3253e1547,eletronicos,57,2672,5,3300.0,55.0,7.0,20.0
7c888c2f683671fce1d3a9db421ab15e,moveis_decoracao,43,508,1,700.0,20.0,15.0,20.0
9d38213b04fd8eb9a773f9b2b88ffd0d,utilidades_domesticas,50,612,1,300.0,25.0,2.0,17.0
368c6c730842d78016ad823897a372db,ferramentas_jardim,57,366,2,1650.0,30.0,22.0,30.0
45ba26803dbbdb26ec5757546929ac89,pet_shop,38,88,2,400.0,16.0,16.0,16.0
bac35584a4b6413380a74f9617e12379,papelaria,40,904,1,1000.0,20.0,20.0,20.0
c78c6340ae7cb2e130f1d7dd49bd0f96,beleza_saude,53,246,1,675.0,27.0,14.0,16.0
0a863e93d7d478b95b764c3344d10307,papelaria,57,83,2,600.0,20.0,30.0,20.0
596e3ace8e8329beb05bb40700a659f7,ferramentas_construcao,60,1154,1,450.0,16.0,10.0,11.0
b9c742d2c1b06bc064c7aee11440e5ad,telefonia,58,366,3,125.0,19.0,4.0,11.0
50a2c8c64d432c1d4921f2e63e6c5e70,fashion_calcados,57,404,4,1400.0,22.0,12.0,33.0
f55463fece88ecb944e832eec0f7f90a,esporte_lazer,49,792,3,3675.0,38.0,29.0,28.0
ed61f9d2b8837c3aeebb563b7305ef78,artigos_casa,59,301,1,3500.0,40.0,12.0,40.0
ec811f847a08d7ad8203b790a1db3070,moveis_decoracao,22,463,1,2000.0,22.0,22.0,22.0
9d6c66334a27b9dcf34b71cd371638de,artigos_casa,45,729,1,4850.0,20.0,30.0,30.0
77745dd9f1224c72a2ef931ded7a0bb7,moveis_decoracao,51,1988,3,2250.0,65.0,8.0,45.0
09278667a33779be5996a7df729db8ae,informatica_acessorios,45,3729,1,933.0,29.0,20.0,23.0
79afa72908a4818cf6fda742a5dc4afd,climatizacao,41,810,3,5350.0,18.0,58.0,34.0
8b2ae6dc36fac80caf19882760cfc9b2,esporte_lazer,47,527,1,300.0,16.0,17.0,11.0
bb69b35babb38529a803d3f77d1e7454,variedades,,,,850.0,30.0,20.0,20.0
f3231cefd20f5eeb7a400d49b3c8163e,moveis_decoracao,38,1898,1,1600.0,56.0,11.0,11.0
5f728acb77ac6cfbe96f6c64d2bd4694,artigos_casa,57,119,1,2350.0,36.0,16.0,36.0
48a12f318432c4b6a1fdfd5d79372e66,artigos_casa,54,584,1,1200.0,33.0,8.0,23.0
db7d6b1e3bbc3a8afae8fdee3cca3ee5,ferramentas_construcao,58,2416,2,4400.0,17.0,11.0,14.0
85079e05da087cff3c178a21a5de1015,ferramentas_construcao,43,338,1,250.0,19.0,5.0,13.0
b5d6ad9c3af003e2e9bf0ad06106e41e,moveis_decoracao,64,69,11,1000.0,42.0,11.0,35.0
58f579bb52bea63fe1c6c39c2d4272d8,utilidades_domesticas,33,631,1,150.0,24.0,24.0,11.0
6e9e036c6017814b391e3059fdc9d315,beleza_saude,55,1200,1,350.0,37.0,10.0,17.0
e4643202d9053d132303d7927dc71f8e,pet_shop,48,1736,1,2200.0,18.0,20.0,22.0
d9cbadc2f61272c79987920607db84f1,variedades,56,736,4,975.0,20.0,14.0,16.0
aab298131a82379b76abd533b9010dd2,bebes,47,672,1,350.0,25.0,8.0,19.0
af74cc53dcffc8384b29e7abfa41902b,casa_construcao,57,921,8,800.0,17.0,27.0,17.0
5291f2fd6367110ed90adc7a8da2f261,papelaria,43,665,1,600.0,22.0,48.0,38.0
d418ddef3e7017381084956220b00b9d,eletrodomesticos,54,354,1,100.0,18.0,8.0,13.0
ddc9cfae6aff4793d37c7224d3ee1648,esporte_lazer,58,861,1,100.0,16.0,10.0,11.0
39d2584d35b8c7a0deed61ac2e884b9a,esporte_lazer,42,317,2,1907.0,47.0,24.0,35.0
612fc86af2e1c8927886a7503dcc67a1,automotivo,54,390,1,1600.0,33.0,27.0,26.0
628f5ed6c14790dcb9233c8dbf596175,beleza_saude,43,875,1,555.0,30.0,12.0,16.0
fb909933914c1f945839287e7c253687,moveis_escritorio,58,1294,1,7125.0,52.0,52.0,17.0
591cf821695e4e2934a87e07122f7839,fashion_bolsas_e_acessorios,60,270,2,250.0,16.0,2.0,11.0
284f40734f93fd1e46430a7365d571a3,esporte_lazer,58,3686,1,7300.0,30.0,26.0,26.0
9f14f401fce2d9ddd450e7ce60cb7f5f,consoles_games,45,130,1,100.0,20.0,3.0,15.0
7f40e8df98cfbfbee8f953bb798fbc6b,eletronicos,60,488,1,150.0,16.0,8.0,11.0
94974b8c613bc6fae9700e6c01f626ae,papelaria,36,198,3,225.0,20.0,6.0,13.0
227ae51127a60b162b1696de1cc8a10b,bebes,47,1058,2,2797.0,35.0,35.0,16.0
fedbf77eb491dfc9ac276b9ea9ee10c6,papelaria,55,228,1,350.0,30.0,15.0,15.0
b1c791ce2fd764b4aaea6b9064b224ac,perfumaria,52,425,3,400.0,23.0,8.0,15.0
8338cef8355d238f43711dcb9c0657b2,moveis_decoracao,59,473,1,700.0,30.0,3.0,20.0
646998fa29db22fe94b0bd31b8d228ac,bebes,37,208,1,470.0,29.0,10.0,25.0
fd45ce2fbdcaa362dfb5d1a21e87a711,artigos_casa,51,208,1,500.0,16.0,10.0,16.0
a7e0919795bd6324004da7131002d3b6,beleza_saude,26,419,1,521.0,22.0,19.0,27.0
1aa5ffb5e73a8635a5d4619a96d012fe,artigos_casa,57,125,2,2400.0,70.0,10.0,60.0
b8731f3bf14c9557a4c5c4b94ad48d0e,informatica_acessorios,47,203,1,150.0,16.0,2.0,11.0
f9c0f237f4f12379c81b021b02749422,fashion_bolsas_e_acessorios,54,759,1,200.0,16.0,2.0,20.0
0bcf6f2768e7e4cf76462a7b7e0ca0c6,alimentos_bebidas,46,805,1,150.0,20.0,16.0,16.0
1c8ddcbd9abd12c51979969411f0b110,moveis_decoracao,50,534,1,650.0,65.0,2.0,13.0
43354a2ac9eca9f50cb31647c6d5516a,brinquedos,50,563,6,8750.0,30.0,69.0,25.0
8d71779211b8e5ff41a75ae32857a23f,beleza_saude,59,501,1,550.0,17.0,14.0,15.0
4a0103d2363d388d3b209cea1773c254,artigos_casa,26,706,1,200.0,20.0,12.0,20.0
be157a92e815713738a71a0defb96c65,esporte_lazer,51,361,4,975.0,17.0,11.0,14.0
027293c3b6d9e221268d9d6a5ffe5d0b,industria_comercio_e_negocios,57,148,1,30000.0,80.0,50.0,50.0
ce64708328e978e92d475585d394d9dd,esporte_lazer,33,584,2,1550.0,20.0,10.0,20.0
530d9436af6fa4960e9754ce4128b468,moveis_decoracao,39,510,2,1350.0,80.0,20.0,20.0
cb81df0e3ccece253557f2a07df4727e,esporte_lazer,25,469,1,225.0,18.0,15.0,16.0
d7d794641d5ada503ecda1a6f19199d5,esporte_lazer,36,348,1,887.0,16.0,15.0,13.0
f34152d311875e9da480bd51f495155d,informatica_acessorios,35,1101,1,250.0,42.0,2.0,30.0
930715d24c2f9780fac2a78636094fd3,instrumentos_musicais,55,913,3,700.0,20.0,12.0,14.0
242a6abd32d7630b48ef5c0a1bf527eb,variedades,,,,400.0,35.0,16.0,35.0
bf66f5d110af02b50af37038afe90bd9,pet_shop,47,1518,3,400.0,20.0,20.0,20.0
936a034fe3b07b7ae7c87fc8ceb0749d,relogios_presentes,58,1233,4,450.0,16.0,2.0,20.0
2e830c73f28d3b8542af03cf2637dfc4,eletronicos,34,214,1,275.0,24.0,9.0,17.0
b91b2431ca8a681073c72cab18054e6e,beleza_saude,44,768,1,1200.0,30.0,12.0,16.0
d6d121aae35cf0cb9078f82deb7047d2,fashion_bolsas_e_acessorios,51,220,2,150.0,24.0,4.0,34.0
e00994390ccf605aec4a0389c80e0ba7,esporte_lazer,29,418,1,1871.0,35.0,32.0,30.0
9411bee3a54ddfd68c52f1fdf4cd446c,moveis_decoracao,19,191,1,400.0,30.0,5.0,30.0
51b10a13b460cebc64e1325e7f228ae8,malas_acessorios,18,758,7,14800.0,45.0,60.0,22.0
33ec1056063990a554e2e2cd85219de5,artigos_casa,60,624,2,400.0,57.0,4.0,28.0
aa21b6a3f4c75c7a9ae8d9ba32796914,artigos_casa,53,413,1,2250.0,42.0,16.0,36.0
2ca49532371b32e19b3db0809a52ab25,variedades,50,640,1,1200.0,42.0,25.0,15.0
1bef08f119466a85a83919d5b80facd3,artigos_casa,39,114,1,250.0,40.0,4.0,30.0
e2a0cbe7edb791b26eb99b535e8ab0e0,ferramentas_construcao,58,470,2,600.0,16.0,18.0,12.0
e0a554e92afe71fd7f9380b7b135175b,fashion_bolsas_e_acessorios,48,357,5,150.0,16.0,9.0,11.0
508d5e8ce8e79bb506f9f0c096b295c4,moveis_escritorio,19,930,1,12775.0,37.0,65.0,36.0
9d8fa7002a036708c4cf8730214ad1b5,artigos_casa,53,82,1,450.0,40.0,5.0,25.0
9dd7fca4adb5b63da29c93f3d47a66c2,audio,55,1443,1,400.0,20.0,8.0,16.0
12b81d15ffa819dd535e30cb2d00172f,artigos_casa,46,386,1,500.0,30.0,10.0,30.0
9f529f63306c538c5d2bb19103100a55,moveis_decoracao,39,189,1,500.0,33.0,4.0,24.0
bce551f6c568dca0b7e4cf5af7de7390,informatica_acessorios,57,327,5,1200.0,30.0,2.0,15.0
8c81ff84f8301d0db2fbfde90da0f5a5,papelaria,52,90,3,2050.0,20.0,30.0,20.0
74136808e9dcf6fd885771521203035e,automotivo,55,2082,3,3400.0,45.0,25.0,45.0
21ee06f7fd37a6fe4841865339411674,informatica_acessorios,55,1119,4,200.0,25.0,8.0,20.0
3730ebdd8d5df28fa300574307887fd9,moveis_sala,54,1054,2,2000.0,21.0,8.0,17.0
c53136cc2d9c25f291925712487f22eb,artigos_casa,60,226,1,1600.0,49.0,7.0,40.0
aa70ae9ee9a798d44ae6e00ce6d82cb1,beleza_saude,60,919,1,150.0,22.0,3.0,15.0
7de123c822c488ccab0151f37a521b5b,utilidades_domesticas,31,711,1,100.0,30.0,11.0,20.0
936da86791ef70783a980c4c7eec760d,utilidades_domesticas,44,767,1,956.0,29.0,27.0,20.0
5c59756861f289b773f83871924200eb,artigos_casa,40,729,1,3100.0,20.0,30.0,30.0
ab687729e8507381d0b4aa32bef2d723,moveis_decoracao,48,599,2,1200.0,65.0,12.0,12.0
49d7eb00f7557973ece1df7ff7ed415b,beleza_saude,53,2496,1,200.0,16.0,6.0,11.0
231b36f9858956ff85f4e71640188ca1,variedades,52,908,1,1300.0,42.0,25.0,15.0
339f2b13a46e42dd78e479acfdd5f387,telefonia,60,549,1,426.0,24.0,4.0,28.0
f745d28cf673e9022060c31f7f11218e,eletrodomesticos,58,324,3,425.0,32.0,10.0,16.0
8509049c56caff468e3f35c4eefb6035,utilidades_domesticas,39,818,1,1000.0,25.0,32.0,25.0
c7c27b5cbae5f0689560d8d154af7724,automotivo,39,1129,2,2050.0,90.0,13.0,18.0
3bbfc7ab9b28d67dee1c87ab14c2ec07,artigos_casa,53,163,1,1600.0,35.0,8.0,29.0
aa639608e62d229ef7dd04933ece34a1,telefonia,60,792,4,350.0,17.0,4.0,12.0
7a81751397c8813678761201a7114339,utilidades_domesticas,38,389,1,200.0,37.0,3.0,11.0
64dbc216907de33e11d8b5e501667623,artigos_casa,53,555,1,600.0,16.0,10.0,16.0
6ddcabeba730cb81a3c9570a595a12da,beleza_saude,53,386,1,700.0,30.0,12.0,16.0
de29e502ba5174dcddbd4da728616533,relogios_presentes,54,354,1,700.0,16.0,2.0,11.0
5b94462ef9789d7944ba155fed57d178,instrumentos_musicais,53,2196,3,250.0,16.0,9.0,11.0
19d0b759f7630539873b280839cddfa4,relogios_presentes,52,616,1,328.0,20.0,14.0,18.0
592622a6e083df9d90d48ee459f6ed80,beleza_saude,34,1339,1,175.0,19.0,18.0,18.0
7798ddd884068c64f261fa5d6a7f6cd9,pet_shop,53,531,1,8050.0,57.0,21.0,37.0
fa2d929efb6b3c378099488dd6b02ca5,moveis_decoracao,53,1749,3,2600.0,105.0,3.0,70.0
dca6d5a73e0fb3c97e3fa17fa7f928d7,papelaria,43,601,3,1900.0,35.0,15.0,45.0
d67bed02998be8e156400c61f0897a96,moveis_decoracao,20,283,4,100.0,16.0,3.0,16.0
8e698981cd367d35f5dcb21f4f563fd8,brinquedos,34,254,1,200.0,16.0,10.0,11.0
4fb3bad6b502eaca3b6d7d87bc1613a4,artigos_casa,55,191,1,663.0,20.0,20.0,20.0
ccec880520770d791d004c9a1ae8b0aa,pet_shop,46,798,3,150.0,25.0,10.0,15.0
2d75cb4f23924fff112f06ef3520c120,brinquedos,28,178,1,400.0,16.0,17.0,11.0
45b280868bcc8124d9309f459a42eeaf,esporte_lazer,59,902,2,6450.0,20.0,20.0,20.0
9d6a5df183306316cd9954e052f30dd3,ferramentas_jardim,48,737,5,150.0,17.0,7.0,12.0
2a6949b0a5f63681fccef03f5c628edd,esporte_lazer,41,289,1,300.0,20.0,10.0,20.0
0c2ec8ad337c82681af769354356e4c2,moveis_decoracao,49,1378,2,2000.0,20.0,65.0,20.0
adcfd260203f2ab192f83edb46d0f83f,moveis_decoracao,18,164,2,500.0,22.0,19.0,13.0
c2c503e76e239d461b3e92222f6b49c5,brinquedos,41,1068,2,800.0,50.0,12.0,31.0
2d15b61e2962412ec20c326895c4603a,jardinagem,55,2039,5,200.0,16.0,3.0,12.0
18bbc803715ffa8ec1b58bd3f737fdca,informatica_acessorios,38,665,1,850.0,16.0,11.0,37.0
6c0405ea1704f19465d1dc6314b1a9e5,telefonia,32,365,6,50.0,19.0,3.0,11.0
67e3279668ba06a3dd977cb31399a311,ferramentas_jardim,38,606,1,6200.0,18.0,32.0,18.0
3362ea39c2b9a88dc82f2cd6f6838bcc,utilidades_domesticas,57,475,4,200.0,40.0,11.0,30.0
69e3a7b303638194dc5edd5e6abff8ff,fashion_calcados,40,303,12,400.0,29.0,7.0,16.0
e05daac6288336fe9e903937aed44199,artigos_casa,55,329,2,500.0,30.0,10.0,30.0
2b9de6c892dd8bfb80322b1650d9904e,pet_shop,31,1074,6,19000.0,30.0,42.0,90.0
f46fbfe2831e5813c0e41812ad5a6228,informatica_acessorios,40,3861,1,800.0,30.0,9.0,20.0
c10a7001e8b49dfc03817444b5f2ed81,relogios_presentes,46,670,1,500.0,16.0,2.0,11.0
6881872c707ad95aa81fdd385223eca5,casa_construcao,44,1130,1,233.0,17.0,14.0,16.0
2942a8c2c52f01cf90a2552946eb5383,informatica_acessorios,49,365,2,200.0,16.0,17.0,22.0
2b5ae8fa7040dc2ecc8483150f36a667,bebes,33,1066,6,600.0,35.0,7.0,40.0
d88a953f5d1e00cbfb5785dcb8a9f81f,brinquedos,41,547,5,3100.0,72.0,11.0,13.0
d540d228abea2bb0713acb40e4f3d341,pet_shop,56,2358,6,2350.0,42.0,22.0,32.0
4aa6014eceb682077f9dc4bffebc05b0,utilidades_domesticas,43,1002,3,10150.0,89.0,15.0,40.0
8bed4c826276d0ffcb0f5eb40861f9ea,informatica_acessorios,59,429,2,350.0,20.0,15.0,20.0
7d9f42ecf65ca91f7e28483c5008dc4b,artigos_casa,60,234,1,1600.0,34.0,7.0,32.0
a3816405c56f1df398541ee9c498b056,utilidades_domesticas,60,465,4,300.0,20.0,11.0,15.0
a8e69cb7ca2c04d5ba7f73b2385f2a76,esporte_lazer,53,2422,2,107.0,18.0,9.0,14.0
3bfd406881ee395530b18ca51670161e,pet_shop,60,86,4,1000.0,16.0,35.0,20.0
46e331e83e48420b6f7a8404cf204e0b,climatizacao,56,903,6,10050.0,35.0,28.0,16.0
ddcb7473fdc5368c019e3ef6fbde816b,automotivo,54,586,1,2950.0,41.0,19.0,41.0
c38d96175ed7d2d5c3391317b77f8eb0,artigos_casa,57,402,1,850.0,16.0,10.0,16.0
112d3b0704a6ed73f5b7bbbaf59362b5,utilidades_domesticas,57,380,2,550.0,18.0,12.0,12.0
62a4a26db134b53fdcc0cd817c2175f1,beleza_saude,46,428,1,400.0,19.0,28.0,17.0
45db4516caf5bf0516fb08b73fd14d1e,malas_acessorios,47,571,2,550.0,16.0,6.0,11.0
200eed7d1d3482898094819dbec1cb52,utilidades_domesticas,48,1202,3,500.0,19.0,12.0,12.0
46f5ded2b6575266fc1458155a3f1fad,artigos_casa,56,437,2,1150.0,40.0,9.0,50.0
b596e2d70dd2f5fb5ff9ee2a1c803e5b,esporte_lazer,53,748,2,6300.0,42.0,20.0,32.0
082175ee534338e4fd967076a6f848e5,eletrodomesticos,56,175,3,100.0,27.0,13.0,17.0
9c54fc6d530332481d147e58ed7d3eb5,esporte_lazer,59,1225,2,500.0,16.0,16.0,16.0
b482227c47a1f1b99911d7760d17d8b8,perfumaria,39,991,3,200.0,20.0,20.0,20.0
1782400950423c9b12600278b8ef65d3,perfumaria,58,553,1,567.0,23.0,15.0,16.0
2a6d3f9c3a96e62e0ca38559cbf6410b,eletronicos,41,318,1,125.0,21.0,13.0,18.0
6df665a20caa80a66804f836165bbf36,automotivo,48,1841,1,4300.0,31.0,11.0,31.0
2e6c12b01b91073e4cad9732887edc57,automotivo,54,1291,2,153.0,16.0,6.0,17.0
6d811b6e8cada9a8f7f38bb315620e1b,esporte_lazer,59,447,5,8700.0,25.0,60.0,40.0
be68ca1484d5bcc92f0949413e5eb445,ferramentas_jardim,34,423,1,900.0,16.0,16.0,16.0
d5c51256683179f6692b91f5967c5bd4,casa_construcao,47,83,2,4850.0,40.0,25.0,30.0
5450ae624c196f64c291a61b12ffa3ee,informatica_acessorios,43,321,3,200.0,16.0,13.0,18.0
38afdf723b95d455b418a0f57d623c6b,moveis_decoracao,38,479,3,2500.0,34.0,6.0,28.0
6c951a66dffc261311c2acc0bf0ff2fe,variedades,59,224,4,500.0,55.0,15.0,45.0
bd5556852920e0d5ebb6044894391ca6,esporte_lazer,53,3219,10,250.0,28.0,13.0,14.0
2983053977d2a69111a0a674fb7e5fab,papelaria,59,344,7,2000.0,60.0,20.0,29.0
261244fc4d0197d8772346872f5b0f5e,moveis_cozinha_area_de_servico_jantar_e_jardim,54,785,5,975.0,41.0,12.0,12.0
c3fb02b29695e526cd3988bdd55ba013,bebes,24,655,1,300.0,42.0,25.0,15.0
ae6a082af3a596a2fcbef378ebfae8c6,livros_interesse_geral,40,421,1,150.0,26.0,2.0,26.0
3c1f8775831d28ef01f05143a9be9ecc,informatica_acessorios,52,1026,1,233.0,19.0,17.0,19.0
519246f38910c45249e57a9f9b9fc142,telefonia,59,534,2,392.0,17.0,11.0,13.0
682fa9a2b1120191903abcde5950f072,esporte_lazer,50,596,2,700.0,22.0,22.0,22.0
7faa2f80dd4c483a89f204c073c5b447,relogios_presentes,57,1343,3,400.0,17.0,12.0,12.0
53da2e917302c9e5e834b9968ea829a7,automotivo,57,868,3,500.0,24.0,6.0,26.0
041022915a950ec95b761b690ddb6b24,variedades,63,351,3,1450.0,62.0,15.0,32.0
dde1e366db6c0e996f4e1d92122b431c,artigos_casa,60,216,1,950.0,36.0,14.0,26.0
7ac5f520abfc0589418bc7c76cea7a7c,artigos_casa,59,349,2,1550.0,30.0,10.0,30.0
789ad1b65fbd127472ba15371dd1144a,alimentos_bebidas,58,3815,3,3150.0,30.0,28.0,28.0
c874b6cca27efc978feed6fd55b2985c,bebes,43,740,1,23200.0,31.0,85.0,54.0
3d250bb3d2b89c9bea15327aed52d8ca,perfumaria,55,898,1,275.0,16.0,14.0,16.0
0eb14dca77e29c41da121dfa88b4b0ea,relogios_presentes,59,136,5,200.0,16.0,2.0,11.0
5b3c2a0b39f0a99d946e2055617d11f2,brinquedos,40,881,3,6550.0,30.0,20.0,54.0
423a6644f0aa529e8828ff1f91003690,agro_industria_e_comercio,54,2352,3,5800.0,30.0,30.0,20.0
2b8ac7ded4ff025f0bd9b02f5c9531ba,esporte_lazer,34,693,2,1400.0,81.0,2.0,21.0
060e9872b582bceaa83d520807008f1b,ferramentas_jardim,28,420,1,5500.0,29.0,29.0,39.0
4e873a046c5134adb52de054a25db91d,telefonia,53,435,2,150.0,19.0,3.0,11.0
6b8de030922a59c3d23fa6864ad3f436,esporte_lazer,36,2908,1,650.0,18.0,18.0,18.0
797b0bf4316b47e82d45e3a4b5d828da,perfumaria,29,201,1,200.0,16.0,7.0,11.0
ab507d0f8d9ac91607f9cff20a8c5684,climatizacao,55,855,1,4800.0,58.0,59.0,25.0
5c17779da282cc147ca50c6904cf3d01,perfumaria,41,278,1,200.0,16.0,4.0,11.0
742c48e1bbcfabe4528d5f68cd4dc432,esporte_lazer,57,578,6,450.0,30.0,16.0,16.0
db4e53a9c9aa94503fbeb12a2fdbf7ba,esporte_lazer,25,1637,1,12400.0,20.0,25.0,12.0
5cc37c2c2b8ea0c98010d1ee6028e45b,eletronicos,59,2212,4,8700.0,40.0,16.0,40.0
695cb7d69f96dcd38681d4a4d485bc85,moveis_decoracao,52,327,4,6350.0,51.0,13.0,51.0
6b9411af71e48f2e3ed1f01640c3a75e,moveis_decoracao,60,2050,2,3000.0,69.0,11.0,11.0
1e88eb1734651579b4928df098f4d86c,moveis_decoracao,60,702,2,600.0,26.0,8.0,17.0
3732271dbc064b3c2c372c5675c914ce,bebes,46,736,2,1467.0,32.0,23.0,30.0
447b7437663c07b241787482238e1d58,fashion_bolsas_e_acessorios,58,1359,1,200.0,16.0,2.0,11.0
a0b71dda13dd0e2ee63a7afb64af5327,utilidades_domesticas,57,494,2,250.0,24.0,11.0,20.0
aeb2db5f8c0fe1e55a951d49dd331fc3,informatica_acessorios,35,1101,1,250.0,42.0,2.0,30.0
2805706c5fde90cdec740394a68ee707,relogios_presentes,52,555,1,417.0,19.0,12.0,14.0
b74e0968890981b1e3ef7e98df23ed33,beleza_saude,55,187,1,200.0,24.0,5.0,16.0
918d420adcb5ca26487f9fff29535fd6,utilidades_domesticas,55,726,1,4200.0,35.0,20.0,35.0
b5b1ef3701c288dedcb700f5cd3061f2,brinquedos,32,373,2,200.0,35.0,16.0,30.0
8ce450d8a20c20e17ba1536a19f60d39,artigos_casa,45,729,1,3400.0,20.0,30.0,30.0
63c21c167a87abcbed6efe83c8169866,seguranca,59,825,1,1100.0,30.0,10.0,25.0
96a5ff4a6e07ebe2f09a6ee132303df3,informatica_acessorios,29,832,2,3100.0,27.0,2.0,16.0
e32ec50062d77cbd89601812fe6acc35,esporte_lazer,24,1504,1,300.0,23.0,8.0,15.0
8c4254fc0b9043ade973297a789b042d,seguranca,59,572,4,400.0,19.0,11.0,14.0
0e8455af924fb157b26a4ab95f28bb10,telefonia,50,3704,6,50.0,21.0,8.0,13.0
ab57d2064d8806f9cc9d5734e332a969,fashion_bolsas_e_acessorios,56,731,1,300.0,16.0,2.0,11.0
cda185193c72c0eb8dde03f20f101230,utilidades_domesticas,57,1782,1,1100.0,24.0,24.0,24.0
8471182114c4e0e3b1586fef0ad240a9,automotivo,30,313,4,500.0,25.0,16.0,20.0
0984eaa8480e41aded35bd7b5131a1c1,beleza_saude,58,540,1,30000.0,55.0,75.0,61.0
5f4f9900058f5deda33d748e733a5292,utilidades_domesticas,56,1185,4,500.0,28.0,10.0,27.0
a4462e7d5df840cbd075f0224bf42554,beleza_saude,43,2027,4,550.0,30.0,5.0,20.0
4632bc49b300378ed4f1d48f424d414e,automotivo,33,513,2,795.0,30.0,15.0,26.0
6456fdf43df7d711b98d91fe574e43d4,informatica_acessorios,60,1328,5,150.0,28.0,8.0,12.0
89fe9f3c22efcfa4bd05c0cf71c70a18,pet_shop,53,482,2,200.0,18.0,9.0,14.0
937d4dbe97dc4cda39683025976f91ae,moveis_decoracao,58,1037,5,400.0,35.0,7.0,27.0
f5307d7c949134b78e68c51c13cc426e,esporte_lazer,51,1286,2,520.0,25.0,20.0,20.0
81fa3a54b696e8510a2f5cd69b29337d,relogios_presentes,48,252,1,375.0,20.0,12.0,13.0
b1877a842c7cc3487d5ead23827c45b2,informatica_acessorios,49,1692,1,343.0,16.0,17.0,13.0
efaadc79a826a716708034fba428f44e,brinquedos,59,263,3,2975.0,33.0,38.0,49.0
314fa2ee03eff6af10bc8f7ff0c4dc9f,artigos_casa,49,115,1,1100.0,45.0,25.0,35.0
dc58d5459e21851dd9acdfc10a621159,utilidades_domesticas,31,680,2,700.0,23.0,15.0,20.0
2b79d65ddb4051238ce31fbabc5763ce,eletronicos,40,449,3,100.0,25.0,25.0,25.0
fcbb0fb955e82fdf9afbb3641b5a6ac0,moveis_decoracao,40,247,4,5075.0,51.0,8.0,51.0
bb5f7cb699fd0467c5d6289669df9510,malas_acessorios,48,991,10,3050.0,52.0,32.0,19.0
59fb1c8d9f3640a622cf774c3867e170,automotivo,51,455,1,833.0,26.0,14.0,15.0
35675af4fd3065f5e56b6d609ae385f5,artigos_casa,47,444,2,900.0,50.0,16.0,16.0
7bea3672d6a87d1d816cda1283bd1cb8,beleza_saude,34,184,1,3400.0,55.0,50.0,11.0
db9fbaf0e0719205c4649729763b2c32,moveis_decoracao,50,238,4,625.0,20.0,13.0,21.0
16fa9029e1cac929d673dc7805b6d46e,moveis_decoracao,48,820,1,550.0,30.0,6.0,30.0
73db26ba1eb13dd2d0e1991a3ac6943b,beleza_saude,56,3308,1,3900.0,30.0,13.0,26.0
18ed3f872eef3229cb62008dc963ae78,artigos_casa,54,188,1,850.0,35.0,15.0,25.0
763c99ba797c7d691e58bec3d42843bf,utilidades_domesticas,47,265,2,3750.0,20.0,40.0,40.0
9e2821b749b419a902d948c583175ece,fashion_bolsas_e_acessorios,36,339,2,100.0,16.0,2.0,11.0
b37a8cda46313ac91d79f16601ca5253,ferramentas_jardim,59,1105,9,600.0,21.0,8.0,13.0
4ce81153410b379f2ccab68653ca5fe4,moveis_decoracao,32,297,1,400.0,53.0,15.0,53.0
2e64d11879c5bbda600381dbb5452a38,beleza_saude,47,225,1,1350.0,26.0,18.0,11.0
6df3e292ba834323d4d8164d4c88e698,bebes,50,524,1,250.0,23.0,14.0,28.0
b9a96cfeeea8e470af6d87627be50e10,fashion_bolsas_e_acessorios,59,198,2,200.0,16.0,10.0,16.0
300666e2638b1c8f5528bd23a6e9dea3,artigos_casa,46,1391,2,1250.0,48.0,10.0,12.0
2ef3cc0d3f3adddc0ef8ecf48989bba2,pet_shop,34,1140,1,3875.0,30.0,25.0,25.0
735a36bd5c680c3b10f1c48c99c0559b,papelaria,58,278,1,6700.0,90.0,16.0,80.0
1a4abdf8e4e0329e516e6e55260bb1d7,ferramentas_jardim,35,382,1,600.0,16.0,7.0,22.0
a996a150a7fd0eba6a177ec84b939b51,pet_shop,57,1640,2,5300.0,30.0,30.0,30.0
44b3c2d28ae185727a80fc99e0d330ae,ferramentas_jardim,35,227,1,800.0,16.0,63.0,13.0
634256dbcd184b3757ffd7632c9fe52a,beleza_saude,49,295,1,150.0,16.0,5.0,17.0
200eaffedd57c444ee6cd8ee8644039d,relogios_presentes,49,389,1,525.0,23.0,6.0,21.0
51bb55b87cf953219cadc7deb9d282c2,ferramentas_jardim,60,1452,1,2700.0,30.0,23.0,20.0
6f57ca539fb6b20b79a272e17194d9c9,beleza_saude,34,1053,1,400.0,20.0,5.0,11.0
7648a2a07675230af77cdcd849834e57,beleza_saude,45,2616,1,1600.0,25.0,20.0,20.0
cd46a885543f0e169a49f1eb25c04e43,informatica_acessorios,58,1390,2,3475.0,54.0,13.0,48.0
748fec9ebeacfa6835fb4d6894c49869,beleza_saude,59,1054,1,900.0,17.0,7.0,12.0
24bc2932a12c983f8e76d828b65cf39b,beleza_saude,12,2411,1,380.0,17.0,11.0,13.0
c795f412e17c825c7765adfdb4ecdc56,pet_shop,46,497,2,300.0,30.0,10.0,17.0
b44ac72ece514e2e7985803cf7cefbc5,livros_tecnicos,49,894,1,367.0,18.0,5.0,15.0
b0f4447a9530af5f5bc2d17091704558,moveis_decoracao,57,2273,2,3000.0,69.0,11.0,11.0
d7763817e6c04ac719414a48dd46928e,beleza_saude,51,497,1,1700.0,18.0,36.0,27.0
968811b51a38b97a73d9fdf59face469,ferramentas_construcao,40,783,1,920.0,35.0,28.0,22.0
5083416598756311d4bb4ddabd661e25,pet_shop,54,459,1,9100.0,37.0,30.0,39.0
351cd19d35f2421c5419da9032a19856,bebes,46,643,4,2350.0,16.0,50.0,40.0
5f3e86b7e537b8d2d993596c969b69a6,malas_acessorios,54,791,1,18700.0,53.0,77.0,32.0
55d3c0d8016d88527c993d62d989f19d,informatica_acessorios,47,462,4,1250.0,50.0,8.0,37.0
29df8bf0a6118b7b764e7b31987d4db7,utilidades_domesticas,43,519,4,3150.0,22.0,54.0,22.0
1f42966deb959a8433468ac0078b60da,esporte_lazer,34,459,5,650.0,23.0,30.0,30.0
50b9ed3a22932b28d452c73046083f5d,esporte_lazer,52,1321,1,254.0,17.0,15.0,12.0
869ea93586ecd74a64e5aafcad1036a9,alimentos_bebidas,35,378,1,600.0,28.0,15.0,20.0
273d06dee7bb3103eb4ae0ff8d149966,utilidades_domesticas,43,491,1,750.0,20.0,45.0,20.0
5b757fed0d82a5850bcf22f01af06c6b,beleza_saude,34,752,1,450.0,23.0,23.0,21.0
44a5d24dd383324a421569ca697b13c2,telefonia,55,55,1,300.0,20.0,20.0,13.0
db61ac5970110fba38fe6caf8844dbf5,artigos_casa,58,662,5,650.0,26.0,5.0,25.0
2ef87e8b6ce7e78d811c0ead73d63507,moveis_escritorio,33,1220,1,10750.0,54.0,54.0,18.0
ea9949577fa63c86b7ca9986a4a0bf81,bebes,38,614,1,464.0,38.0,9.0,34.0
9c0f79b9daf5436386477b4e17b94389,moveis_decoracao,53,616,1,2400.0,30.0,35.0,30.0
cfb79bfbdaf59cfe2e9ae0a071451f32,artigos_casa,44,445,1,550.0,30.0,3.0,19.0
9f1fbbe90131eec1287c7ee32bb32a31,fashion_bolsas_e_acessorios,48,796,1,200.0,16.0,2.0,11.0
96b2b30b853845064514e83f4d5a387b,artigos_casa,52,554,1,800.0,40.0,7.0,30.0
d0aa4a695d9699cb8eef61acc4c6d6b0,automotivo,44,322,1,400.0,16.0,10.0,15.0
a4758e74e2cdb74d0c4db83594ca14a3,informatica_acessorios,60,386,1,1533.0,32.0,15.0,15.0
990166f4c0d91a6cb92663b4d190ad1e,utilidades_domesticas,51,969,3,9300.0,31.0,58.0,31.0
11998bf6cea26d8ab6b3948560f64951,eletrodomesticos,59,1031,1,700.0,18.0,8.0,13.0
7509198b81c7761e30fc8845ccf330b0,ferramentas_construcao,58,151,1,250.0,20.0,10.0,11.0
540a51ebd9cd8f5714698467afc89071,beleza_saude,57,1382,4,200.0,36.0,16.0,36.0
e82d0f095d2e87c1d46d5f909ed00a30,utilidades_domesticas,55,501,1,250.0,30.0,8.0,25.0
ce6bbfa347690099b21b9d688772d5ab,automotivo,60,374,3,700.0,32.0,15.0,11.0
e855d18497949fc298407b39639ee1cc,eletronicos,39,775,3,2825.0,36.0,25.0,26.0
71a033537c0b1b79fc26e6d0bb3bb1a2,moveis_decoracao,56,227,7,950.0,31.0,11.0,26.0
1276de9d6e6200f71cfb172a76abf703,fashion_bolsas_e_acessorios,43,250,2,50.0,16.0,5.0,16.0
a334304f952399f2161225628a9d2891,beleza_saude,58,1692,4,300.0,18.0,10.0,14.0
5a11bc271d03e7a31cdd33d1d8580456,esporte_lazer,63,1026,3,600.0,38.0,12.0,25.0
dafcf8195acb775dcbfa9dae22b3c959,fashion_bolsas_e_acessorios,56,726,6,200.0,16.0,9.0,11.0
20b0f2e1b898d6ab3155af3b923794ed,utilidades_domesticas,51,1118,5,400.0,18.0,8.0,14.0
32943921f52ed83f1af15db364dbcc2b,moveis_cozinha_area_de_servico_jantar_e_jardim,54,695,6,21150.0,55.0,49.0,47.0
e350532acfc2ee911b6dcf1029dcb48d,brinquedos,27,867,5,300.0,22.0,6.0,16.0
4f9fdffe833f33d67ba672bd81d02ae2,brinquedos,54,468,1,900.0,25.0,36.0,16.0
7988cff50cb75e08e6b68640b19e55aa,relogios_presentes,42,176,1,576.0,20.0,13.0,17.0
41ddd4c8779d0943ee7706c384eeee8f,pet_shop,34,1540,2,700.0,24.0,20.0,24.0
b23f9704f31bfce887b8d1b48f0bad47,utilidades_domesticas,32,33,3,450.0,17.0,14.0,11.0
2132979d9b6f64e99b8c9bb4da4e0323,informatica_acessorios,12,676,2,496.0,36.0,13.0,35.0
7aa09531577c4f30eaf1f6cbe61f6536,esporte_lazer,56,1249,1,4350.0,20.0,20.0,20.0
e61812136e9f12e9f4359132b1b82870,informatica_acessorios,44,195,1,650.0,22.0,12.0,12.0
d86ac0940bef7f98ce39a2e759183f83,moveis_decoracao,58,485,2,500.0,35.0,35.0,11.0
bb77135946e78428a7a5634a46113a22,bebes,57,271,1,600.0,25.0,15.0,25.0
b36dfd58b43f37b9fd6424e0dfd42c63,esporte_lazer,60,139,1,2750.0,60.0,15.0,15.0
d0c51ac8e8c69abdcdddfd2ce66ffe3f,telefonia,42,793,1,300.0,19.0,3.0,11.0
13b84ccbd3ce6a81ff8333896dbe84d8,utilidades_domesticas,56,595,1,3350.0,16.0,2.0,11.0
b8b426747049f2d3d6e00b486d47dedb,beleza_saude,49,819,3,1250.0,42.0,11.0,12.0
b6381477a9bdb75f7c1c97478ab25467,telefonia,60,218,3,100.0,16.0,4.0,11.0
ae23e5838bdd9b5fa518342c066b8290,artigos_casa,58,676,1,1325.0,19.0,17.0,23.0
87fcf2104f6c632428115466bab2c16b,esporte_lazer,24,211,1,850.0,51.0,11.0,18.0
74cfb67b11aa83ec20fbb297748c8352,moveis_decoracao,54,1528,2,700.0,68.0,7.0,13.0
dad033afaf01ca7098672af45bdd3400,brinquedos,60,1235,3,1200.0,28.0,13.0,21.0
aedeeed7f1b4f0f8be40518d70991770,eletronicos,37,402,1,150.0,25.0,7.0,16.0
e9e425171123c1c10c30c2c7379b9544,relogios_presentes,50,383,1,950.0,21.0,11.0,15.0
d60c79092c4d9018a9e4f08f24b7a280,utilidades_domesticas,28,735,2,300.0,20.0,30.0,20.0
871238c57d25f282d163be9e712c36a9,beleza_saude,57,2227,1,2400.0,30.0,12.0,16.0
f179d569401e7aea68f5b8c64367c796,esporte_lazer,59,1219,5,4450.0,50.0,30.0,30.0
2b4662eb979b4254e70b334e76ba0470,artigos_casa,56,515,1,6700.0,30.0,30.0,30.0
d8655d4a43e4a9ac85575a5f9ef816b0,eletrodomesticos,46,1467,2,5600.0,65.0,20.0,30.0
8bb7efbc6db04c5cc5380921bc722d7d,eletrodomesticos,59,356,3,450.0,20.0,13.0,15.0
896a64a7f34cdfef2c60ce59fa2a148f,perfumaria,50,899,3,800.0,38.0,13.0,22.0
f410090aec61f7c73748ca894286edcd,papelaria,60,1847,3,450.0,35.0,50.0,12.0
7a7be236d8368315680071df4209dd4e,moveis_decoracao,55,199,2,850.0,30.0,30.0,30.0
a8b35b03653cbd1f85f6a9487fba6eac,ferramentas_jardim,63,525,3,2250.0,34.0,4.0,23.0
38991d9514cf1298f8ac1d66d8aefeba,automotivo,60,695,6,5950.0,47.0,19.0,23.0
985fb72c3a110e7e966f5b7677dc1322,artigos_casa,60,102,1,625.0,30.0,4.0,22.0
648058594991ac2fa9af20f5f9e6677c,informatica_acessorios,15,159,1,100.0,25.0,3.0,19.0
04d7da0499dd7cdfba6ef58c85e70324,moveis_decoracao,41,1261,3,450.0,27.0,27.0,33.0
2f20a2013902657c0800ddf524514e4e,artigos_casa,55,392,1,1450.0,20.0,30.0,26.0
25c3eb54945e82e7c1dc8191a1ebb5f1,malas_acessorios,56,1538,4,19900.0,77.0,33.0,50.0
ff8ee90ee3170de57403d2d5af1e2c2e,telefonia,46,370,2,50.0,19.0,3.0,11.0
e379ed3f57a2c6e994258ffda975ce15,artigos_casa,58,298,1,2600.0,33.0,7.0,39.0
af4e303574dc703e52b2731419bd563c,brinquedos,50,256,2,561.0,20.0,27.0,22.0
4f0c6229d5ce73d86039d4887f52f8ff,automotivo,58,1658,3,600.0,16.0,21.0,18.0
1f8aad0f80f6d061b4d09e538ad496d7,brinquedos,24,155,1,500.0,28.0,4.0,14.0
e4acef9f829635351de593a05d2406da,esporte_lazer,45,40,1,562.0,20.0,13.0,17.0
c7f24eedab65851cf5b6c25a10816ea0,utilidades_domesticas,51,1540,1,1775.0,45.0,11.0,28.0
4e90dce938e15bfe8ef9b962391e9866,papelaria,52,372,4,500.0,30.0,40.0,11.0
b05d2b2b1c20296cf580164a3c6e173b,beleza_saude,55,724,3,50.0,25.0,15.0,15.0
3914a208bb9313e3d980399268ddd54e,ferramentas_jardim,40,1222,1,200.0,16.0,10.0,11.0
03d19e503abb1698d26d630c0017b11e,automotivo,36,359,1,14100.0,62.0,62.0,21.0
fa7b3afca12fceaa20c5d7aa279f08ca,automotivo,60,183,2,100.0,18.0,4.0,14.0
9592cd0b739cc57871c3aecffe15436a,variedades,60,933,6,450.0,34.0,15.0,17.0
515ba7ccc6abbd1c0f5016704a0184e2,pet_shop,59,678,4,1400.0,40.0,20.0,30.0
def080e33b38a4c756347d4665b40a7f,musica,45,1465,5,1850.0,55.0,17.0,15.0
e482ad963bfb9a9abc51b9850aca97b7,utilidades_domesticas,45,293,1,250.0,19.0,8.0,11.0
526f833e1eb0a32ad9351145a761b9ab,relogios_presentes,60,491,2,250.0,16.0,2.0,11.0
45a15b38cc3c0514717a1de673c6193c,variedades,,,,250.0,17.0,8.0,13.0
96ac5914ae8307995bed8c15fc1bcebb,moveis_sala,47,521,4,1250.0,52.0,8.0,13.0
fa723c2295c02577738691a61d56a94e,ferramentas_jardim,48,1658,1,6800.0,60.0,20.0,40.0
5b96b6426a9c9a657af9d8a46b7847e4,telefonia,58,777,6,300.0,17.0,4.0,12.0
943370eeb193fe1ac6da5c2229aa4f69,fashion_bolsas_e_acessorios,45,323,2,200.0,16.0,8.0,11.0
09a45646f91581af2d515ba02bc0ed94,brinquedos,39,130,1,425.0,35.0,14.0,24.0
13ebf5c91d35332ef90cf65a7d2fff18,fashion_bolsas_e_acessorios,38,442,3,1600.0,41.0,13.0,42.0
d58118713a21b8177e844c58eb83efe7,utilidades_domesticas,59,212,2,500.0,36.0,10.0,13.0
d79269e0532dd1d04403600e14565046,artigos_casa,53,653,1,10150.0,50.0,30.0,30.0
04c4182bda52366f3c4b8817ddbcd98e,esporte_lazer,61,604,1,250.0,20.0,12.0,16.0
fcde1899043318107d8f0ae043f69bc3,variedades,,,,400.0,35.0,7.0,12.0
93fd807bea9d7cf539c1f5e0ef7ab1b5,moveis_decoracao,60,258,2,1000.0,25.0,37.0,36.0
45c16b5961d3c6b54f202121673a2c44,artigos_casa,55,415,1,2600.0,42.0,16.0,36.0
84ec15b5b36b11ff02a74d3b81bc96cc,livros_tecnicos,41,745,1,600.0,23.0,3.0,16.0
d6ab25b0dad785bcf8be87b821dd9b37,moveis_decoracao,43,474,1,1000.0,40.0,30.0,30.0
4a266296cc64880551c3efad9739fb2e,instrumentos_musicais,59,802,2,3750.0,18.0,30.0,27.0
4858799008e3cd4fcab9c61fbc63a2a0,moveis_decoracao,40,293,3,200.0,25.0,4.0,18.0
81c01a12e5d25299ba2283cfb09de22a,casa_construcao,59,877,7,600.0,16.0,27.0,16.0
2722b86640ddc24e1374c2df1ac2a230,ferramentas_construcao,47,1139,3,1700.0,26.0,9.0,20.0
1ceecf723e6b304ffe1822e9f375fbf1,climatizacao,47,270,2,150.0,25.0,25.0,20.0
36ed077d2f4915bc4bd14ead16a028de,alimentos_bebidas,49,477,2,750.0,16.0,20.0,16.0
2d4f312a487b1af17bdc9e77505a205c,ferramentas_jardim,52,308,1,600.0,16.0,8.0,11.0
d6230529fca40334f2dfb8bd8e7759ea,brinquedos,43,1339,1,500.0,22.0,7.0,15.0
eb40735d540d6ccdfb0b74782ba065dc,relogios_presentes,38,223,3,700.0,19.0,9.0,15.0
d7ceaa970defc5f52f1affda0dc32f30,esporte_lazer,41,127,1,600.0,16.0,30.0,15.0
1003992d2a8d1e7f870643148854ddc7,eletrodomesticos,53,1503,2,300.0,18.0,8.0,13.0
5a2c5357841ae997771d179eee3f2027,esporte_lazer,48,2523,1,10443.0,28.0,29.0,26.0
6b4b43f30f71d5d25a64145919f7f515,brinquedos,41,1100,4,19700.0,105.0,48.0,18.0
e3dd5a5b73bfbb610ada4ed74a6612b6,pet_shop,32,1244,1,138.0,17.0,13.0,14.0
898fa82b63404937c7a3c2cc77d6e5b5,perfumaria,23,768,2,400.0,18.0,9.0,14.0
afdca9f0ccd47943dcb8dcec1518da63,beleza_saude,44,502,1,500.0,16.0,16.0,15.0
62ae6a8f5789aec14529a277c7516def,moveis_decoracao,63,554,11,2300.0,41.0,26.0,31.0
e3a67a7350378910b2eb888ba9d2d095,telefonia,50,519,1,100.0,18.0,6.0,11.0
174bd46514622ad40ab32df5c832aaf3,perfumaria,33,744,1,150.0,17.0,7.0,13.0
9298a9128d39e1ff0dc62e143e8bd328,artigos_casa,57,150,2,1300.0,47.0,21.0,41.0
28fe7bc9b73556b0cee83320fcd2600e,utilidades_domesticas,56,1200,2,3550.0,16.0,43.0,43.0
55f166570845e0a7b4456edac9c420b7,automotivo,42,431,1,975.0,32.0,35.0,29.0
5fef486f2057e10fd91e167348812b7a,beleza_saude,43,1650,4,1200.0,43.0,9.0,23.0
26afe4ed5890d941fcba14205863eec7,moveis_decoracao,47,1092,1,3850.0,30.0,30.0,30.0
7a585ae6a8f9d910486651811c79f6b8,automotivo,59,395,1,900.0,40.0,40.0,40.0
6818d803130fa8df4d513db9d6289dc2,livros_interesse_geral,40,1618,1,300.0,30.0,4.0,20.0
fe85b65a6d0ed7524aaa2e0fac0e23cb,ferramentas_construcao,53,226,3,300.0,26.0,14.0,16.0
ef34878717e7759a53c99550100ea1ec,moveis_decoracao,56,812,1,2400.0,18.0,9.0,14.0
4a92216ec92c54fca6f132ae1988390d,brinquedos,36,355,3,900.0,30.0,35.0,40.0
f399bbedb1d21192dffefc4a8b30a229,utilidades_domesticas,59,614,1,5300.0,30.0,35.0,30.0
2330fe9b304af24209631c7197203c61,utilidades_domesticas,48,943,1,3350.0,32.0,75.0,32.0
21c0985594816cf11cf7cfc0631f6f1f,moveis_decoracao,34,569,1,800.0,30.0,30.0,30.0
a037c98ed926711d7513cf779d788536,ferramentas_jardim,43,1183,1,250.0,30.0,6.0,11.0
9b51d10170f788eda1e19bd4e8d2d06e,beleza_saude,60,696,7,700.0,19.0,11.0,23.0
d4388109703f2b2278192c39946dcbee,esporte_lazer,58,646,2,300.0,40.0,22.0,43.0
ba2225dd03b4dd91f999ef73504a0b82,utilidades_domesticas,59,833,1,8100.0,58.0,23.0,33.0
1792cba4f134a09e9450d6142fbe9293,informatica_acessorios,57,297,2,150.0,16.0,3.0,13.0
6a64f310d8075f40b78eb471df9ddac4,perfumaria,41,512,1,250.0,20.0,18.0,22.0
bdeb69e094c42de582310fffad126d77,automotivo,51,424,2,100.0,24.0,2.0,17.0
35d92b98f6c28b76f0551e206ba39234,utilidades_domesticas,38,597,3,300.0,40.0,5.0,40.0
ab5471c55ab7dcdfbf32ed5f4edbd592,artigos_casa,53,1156,2,2450.0,35.0,10.0,20.0
37bfa14183ddce17983a1980a3337042,pet_shop,53,203,1,2500.0,23.0,11.0,19.0
f201c94e7d8aa11b6ab049d69730309d,utilidades_domesticas,51,339,1,2410.0,25.0,55.0,25.0
794a58949439ec61f210c58f05fcd177,automotivo,55,544,1,550.0,18.0,5.0,15.0
3ebd44ce3c5f4ef6af43b9f0b1df1729,automotivo,60,317,4,70.0,19.0,3.0,16.0
5fc604f5f76a23b94565f06a830fa835,esporte_lazer,51,302,1,400.0,20.0,20.0,11.0
9ecfbbfd26a92d596e5f4f7dfead98e3,artigos_casa,59,367,1,2550.0,40.0,10.0,30.0
e21b0b8dd6c9543f46cf3178a39ea458,esporte_lazer,56,307,4,700.0,16.0,16.0,25.0
2501eb540473502ef149a3a848b2f8f0,informatica_acessorios,57,749,1,570.0,16.0,22.0,17.0
8e4650bd2f4ffa24c882da51ba7b1a47,moveis_decoracao,57,517,2,2950.0,35.0,30.0,35.0
de68fdc66141ead95fd569f01245e523,artigos_casa,55,298,1,18800.0,50.0,30.0,40.0
46f739c1cd676603026c0af4d29ef7a5,automotivo,55,212,3,1850.0,20.0,15.0,20.0
04ddfb2cdbf048af94dc37e1bb0d3b04,utilidades_domesticas,48,1797,5,575.0,24.0,18.0,24.0
81227b918dc751995a7301b5f38437b8,telefonia,53,1265,1,750.0,27.0,12.0,27.0
67473aa97e981b3b8abaa6a8a768eb26,beleza_saude,60,450,1,400.0,38.0,12.0,25.0
59f4103b8313232d3abe6630105b925b,papelaria,55,1006,3,800.0,17.0,28.0,40.0
271a16e4751b04867238b601ad652692,utilidades_domesticas,47,755,1,240.0,28.0,11.0,17.0
055b53c58f373d53438cefb346ffcbbf,ferramentas_jardim,41,313,1,6050.0,75.0,25.0,25.0
330286b1345b8cc5abfbb74da93465a6,esporte_lazer,51,1097,5,2800.0,56.0,28.0,33.0
4e85aba9b74456fe153b755f4324dfc9,moveis_decoracao,56,893,3,300.0,18.0,9.0,14.0
c42500bc89ec2aab54ff83f7c31b8773,telefonia,54,259,1,200.0,20.0,20.0,20.0
24543438ec09114a42a153f76ae693f2,utilidades_domesticas,39,343,1,963.0,21.0,21.0,22.0
2653c1a28e65f36161bcc73f0ca52727,bebes,53,829,4,5150.0,40.0,10.0,40.0
9207d6b9c76ea46cbc5b101a23293cc2,relogios_presentes,52,339,1,198.0,16.0,13.0,13.0
e251ebd2858be1aa7d9b2087a6992580,ferramentas_jardim,34,511,4,8875.0,40.0,14.0,43.0
c689470c5a069795896edc7b896d9251,artigos_casa,63,837,1,1300.0,43.0,5.0,30.0
992b493206080e0ded9bf933ae5da6d3,informatica_acessorios,47,576,1,450.0,37.0,4.0,12.0
39731b928af43b0f49dd60d4706e403f,beleza_saude,50,431,4,20100.0,90.0,60.0,20.0
1b90de90abbc056f24e0fe3c721a88ee,utilidades_domesticas,51,539,1,1100.0,16.0,31.0,29.0
3374f1e0e721154f553fa0b0994ff405,utilidades_domesticas,56,231,1,250.0,16.0,12.0,16.0
3275f9e184aa1d82aa1e2517017bda63,informatica_acessorios,33,1084,1,200.0,41.0,2.0,29.0
170b033abb14ccc92a21b95dba58fa90,utilidades_domesticas,55,757,4,325.0,25.0,15.0,16.0
3366363f84c6f967f12d15a59b1e7839,informatica_acessorios,33,1303,1,200.0,31.0,13.0,11.0
779e74ce337266c06bf392935ab34bc8,alimentos_bebidas,59,459,2,262.0,28.0,15.0,20.0
40a5f1699745ef73e63e53a7d51ea0e0,esporte_lazer,39,626,1,980.0,52.0,12.0,13.0
d2e79198b51c33512670c0a652c1a27f,artigos_de_festas,46,1030,1,2850.0,30.0,12.0,40.0
ef9f0516d07f695fa0eae9a8169c8fdc,beleza_saude,46,803,1,250.0,22.0,3.0,15.0
9d9734db712d5ab6c3ff4c33700eb34c,moveis_escritorio,56,1285,1,8375.0,52.0,51.0,17.0
3a05f25f787e81cdd89d9612bff31bd8,telefonia,33,1577,2,400.0,16.0,16.0,16.0
d2085f7e0f9533605386960fc7e987ec,ferramentas_jardim,40,207,4,150.0,16.0,2.0,11.0
4f7453bf6629f63942b81205e1e2b1ba,ferramentas_jardim,57,2689,4,600.0,42.0,6.0,16.0
cd8cb942b6a58fcff9697762d3bc9cd7,informatica_acessorios,48,339,6,2900.0,27.0,11.0,20.0
341141693c1995e911d0a5843f7c289b,perfumaria,39,613,1,458.0,19.0,13.0,15.0
b88449b8d7f553a4517437d0dc5491a2,papelaria,45,435,2,750.0,17.0,7.0,12.0
de15917c5525c593f2a9747a5c943ee7,pet_shop,60,872,3,150.0,25.0,25.0,25.0
6d0d7c2d9a4b8b79dbc12c47c74349dd,beleza_saude,58,2910,1,300.0,18.0,9.0,12.0
23713b3af0ec6a3c9601da5c58b2ea95,musica,59,1957,3,550.0,16.0,16.0,16.0
c1263771de6bc2dca4fdf0994079dd19,esporte_lazer,59,763,1,1175.0,21.0,32.0,17.0
1131505c80690c39fe3696048a24fc2d,automotivo,52,383,1,980.0,17.0,10.0,12.0
3b426c5ff23dab0e12ab32063375550e,moveis_decoracao,56,685,1,9900.0,35.0,35.0,35.0
52b668edc0d0c20cd9319bfda4019597,moveis_decoracao,59,205,8,900.0,31.0,11.0,26.0
c55fe8cbb36a1353e443dc9e773b80da,artigos_casa,48,426,1,250.0,28.0,4.0,16.0
d73068913476e74d4f35a6f2d5399ae9,malas_acessorios,40,1070,1,650.0,90.0,5.0,11.0
926e66aed471a4345d1c8d70b60c1874,esporte_lazer,57,1750,4,277.0,17.0,11.0,13.0
f4938e02188d323c8412d2ea07d230e4,perfumaria,56,182,1,3733.0,22.0,29.0,27.0
803afd213dfaca86aacd31b3c7d9a296,utilidades_domesticas,46,979,5,1075.0,18.0,16.0,16.0
f014ea8c6c04cc78a9e70319e351dc4b,utilidades_domesticas,16,202,1,1050.0,26.0,26.0,26.0
cd5b0609304400b0a1e1cf4717778ddf,perfumaria,60,341,1,450.0,20.0,20.0,20.0
fdbd77fe1773263558126c16e0b4b67c,artigos_casa,59,349,2,1500.0,30.0,10.0,30.0
2d9048864a2855dc2235f380db5c1ec1,instrumentos_musicais,56,250,1,150.0,18.0,3.0,15.0
30e010e9df8943899f267097d49b5c1a,beleza_saude,56,825,1,1300.0,22.0,26.0,20.0
e785fc8bd8514e440e2d11f014c68c67,pet_shop,58,334,5,1800.0,30.0,30.0,30.0
aac7416c2efb28528e5cf18c1f582053,brinquedos,44,71,2,800.0,39.0,30.0,29.0
4a85b07765a341b846c963da0381db96,beleza_saude,57,1687,1,4350.0,16.0,16.0,16.0
9d4ba0f6da482eab474c47de79c2afcc,informatica_acessorios,58,1484,5,1700.0,54.0,6.0,23.0
e0df353ed6d11a723c8046c7aec42d62,brinquedos,33,669,1,630.0,31.0,19.0,16.0
019003324f0a201dd2c8962beaf94b6d,livros_importados,56,440,1,250.0,33.0,2.0,23.0
6d7e2debf23664bba46cd58c906fdf16,esporte_lazer,57,654,1,2400.0,21.0,21.0,21.0
4bf205e4dc4e2c6b258e1ec0e2be9367,variedades,54,710,3,797.0,17.0,16.0,14.0
0c002598a0876501a172ffcea9496008,artigos_casa,53,768,4,9150.0,50.0,30.0,40.0
ec3f8e78677c7e0395b155bc67417158,informatica_acessorios,60,334,3,850.0,34.0,14.0,14.0
2511e504fd7794c668a8521aabe3713d,artigos_casa,60,298,1,2650.0,33.0,7.0,39.0
0259a8068ce1198d4370abb0d3c2e576,automotivo,39,328,1,500.0,21.0,9.0,12.0
b3bf52e880d6c9f4dd7e34fb682d5054,esporte_lazer,47,594,5,700.0,19.0,10.0,16.0
2cbc1ae9dc8c4d81b096db0ee01ae0e6,relogios_presentes,53,184,6,200.0,16.0,2.0,11.0
a7329b3e52d13627c92b24a745e70873,moveis_decoracao,62,1702,1,800.0,60.0,11.0,11.0
3096d513ef378c2f6b32b7f4f42a471a,relogios_presentes,54,555,4,400.0,16.0,2.0,11.0
4d4ae73d24cd635b5ca58cf89d988cc9,artigos_casa,53,635,1,250.0,16.0,10.0,16.0
f01058850701fcb9d8f652660012b9ec,fashion_calcados,41,342,4,450.0,29.0,10.0,22.0
ed000a9f9f04376551e24de254464c9e,variedades,,,,7400.0,40.0,6.0,35.0
348b4fff3d6dcaa25f6f61805ced2da9,brinquedos,46,226,1,500.0,45.0,15.0,35.0
8cef0a48dd6a31a4da7683d1f35d8925,utilidades_domesticas,42,540,4,9950.0,31.0,61.0,31.0
cf84f4d055494a42ee49d58b5f82afa2,beleza_saude,56,2137,1,1600.0,30.0,30.0,16.0
6ea2d74d5dd2317844dd17f16da75a5b,esporte_lazer,60,576,5,2500.0,80.0,12.0,22.0
7770bdde7d6bfd349bfdeabc4ce54c07,telefonia,54,581,1,150.0,19.0,4.0,11.0
608f44934fbb70de5e05998ae59f4e46,beleza_saude,60,918,1,150.0,22.0,3.0,15.0
338bf1554cc911be551275c6c6c396c7,utilidades_domesticas,35,347,2,1400.0,21.0,40.0,21.0
dc9f66a56b89e4278d921898a861a29a,variedades,,,,200.0,22.0,3.0,22.0
05fa60020215fd65f8f8b9dd441f864b,beleza_saude,32,324,1,250.0,23.0,9.0,14.0
9795a7cdf0e9c1c2b4db0c1ab37e0831,casa_construcao,55,1627,1,600.0,40.0,3.0,50.0
df581a0b9a4bf71da645a0a3d5d2b4fe,pet_shop,59,1002,4,3000.0,41.0,16.0,27.0
d531e4f4234b93eb3d8efc4a53f7e7c1,casa_construcao,37,354,1,8900.0,62.0,32.0,30.0
1945afae0c93166dce1f186d00125695,informatica_acessorios,58,1707,2,6500.0,30.0,30.0,20.0
96a8e69f40810916a191425f42eb4b19,informatica_acessorios,41,635,1,513.0,22.0,14.0,19.0
acdb0f19ecde303b46ede05c270ad40d,informatica_acessorios,56,813,4,650.0,17.0,5.0,12.0
cb7433cfec8ba4a55092889fad62c6ed,fashion_bolsas_e_acessorios,57,113,1,250.0,16.0,2.0,11.0
7b04f59e7ef8f6d273cc64d422557641,esporte_lazer,34,100,3,125.0,23.0,15.0,28.0
07dc749f37490643099305c4df823727,telefonia,50,194,1,100.0,16.0,2.0,15.0
99051458e8e83372d619c3092f874824,beleza_saude,43,754,1,1150.0,16.0,16.0,16.0
dcf382c499d890ea8ca4d7e08fcb3abf,bebes,44,616,2,8250.0,44.0,32.0,35.0
da9897a610529d3139497d3bd8bbccb0,relogios_presentes,55,464,3,770.0,26.0,13.0,26.0
64e356655e467c59b4b42f98837d273e,telefonia,53,486,1,100.0,16.0,6.0,12.0
5aee6406a4f4071df1f1bec3fa3dcfc6,esporte_lazer,48,2056,1,400.0,18.0,12.0,16.0
42e640b8fe7fa0bef227e6ad92c6e9c9,perfumaria,48,1671,1,150.0,18.0,6.0,12.0
b1443a3dadb0b2b1edf47ffe38366788,eletrodomesticos,57,175,3,3900.0,35.0,40.0,25.0
263fe483fc2377fe17d81d7b2b5cea3d,moveis_decoracao,51,272,1,1400.0,35.0,35.0,35.0
3b7929cc079c14493fb6fb3373dbc1e1,audio,21,68,3,1075.0,40.0,20.0,30.0
b03f486273ee4263286c00383ef34f37,moveis_escritorio,57,274,1,6400.0,98.0,30.0,15.0
052516c377ebbc53a39f053af1db08b4,variedades,46,595,2,450.0,16.0,12.0,22.0
ecb5b54535b9954dfabb3bd16f3c567d,telefonia,57,2112,1,117.0,19.0,5.0,13.0
1018789226ee7a23b5fd719413e80cb0,telefonia,59,734,4,300.0,17.0,4.0,12.0
7346d3bfa9ffb6562dde92b426bb5827,brinquedos,35,537,3,600.0,36.0,18.0,27.0
9a78dffd6ee3b0b5ef8c7bcc3363cb60,moveis_decoracao,52,748,4,15400.0,40.0,60.0,40.0
6522b16614da30655a6a5ce4c8f2fb8b,artigos_casa,48,1056,1,550.0,18.0,10.0,18.0
f8e75ec247fd97a5e1abcaa48e9e971d,ferramentas_construcao,47,475,1,370.0,44.0,21.0,12.0
b84ee1832bd494a163f0a8315efde95c,informatica_acessorios,56,944,1,200.0,20.0,20.0,20.0
f605c14485b0c4f34011ee7658887ef1,beleza_saude,52,455,1,550.0,16.0,16.0,16.0
732a5a52382de386f82728b54616c44c,iluminacao,54,538,2,950.0,20.0,16.0,37.0
a01d67702cc563c68a6860bd1547cd53,automotivo,46,377,1,5500.0,28.0,32.0,40.0
f7ac498363699addc5ff78eadee46977,telefonia,51,544,5,150.0,19.0,3.0,20.0
74555f75edae5066e34e251a91b8e52a,brinquedos,48,271,1,450.0,27.0,29.0,27.0
cbc7a92fc315194a3965b32acc10fc1c,automotivo,49,1565,4,250.0,40.0,10.0,17.0
54c9eeb3eec23150e817e2048c9c4c31,informatica_acessorios,52,218,1,800.0,34.0,15.0,19.0
aed7d0a9347ab6a62a7e25304e6f02ab,utilidades_domesticas,44,2017,3,550.0,36.0,10.0,16.0
550fc11ceff23335b50bdab8f9d3c3e2,esporte_lazer,35,649,4,400.0,21.0,4.0,17.0
3caecc43ae4ff35c714a4e9a92964402,utilidades_domesticas,59,2011,5,1250.0,35.0,20.0,20.0
9bf850b04e5b1ec3f9e35aaf9a55ce52,moveis_decoracao,47,772,1,1850.0,40.0,30.0,30.0
77e9f75a40f2341f6a7f9f17cc0a8ffd,fashion_bolsas_e_acessorios,63,1144,8,400.0,22.0,14.0,22.0
b36858b52183f641b1be7bd99cd0ca89,eletrodomesticos,46,373,3,15750.0,68.0,23.0,68.0
b8dcc8fb99a94c2a9329e491f71bb120,variedades,59,320,1,420.0,26.0,12.0,21.0
949e2d53ce148a06e79f6dc7fdc2b045,automotivo,52,729,1,350.0,16.0,10.0,11.0
9055dd3dc18725216cbe35e1999e692d,utilidades_domesticas,25,472,2,500.0,16.0,12.0,14.0
6b24ec6a3ca9082ef2a3242b7d155508,perfumaria,30,138,1,100.0,22.0,10.0,19.0
28ea12eefe401cceb76c6026abfbcd71,esporte_lazer,52,671,6,1300.0,25.0,30.0,40.0
b4014cdccfa7055c39ddadfc592bd47a,automotivo,55,97,1,50.0,16.0,10.0,11.0
7cd29da0653abeb444703cc5a957f479,beleza_saude,23,565,1,1029.0,20.0,15.0,17.0
2ebf71f199b0f3f3331af7d426ad714c,utilidades_domesticas,56,561,1,600.0,35.0,27.0,27.0
beaf3fee881a18c9b8f551d4fc88f90b,beleza_saude,53,763,1,875.0,22.0,15.0,12.0
9223a3da528213e384a176a70d92130a,esporte_lazer,51,759,6,900.0,55.0,20.0,22.0
b2ca2c6a893354e1429f316eb07cfcff,artigos_casa,40,529,3,650.0,51.0,11.0,12.0
25fed921a4e724b34b87435bac8cb845,artigos_casa,59,396,1,500.0,25.0,2.0,20.0
5194b6f4fa50ae9404bfd3e48ebe3911,informatica_acessorios,54,1368,4,1625.0,16.0,23.0,21.0
bea56a01c32ef9befa1a9914cca8fc1e,utilidades_domesticas,31,259,1,450.0,19.0,12.0,12.0
0b9ee48363c794d37d5e9991d72f9b55,eletronicos,46,339,2,150.0,18.0,15.0,16.0
04939dcb29e2a26106610d8e1ef03b98,beleza_saude,34,1043,2,600.0,24.0,18.0,23.0
d08be8dd645faa82eff8d59fb8c23ffe,automotivo,57,234,1,5350.0,91.0,19.0,33.0
7f2e92915d542ef574c7327977959a14,consoles_games,41,253,1,400.0,18.0,7.0,14.0
6ee95908a160b5c24eb2580cd4c3afb5,brinquedos,56,771,4,274.0,17.0,20.0,16.0
d8bbf40bf0360a6149a9ae34eb0ac7e1,artigos_de_festas,44,253,1,600.0,16.0,20.0,11.0
1d4de03a6141ce2a2ae5a97f51cabb37,artigos_casa,32,253,1,4050.0,40.0,15.0,23.0
cba1a3cf642112a308969fdb2c9f687d,iluminacao,53,981,3,600.0,21.0,30.0,21.0
161465fcbd2f97c7bbb1d199c7402fcf,utilidades_domesticas,59,1236,1,950.0,23.0,18.0,23.0
a45ce07b9fbd59f065c8fa0c0361506e,automotivo,54,530,1,2600.0,35.0,20.0,20.0
2eb3f7edda1f0799d78ffade55e64374,beleza_saude,49,893,1,1400.0,90.0,27.0,20.0
17fe399dea1627d099a67438b3d562a7,relogios_presentes,45,723,3,300.0,16.0,2.0,11.0
4d37ead6e95bf651d4ab59453425e7fa,automotivo,56,651,5,7200.0,72.0,4.0,44.0
3d3c4219b64b1a968490e7bdfa43bf1f,utilidades_domesticas,53,117,6,1950.0,40.0,16.0,16.0
6627f494b45486e462e2bb460fcb18e5,variedades,,,,445.0,17.0,12.0,29.0
e6e91b452a22da63cc0e6fa8bd22c8bd,papelaria,58,298,5,5250.0,30.0,52.0,20.0
042426e17752f5d722a5b80940edc915,artigos_casa,51,215,1,2400.0,40.0,6.0,30.0
1a2d84c11fbc7b3d7c0a10206c085ce5,telefonia,44,333,3,100.0,16.0,4.0,11.0
52a085323b6c368f0ab93e7540614992,eletronicos,59,444,1,150.0,21.0,7.0,14.0
c04ad94639d284d69b5ca0642a44f445,automotivo,32,347,1,11650.0,40.0,30.0,30.0
585e7f7e97e55cb9e74556236b43b0be,utilidades_domesticas,57,1016,4,445.0,23.0,12.0,14.0
f7436ea890d51031855ea79147b5aca9,audiovisual,43,299,1,100.0,16.0,15.0,11.0
0661920a7a5f19746f501d1190888270,moveis_escritorio,47,2164,1,15300.0,58.0,28.0,56.0
3fd97d8c7b16543086520039b5c7267a,utilidades_domesticas,55,486,1,1800.0,22.0,63.0,22.0
4555f012f9764d3e5cedbe66cd24513b,brinquedos,49,194,2,1100.0,30.0,30.0,30.0
04af9f3af5c6afc4eece909c25330934,relogios_presentes,51,475,6,200.0,16.0,2.0,20.0
9df852a6c839bc3202227666d70c7cae,variedades,,,,9150.0,49.0,32.0,35.0
f97f7f15dc57882fed36ae1dc9de8090,beleza_saude,45,568,1,150.0,16.0,7.0,15.0
e96867993d08fadbc6f828871885f897,perfumaria,40,280,1,408.0,20.0,14.0,17.0
708f6b02ad4aaa6535c5e040f13a9762,bebes,39,235,2,9400.0,75.0,15.0,50.0
8feadd2febbe968ed4cd3cb73de662d2,utilidades_domesticas,57,485,3,1500.0,30.0,12.0,30.0
2180541a551b218f67e8bd22614688d1,utilidades_domesticas,40,144,1,300.0,22.0,10.0,11.0
46734f8521a7998c55748c1abbddeb12,utilidades_domesticas,45,507,3,1200.0,32.0,40.0,28.0
15cf6e60f6f3fc09598470e5d9a6d13c,bebes,49,375,6,200.0,29.0,7.0,16.0
52f7bc73b7afc86c2b4a318c19671e2e,moveis_decoracao,59,668,1,8950.0,30.0,35.0,30.0
836c9611edefc9a7015fc464453ed246,beleza_saude,55,476,1,460.0,18.0,12.0,15.0
9393c06fcb6d7bc8e988eea2a0ecc64d,utilidades_domesticas,50,492,2,1125.0,43.0,13.0,11.0
8bab563be2e3316280e3990af91da7b7,eletronicos,49,190,1,133.0,18.0,11.0,14.0
2f785af0f4f132585052347521b90b29,beleza_saude,46,456,1,529.0,20.0,18.0,16.0
5612648da3c29f5f0236f13c99bed154,variedades,60,813,3,800.0,16.0,7.0,12.0
0e1b67828c6d682c600b49872507d1ae,variedades,60,899,3,1450.0,20.0,30.0,20.0
7a4d1de6e3f699b294708384fbd6f8c0,telefonia,45,723,1,300.0,16.0,22.0,11.0
a0bb9dd32040e7069462944585f6cfd7,moveis_decoracao,58,275,1,1000.0,45.0,8.0,35.0
8febd25000a51cdc5957b40c1d1a78ca,utilidades_domesticas,35,181,1,2958.0,35.0,23.0,29.0
6568a6d396e5cc36e81d6e0dd74a26ae,seguranca,55,330,1,1000.0,20.0,20.0,20.0
00f2fa1c4397392f20e5627e3220accd,utilidades_domesticas,54,691,3,7850.0,25.0,52.0,37.0
fcb7e7f24f5e50c7786b39f30d5ae704,bebes,57,802,2,2200.0,36.0,31.0,19.0
b9b5b714e7321b73a1fea73395873dbb,moveis_decoracao,33,575,1,6700.0,34.0,40.0,34.0
fdc86b2fc0a185e4044ef057bb75a977,telefonia,28,763,5,175.0,21.0,16.0,18.0
c8d911f37c7f9d03f1b86ba6e1258ae0,ferramentas_jardim,36,493,1,400.0,16.0,3.0,33.0
32d2e623efaedc3666528d8c0f629b31,automotivo,58,1632,3,600.0,16.0,21.0,18.0
4f56687034ae954bc6d4e464041b22e1,artigos_casa,60,269,1,2150.0,34.0,8.0,32.0
681d59c14b2515dcc09149055ba5b0c8,artigos_casa,35,104,1,500.0,25.0,37.0,36.0
0becf258ac9a4ab1b6b3da6f0ad205fd,artigos_casa,59,395,1,2000.0,16.0,10.0,16.0
87a9863375a0a462b168cb02bdad360c,bebes,58,1083,1,383.0,22.0,14.0,17.0
ffaf0af7eebb57c7f262b51ebb05dfd6,beleza_saude,47,808,1,1255.0,18.0,17.0,16.0
725bad83e6417f76bbc94b94e2d45875,fashion_bolsas_e_acessorios,48,350,1,100.0,16.0,3.0,12.0
83305c6ed635e62d461539dae8a11487,relogios_presentes,51,668,1,300.0,16.0,2.0,16.0
edfc544c4047e30a3bc73212e414330d,moveis_decoracao,56,2043,5,2900.0,69.0,11.0,11.0
bce004834359cc123bae0e39e86175d5,artigos_casa,56,715,1,1100.0,28.0,10.0,20.0
426c58d69aa402e5397c4b6471420fbe,ferramentas_construcao,54,2312,1,3550.0,16.0,105.0,11.0
18f0c077dff7331d813fd82f7dd05a6e,ferramentas_jardim,47,574,1,270.0,26.0,16.0,21.0
d0fe571ece70aecb0214567d9554486c,esporte_lazer,41,229,2,2800.0,60.0,15.0,15.0
73c61364b22d14eac780a200b81d34c5,telefonia,58,818,5,300.0,17.0,4.0,12.0
05de46958121361ff78e2a9812db6778,eletrodomesticos,58,644,1,300.0,35.0,46.0,35.0
4e546c5a63b11188196b092a6fda2b71,ferramentas_construcao,55,162,3,250.0,16.0,12.0,13.0
67d2c4ee8fd08752a32aae5f878740aa,telefonia,45,361,1,100.0,19.0,4.0,11.0
be359e4dfd741cfa415d9965fe0c417f,pet_shop,55,348,1,13800.0,75.0,20.0,55.0
5e434712653feed8cd837cbd10ea9b18,ferramentas_jardim,63,1829,10,5800.0,54.0,36.0,15.0
e957227a3b92a22a167bac18fe6cc1a2,esporte_lazer,47,718,1,425.0,27.0,10.0,25.0
404a57563d487aecbc2b1a01d9b89aab,artigos_casa,62,313,1,3500.0,45.0,15.0,35.0
a59fb60fddcc72a9878b7ed5cb69d8e4,audio,48,424,1,200.0,27.0,5.0,20.0
a253b2e86bb4a6f86fa11e1270e79885,moveis_decoracao,23,438,3,650.0,18.0,21.0,20.0
9f6b6b828b980352cbd59ff7a03a7277,artigos_casa,53,210,1,675.0,35.0,20.0,35.0
a5845d48b5db7a5f0b41b39e2db4d42e,telefonia,52,397,3,200.0,19.0,4.0,20.0
887ce53cffeba9788502f60e33f1fcf3,artigos_casa,59,620,2,750.0,35.0,8.0,30.0
cb71b23bd70b9df12843e4dfb9ed09c1,informatica_acessorios,32,1074,2,200.0,39.0,2.0,30.0
11e5548d5bc9bd5ef53d3574d9f1c0bb,moveis_decoracao,64,3322,1,1600.0,53.0,8.0,11.0
8fbbdc4c6ee2111df1505dd8ee715250,esporte_lazer,48,265,1,725.0,46.0,12.0,29.0
387db3d5d5b6b826e84c8bf648f371e5,relogios_presentes,56,563,2,300.0,16.0,11.0,11.0
c76c1b0e1674ff2956b943232d0ae202,utilidades_domesticas,60,3860,1,245.0,26.0,8.0,17.0
1f0c584db83694c3a4bf117c8829a87a,bebes,56,1317,3,950.0,42.0,25.0,15.0
7dcc6211778e584131cd6067555e8a5c,relogios_presentes,60,1709,1,300.0,16.0,12.0,12.0
924526b79ddb063f802d7a11720d7b5e,perfumaria,55,838,1,200.0,21.0,16.0,17.0
5c464bee255064e53a68796590864694,ferramentas_jardim,53,566,1,800.0,22.0,5.0,14.0
c9676685ee3aec26dd274549d54b85f6,beleza_saude,52,832,1,200.0,22.0,5.0,12.0
bdef40d64bf3de5f773c8f461b0bf167,beleza_saude,41,1104,1,150.0,19.0,8.0,13.0
0453f63a85b66c3950381599dbbfb2ec,esporte_lazer,47,1370,1,231.0,12.0,12.0,10.0
ba9fd74fe255c968969bb72ada6045ef,brinquedos,56,316,3,600.0,35.0,10.0,20.0
a1e00885862cb54f09464fc31a58e0a2,eletrodomesticos,44,78,1,200.0,20.0,13.0,15.0
14ff2fd93669cee55ac37385a7409d5d,brinquedos,41,960,3,200.0,20.0,25.0,25.0
3c14f8a3874197fe07fe94b4d5d9af86,moveis_decoracao,52,517,2,2850.0,35.0,30.0,35.0
502b4749fa10a4ce4438cd3cc7946308,moveis_decoracao,63,176,2,500.0,47.0,19.0,36.0
6dad2488df2de36fedd0b11be097c346,bebes,42,848,1,4727.0,56.0,59.0,31.0
0e9337d7797212cb7e691df437a5b207,esporte_lazer,40,754,1,3148.0,27.0,20.0,24.0
869c418f22e0c0ed9207ff691f279e46,utilidades_domesticas,27,282,2,300.0,20.0,10.0,15.0
a64c80ae3742add8f6a968d49badf726,automotivo,57,854,6,2050.0,20.0,20.0,20.0
c9e53dd69a11a579c7cf58da80dbe762,beleza_saude,42,647,1,2700.0,98.0,15.0,15.0
afdcd7fb20b2bb98322d2b1400c074cf,eletronicos,47,427,3,138.0,21.0,4.0,11.0
083b8b5ce2d02b7d5d4e1ceab8b7ed04,jardinagem,53,685,1,1075.0,24.0,29.0,22.0
ba6060edcfb9011f13da2fcdc78a01b8,automotivo,59,298,1,1700.0,30.0,14.0,30.0
9e809bfbd8f6387e9bfbccd76087c82e,esporte_lazer,29,2084,1,100.0,16.0,10.0,16.0
9e0e152552a1323f7e5dcf63d50cdae3,perfumaria,48,969,3,400.0,20.0,11.0,11.0
e2c49770bf52260e9960ccefdd38e960,beleza_saude,45,1031,1,400.0,16.0,16.0,16.0
59891d75ce28f4e94a9d8ed9693c6554,beleza_saude,29,1586,1,1450.0,30.0,30.0,30.0
9b372fe3f06df9d7b8f8c11e5403502f,papelaria,60,1076,4,7000.0,35.0,4.0,21.0
1f9c7cb810e038f7414d60d43bc97d18,esporte_lazer,31,211,1,850.0,51.0,16.0,20.0
5cb3d4a74d94e03c6b504197d6fb93b5,beleza_saude,53,1502,4,1250.0,18.0,21.0,27.0
a85a2e4685825ebc0cd51883eda05919,moveis_escritorio,46,2206,1,16650.0,58.0,28.0,58.0
2aa489c905e1d41d8c716a6d6912d8c2,perfumaria,35,776,1,635.0,20.0,17.0,17.0
2d4b08af04c0467f37569071672ce199,informatica_acessorios,46,1228,5,150.0,28.0,14.0,14.0
54df09a5996302d51d8c0d81cbcdce39,eletronicos,45,956,3,6950.0,31.0,32.0,43.0
8dc3328a29da1f07e005157e22233f7b,casa_construcao,45,638,4,550.0,17.0,27.0,17.0
87f6a4366535fdaa380ac373b83dc752,perfumaria,35,316,1,550.0,20.0,20.0,30.0
d0f72676f0ed67a7b87d62be93e614af,papelaria,26,70,1,1000.0,20.0,5.0,51.0
fd33cf682028dd12dea92f2ec002c6e7,brinquedos,47,602,1,675.0,20.0,16.0,16.0
18f97605e88c76affcbfa78ba4e52293,bebes,58,164,1,1450.0,35.0,15.0,25.0
43a24e051b37c8e88accdfdeecddb71b,informatica_acessorios,33,253,1,1000.0,37.0,19.0,19.0
54150edcad1b68cda8c750475e0db3ad,perfumaria,39,419,1,100.0,16.0,6.0,11.0
5679959ac1f0086ba80e4c6cdae363a3,moveis_decoracao,63,181,2,5300.0,100.0,7.0,90.0
035df2b15f358d231e00af9e62488cf4,perfumaria,51,607,1,783.0,17.0,15.0,14.0
cfde4e468a76bef8d06266c55455e4b9,audiovisual,44,696,1,225.0,25.0,13.0,16.0
84fa04b89f708a4fdfa1d828a277a150,fashion_bolsas_e_acessorios,27,472,1,300.0,21.0,9.0,13.0
55ada64cb428e8beaaaa1d2aabd9144a,eletrodomesticos,59,507,1,15350.0,34.0,34.0,56.0
cb9a231b86e78edf9802645824e0b2c1,moveis_decoracao,51,333,4,900.0,30.0,20.0,30.0
db638cd0a90d624a723f17ff5c018f7b,automotivo,58,651,5,4200.0,78.0,4.0,47.0
bb099f12bf2833153c9def3538cb52dc,malas_acessorios,49,411,3,10700.0,40.0,100.0,16.0
741a31499a578979be85db7f80139e62,moveis_decoracao,59,473,1,600.0,30.0,3.0,20.0
3b041207e72de52b24fc37d412d6f02a,utilidades_domesticas,59,788,1,5650.0,56.0,35.0,20.0
cb3ad2d2499eebaa7ccb4fd1e7db9bc7,automotivo,57,689,4,1450.0,30.0,30.0,30.0
6fdfdddfa3c98723386e5fab78e87be3,fashion_bolsas_e_acessorios,60,487,14,700.0,20.0,10.0,20.0
1a0ef485e35802dd1d23ab5446cac458,audiovisual,56,1451,1,1540.0,47.0,19.0,19.0
7e217d1e0e5a16ffc299f224d0a0e80b,utilidades_domesticas,58,495,3,1350.0,30.0,14.0,28.0
643d903164c4b6ba8bd0b68348e9d135,ferramentas_jardim,56,212,3,458.0,20.0,13.0,32.0
617b2c9690ee4be07358dea49773c281,iluminacao,38,308,1,1050.0,36.0,10.0,36.0
e7e460583f2b78939dee0f8cd9a619ed,utilidades_domesticas,59,586,6,12250.0,80.0,10.0,76.0
7c7ba34fc22db0ff31a7d075991eeade,artigos_casa,62,630,1,950.0,35.0,7.0,24.0
2152380ff2e0afbc8c1c5b7c72732c40,moveis_decoracao,57,216,1,1300.0,40.0,6.0,32.0
a4f599bc20c26f1845518f370c437896,ferramentas_jardim,39,524,2,500.0,32.0,4.0,12.0
91cc456718659c7d18785370cb68e64a,automotivo,56,1803,4,800.0,66.0,10.0,11.0
8d219c7aa1a8032569bbd8c4ad515daa,esporte_lazer,52,914,2,4350.0,20.0,20.0,20.0
8047a9de3dd280cc068a2cba4586b91f,utilidades_domesticas,47,630,3,1100.0,22.0,30.0,22.0
a779a9eec979527333131437db0882b1,automotivo,56,855,5,1950.0,30.0,25.0,30.0
a292d92a81d07fd02745d5fb6542e14a,relogios_presentes,48,488,1,200.0,16.0,11.0,20.0
c072bf60b6a78f20474b0ca5080736b7,informatica_acessorios,55,635,1,103.0,16.0,10.0,11.0
24c738bedb5c15ea352ad1a278f95327,artigos_casa,57,675,1,1350.0,19.0,17.0,23.0
d3a745c19c13090b4114427d782f6c52,perfumaria,58,912,1,400.0,18.0,8.0,16.0
e91bea61ea0d665e4c445d6461586e13,informatica_acessorios,60,540,1,3400.0,21.0,17.0,15.0
066cc58255ee9ccb3e6da9d3edd02a7e,moveis_decoracao,24,234,1,850.0,16.0,14.0,15.0
8b18b26ce90f9f0e4c9ae339e532f325,esporte_lazer,55,1524,1,2175.0,30.0,27.0,23.0
9a20e324f5e442222a85d335f77b39c3,automotivo,50,625,3,550.0,33.0,27.0,26.0
24afa01830cde8d96507ed5a376e0b84,esporte_lazer,56,627,4,600.0,16.0,10.0,15.0
2a519472f15e92b4cbc8799faa5f491e,livros_interesse_geral,53,2315,3,1350.0,22.0,30.0,16.0
c55c10c2e37e534c37d1e6694612664c,fashion_bolsas_e_acessorios,54,356,3,550.0,43.0,16.0,27.0
f9bcf9d8e89d012d7dc24fe4de0abd80,informatica_acessorios,36,398,1,900.0,28.0,18.0,14.0
b6a87bcded824fcc11c6bb01bbf9721d,casa_construcao,57,821,3,21300.0,20.0,20.0,20.0
d1db93ee359151f621a234e05eca4ac9,moveis_decoracao,63,461,2,800.0,80.0,10.0,60.0
26dd6551144fb768dbb16383acacf3b6,perfumaria,39,82,1,150.0,16.0,2.0,11.0
d9894482fba41f536a273ba2276d951f,market_place,62,310,2,600.0,20.0,14.0,20.0
fd0cabf47b122be0cbaaac86fc34b4a8,artigos_casa,57,492,1,1200.0,60.0,20.0,60.0
cd38d11012543d1a98cc357a3bbbb1cb,artigos_casa,57,507,1,1900.0,25.0,25.0,25.0
94e7891ebd952f90c83f1f27a38dec56,telefonia,59,1311,2,50.0,18.0,6.0,11.0
54151de8a5ccf2dc3058b447e1f582f3,moveis_decoracao,54,718,1,300.0,16.0,16.0,16.0
37318ccebb2ced72bd1b548b55ab4e31,jardinagem,55,2039,6,200.0,16.0,3.0,12.0
1b73aaabcddf5be28fba09916e1ed907,artigos_casa,59,81,1,500.0,20.0,2.0,15.0
629576b997e202bfb375fc3538a1c838,beleza_saude,54,314,1,1400.0,19.0,28.0,17.0
ef89d382c9cfdda69f4da6f5873c5eb1,utilidades_domesticas,55,65,2,850.0,36.0,20.0,11.0
491cc3d85596f60cdc9fac9d202c9fb8,artigos_casa,58,626,2,900.0,50.0,7.0,38.0
8092fb20e422a961ea52cd441b5a4244,informatica_acessorios,28,736,1,856.0,25.0,16.0,18.0
70d17ed46123e5b68dff23e113415d5a,brinquedos,57,70,4,900.0,39.0,30.0,29.0
75d3880783e696c130527f026ee302d4,esporte_lazer,41,243,1,400.0,44.0,13.0,44.0
232906919fb046e3d050f8dd336b2634,livros_interesse_geral,34,318,1,250.0,29.0,8.0,23.0
092eff69a9499b052a2258f502ea0775,moveis_decoracao,52,485,2,500.0,35.0,8.0,35.0
74ba0cd1f694e0751c7240443e5a038b,variedades,,,,1000.0,32.0,3.0,23.0
ec6bda3514b2616da08c5139893b14d2,moveis_decoracao,23,468,2,800.0,16.0,5.0,16.0
0eb3578b042833dd447798eeaffa44e8,fashion_bolsas_e_acessorios,53,277,4,200.0,16.0,10.0,11.0
2f1ae77f6516da678d91c8a80b90bc20,brinquedos,58,533,3,742.0,37.0,32.0,29.0
8d53c5e807e69f0b0914fd52d5b0501f,bebes,45,406,4,9950.0,77.0,18.0,43.0
7af6ddb00aacf6c4c8ae69fadb858b80,perfumaria,41,688,1,600.0,17.0,19.0,15.0
0d22e0d0bfa33bac40ccd83ae1c0649d,beleza_saude,35,355,1,300.0,18.0,11.0,18.0
0b01a9718a61dbdd35cfec9ad13a0301,jardinagem,57,815,1,2200.0,16.0,16.0,16.0
18297d6ba9247aa8fb22c28df54bbcd4,brinquedos,58,622,2,700.0,40.0,20.0,30.0
f2af004352a06a99dca765596240cbc3,beleza_saude,61,1054,4,100.0,29.0,5.0,15.0
714e305d7c565927c0ede7012c1c5c7c,ferramentas_jardim,43,478,1,17533.0,58.0,58.0,59.0
c41eca01a8bceb6c987b2a935a5ad1cb,artigos_casa,53,253,1,1550.0,40.0,20.0,20.0
2b9b580cdc992e165ca0336a078d695f,ferramentas_jardim,48,388,1,15200.0,23.0,102.0,32.0
409ad0594dd6af287d870a566756dc10,eletrodomesticos,58,1005,3,200.0,30.0,10.0,15.0
f6fe7aa38a197e6e9c4f000f1d44b24e,automotivo,49,386,1,10400.0,40.0,30.0,40.0
36ea81e90d1292dcdc3ad8abb09c20fe,bebes,59,921,4,350.0,42.0,27.0,42.0
426844dd9ed9ae105a5d4b3f1e18becc,ferramentas_jardim,47,590,4,133.0,18.0,8.0,12.0
424f4447cd353ab72ef3675274617751,telefonia,20,287,3,100.0,19.0,3.0,11.0
fb89f7ed5be9848869c6b3688f96d982,beleza_saude,37,974,1,400.0,16.0,16.0,16.0
1501b0033c68a37fa9560033a440e529,eletronicos,58,1160,6,410.0,24.0,22.0,17.0
de607575b49bac3e75ff4e11bd3d3c11,fashion_calcados,34,240,12,200.0,29.0,7.0,16.0
40002041835941ae0e10b9716ab7b03d,eletronicos,54,1497,7,700.0,22.0,6.0,11.0
73caf722f1a3ff0dddd0b0aa162da0f9,artigos_casa,45,283,1,1164.0,41.0,18.0,37.0
6502573d0b5c3aa798a3131984966b52,brinquedos,30,621,2,400.0,23.0,8.0,50.0
9cb3c4a5a0a1c8536b2651af5f73e403,artigos_casa,59,81,1,700.0,20.0,2.0,15.0
d25bbb182b51d1594fe3b54a27ae143e,artigos_casa,34,308,1,1900.0,58.0,15.0,46.0
b126c36658d4d8ae320a4ad38531cbaf,utilidades_domesticas,25,388,2,500.0,23.0,23.0,23.0
8415b1dae10d2dcb36beec370c6a90cd,utilidades_domesticas,59,322,5,600.0,24.0,5.0,18.0
aa15d9042b3749f119a734d7df2b68bc,eletrodomesticos,60,143,2,150.0,17.0,7.0,13.0
3a8320b027e8c8359d0a326844bc03e1,fashion_bolsas_e_acessorios,33,269,2,2000.0,30.0,10.0,20.0
af739e00ca90db9e164a8ee27237445a,esporte_lazer,31,486,1,500.0,25.0,15.0,11.0
00df6fc5f33cc3f7ceec4ec6337d9cd7,relogios_presentes,51,314,3,500.0,20.0,15.0,17.0
3a9fd03ce8ae5650c7a83cf3b481ba8f,moveis_decoracao,40,117,7,3200.0,20.0,30.0,30.0
2b921487aa886033e98b636be91f01bb,consoles_games,40,786,1,200.0,20.0,3.0,18.0
da596542f9179c1021970d21d9b53b76,artigos_casa,40,324,1,750.0,36.0,4.0,29.0
4d6214838983b6f8ef242a0326712460,papelaria,52,39,1,300.0,16.0,5.0,16.0
20a64c9ab614812a2634ebbd69bb4a02,variedades,50,1490,3,550.0,100.0,6.0,50.0
a37d9bc434c151e3a32418b241a13bf0,perfumaria,56,505,3,400.0,20.0,6.0,20.0
18952a79fa194b9ebff6e058236bc57f,automotivo,54,785,4,3950.0,65.0,15.0,15.0
eae99ba0d11a9e56ddc878519bdb33b1,esporte_lazer,39,716,2,1280.0,29.0,24.0,22.0
60b8232efc6b30822171dff08d6c439f,automotivo,60,762,2,2133.0,17.0,15.0,17.0
db62a9ee3303c7cbc05a3990eb359ed5,climatizacao,55,1139,4,4853.0,37.0,53.0,39.0
f4c3e41f8c0ac64d1be09e1b92327ac0,ferramentas_construcao,59,339,1,8525.0,29.0,9.0,29.0
17b9f231d057710012fe28e5a1ac5186,variedades,,,,10600.0,40.0,40.0,30.0
cbdcb07438032e11d74bbb913fbcd8a0,eletronicos,46,1047,2,700.0,21.0,8.0,18.0
326a0f5cd9ba675a997b260b0a0c5b6a,moveis_decoracao,63,1774,10,6900.0,19.0,69.0,38.0
def347b50c7dcc58410c7d66d14b87b4,brinquedos,36,518,1,517.0,22.0,20.0,21.0
ab1f9387c0627dd24000bfbc54fdeee0,eletronicos,45,456,1,175.0,22.0,11.0,16.0
9b6459fd1853c7e4422ff0bdd8184cb3,variedades,,,,2000.0,80.0,60.0,11.0
a87972100f1fa4091a86d6801620656d,brinquedos,16,373,1,300.0,21.0,11.0,21.0
5aadb280135a6132d14d3d93b5724b69,utilidades_domesticas,59,1786,1,17900.0,35.0,2.0,35.0
1c1baeabe25824c8c22b511643852906,beleza_saude,52,577,1,457.0,19.0,12.0,16.0
46255a421f244cd985f138a63d77d09c,variedades,,,,15500.0,51.0,50.0,36.0
d315b738a6e96f4d9710af966cb7cd5b,utilidades_domesticas,58,331,4,300.0,16.0,5.0,12.0
3bae6cd6874475c1ebf2c5dbca8493fa,esporte_lazer,46,735,1,175.0,22.0,7.0,14.0
516ccdc0667fe7e260156d1998ef9546,moveis_escritorio,37,1069,1,7563.0,58.0,65.0,30.0
c9b6f0f5e861adc800edb233fc1da1c4,moveis_decoracao,59,1977,3,1450.0,69.0,11.0,11.0
a634f634b444139884120ac4915d134d,informatica_acessorios,54,347,2,125.0,19.0,16.0,16.0
95203adc728bc74fbd99afc9e303db9f,informatica_acessorios,55,726,2,300.0,16.0,8.0,16.0
2e8fa5067f8b1912bd84598e3bb668a0,consoles_games,27,830,1,1000.0,20.0,30.0,20.0
157c0b6a86cb5823d6d2dd1fa8c5d450,ferramentas_jardim,41,561,1,1450.0,24.0,21.0,16.0
d3c044bd42d84a79e3b0c42662806a48,esporte_lazer,32,3831,1,150.0,16.0,16.0,11.0
4979ccb21aa205c914d9a092cf869e83,moveis_decoracao,48,669,2,14800.0,80.0,10.0,50.0
ae17f8265a23421715164ab420b62b36,utilidades_domesticas,43,595,1,1050.0,30.0,30.0,30.0
6ee1607bacba780139e7f7fcd316c1d0,utilidades_domesticas,51,127,3,2100.0,43.0,30.0,11.0
4a8388d725082add032c3a248d515142,esporte_lazer,19,423,2,450.0,32.0,8.0,24.0
cb8cd725d42cb2362a6069f76e50aac6,artigos_casa,60,270,1,6600.0,55.0,25.0,35.0
0e14941c183946f60e3b86585d05f984,utilidades_domesticas,36,339,2,400.0,25.0,10.0,36.0
f58e45b16a42a325c144eb2c46a2bc57,variedades,,,,6250.0,28.0,34.0,40.0
902ef94ec6b84c1abdc30ac2877a0e95,ferramentas_jardim,60,1015,1,1200.0,27.0,10.0,14.0
0708f901aa249af77d79c3d14328b3fd,moveis_decoracao,53,676,4,15800.0,50.0,40.0,50.0
02f3b0fb0ec2472bd4b9058a860ce6e3,bebes,36,474,1,12050.0,35.0,60.0,25.0
b4ac82f28d4cd68c12ce7934bebac9c5,informatica_acessorios,48,411,1,400.0,25.0,12.0,20.0
ef1cd7db4d53e9ab7517ec9d4aecfa03,esporte_lazer,45,211,1,150.0,16.0,16.0,11.0
71225f49be70df4297892f6a5fa62171,variedades,,,,200.0,16.0,2.0,11.0
620af218f5c91a81482e4555864aa4db,moveis_decoracao,60,3160,3,9850.0,58.0,9.0,27.0
f6c3624f0bad00eefa032e306776a77b,fashion_calcados,51,1436,1,300.0,16.0,16.0,16.0
65e1b99d6a0daa104350e07aa3693ef1,artigos_casa,55,397,1,1500.0,30.0,15.0,20.0
d17a8ef6d4228318ca645116dd6bea23,eletronicos,43,287,1,350.0,19.0,9.0,17.0
51c3bce480bc653e51d768e09253d6dd,automotivo,52,85,1,250.0,25.0,7.0,20.0
d26fcc1c248f5f9f8340e6061bf1f2b5,instrumentos_musicais,63,999,10,1400.0,55.0,18.0,45.0
f31bea9613b455322a1dd6c1de66227d,artigos_de_festas,44,247,1,200.0,16.0,8.0,11.0
5bc5b37461d0d4ee9b6e9507b01fc1d7,artigos_casa,60,1617,4,250.0,16.0,22.0,11.0
e8bf29c4bfb2d46faeba76ed3db7f44f,eletronicos,56,1099,3,9300.0,33.0,29.0,41.0
d65b6607952f9e0d705b1cbdc92ac027,variedades,57,768,4,500.0,27.0,10.0,15.0
07f2e8872fd2d0e17780989da6c06362,malas_acessorios,43,727,1,800.0,19.0,49.0,34.0
b4c0a557e24a783073ea34fdabe4663c,bebes,52,738,1,950.0,50.0,19.0,45.0
d368d485a71290394dddb034555b8eff,fashion_bolsas_e_acessorios,55,634,4,675.0,47.0,11.0,35.0
4f9d35e798dff81bc71b11b28d9adf7a,utilidades_domesticas,37,2475,6,1100.0,20.0,26.0,20.0
67638c5b9e1d3f0f3c76cd4147eeac2f,brinquedos,40,1156,1,310.0,17.0,14.0,12.0
2c42bf0cba650bd08bfeac2412b06ef6,artigos_casa,60,340,1,800.0,40.0,7.0,34.0
e9775f87bb8e7d4b82128c9adda40669,papelaria,57,722,3,200.0,16.0,10.0,27.0
6a4afe6c644493c0a79d2c54c8149938,moveis_decoracao,55,130,1,1900.0,40.0,10.0,35.0
3c5229dee6997f28485a65cbabceacb8,utilidades_domesticas,58,535,5,600.0,30.0,11.0,20.0
b73a2c0ec9eb8d2badfbc9d8d27f3ad6,pet_shop,53,627,1,18050.0,70.0,40.0,37.0
66e2abb080c6383458347f1e6d47ed4a,livros_interesse_geral,58,1288,2,1300.0,18.0,25.0,11.0
1097d069f21f90425a11bb3293ca1d87,moveis_decoracao,63,682,8,1700.0,43.0,36.0,25.0
b75bc6d95abd11862892008658b17f49,utilidades_domesticas,61,881,4,6800.0,40.0,40.0,40.0
142b4f0578f914f7b4ab677472850965,bebes,13,850,1,450.0,60.0,3.0,24.0
c66473cee835e09bdd0edc66f628af7c,eletronicos,48,118,1,100.0,24.0,8.0,18.0
e43311c5b307c31b994c47588c59b168,moveis_decoracao,50,500,1,300.0,25.0,2.0,17.0
c6ac3472e33913332e3f394ed2ebec24,brinquedos,45,308,7,750.0,21.0,18.0,21.0
632fe3d92c45b5c83f4102fadd94ee92,industria_comercio_e_negocios,52,1561,2,6950.0,16.0,104.0,35.0
dab1750d4e397e53ddd0f128982de661,automotivo,56,703,6,6300.0,47.0,19.0,23.0
0cc8792aea4a5586398479689a6daf63,eletrodomesticos,56,101,1,150.0,18.0,8.0,13.0
71a62950e363cbba0816448a733a58e0,bebes,38,1531,2,750.0,30.0,40.0,50.0
eac9f4e3a6148ef63f16aaec0cd9731f,artigos_casa,43,502,1,700.0,16.0,22.0,20.0
3c0b8519a8235ff19814687b02957b77,moveis_decoracao,48,1470,3,200.0,35.0,2.0,25.0
00e040fed5fb843e28740181ddca3521,telefonia,58,477,3,400.0,17.0,4.0,12.0
136da55add0b0a3c8c5404913a225e47,utilidades_domesticas,49,370,2,300.0,16.0,10.0,12.0
30ed98dda461030e31c6751bafe78746,automotivo,46,47,1,1100.0,49.0,46.0,46.0
b216627ec2c376d682722970832aa2c1,artigos_casa,51,446,1,700.0,16.0,10.0,16.0
4fa7e168d8cf9a9cb233e7a0d2821e94,fashion_bolsas_e_acessorios,53,830,1,100.0,16.0,5.0,16.0
43a39180da2ed07ba59252d23cf029e7,utilidades_domesticas,59,230,2,600.0,16.0,20.0,20.0
2c28d5cc196e413502b3f8a4ed9aedc9,perfumaria,46,859,2,450.0,26.0,12.0,18.0
d13014be74a15d878b1b681b779f3215,brinquedos,47,746,3,500.0,24.0,11.0,16.0
107bf5aa8cee35a9fec5e0bf1fd5e1cd,seguranca,15,224,1,150.0,31.0,12.0,21.0
d06466afa11453b6450b70992c90ece7,beleza_saude,57,821,1,550.0,20.0,12.0,12.0
0ddf5b8a3a2a417e9ec403ddd8a59446,pet_shop,52,348,5,250.0,18.0,9.0,14.0
a3c485c1ba93a314a9606492aeb0072c,climatizacao,39,401,1,5075.0,51.0,43.0,46.0
550299c725cac9511da2b6f40543270c,artigos_casa,54,609,1,200.0,21.0,10.0,14.0
b85e7700530804e8e2043604b9b1a6bf,perfumaria,49,481,1,175.0,16.0,16.0,11.0
6269367991dd832f09999605131f2c54,automotivo,52,828,1,400.0,30.0,30.0,30.0
b046862b2553fe4962392cdc93a2ae93,malas_acessorios,47,1479,1,850.0,25.0,50.0,30.0
3d3dd9f435c6795eb6ff0be50b45041f,papelaria,44,373,3,3167.0,50.0,21.0,37.0
3fa43718c1d128c8d2f148530e9493f5,ferramentas_jardim,29,1038,5,16300.0,100.0,25.0,30.0
58c91c9e1ddc24815b7c15ac4e8fee5e,eletrodomesticos,53,97,1,150.0,27.0,13.0,17.0
3ec2984cb2de1675a0306bfc60dbe5a5,artigos_casa,56,458,1,1860.0,39.0,12.0,33.0
50b3e51a19f3784534cbaf9c275dfea5,telefonia,36,218,1,100.0,20.0,5.0,12.0
173c08b531cec70292992396ced22e7d,moveis_decoracao,26,375,1,1600.0,35.0,8.0,35.0
8ac24e23a102245823e640f485846289,eletronicos,32,598,5,525.0,20.0,15.0,25.0
33ba4b29d820b397054cc97e892ab1bc,automotivo,57,955,2,300.0,17.0,10.0,15.0
d824970b558d811cdcd98a4830cf1478,relogios_presentes,57,673,1,500.0,16.0,11.0,20.0
844f0dc5dc6484304c769ce90e7a2c48,fashion_underwear_e_moda_praia,63,3853,12,700.0,20.0,10.0,15.0
8762b647d716b99b09ee045657f9d383,malas_acessorios,31,851,3,600.0,16.0,30.0,20.0
927ab43b52f8e2af38e2ab92fdd25637,automotivo,57,1671,1,730.0,25.0,12.0,18.0
817880704f1fcf911b4342385f701fc1,beleza_saude,53,1828,2,650.0,28.0,11.0,15.0
5858f45c20fde7d7e49af37a2166635a,beleza_saude,38,1665,1,2300.0,17.0,9.0,32.0
fef20920e4ff569015ea64270cd3c741,ferramentas_jardim,42,207,1,1200.0,40.0,30.0,20.0
cce55549bb816a12eba7ddfd637a961d,relogios_presentes,53,356,4,300.0,16.0,2.0,11.0
9bf49e13f79afe62919c79d125d81cf8,ferramentas_jardim,47,417,4,1150.0,22.0,21.0,16.0
aa280035c50ba62c746480a59045eec4,brinquedos,56,678,3,200.0,16.0,8.0,11.0
062c203528884afcf5ab3bcd04593f51,moveis_decoracao,43,140,1,1500.0,25.0,20.0,35.0
df872c596e00cd0160e6c8eb5424739f,moveis_cozinha_area_de_servico_jantar_e_jardim,39,266,1,30000.0,31.0,96.0,73.0
5174f9e08f01fe6b72a7eca26d562a05,artigos_casa,57,558,1,2250.0,25.0,25.0,25.0
2d12dfe2cf5a6677b26067f2ddb55844,brinquedos,41,998,3,1350.0,22.0,20.0,34.0
20f160a9cf2e856ee5eba259e9ae33f9,perfumaria,56,1224,3,556.0,21.0,16.0,16.0
3fd19f24609ba67a95e7a88f1b0e8e7d,moveis_decoracao,23,910,2,1700.0,20.0,45.0,15.0
8c5bf458020588e0dfeda011254eadbe,livros_interesse_geral,49,468,1,450.0,26.0,4.0,26.0
89db899bdb35ae40d0901e38f21d2ede,automotivo,46,458,1,2200.0,16.0,2.0,11.0
a8a9e4c2fe6117daf517ed312d95e8dc,moveis_decoracao,59,1953,1,700.0,69.0,11.0,11.0
9bb2d066e4b33b624cbdfec7d50b3dcb,pet_shop,53,1494,2,900.0,26.0,19.0,23.0
f418649d11303fb6fcde71c9133f2ecc,utilidades_domesticas,57,394,1,1400.0,30.0,30.0,30.0
f1a48f0ff1d54ce67d50bebc7e47ca96,eletronicos,41,702,1,800.0,50.0,10.0,18.0
9d1dc59b23fe43e3808d874e78a5cfee,papelaria,55,300,3,1800.0,60.0,20.0,29.0
3c28d10ea65fbafd9792027334cf4544,moveis_decoracao,57,1586,6,228.0,17.0,12.0,15.0
0254806b6c237bd1f21cae60ea8d1533,moveis_decoracao,45,1064,1,7183.0,56.0,56.0,18.0
62fde58e97724f8b7519f3789eefa33f,variedades,,,,600.0,35.0,35.0,15.0
5026f48060b51abce464cb03e1d92847,audio,58,1278,5,450.0,20.0,9.0,15.0
b616783675f9399f98376a7a1cf2d0bf,utilidades_domesticas,49,964,1,1300.0,16.0,30.0,12.0
62fbbb0a6ac63ddc705968f95f5fb788,climatizacao,57,1351,5,5800.0,55.0,16.0,26.0
e666620bf34e8a108d43851b6b7543fb,eletronicos,49,663,1,2300.0,45.0,30.0,30.0
64b4f32393cbf55be791078e7a2adca0,relogios_presentes,56,817,1,50.0,16.0,8.0,16.0
70cbbf603be04fd0947d83608b9a2266,telefonia,51,675,4,314.0,20.0,9.0,14.0
a0c8114ed9f3ecd1a0394e3987b87613,variedades,51,729,2,8100.0,45.0,24.0,39.0
e78bb4f98fc44ff2b94558e4358ce6b4,brinquedos,41,220,1,600.0,45.0,15.0,35.0
c656d2d3950c3165ec6574f3f6b9353e,brinquedos,51,462,3,1500.0,16.0,26.0,36.0
846da0169591ba9433fe3a6ba6ba0373,utilidades_domesticas,51,482,3,617.0,40.0,13.0,25.0
af1adc5466b28e90f0878a07ef26d3e3,beleza_saude,32,569,2,700.0,16.0,16.0,16.0
cb3837fe99e4b92c4082faf8fb6f75ba,consoles_games,60,1302,4,367.0,16.0,16.0,16.0
fc4e529d4121c3f5ced63c2ad05fb2d2,relogios_presentes,57,706,1,400.0,21.0,14.0,14.0
380aa1e702b7e85375d3d81d893acf73,moveis_decoracao,24,709,4,550.0,22.0,15.0,11.0
418aafa8794c4c22bacfa453f98bbf26,beleza_saude,52,353,1,600.0,17.0,18.0,17.0
f3a1a865ba61412ac17ab53f1a9c0082,telefonia,57,823,2,50.0,16.0,22.0,11.0
48cfb3a131e13b40d85ba31ca531c3b1,industria_comercio_e_negocios,53,407,1,2850.0,70.0,8.0,17.0
e55ed19897a6692649240b894020d683,ferramentas_jardim,50,187,1,8250.0,24.0,102.0,30.0
e3372817fa5d5e8a0ce5db0fa237a3ad,telefonia,48,1047,4,100.0,20.0,20.0,20.0
61107c91091400f4c4523ed7b461a20e,utilidades_domesticas,59,2180,3,12150.0,63.0,37.0,29.0
057df564fda79ad8fa5e1928dfbe3e8c,variedades,47,867,1,300.0,25.0,10.0,20.0
6841fe26a65cdc7dad114a453ce638b3,pet_shop,52,423,2,150.0,27.0,9.0,26.0
dd3575a8c5e2139f680a9816a15c8f2a,consoles_games,38,919,3,700.0,19.0,6.0,15.0
b7a58cab4a8f4016e27298891cbf47e6,esporte_lazer,33,751,1,200.0,16.0,17.0,22.0
3a12fe499b9342f78cb827ee18393e7f,artigos_casa,54,739,1,1050.0,25.0,10.0,25.0
8b1b115b8dc96bdfa740d4267019a201,telefonia,56,451,1,133.0,18.0,4.0,11.0
303b5f49ba6dd3d1d40aa3fe9b4f0bf9,telefonia,43,398,4,150.0,19.0,3.0,11.0
3327aad61d86158ed8bfd97388e37376,utilidades_domesticas,54,476,1,775.0,23.0,12.0,23.0
cb9d0035d58326e67764402c4379385d,brinquedos,54,641,4,2050.0,33.0,29.0,37.0
6ddb759e33850bceb1b22a91e79fa995,eletronicos,38,184,4,2400.0,32.0,21.0,24.0
f017f439ad87e9501378bd226f2ce26e,fashion_bolsas_e_acessorios,39,386,3,600.0,16.0,11.0,11.0
164c46357539e20cff56925225cf924c,esporte_lazer,38,490,1,700.0,28.0,15.0,20.0
419b12eaf8841add29c3503ee6cddb91,esporte_lazer,60,1552,3,1450.0,105.0,15.0,15.0
1bc727ecf620b4b524541bf5b60e3314,moveis_decoracao,40,509,4,4000.0,40.0,40.0,40.0
dade783416e4099641bdd36ee0f0c3a3,brinquedos,27,512,1,6745.0,62.0,34.0,40.0
98d893a81a1845b6f278f33eee0a4f36,livros_importados,48,2157,6,1000.0,33.0,6.0,22.0
43ee88561093499d9e571d4db5f20b79,moveis_decoracao,39,161,3,200.0,20.0,20.0,20.0
72d0a38fe43ba7087d71e245d1b76c9e,moveis_cozinha_area_de_servico_jantar_e_jardim,55,383,2,22150.0,76.0,46.0,38.0
4f469a5f807d396370c43aa7d536a2a8,artigos_casa,36,223,1,550.0,40.0,5.0,30.0
aa8627a375771ab01288705307ec4ae5,utilidades_domesticas,53,493,1,5750.0,40.0,25.0,30.0
3554200c1d7f3b4b39a0ae68aa1c0a54,malas_acessorios,56,267,1,4633.0,37.0,34.0,30.0
7d28cd96eae3fa5a49bdbfa00af70ea8,automotivo,59,2034,6,1775.0,42.0,30.0,31.0
d1e21bab9f1729613433a8a4374f58fa,esporte_lazer,38,165,1,400.0,20.0,20.0,20.0
4f5ebefc2bff02e685e4cf546c88f9b3,moveis_decoracao,33,187,5,7950.0,40.0,38.0,40.0
88d79d63d20f4183d9ed1144cff05d8e,beleza_saude,44,1165,1,250.0,16.0,15.0,11.0
db1d1a4569fdbae28a0d3340d907f7af,variedades,,,,400.0,16.0,5.0,12.0
4630761de87581e8b659dc77bb7eb4ee,malas_acessorios,52,220,1,650.0,46.0,10.0,34.0
621dce691c2ff3f99e21c21057ddc0ba,artigos_casa,51,444,2,950.0,50.0,16.0,16.0
19da2bf3225b2f11d5c3b2597576ea22,esporte_lazer,59,941,8,6350.0,90.0,15.0,25.0
66d92b0c49af34728904a73c26e9e59a,relogios_presentes,56,582,1,450.0,16.0,19.0,14.0
02ad328219e45e7d138101bc3c8aa6c6,casa_construcao,52,928,7,1000.0,16.0,20.0,16.0
aaf0d4a362d1cee82e4361f19af2b01f,esporte_lazer,55,662,1,190.0,19.0,16.0,16.0
194163a8a65a48a8c95623c399a9d4a7,variedades,,,,1600.0,48.0,8.0,39.0
2caf6fb89364a155b1e788a3ccd91a25,perfumaria,50,548,1,300.0,16.0,2.0,11.0
1d52c0fd7c289b6b7e0dc022067d33e8,pet_shop,39,619,1,111.0,17.0,10.0,12.0
3e442d09f9dfef002aadf31960869f65,informatica_acessorios,33,1084,2,200.0,41.0,2.0,29.0
5c551c8375040d684180cc1a549f7714,informatica_acessorios,38,492,1,300.0,18.0,9.0,16.0
d3b023772520cd1c6ea58f6701679d4b,papelaria,52,224,2,2400.0,28.0,55.0,37.0
5947c33d0250e65638336c25f5a8ab48,artigos_casa,48,354,1,26600.0,45.0,15.0,35.0
1342c0533d30a76542a5697aed78039f,moveis_decoracao,42,993,1,1050.0,17.0,27.0,17.0
b0c7a71c8620bd389e240f63a507dc50,livros_interesse_geral,48,659,1,13300.0,16.0,2.0,11.0
d71ea20de013251a448d2a16b1defa1a,papelaria,36,436,1,400.0,35.0,42.0,18.0
d011223de539cd224b5c5c8082313d46,moveis_decoracao,50,676,2,2125.0,28.0,27.0,33.0
6b04a3268d84351b65aeba3f1fbc2a25,moveis_decoracao,59,1749,4,950.0,65.0,3.0,45.0
2251aec7efe1a143690c889ff64ceb8a,automotivo,60,651,5,4350.0,72.0,4.0,46.0
e2336d327209ca849dca5afda036f842,eletronicos,38,459,1,250.0,18.0,19.0,18.0
f8e5d2574bedbb98efe044c829386487,moveis_decoracao,36,592,1,2300.0,25.0,3.0,65.0
42877980a9990b1391c279582c1aa894,esporte_lazer,59,1013,3,200.0,20.0,7.0,12.0
2bb11ef7e7d20cb8a80932979464e7ce,utilidades_domesticas,63,334,1,900.0,16.0,30.0,26.0
1305c16a9228b89ed9dc201c20df2363,relogios_presentes,43,602,2,500.0,16.0,11.0,11.0
fb31d5d2acd4bf37057330c1a96af712,automotivo,58,840,1,1750.0,45.0,20.0,45.0
622bad99b4296aade0783ebecdd3fa15,esporte_lazer,47,1249,1,400.0,27.0,6.0,25.0
8e5f38754987574b781aebd5a7d4d33e,bebes,38,974,5,119.0,16.0,11.0,14.0
bc80cffca0c4d1c7769e7b253c5cc547,relogios_presentes,44,307,1,375.0,21.0,15.0,16.0
192b332c511e484ea4f3f8b0526ee59d,esporte_lazer,32,480,1,500.0,16.0,14.0,11.0
0f7720c31413b5c7790e3f301342464d,artigos_casa,40,305,1,1125.0,30.0,15.0,31.0
6b82bdfc88a9241c396addd75f5c8baa,casa_construcao,48,868,8,700.0,16.0,27.0,16.0
83b9177e8afdc2719c085b5a96aa441b,esporte_lazer,26,729,4,300.0,20.0,8.0,11.0
2f1927c926303d27159849d2601d5d96,esporte_lazer,40,354,3,650.0,28.0,20.0,25.0
2584d5fa1ac792c8c26168eca51bb4d0,casa_construcao,56,797,5,9950.0,52.0,22.0,52.0
e96a50fc74fa04fd6f23b324d87a1a81,livros_importados,34,472,1,800.0,30.0,2.0,21.0
53a19e181057f10a84c7b2cb539c722a,variedades,53,445,2,900.0,30.0,45.0,15.0
cae7a908351ea0b7acb0086a51f6f565,variedades,,,,400.0,25.0,7.0,11.0
ce6450b4e1fbb3bc232eeb8b8e1c5757,telefonia,46,486,2,167.0,16.0,10.0,17.0
dd0c5ce67727fde645d9a6c8cdc4970d,eletronicos,59,743,2,343.0,28.0,16.0,19.0
50aa8f292a9510d5542f2a078903a2a7,esporte_lazer,49,1141,2,400.0,19.0,11.0,37.0
0160785b697a5ea87d52949bd097ce05,malas_acessorios,48,389,3,14000.0,26.0,66.0,46.0
e0352fc1b2c93712f1772fc4b0204db7,moveis_escritorio,59,1253,1,8075.0,52.0,51.0,17.0
7824bce065d8704739ac0fc0c8135d04,beleza_saude,54,353,2,7400.0,34.0,25.0,17.0
6e69b019a5ce263335eacafaa68ffeba,brinquedos,52,233,1,300.0,45.0,15.0,35.0
06cdc7832ac572e307bdacf9ba9f66a9,audiovisual,48,899,1,150.0,20.0,2.0,14.0
49d89239eb92d383e390b38b9bb792c6,automotivo,59,580,2,200.0,16.0,5.0,20.0
4ecb94d07e0dc53677b5227fea02cd5b,ferramentas_construcao,49,267,2,6700.0,30.0,10.0,30.0
1002287b975c051e4f283579598cf6d2,utilidades_domesticas,58,471,5,8250.0,33.0,35.0,33.0
33e503f68fb60fe165ed992965f2c737,informatica_acessorios,51,550,1,5550.0,23.0,9.0,23.0
73bcea4312cb31d72bffc6562f7f7c71,audiovisual,55,468,2,350.0,24.0,4.0,12.0
72a26085dd4fbd27f7206188081008d9,utilidades_domesticas,47,587,3,1000.0,28.0,12.0,21.0
f744418ea0467967ce11d829d1f9419a,artigos_casa,53,271,1,1300.0,45.0,15.0,35.0
efaf96097dbe32a78254739ee35900cb,fashion_roupa_masculina,36,695,2,300.0,16.0,2.0,11.0
eeab31cd2a4bcd64e6b249e0a674b3a8,alimentos_bebidas,60,295,2,274.0,28.0,15.0,20.0
5f8c8e55a203357be71e318167b70a0c,telefonia,56,1130,2,842.0,23.0,20.0,21.0
059d3cf4de5bc9099cdb4c10ee7e84d5,automotivo,58,824,1,200.0,16.0,2.0,11.0
dabb495df6a109d46f8faeca31a1c75d,malas_acessorios,28,491,2,150.0,16.0,17.0,11.0
ba37ce1b5e0638cf45fd59f63ada0093,moveis_decoracao,56,470,2,400.0,80.0,10.0,60.0
628fb6b9d891eebd296eb3caa5bcb557,esporte_lazer,48,604,1,700.0,16.0,13.0,14.0
20a2613eb3b1c3819e733de3e91644de,moveis_decoracao,40,789,1,2850.0,20.0,35.0,20.0
d881b7a2ce3e484f379f751df4c709ce,ferramentas_construcao,49,249,1,200.0,16.0,5.0,11.0
f7adf36ac9a90fe0ef2ab34bc1baa8b5,automotivo,58,506,4,100.0,23.0,2.0,17.0
4eba76ab901d06e619d8d7ac69b3579a,bebes,25,641,2,517.0,25.0,26.0,26.0
2eb2543712366c95191841792a725a23,utilidades_domesticas,55,236,1,450.0,54.0,4.0,15.0
3976b9f62045be05e8bbd11c4fc19360,artigos_casa,58,298,1,6100.0,36.0,15.0,45.0
abb9d7140478c19fd773dc14e8071abd,variedades,43,199,1,200.0,20.0,13.0,20.0
7fdff1c504647eff040e08cd98ce3210,brinquedos,43,2239,2,200.0,17.0,21.0,11.0
ee842d53183c77c2d2897172a82c40fc,variedades,39,2203,1,500.0,16.0,7.0,13.0
32a6743a58d26480b6aa3850856286ac,brinquedos,41,85,2,662.0,21.0,26.0,18.0
1e859a053a2210cb74b1134e0419b1dd,beleza_saude,35,795,1,450.0,30.0,30.0,30.0
43549c728834f6804c2a32ef08c086ff,casa_construcao,48,523,1,100.0,80.0,16.0,16.0
fc877e6bbeb95de8809398eca3f2a3fe,eletronicos,58,780,2,2600.0,18.0,7.0,30.0
6981cd5a9eded40aaf36e08db9ef4a7a,informatica_acessorios,42,703,3,400.0,16.0,16.0,13.0
4fd6ec612afa6f67b850b157f00a3368,ferramentas_jardim,45,1095,9,598.0,38.0,30.0,38.0
eefc762f81da3ef743a44e15590c5718,audiovisual,49,2821,1,450.0,20.0,5.0,14.0
73258e01fadbaf7648577beb152e1320,informatica_acessorios,50,835,1,250.0,20.0,20.0,20.0
54f4b6d719759dc811ee18cc95104ed2,artigos_casa,62,313,1,3000.0,45.0,15.0,35.0
dce8ae5ccc379f3de517423fccda65cb,relogios_presentes,58,1258,3,178.0,16.0,12.0,11.0
ceeb4790786e93c65ce079c50c8bd6b0,ferramentas_jardim,55,617,2,29600.0,42.0,17.0,42.0
6e62e31b1ec621d6182feb6b39c4194c,artigos_casa,22,735,5,800.0,20.0,20.0,20.0
20dba3cc0c6689b10b0a422ae43f45b7,artigos_casa,53,197,1,7725.0,52.0,26.0,47.0
9ead93350fbb3a5f0cc0b48c8c983748,esporte_lazer,24,678,1,14600.0,34.0,12.0,12.0
0e632ab9f5b05a2703871a8f27e4e1a7,informatica_acessorios,42,521,3,400.0,16.0,8.0,16.0
f8a8f05a35976a91aed5cccc3992c357,moveis_decoracao,63,418,1,1500.0,45.0,15.0,35.0
469ef39f0ddc59c8913d9d5a62318e40,livros_tecnicos,60,2170,1,110.0,33.0,6.0,22.0
3afd93cafd6c7b66033cc4dc22c54776,perfumaria,47,1170,3,500.0,16.0,16.0,22.0
bf937a731d01528bc2c8b11863de7586,pet_shop,56,1115,2,1185.0,30.0,10.0,21.0
5a57a59c44429be19e1ce8e69e15c473,utilidades_domesticas,60,1056,2,8550.0,27.0,23.0,27.0
e7fab7a4d6f0d5abfb66e1dd2fc35d4e,casa_construcao,53,871,6,500.0,16.0,20.0,16.0
196b3e3000c77b282069397fb84686dc,bebes,40,1109,1,28250.0,34.0,85.0,55.0
8208cccf98834da587d0ba8a9aea28d7,fashion_bolsas_e_acessorios,41,521,4,300.0,16.0,7.0,11.0
a09e9494bb01d227e90ec1bb0d845e24,esporte_lazer,50,988,2,250.0,16.0,10.0,15.0
0127db1f4effcf8f5b88d80588bc5624,relogios_presentes,53,555,1,200.0,20.0,7.0,15.0
f58ba49c5634ca1ef2ad765ebc1110cc,automotivo,58,689,5,1550.0,60.0,8.0,33.0
9eb0c62c8c4159426b700eb10045dc44,telefonia,60,911,4,400.0,21.0,6.0,13.0
b564734ddca77a1cf8aea20acd9cd9b5,utilidades_domesticas,47,1054,4,1500.0,25.0,17.0,12.0
2b2cde418c199f2ad971a7511cac11c0,brinquedos,42,1112,1,1103.0,33.0,15.0,28.0
3a05a947f28cf46d789adedc107d7595,esporte_lazer,57,652,1,3450.0,16.0,15.0,20.0
8782f61059db25b333638e5ed8cc9e65,artigos_casa,59,297,1,2250.0,35.0,10.0,35.0
f107bcdf49e25fab8c0b66fbabb97fc1,ferramentas_construcao,59,1007,2,400.0,34.0,4.0,16.0
5101eb75c72eba49b6ab5e3cb721c99b,esporte_lazer,41,754,1,3180.0,28.0,22.0,26.0
e03071a2d2410c9ef2be47b508cac95f,utilidades_domesticas,57,189,1,19100.0,54.0,45.0,43.0
b47e709bbae4533598f806553accd469,informatica_acessorios,32,498,1,200.0,18.0,9.0,16.0
015e652da4f31f2f7a051a6de66094c0,artigos_casa,53,124,3,700.0,22.0,13.0,16.0
4660b448a9e1499945013a9fb3f11ec4,artigos_casa,55,133,2,700.0,50.0,5.0,50.0
f5d7145132f3a1e1bfb220ac72d803c5,telefonia,39,375,4,267.0,19.0,4.0,12.0
1b46816aa838ce9ae97feda7b2f51f26,artigos_de_festas,17,322,2,200.0,30.0,2.0,21.0
94774f52c71a3e4ce084c21c873507cc,automotivo,50,296,2,100.0,16.0,10.0,15.0
30dd7828143f0bc56bd4f6beeb3e8d04,beleza_saude,54,1674,1,300.0,20.0,8.0,13.0
9882de2a7da613f71ce16f22e42d50d8,beleza_saude,60,1610,2,250.0,16.0,4.0,11.0
53b9d074ec70abc101321e360f438cf1,eletronicos,50,1041,2,4000.0,19.0,60.0,30.0
596041589b8cc3cc61e9b46d79ea9002,esporte_lazer,36,610,1,200.0,20.0,20.0,20.0
53ae5df71df97b2b9abee97ce1e1b8f1,variedades,44,3049,3,850.0,22.0,22.0,22.0
cfbc3263572e94aa7e220466f83f8677,esporte_lazer,26,1322,2,400.0,26.0,16.0,21.0
e10c5041c0752194622a7a7016d8c9b5,instrumentos_musicais,29,523,1,14200.0,105.0,16.0,40.0
a592adedc22197e52a4a58271720bbaf,informatica_acessorios,41,100,4,200.0,34.0,2.0,18.0
fd68051e3deccde23af3d77152129c5a,climatizacao,52,1222,1,2800.0,16.0,2.0,11.0
1486ffdf6241755c77f5345b01232361,artigos_casa,57,592,1,1600.0,40.0,4.0,28.0
c7fce98e1aa3d8a6cbaaebc7ab99cbe6,ferramentas_jardim,34,219,1,700.0,30.0,15.0,15.0
2d68dc900969487798076d5f21c1090d,moveis_decoracao,54,688,1,300.0,22.0,2.0,32.0
ba959fa0160c144aab62f721009c5f32,automotivo,41,1978,1,12200.0,62.0,62.0,19.0
207bb2d8180c2c7654872f6fab96e40e,telefonia,30,305,1,100.0,19.0,3.0,11.0
fe555e0880543633edc71df3737e49eb,moveis_decoracao,53,213,1,1650.0,40.0,10.0,30.0
db91bca0e0253d71433c22ac5acd0fbe,papelaria,45,513,2,575.0,23.0,26.0,14.0
17a1211f690515d1adf3300cd6278354,informatica_acessorios,48,213,1,350.0,16.0,8.0,11.0
626cba3eb1a1ac40b2f6e3ad4fd1038c,esporte_lazer,56,450,2,1050.0,25.0,21.0,18.0
e44030e694bab50c9fdfb329cc114833,bebes,53,2601,1,400.0,30.0,16.0,20.0
a25fb4516757403b129bcfe366dddb9b,artigos_casa,60,335,3,6050.0,60.0,10.0,60.0
65680a7e713d50001948661c2b252f37,relogios_presentes,53,672,2,275.0,16.0,11.0,11.0
3ecaaa56f885aaded64fc6502ddb214c,utilidades_domesticas,59,456,5,600.0,22.0,8.0,22.0
177994f6e693b14491067ba7cd5e5127,seguranca,48,1821,1,150.0,16.0,9.0,11.0
eb719445ec882a7b60518fd8b55c1b0f,informatica_acessorios,56,444,3,500.0,16.0,5.0,15.0
824c6ddf72c012b701b3e83b258581d4,artes_e_artesanato,49,423,1,100.0,16.0,5.0,11.0
e224d922abe83aaa3e7c47962cbbe1ff,beleza_saude,39,1306,1,1200.0,30.0,12.0,16.0
955d13d7e0c184665441e35897a4f3c3,pet_shop,37,734,10,6100.0,48.0,28.0,31.0
af407c297ba8ec15891e2d95193203c2,ferramentas_construcao,39,493,1,2008.0,45.0,23.0,21.0
ba7e06201e60d29279c7f11d689792bb,relogios_presentes,39,587,2,325.0,18.0,13.0,16.0
e801441171ec3eaf3bbb86d6ba6fc9af,relogios_presentes,44,788,1,275.0,17.0,10.0,12.0
7acc602a5598de7992eb7d3b4e080b7d,telefonia,31,1990,2,1700.0,22.0,9.0,30.0
b8212b3bd65a9c7070e474f1430c94de,beleza_saude,21,1790,7,1025.0,33.0,36.0,31.0
dff96addbfdf534a44ed5094b8c6765d,seguranca,51,910,2,800.0,47.0,8.0,12.0
863826c035612c8900c972a10fa3b5b1,informatica_acessorios,40,298,2,306.0,15.0,21.0,13.0
991bc1085efee49ba6cd9f3f17efabb8,esporte_lazer,43,1177,3,1683.0,35.0,17.0,48.0
4b77167175713bd04c8854aa80f09e99,informatica_acessorios,50,494,2,163.0,17.0,11.0,16.0
2ab3eebb03e660d44470d936c0f20bb6,esporte_lazer,56,788,3,300.0,22.0,6.0,16.0
95afc7174e826b350262195e9810e327,casa_construcao,59,303,2,250.0,20.0,4.0,20.0
61194019f380f0b760c31e66ee97e50d,esporte_lazer,54,1954,1,400.0,16.0,10.0,11.0
60831f149488243f31618867accce8cd,brinquedos,51,313,4,3250.0,65.0,13.0,36.0
3ae810052cf18d30232367f0b45e284c,alimentos_bebidas,28,371,2,1200.0,23.0,12.0,19.0
aed75ad669fbebd5a385ac7cc2ae7573,beleza_saude,42,427,1,30000.0,50.0,75.0,56.0
baf13e0439b20cf7b30c07d3657f8145,bebes,54,1385,2,2056.0,39.0,22.0,27.0
3dd3a67f72798f25cdd5d98553553d85,pet_shop,63,935,8,16850.0,60.0,40.0,42.0
0b575b7f0277a4fa1e89af27590b438d,artigos_casa,57,249,1,850.0,35.0,20.0,35.0
51ff363ff8346f0fb99858f2c0954231,esporte_lazer,49,752,1,200.0,20.0,7.0,14.0
c03500a4a72be532834b3d947821d519,pet_shop,52,348,10,200.0,18.0,9.0,14.0
3ece1fcd5a64459a4e24143920178f42,moveis_decoracao,59,2432,2,400.0,69.0,11.0,11.0
43dc48e22acc762c474367d2cead5d3c,instrumentos_musicais,59,233,1,350.0,30.0,20.0,30.0
4d817c0fe79db81f4f99f840cadbde0e,moveis_sala,34,853,1,15150.0,38.0,48.0,38.0
c6a8643df741a03acc58318e481abf0f,telefonia,56,447,2,175.0,18.0,4.0,12.0
31dbb0d1815bdc83c93f4b3472fa7c4d,variedades,,,,300.0,24.0,24.0,11.0
340ba571a6250a5346180e4fc4f1c7e6,artigos_casa,58,418,1,1650.0,40.0,6.0,30.0
e33c6721bcdf0d089860c6c1cf7ad5b6,esporte_lazer,58,264,1,500.0,45.0,10.0,40.0
cea0783f5748d01abec8fd268dccba49,beleza_saude,44,1487,1,1150.0,30.0,10.0,17.0
aea5937ba2b757b9fc5017f2d11f288f,esporte_lazer,29,223,1,1200.0,42.0,12.0,43.0
a7841f8c0ca7736a81dd679c39d7fd21,moveis_decoracao,50,1831,3,7600.0,65.0,5.0,47.0
6687954ed33bc521cdef9bba5d086d6d,brinquedos,38,567,1,650.0,31.0,18.0,23.0
b715d785d518112309c312260fd88842,papelaria,54,193,3,190.0,20.0,14.0,13.0
598bd041890a22dfac5e4411f456cbf6,esporte_lazer,45,793,1,206.0,18.0,11.0,14.0
d688e1eb847d2f72892ede46001673bd,informatica_acessorios,55,300,1,761.0,18.0,15.0,15.0
12acdab5736a2cbddfce65059918826c,livros_interesse_geral,43,791,2,425.0,19.0,12.0,14.0
476ddefd263d2173f2f8a7a3fb5ec75c,esporte_lazer,41,1185,1,200.0,16.0,9.0,10.0
cf8c588a4b9b7599aa4807e78bbc65a9,informatica_acessorios,24,456,1,50.0,60.0,16.0,11.0
1b5ac751c245c52ded56f9fd1f17590c,audiovisual,46,2123,3,400.0,18.0,25.0,11.0
7cca13d90486c96047f188771ee4ffe4,esporte_lazer,49,786,2,4750.0,40.0,25.0,25.0
f6496641c1737293bf3afc7732942d06,consoles_games,56,236,3,200.0,16.0,8.0,11.0
7e1fa9dcf2c39f7fe71d43ce0a09dbb5,eletrodomesticos,57,416,1,11950.0,50.0,2.0,37.0
098c8d862a494bb5926e558a87687768,variedades,54,940,1,2000.0,45.0,30.0,20.0
d190211dfdf3ec5ef8f1e5f59418dab0,informatica_acessorios,57,1738,1,596.0,19.0,7.0,15.0
8d777214c45c704660310bdc5a2741ea,moveis_decoracao,55,314,1,500.0,40.0,15.0,40.0
cee96128d25ffe3429e69452233838dd,artigos_casa,48,417,1,266.0,28.0,5.0,16.0
79b5f6746971ce589060a7aeef9f9d9f,esporte_lazer,58,893,1,13700.0,26.0,7.0,11.0
7a8dfec813ae58cfaa3e1ef9f534adab,utilidades_domesticas,36,508,2,1200.0,33.0,10.0,30.0
116a75888dbca93a1c26c5d5c949b175,artigos_casa,56,122,3,800.0,22.0,13.0,16.0
1efd84ba20d23186f576a37baf64ae9d,variedades,32,133,1,200.0,18.0,12.0,16.0
5babb170cd172ec25690087d7018f26c,artigos_casa,59,677,1,1275.0,19.0,17.0,23.0
6984b61fd1255c2a7fc3c11ce6d84509,bebes,28,2433,3,100.0,19.0,7.0,11.0
e66b4ebb16777b24037fe7eda706add9,artigos_casa,54,472,1,1500.0,46.0,9.0,37.0
8b1ec5ddcb342e32a8d83936c3583b45,esporte_lazer,44,1031,1,493.0,18.0,17.0,16.0
578075103bbe96f4ed89f77852b81b98,artigos_casa,51,517,1,1000.0,16.0,10.0,16.0
b834ec50d00416ab0968b61763ae7700,automotivo,57,918,1,5050.0,35.0,20.0,20.0
ff817f0901191fbe02933928daa95e6e,automotivo,60,587,2,725.0,60.0,8.0,33.0
7810b42c3450a044431d95c59c00b600,relogios_presentes,45,702,1,367.0,19.0,13.0,19.0
a0c39dee6817bb443090f9248eeafa4c,moveis_escritorio,55,1086,1,27200.0,48.0,45.0,56.0
be9bc531f00bd94f07be7363eefff998,fashion_bolsas_e_acessorios,40,360,5,200.0,16.0,12.0,14.0
232ae93f6ac6e6a57c1b34b312eb3826,automotivo,59,1066,4,100.0,24.0,2.0,17.0
10f2f7707444b16ab90c38797c095336,relogios_presentes,51,595,6,350.0,16.0,2.0,11.0
66f1a8d90992af09e58ab4e0496054ea,relogios_presentes,42,510,1,283.0,18.0,14.0,14.0
4b2e8d0baa7e0e7483c8bfe1dc33e406,relogios_presentes,51,753,2,300.0,16.0,11.0,20.0
cb48e30ec967ad7cf282f8b417e397e2,bebes,57,799,2,2400.0,31.0,43.0,21.0
f45cf520fba787f057d57c5c8138668f,utilidades_domesticas,59,1582,4,6100.0,31.0,29.0,41.0
2c2491f31fe7320124ccf2f3404354a6,telefonia,60,818,6,300.0,17.0,4.0,12.0
93846cfcd171609cebb8b3f8c553d23f,esporte_lazer,55,2021,5,588.0,25.0,30.0,28.0
5467bf450d0538e899a8e18fd0ff4323,utilidades_domesticas,45,520,1,350.0,16.0,15.0,15.0
4ec8f9faf220dfbee99dc36f001ac968,moveis_decoracao,51,527,1,7750.0,49.0,25.0,49.0
02ad78835ec3f72e750d1dfa6a7e11b3,moveis_decoracao,38,1303,2,1250.0,52.0,7.0,11.0
ef0e165d773ec293c5aeb5470a08b183,variedades,57,1620,1,2250.0,16.0,40.0,16.0
9e88896ff9b39f42a9652dc0730ecabc,telefonia,58,667,3,350.0,17.0,4.0,12.0
bf666278787c1150f040f26d618c4a9d,seguranca,60,605,4,600.0,20.0,20.0,20.0
f264c1d9b20b5e4a340254d0405e613b,variedades,48,874,1,1050.0,42.0,25.0,15.0
a214ec4881cfa50f718046bdc15c6a22,relogios_presentes,59,183,2,200.0,16.0,2.0,11.0
e87587976240265f6944e5a019ea704c,seguranca,57,1230,1,700.0,60.0,10.0,20.0
4c0a183b1572fcddf968d6992392e24d,utilidades_domesticas,46,857,1,700.0,16.0,16.0,11.0
547b95702aec86f05ac37e61d164891c,ferramentas_jardim,33,509,1,9100.0,42.0,13.0,39.0
be4cd8597e81008f1372c387f620e0a9,relogios_presentes,46,655,1,450.0,18.0,12.0,14.0
40b2a43c74c26b963dd1bd05384663a0,esporte_lazer,63,924,5,300.0,25.0,12.0,18.0
233316af7adf040484dbeccfecad6042,artigos_casa,33,254,1,1250.0,33.0,9.0,38.0
e5e4c79bce72fc7476860916c1a9dd18,informatica_acessorios,41,1670,5,3750.0,36.0,16.0,36.0
7754574f8aeca545b663be749e5db05c,informatica_acessorios,46,2604,2,5879.0,30.0,25.0,19.0
c0abb5707b6d57b4e7d9797222a77fc8,beleza_saude,60,850,1,417.0,25.0,7.0,22.0
7564c1759c04fc0a38f2aa84f7a370ee,ferramentas_construcao,59,2432,3,1200.0,16.0,11.0,11.0
fb9c4133006cdb80c0a96dd36310aac4,automotivo,59,2400,2,2130.0,23.0,17.0,19.0
a84a9be4cdf0d5dbd36103b1e1ebc82f,automotivo,55,766,3,6450.0,72.0,22.0,52.0
47fe9ce1e411796d7fd0fe712100ecd8,automotivo,56,1661,3,500.0,16.0,21.0,18.0
ebb12274522d82caa7dca657873b2ad7,utilidades_domesticas,47,534,2,11250.0,40.0,40.0,30.0
b736ba4727efeae1f506172be7e39905,fashion_bolsas_e_acessorios,56,187,3,100.0,16.0,2.0,11.0
fe31b2791161c24e921f90788d443e1c,consoles_games,60,2462,5,1100.0,22.0,13.0,18.0
9755f955f1fcd2a83ca77997e9de8b83,fashion_bolsas_e_acessorios,38,435,1,188.0,22.0,12.0,21.0
e00a570d375c55a1858a08669ae684df,beleza_saude,42,639,1,300.0,19.0,12.0,13.0
7f44ab248492a301a87d8966739d8796,artigos_casa,54,123,2,500.0,70.0,8.0,45.0
19936fa4f614ee0590d3b77ac83fd648,telefonia,34,1016,2,1100.0,20.0,16.0,20.0
bfc121a2f5d97868f3a02ae6c5b5f5a2,artigos_casa,44,167,1,1850.0,47.0,7.0,35.0
4c41f7f8ca78f88fa539d43d08c504d3,beleza_saude,57,2908,1,900.0,20.0,11.0,15.0
ebd7c847c1e1cb69ec374ae0ebee1f4c,moveis_decoracao,50,228,3,1200.0,40.0,15.0,30.0
648790421a896a7625e9f8e778ab57ad,brinquedos,51,642,1,16350.0,70.0,35.0,40.0
92c22a554e81bcc9dd5aa9824b1f510f,automotivo,35,90,3,6900.0,17.0,19.0,27.0
95f944fda0e692848a5033c279938390,seguranca,60,528,5,550.0,28.0,12.0,22.0
a5d89252158ff2fc7effe07dcffbbc14,esporte_lazer,54,2990,1,2600.0,27.0,32.0,27.0
b7c472e4bf39b63628ecedc8c9af805d,ferramentas_jardim,30,825,1,3000.0,27.0,10.0,32.0
6d0af4d8b482cc38d72acafc37bdd8f1,variedades,,,,2400.0,34.0,33.0,19.0
a03e401d58a45187271718c5d7610422,utilidades_domesticas,48,1297,3,9650.0,62.0,35.0,37.0
dbf66e3a8f833012d2da362c443111af,esporte_lazer,53,1330,4,575.0,24.0,17.0,23.0
d73cb8d2ba92e4828e16cb9e39f81dd6,eletronicos,59,1292,3,385.0,20.0,8.0,18.0
5862da8a8a08881304fe2dc5d8671200,ferramentas_jardim,43,432,3,1000.0,105.0,20.0,20.0
848ee292f94a4a1f90568ee34d264353,livros_tecnicos,59,473,2,800.0,24.0,2.0,17.0
0a790f2710eab03be4f7793583779874,consoles_games,56,555,2,500.0,20.0,15.0,20.0
9cd9443e9002f8be88682ef102d771c1,variedades,55,1895,5,2250.0,50.0,30.0,30.0
4ede61f4c026ce233e4ba9ff9444ee09,esporte_lazer,54,175,6,600.0,20.0,20.0,20.0
61103d1d05a6d55579890d0dba01eda6,brinquedos,27,706,2,250.0,18.0,7.0,17.0
652ab2a1bee7f7f0ab475b06cd290865,livros_interesse_geral,63,1246,1,700.0,23.0,2.0,16.0
bed99325df634e823ffb18a9e84fdb2d,artigos_casa,52,364,3,1900.0,50.0,17.0,31.0
07aa6a21d16be9ac95fbff7ab3ed81e9,automotivo,53,960,1,2200.0,50.0,10.0,50.0
e84d1a4a08db13e8dea6d400a1c6a3f0,alimentos_bebidas,34,926,2,700.0,24.0,15.0,24.0
0b5be7ee64611405f84c31be31ad0d9b,esporte_lazer,45,979,8,3900.0,90.0,20.0,25.0
3a5d13e02c3e967997b9a3a3f632fbf2,beleza_saude,38,1971,1,300.0,22.0,19.0,22.0
6e41ce53043104a92912099c90215f1e,moveis_decoracao,52,197,3,1050.0,25.0,23.0,25.0
d0f1f7d51273e157df6f34170c693c5a,moveis_quarto,56,1491,1,500.0,28.0,17.0,24.0
d581c7d5e149f946aa7e05b8e13e6efb,consoles_games,27,268,3,200.0,16.0,20.0,15.0
b2b7d701c1f12d5a0f52ec90b0a8f819,beleza_saude,58,424,1,30000.0,55.0,75.0,61.0
5b1b6135649a0839631d1dde8e4e5df3,alimentos_bebidas,58,531,5,94.0,16.0,5.0,11.0
f2e9c251a169c7d7582bdcde0ea4e7da,utilidades_domesticas,60,1944,4,1168.0,23.0,9.0,12.0
e85d91619b497e98754390b6198a9818,bebes,56,624,2,700.0,24.0,14.0,18.0
7b82c09aeb69b05e0a578a2ea97ed4a9,esporte_lazer,45,509,2,500.0,19.0,12.0,13.0
3e0da944edda889e1287894ad28d9ed0,variedades,61,306,1,6800.0,53.0,20.0,33.0
1178e5819b87e4a8846d636e39df026b,automotivo,62,418,6,400.0,16.0,7.0,12.0
611a736015e65141abd844f0f37c84af,artigos_casa,48,549,1,450.0,16.0,10.0,16.0
bb191b58fe5bc5a220db96fd387655c2,variedades,58,1023,6,7300.0,79.0,5.0,63.0
8d9468efb665050bd137607b0c8ce680,utilidades_domesticas,41,648,1,963.0,33.0,44.0,33.0
580ac70ff46f836dcc769fa584f85273,telefonia,50,162,2,100.0,20.0,5.0,12.0
4013f49ee9fda2d3eb99e7923cba7982,esporte_lazer,58,762,4,500.0,50.0,5.0,30.0
d5852e1fab9be489b5371a70adad7494,esporte_lazer,25,236,2,400.0,50.0,10.0,17.0
30d150cd35905a222b8840fbdfd422dd,automotivo,57,1318,4,450.0,16.0,16.0,16.0
af2f3030914ae3eaf70ebc74ecdb8c1c,esporte_lazer,34,1260,5,825.0,40.0,15.0,15.0
5ccaf4192eb1b45ada109ad4152de5dc,utilidades_domesticas,44,2040,1,6100.0,20.0,30.0,15.0
5099f7000472b634fea8304448d20825,beleza_saude,56,635,1,375.0,26.0,11.0,18.0
11b66b9c3298383e765fa69bdfd86e5f,esporte_lazer,36,140,4,100.0,34.0,2.0,26.0
0fb1658e227645b2fe14d8ba74d48606,informatica_acessorios,59,2338,1,3450.0,52.0,17.0,22.0
b5500cdcf54793ca1dfbd654bdfbc20a,beleza_saude,50,826,1,350.0,25.0,12.0,19.0
0e669e3efedd9f3ab75fcbe334e1177e,brinquedos,33,628,1,1310.0,60.0,12.0,24.0
acdb489a7451fff0633e91357a8e60eb,moveis_decoracao,60,2087,3,2550.0,69.0,11.0,11.0
94147506059b815e058b7ffeb6b671b9,beleza_saude,58,2093,2,200.0,18.0,8.0,12.0
a2f25a7e9c4eea1e3c2949d03c688048,agro_industria_e_comercio,42,588,1,10650.0,26.0,80.0,26.0
bdbf4ac9c8a5cd8162e96e84231d33ca,casa_construcao,53,922,7,1050.0,16.0,20.0,16.0
ff7a70b3356d433014b7d6957ed196cb,moveis_decoracao,51,598,2,16400.0,80.0,20.0,20.0
e41879396cfe504fa2e6951eb7e5a76c,beleza_saude,59,371,1,500.0,19.0,17.0,15.0
75fc57fb06b1d35ea433e16ecbf5a6bb,eletronicos,45,471,1,125.0,22.0,9.0,16.0
6831b5d22263248cd732a13b207fd68a,brinquedos,46,411,5,400.0,22.0,22.0,22.0
1a06cc924ba852bef5a19bb5aefa4d6c,artigos_casa,60,332,1,4700.0,45.0,18.0,35.0
9ab93790313438fe487cb321d7248b13,artigos_casa,44,760,1,5350.0,40.0,16.0,50.0
0b5452315880c73832a5c5837f0de5b2,telefonia,60,1170,2,150.0,18.0,6.0,20.0
23905e2fed49239bf63e416ba24bd556,malas_acessorios,60,2032,6,1100.0,25.0,25.0,25.0
211293b50935ced8d4370f552c482d74,alimentos_bebidas,55,1736,3,226.0,18.0,16.0,16.0
69b1e7f2c5c9a2e61ed7d9dd4d269188,market_place,55,963,6,400.0,22.0,6.0,15.0
f23d24b737a58861ed576d2128c439e4,artigos_casa,55,597,1,1800.0,16.0,50.0,40.0
0a29ce51f88190dc32d9f6a23f7e9a8c,utilidades_domesticas,42,245,4,150.0,19.0,4.0,11.0
700a315aa104dcf3ea345a850f746ec1,fashion_esporte,32,889,1,1500.0,70.0,15.0,65.0
6fd83eb3e0799b775e4f946bd66657c0,eletrodomesticos,52,280,1,1200.0,25.0,33.0,25.0
2b4609f8948be18874494203496bc318,beleza_saude,59,492,3,250.0,22.0,10.0,18.0
53d9d735cbf1969f1f2661b9b2c661be,utilidades_domesticas,54,807,1,750.0,25.0,10.0,15.0
9f81413382c6e7b2b2eaff6930f1fd98,alimentos_bebidas,52,573,1,450.0,16.0,18.0,11.0
9c1e194db1d35a79d962ea610bfe0868,perfumaria,40,871,1,83.0,17.0,8.0,13.0
270c7e8ac3a5d25cc4324f7b603b8a22,utilidades_domesticas,35,483,2,500.0,16.0,25.0,15.0
d94b7d89fbd70f6f30c9043718784da9,brinquedos,35,939,2,4368.0,47.0,35.0,37.0
52913ee46d43e465b2d40c81e7ccac23,utilidades_domesticas,46,899,1,10200.0,31.0,60.0,31.0
ccd07b6f4549c05a7e7c2ede0569fe49,beleza_saude,44,154,1,642.0,18.0,13.0,15.0
aa5e980b726d76e5a61dfd188724be28,esporte_lazer,57,535,2,850.0,22.0,15.0,22.0
03511a5e5d4c3d8ef00f1578e1419800,telefonia,52,2118,2,400.0,20.0,11.0,13.0
0103863bf3441460142ec23c74388e4c,variedades,,,,200.0,16.0,2.0,11.0
5188466ac1bca9e8317ef320cd279b89,beleza_saude,46,805,1,217.0,18.0,5.0,15.0
45f715c67a8a8e0f179cabed8f676815,utilidades_domesticas,44,305,1,250.0,35.0,4.0,15.0
ee9ff7710c74eb0f453f711fe2fd8014,brinquedos,45,293,2,250.0,34.0,4.0,32.0
1ad107de20364138356e19ab81369f04,utilidades_domesticas,57,754,1,750.0,25.0,42.0,21.0
1ab21e6620cb6346784529bff0a0c43b,ferramentas_jardim,46,476,1,268.0,38.0,9.0,12.0
bce12dc098cfc1fba81141118561959f,moveis_decoracao,53,1750,3,2150.0,105.0,3.0,70.0
555dec7f4c47f1d985310349938fc0ad,eletrodomesticos,52,142,1,500.0,27.0,13.0,17.0
3215010238fcd9cab6ba7d2b81a6973d,market_place,63,937,2,200.0,16.0,4.0,16.0
5272c0e8bee8fadf0a2a23b5460da8c6,jardinagem,46,1612,1,325.0,18.0,16.0,13.0
f50c70e94e7b173b135c3cab35201f37,relogios_presentes,59,975,2,2850.0,41.0,35.0,48.0
687865b021641ba258e6967af27301ff,moveis_quarto,40,180,1,10600.0,33.0,45.0,40.0
3eaebcf7b4fceb70d8e052e8ef653415,papelaria,35,871,5,2650.0,48.0,28.0,40.0
02a0c276d5a252215b48269dea73a6e7,esporte_lazer,32,963,1,300.0,20.0,15.0,15.0
4afc77312aa956b54d72a22c7170157e,consoles_games,51,888,1,1000.0,20.0,30.0,20.0
2c118aabf0b8b0f52167c7741512d699,artigos_casa,60,124,2,1100.0,95.0,8.0,50.0
8e32a514da51f104caa9cfbad8df8432,brinquedos,53,1633,1,650.0,21.0,18.0,28.0
0ef56954a7f2e8c36b83dadad90b9cc9,bebes,46,493,2,350.0,50.0,5.0,35.0
7e005c651eec410691559257f9ef8f64,variedades,,,,1200.0,40.0,10.0,15.0
820dd5eac7a0890ebab9d0866afe62b0,artigos_casa,55,1214,8,800.0,30.0,14.0,16.0
15ebe9dfd8d6e1cce0d81bce5de8cffc,beleza_saude,59,1179,1,320.0,19.0,14.0,14.0
2a3539131370b3ac020dd5f7a656a53d,eletronicos,60,442,2,1075.0,21.0,9.0,9.0
b45618718859484b336a58082991847b,papelaria,47,194,4,900.0,30.0,15.0,15.0
14ae64f095e11f8010d2381ba2845cff,artigos_casa,59,124,2,800.0,95.0,8.0,50.0
38273c03eb0f88327f62c1d521260623,informatica_acessorios,49,823,1,150.0,20.0,10.0,20.0
6cbe86517b670a03d810471811e93316,papelaria,51,1051,1,233.0,12.0,4.0,9.0
b7900dadb2e17d3f270cd487b7df185d,artigos_casa,54,909,1,800.0,25.0,5.0,25.0
c007861a802946f6b56220f281da6d38,artigos_casa,60,269,1,3600.0,48.0,13.0,40.0
bff79f2c9dafe00c6215dbf7be6139da,informatica_acessorios,51,1177,3,840.0,20.0,11.0,19.0
9666f6aaf24141e6d17f7d56921f364d,moveis_decoracao,55,646,1,300.0,16.0,30.0,20.0
15f773b4fea5b2ab681b02620b0c3a95,variedades,,,,750.0,16.0,25.0,15.0
7670134d0deed66c4befad4f59d0af49,utilidades_domesticas,41,243,1,400.0,16.0,11.0,14.0
51dea5d1ada11e6deab755d7ab30fc6e,bebes,52,196,1,450.0,25.0,6.0,25.0
00878d953636afec00d3e85d55a12e7f,beleza_saude,59,1631,4,2550.0,38.0,42.0,25.0
cffb05bb50a95e92fc26bbb049cc8fe7,moveis_decoracao,52,474,1,1300.0,50.0,20.0,40.0
87178532ea55e247a0cac93f4126e96a,relogios_presentes,56,557,1,200.0,20.0,5.0,15.0
597db778f5d2ebf10a3fa0f43a2ae143,malas_acessorios,59,2197,6,1000.0,35.0,10.0,20.0
2052b3c5e08893e567c2fb7778476c75,informatica_acessorios,46,227,1,810.0,16.0,10.0,12.0
fbb72ae209733219a1a5019715b15472,iluminacao,47,177,1,1300.0,22.0,22.0,22.0
f158c89259d05ad3364be59f73e753c3,beleza_saude,23,375,3,500.0,25.0,38.0,30.0
70ecfc40193a5327e6921986e6484fab,informatica_acessorios,59,245,1,200.0,18.0,9.0,16.0
b01cedfa96d891427058852f0625e9ee,variedades,,,,4900.0,42.0,16.0,37.0
9400a388ad4fbe5e9d381a9762fc99c2,moveis_decoracao,59,2045,1,1550.0,25.0,16.0,18.0
d03e27d4f155991fbefbd25b974b543a,automotivo,51,651,5,5750.0,64.0,5.0,39.0
27dd6092aaf2627e39331ad9823b5ebf,relogios_presentes,50,155,2,300.0,16.0,16.0,11.0
1d417ca09479182e9fdf13a1c77c309f,artigos_casa,49,729,1,1300.0,20.0,30.0,30.0
2dfd94a67354f13a87ed35a8aac986af,moveis_decoracao,58,314,1,1000.0,40.0,5.0,30.0
5e515438a7eb90b6f35a1d0157a6310b,informatica_acessorios,39,1009,1,200.0,31.0,13.0,11.0
31596cc4bf31a702bc34ab7223a827da,eletrodomesticos,33,1335,4,2850.0,62.0,11.0,40.0
0a8038344359ff23c26156650b801e6c,ferramentas_jardim,48,916,1,1600.0,32.0,21.0,14.0
a3e8ee20df0f969f2cb0c5ba01e1c40a,relogios_presentes,41,702,2,3900.0,16.0,4.0,16.0
42b5c89883ffcf6b4d081833fcda6286,utilidades_domesticas,45,694,2,950.0,30.0,25.0,30.0
e52d4febf32212098d434438f495d006,eletronicos,42,189,1,1150.0,30.0,15.0,20.0
174f6dbd30e54c690ac97b27a3a793fa,beleza_saude,57,752,1,200.0,26.0,6.0,18.0
84304b9ce0da63381ada0ba1b05ca428,eletronicos,43,288,1,200.0,21.0,7.0,16.0
cb4ea8f55c5245555696ae22ce0ea921,esporte_lazer,54,790,2,500.0,35.0,10.0,11.0
d412d78a36f204c033b6ec60d874bc75,variedades,44,120,1,5600.0,25.0,37.0,36.0
c8ae51eca4e84c8128e116c2098715c8,eletronicos,59,670,1,400.0,25.0,10.0,20.0
111e2f43245b193147270aba6d558129,beleza_saude,39,371,1,150.0,16.0,3.0,15.0
f172934b37c68afdb4b93ca53d8d536c,esporte_lazer,56,2504,1,2900.0,30.0,30.0,30.0
4cdd0c9eb93994b4c2b313ecb2c8b5ca,utilidades_domesticas,53,532,1,250.0,20.0,3.0,20.0
309dd69eb83cea38c51709d62befe1a4,ferramentas_construcao,57,338,1,2150.0,20.0,8.0,20.0
9f5d4ccdd7f86c5c3fdcbd899867a5e9,esporte_lazer,43,417,1,300.0,30.0,16.0,16.0
ebe0908b88b8280a543507871218669b,livros_interesse_geral,45,756,1,425.0,28.0,3.0,20.0
3c61c2007c26ec50365d6c385e088ca1,esporte_lazer,37,732,1,100.0,27.0,17.0,14.0
19d3bf0c73434c2f0518c526f0b4e5c2,seguranca,42,1016,2,300.0,19.0,13.0,13.0
9feeadd6b97835152e83e1b25b46f5c4,esporte_lazer,54,1175,1,1064.0,24.0,20.0,19.0
489ae2aa008f021502940f251d4cce7f,utilidades_domesticas,31,875,2,30000.0,60.0,61.0,33.0
350688d9dc1e75ff97be326363655e01,artigos_casa,47,511,1,600.0,30.0,3.0,19.0
f0087499874ae6c0b14f7b42671519fc,informatica_acessorios,57,122,1,1300.0,32.0,17.0,32.0
8c0fd3e89ebf51f2fcff46abbc4eca05,relogios_presentes,40,525,3,500.0,38.0,12.0,38.0
76ad24d8518857df0f3dc45b2f5faf2d,beleza_saude,44,717,1,350.0,16.0,19.0,15.0
cf698aea327d98aec83099c6c1cd0df4,moveis_decoracao,35,232,2,515.0,98.0,8.0,16.0
99e28f7c171b6945dc991d1178ffedfe,utilidades_domesticas,35,1800,1,14000.0,44.0,33.0,36.0
6c82ebe860b459b481f4226e2a06534e,fashion_calcados,57,404,4,1400.0,22.0,12.0,33.0
3c39f47a2595ed6989c1357d7926acd8,beleza_saude,52,191,3,50.0,19.0,11.0,23.0
ed4eef5d2197b2950e6eec648488909d,bebes,45,891,1,3050.0,28.0,33.0,45.0
67434db9e83b58ef317f4a902807b82e,ferramentas_construcao,54,2420,2,60.0,20.0,5.0,20.0
6f73b16abce275c50c172a2690ad4b12,informatica_acessorios,50,488,4,450.0,19.0,5.0,12.0
a35ea299fbf8fc63d9faa23b77bf3eaf,esporte_lazer,57,691,3,1700.0,16.0,11.0,25.0
22594ba8fd9a72ad95d352929c821560,moveis_escritorio,31,1076,1,8450.0,53.0,50.0,16.0
27080bc09a8965fb3ba30063cefb12de,bebes,56,1143,3,1533.0,39.0,13.0,32.0
496f6bd86011e5a9ddea8dc96e802340,moveis_decoracao,60,458,1,1050.0,30.0,4.0,20.0
65dfa5d20f4beb1a0f6aad75c004434f,variedades,51,729,2,8450.0,45.0,24.0,39.0
3cfbfb223bf0e89feef39ee393833408,informatica_acessorios,39,1620,3,1375.0,21.0,7.0,16.0
18a6a9435280bc4978a427f0f95cbd4e,utilidades_domesticas,54,450,5,250.0,30.0,11.0,17.0
32762549e61c9115d70c8267c00d1c13,esporte_lazer,52,425,1,200.0,18.0,9.0,13.0
03b29ca1beec2e03e15a3b980c1505ed,perfumaria,43,656,3,100.0,18.0,7.0,11.0
2ed61618c3f21314a9aff852c8c9866b,esporte_lazer,51,512,3,6400.0,103.0,17.0,28.0
a94bae2ca6c0f6530af830bda6dae563,artigos_casa,52,629,1,900.0,45.0,15.0,35.0
d35dccc8b673b41ed414984b463b17b4,instrumentos_musicais,58,579,1,200.0,40.0,5.0,11.0
467df52fbb75382062d23bcb4e995d67,papelaria,60,244,1,1900.0,60.0,20.0,29.0
7c78931da71b756d23d98d0e53e01fb0,artigos_casa,44,179,1,1250.0,45.0,10.0,15.0
83294cbb80def7b3b28087e0d2078d8a,beleza_saude,21,278,2,217.0,27.0,12.0,17.0
799710ec16ede0ad489ed63ae8b2766c,market_place,55,135,1,1100.0,25.0,15.0,45.0
4ae24a5e47258817e334be1de90a658a,papelaria,36,735,1,100.0,16.0,10.0,15.0
69455f41626a745aea9ee9164cb9eafd,relogios_presentes,41,408,2,501.0,18.0,13.0,14.0
3e935c981d34489d33ea5c721ab2e14c,alimentos_bebidas,54,524,1,550.0,32.0,30.0,27.0
27a0edbc33200d89dfc1276a729dd5d4,instrumentos_musicais,50,192,4,567.0,31.0,7.0,23.0
f25bbb88c1a219c21b1af6b99895b960,esporte_lazer,42,231,4,550.0,35.0,10.0,20.0
c8f57335e06d8d4e73e34057dc92cfbe,telefonia,59,273,1,300.0,16.0,2.0,11.0
44c015f31e165a805a0c68a2124e2e90,moveis_decoracao,58,1198,1,7600.0,52.0,15.0,52.0
51555187e14ed8bb8addc25344848ef7,artigos_casa,58,676,1,1325.0,19.0,17.0,23.0
f7b30f48c235d715e00822023d8a4dce,bebes,52,438,4,28750.0,60.0,46.0,20.0
2a7e9f98e73a335bbb0ba2253d0c9b40,automotivo,51,836,3,8500.0,65.0,40.0,65.0
c9087c6bffed15d6cd627121fb818386,automotivo,60,198,2,480.0,27.0,8.0,14.0
15d46964df616d5206807cd84b95b73d,fashion_calcados,43,647,3,900.0,19.0,9.0,20.0
96fda9a1e131e4c4f2faecacbf9aaf50,ferramentas_jardim,59,2032,3,8650.0,40.0,30.0,20.0
798e4e153e7141eb95d330765208c63b,pet_shop,55,587,2,650.0,21.0,12.0,52.0
0fe922b7f7d43ef454bbc241416e7401,esporte_lazer,45,429,2,50.0,20.0,11.0,11.0
8a242876e3a83bab76209342bf6ca588,moveis_decoracao,56,281,2,1050.0,45.0,5.0,30.0
ca6d10d1487b13988e0241beaa7fa089,livros_interesse_geral,46,1047,2,1500.0,25.0,7.0,19.0
81e02af7d00fcf604270221efe1d1b95,eletrodomesticos,57,459,3,4800.0,16.0,4.0,11.0
408e83214d33817b4bc554f392509088,beleza_saude,55,3059,1,2570.0,24.0,23.0,21.0
3033b785da7b2b5dea9e41fb29b72109,artigos_casa,55,317,1,1850.0,40.0,10.0,30.0
740867136b4bf7605e36c5913b91eb99,alimentos_bebidas,59,514,2,2800.0,27.0,19.0,24.0
f3c5707e7c539ab6533e3611da02b648,artigos_casa,57,204,1,2250.0,35.0,20.0,30.0
00a8c742ae1da97e9064205459977e6c,informatica_acessorios,38,581,1,150.0,16.0,23.0,13.0
f130542b9dab05d4540ba00f35f0880f,fashion_roupa_masculina,36,694,2,300.0,16.0,2.0,11.0
abcadf3aeced9a5dd2c23cb61ca09a4c,automotivo,56,663,3,577.0,24.0,14.0,13.0
678f4b558147f3aaca424c13a1f89060,utilidades_domesticas,60,81,1,1625.0,37.0,15.0,28.0
1f14955ab3f179a666e101d5984b1319,fashion_bolsas_e_acessorios,30,227,2,300.0,16.0,8.0,11.0
f9b0ee95ce8b1ef8b50eecc5e0fa4348,esporte_lazer,59,2993,1,1250.0,23.0,23.0,23.0
63c4a70e0a12b4bd9475fca9e9937e76,automotivo,44,350,1,30000.0,60.0,60.0,60.0
c7201e0891f536eecd2369c50d0b04b8,livros_interesse_geral,28,1487,1,350.0,33.0,6.0,22.0
bd1aace4fad5609f005fd721b45dcec4,artigos_casa,60,234,1,2150.0,34.0,8.0,32.0
06731ce59716357095ed1a25850320b8,moveis_cozinha_area_de_servico_jantar_e_jardim,37,694,4,1700.0,100.0,3.0,60.0
b60a0c8bd0333c69ee70565973709bbf,beleza_saude,56,2010,5,650.0,16.0,10.0,11.0
ff3377c7e76bb050877c8a7c28d7525f,esporte_lazer,32,362,2,2000.0,22.0,20.0,22.0
cec09725da5ed01471d9a505e7389d37,esporte_lazer,52,1197,1,2500.0,20.0,11.0,11.0
2ad3b6ce77f3c97f0350b5752cbe4518,informatica_acessorios,44,262,1,1200.0,26.0,12.0,26.0
98cd3776d33bddd0ebf8ad8b4732d1b4,moveis_decoracao,34,252,1,1200.0,16.0,34.0,34.0
4796ab0f0b86b1d3aeea60f77a0ad991,agro_industria_e_comercio,44,755,1,300.0,20.0,20.0,20.0
7efb82beff3504e95045d59c6369917d,papelaria,50,762,1,400.0,31.0,2.0,22.0
bacf6a8b3c76adbf95a90d402fded27c,esporte_lazer,63,103,1,400.0,26.0,3.0,15.0
d5aca74039d8803e8a1085e419720c95,relogios_presentes,46,433,3,450.0,18.0,23.0,18.0
0ea4159212776c6cc70d802d45145353,artigos_casa,41,187,2,200.0,16.0,6.0,20.0
6f9d3ff69fea5b27532628c987f4b49a,automotivo,60,847,6,5900.0,53.0,43.0,11.0
807b118bfa0f764901f5a528e0e3b7f9,utilidades_domesticas,24,136,1,1500.0,45.0,25.0,35.0
7c88ed4fc8c3ae3a1e08a074cbfc9a88,beleza_saude,58,1348,1,1317.0,22.0,28.0,17.0
2d36fe5f546a2a0d9cf193511d2a916f,utilidades_domesticas,58,135,1,7550.0,42.0,11.0,64.0
54f7278e25e80c7cb083d509fd5535c9,fashion_bolsas_e_acessorios,34,456,3,100.0,16.0,3.0,17.0
7209cdb0efeff5f50f20b2ff4cdd511d,utilidades_domesticas,58,720,3,9950.0,31.0,61.0,31.0
cc2634460dcfbfdd94dc43f5ac3f8963,artigos_casa,55,184,2,600.0,50.0,8.0,40.0
5fb63276a045b516c561e4be61e1109e,esporte_lazer,56,332,2,350.0,27.0,10.0,16.0
3f0b2aa04502b87638f75da7b9cae50e,bebes,45,664,1,122.0,17.0,12.0,14.0
5abb262996451f878f52e83d721e74dc,brinquedos,58,423,5,2500.0,30.0,10.0,34.0
80a286e053c52c87a4900fba51ee5b05,moveis_decoracao,53,1429,10,650.0,35.0,2.0,25.0
6c6a78e0768babe7473b5eccf0fc6076,moveis_decoracao,60,357,1,400.0,25.0,5.0,17.0
bfe05de8c1ac3259ae43ada77182d840,beleza_saude,60,1090,1,2400.0,30.0,20.0,20.0
1b474c650cb9407d32a1e066937b68fd,relogios_presentes,43,548,3,381.0,18.0,12.0,15.0
83634a7abf56905fc9ab415328908de2,informatica_acessorios,40,602,1,850.0,30.0,15.0,15.0
ca873fc3d2a6186b92f8c32d685012a6,telefonia,57,319,3,275.0,16.0,5.0,11.0
f3c2725b2c9d0ebe936dd613b3984688,artigos_casa,54,704,1,1250.0,20.0,20.0,20.0
9b56346f1622f67c67fce4e6783b5be2,moveis_decoracao,60,2063,3,2950.0,69.0,11.0,11.0
d86a0708a75b7ba0080d94dc632fbc23,beleza_saude,37,634,2,200.0,16.0,10.0,16.0
2d110366dd24a714cb50dddc30b4101c,esporte_lazer,32,1961,1,250.0,16.0,17.0,22.0
1164c17af70425821f88bfbdc9e907a3,bebes,44,282,1,550.0,50.0,10.0,50.0
276e9ed23a30582d125743aaed57ed22,ferramentas_jardim,60,624,3,250.0,17.0,7.0,13.0
3477030902c7c383db840003051d8115,artigos_casa,54,611,1,20700.0,58.0,50.0,49.0
8952479b2147f90098cc9615de73bb94,brinquedos,50,685,1,2483.0,42.0,22.0,30.0
999a19b6168bea2f4575a3011e84a687,artigos_casa,40,324,1,1500.0,37.0,9.0,30.0
de9db16814cdc52a0211f27c12e172ba,esporte_lazer,53,2267,1,1400.0,16.0,16.0,16.0
21efeb0e47f3328f86002eda80b63321,fashion_roupa_masculina,28,696,2,100.0,16.0,2.0,11.0
13e64813e400c6b383297c388eb38688,variedades,54,2471,1,2000.0,33.0,44.0,19.0
ea4f4b5a820fea007c6c8d7ef9a790bc,informatica_acessorios,31,694,1,167.0,16.0,14.0,13.0
056fc939c78534a5fb6a762ef17d912e,moveis_decoracao,53,87,1,1300.0,25.0,25.0,20.0
0d98754cfefd5a306f6633725f3aed59,artigos_casa,59,186,1,11150.0,45.0,18.0,38.0
9d09d82a6838777302175f209dcfc4ec,variedades,,,,400.0,16.0,15.0,11.0
162c1a60e671a6632c2a03243557d549,esporte_lazer,56,898,6,1800.0,72.0,22.0,11.0
885d15f0bcf8b27f592327ee58f0fcf1,esporte_lazer,59,417,1,5200.0,20.0,22.0,22.0
717782a9317932b317d99e416c04ee79,moveis_decoracao,42,199,2,6100.0,35.0,15.0,30.0
368645a47a15770520ad12d9ea77c2f2,moveis_decoracao,61,603,2,30000.0,70.0,60.0,60.0
d1b571cd58267d8cac8b2afd6e288bbc,ferramentas_jardim,63,842,1,2400.0,40.0,15.0,30.0
dd44ecaddb22d00c140856b180f5d9b4,artigos_casa,53,729,1,2400.0,20.0,30.0,30.0
d5365b4fc46af0e0679ce35e818b4b0a,esporte_lazer,59,355,2,15450.0,16.0,105.0,55.0
03d7ad0ce97624c931b3abde02b5d819,perfumaria,48,259,1,249.0,19.0,13.0,15.0
9ecf1e9d0607fc9074feb78fa8d8cc95,iluminacao,55,325,1,1450.0,20.0,20.0,20.0
237428d1c44f69d9f7eb073c1baf34e5,livros_tecnicos,46,1111,1,1300.0,27.0,2.0,19.0
9ae64e1163bf254bad20d5155cffb99d,papelaria,59,314,3,8000.0,30.0,55.0,35.0
d5536c1422144c4fc6fe001224b21ba8,moveis_decoracao,25,175,2,3000.0,70.0,55.0,70.0
91894be08b341b3d6228779d2a80ab94,papelaria,38,251,1,50.0,16.0,6.0,11.0
637641add87a760737226d3771e1782c,telefonia,31,338,3,200.0,19.0,3.0,11.0
c6d339a1fa8873b1ffe76fb1b7cc10f1,esporte_lazer,55,3956,1,5150.0,27.0,26.0,25.0
ff8f6ec909e03ac8d9f6d82a10031c0c,variedades,54,1594,2,1600.0,60.0,5.0,36.0
f98ab3dc92c46ebabdc8f613acfae537,beleza_saude,58,1419,1,210.0,33.0,8.0,19.0
ed093290e543139864511e4f41b9400a,artigos_casa,47,302,1,300.0,16.0,22.0,11.0
610e045d4ebcfde8d0c8991e8b1f39bb,esporte_lazer,41,786,1,400.0,16.0,10.0,11.0
9701d977eb68896a77f4095dca55dbcc,relogios_presentes,50,520,2,225.0,20.0,12.0,13.0
be96ebb16fae936ebe608daef14a2d21,informatica_acessorios,56,306,5,4400.0,19.0,23.0,19.0
678c229b41c0e497d35a25a8be1cc631,ferramentas_construcao,60,339,1,3100.0,24.0,7.0,24.0
e4f61b606514ddd78124fd38f3433155,telefonia,51,1325,1,2550.0,100.0,20.0,30.0
1ab301df9ab26fc25842366a7c68fb96,papelaria,51,404,4,1400.0,35.0,46.0,31.0
29dcc20b00ccb0dd2136eb2f4c5f3847,moveis_decoracao,46,192,1,1700.0,40.0,10.0,40.0
ffc0b406806006602c5853b00ab5f7fd,artigos_de_festas,39,749,1,4450.0,50.0,8.0,45.0
1fee07af6000817a742999e65c190276,esporte_lazer,53,852,2,1033.0,46.0,32.0,14.0
134957eeec87be2414ac629ee0b947a4,informatica_acessorios,57,1370,1,200.0,20.0,15.0,15.0
3cce0d166c3fb2507956c630c1d0f87c,casa_construcao,58,415,6,900.0,32.0,24.0,11.0
e7aa61e91437781b16e4fff575395c18,moveis_decoracao,59,413,2,1100.0,30.0,6.0,32.0
82f57f97ebc983ae3eb96fe5bb9d9be6,artigos_casa,46,522,2,500.0,16.0,16.0,16.0
d19e5d8dfe80f249d215c3e5f9a4b6d2,artigos_casa,57,329,1,8550.0,50.0,20.0,45.0
39dc16aaca25e1f0ab28d16d72703082,audio,60,780,1,600.0,16.0,10.0,24.0
7124ca1f9c1598c0ad3166988e93d5c1,bebes,60,1599,3,400.0,30.0,14.0,21.0
ca3fd09ef832923ccad790506d6e0385,pet_shop,50,1463,3,5500.0,26.0,47.0,27.0
3731dd5544cd9646d73050e946641da8,informatica_acessorios,58,459,1,4300.0,28.0,23.0,20.0
df2a36e39b65ff56203117e93bcbe20a,esporte_lazer,52,847,1,600.0,16.0,6.0,15.0
f2e53dd1670f3c376518263b3f71424d,artigos_casa,53,236,2,1975.0,41.0,13.0,31.0
0082684bb4a60a862baaf7a60a5845ed,variedades,,,,500.0,24.0,4.0,15.0
fde71f25e699ca0a2a83a6c3a249b816,livros_importados,51,93,1,600.0,29.0,2.0,22.0
26e5b7d049012785d88313194cd576d2,eletronicos,58,296,1,1050.0,20.0,20.0,20.0
73353895a654703808e8ac484d6abe20,pet_shop,56,1143,2,1700.0,50.0,20.0,40.0
21538f484ba135893f2b51c8b8750966,beleza_saude,50,3929,1,550.0,16.0,20.0,16.0
139c42ffabb4d6cd430dfc71d85a5180,utilidades_domesticas,45,841,5,1350.0,44.0,22.0,30.0
cbfdbf24b32d9aceeeff3e9c77fd9d36,moveis_decoracao,52,1786,2,600.0,68.0,8.0,13.0
e6ebef1aa6feb022f534f7c73de98b01,ferramentas_construcao,54,756,1,600.0,16.0,11.0,11.0
b3436add9bf37c33b8299b4a7ef57599,beleza_saude,50,252,1,367.0,18.0,14.0,17.0
89cea55405dd7811b48e500d9f263e43,telefonia,48,856,6,300.0,16.0,5.0,11.0
3f29ff76d9ee5fd080b96ce49afc6c94,esporte_lazer,59,1299,3,500.0,20.0,10.0,15.0
2e9575efe2eb834f5673cb75df8537f9,relogios_presentes,55,744,2,210.0,18.0,12.0,17.0
4f0aa1e91719362daf498003e6ad4177,variedades,,,,1800.0,20.0,30.0,20.0
9e2d3a8d8ffad53e2e35282a2020221c,moveis_decoracao,50,531,4,1600.0,35.0,6.0,32.0
f011deae0b381d8abd76d0ee747370fb,artigos_casa,58,144,2,500.0,28.0,10.0,23.0
c36bbb0e95d7546794ee5170baf0df93,artigos_casa,55,92,1,300.0,28.0,13.0,12.0
32442bee23baee10041f5a964cfcbd15,papelaria,48,1235,2,800.0,20.0,50.0,40.0
497f3cf6e1c584b489ca78da2bc08d5a,malas_acessorios,52,1862,4,750.0,25.0,55.0,40.0
083e8ca099c4307911ac90d162896350,automotivo,47,790,2,300.0,16.0,5.0,11.0
b184461ba53ea15b7fc5858a5fd7b518,artigos_casa,60,460,2,567.0,45.0,4.0,35.0
a2f0a41fa03da98fd19e20d996462cc8,pet_shop,55,444,2,300.0,17.0,12.0,14.0
8db75af9aed3315374db44d7860e25da,seguros_e_servicos,48,461,4,400.0,26.0,22.0,11.0
2e288007b869cff009a184b071b7c925,brinquedos,38,471,1,600.0,35.0,8.0,20.0
71ba45cba15ada7cd8fd87ac71b0dc2e,esporte_lazer,59,247,2,1675.0,60.0,15.0,15.0
0cb61dc7daa0bf5e31e9ac3ba8fba86e,informatica_acessorios,36,2016,2,600.0,19.0,5.0,15.0
536f5439f278dff98e415fce685cc77b,artigos_casa,36,432,1,4940.0,65.0,18.0,55.0
18af17f3ce7321c209d5ce9932248c4e,fashion_bolsas_e_acessorios,28,177,3,100.0,16.0,11.0,13.0
9804060d742be8facca9ff94f9aa436e,automotivo,57,1291,4,617.0,22.0,17.0,15.0
6e3186505d9f4c946921bd51a5b79742,informatica_acessorios,43,230,1,580.0,32.0,13.0,17.0
f110ebb80f170dbfc737459f401902b8,beleza_saude,40,789,3,450.0,40.0,7.0,20.0
91072b0e0e5d60ea13524c273da16106,automotivo,43,481,4,100.0,18.0,9.0,16.0
bd59d7bffae06b0b2ee40cf5b7939626,moveis_escritorio,33,1197,1,21450.0,101.0,8.0,60.0
24b4132a43608c2949226ad2f774845f,brinquedos,27,708,2,250.0,17.0,7.0,18.0
f124ba93c961061c1358bab8b90730ba,audio,50,447,1,150.0,27.0,5.0,20.0
87e6cf7eb3e4996b725323a1d704fb8b,variedades,53,431,1,1000.0,16.0,19.0,15.0
3373d1ed7bf5f3187f110c0e9e40a02b,variedades,,,,200.0,25.0,5.0,15.0
1860189a4eaca04ccb8324bf0ea4384c,beleza_saude,63,1192,1,188.0,18.0,18.0,18.0
b20dff2518b593f3092fb7b3ba13588e,variedades,,,,750.0,30.0,19.0,18.0
96c1f14a0754e0f2c40523478a4075df,beleza_saude,49,484,1,150.0,16.0,7.0,15.0
d8c199ae0fce3ce0ba91596db04910be,ferramentas_construcao,49,645,1,1800.0,20.0,6.0,20.0
e4d56c64196ecb182e719d9bacd0628a,bebes,60,1217,2,500.0,25.0,4.0,18.0
977e5f8adaa0cd1dac4f4b1969ec598b,climatizacao,37,1907,5,300.0,16.0,10.0,11.0
50f45d42cdfecd33a2424a1c617d251f,artigos_casa,55,221,1,450.0,16.0,20.0,30.0
2367943ffa6af39caabaf4f8f90e0d3a,moveis_decoracao,58,2128,2,350.0,69.0,11.0,11.0
016f3b29107ed03252e477b08445cec4,automotivo,56,871,2,3500.0,25.0,5.0,25.0
94bda974ca191307bd049cfd54d7f468,informatica_acessorios,32,1095,2,600.0,38.0,2.0,29.0
211c67e3e61d45efe54ed020191d042f,papelaria,58,238,1,1900.0,18.0,38.0,30.0
f99a41d435a967be6af245991a48428a,esporte_lazer,58,1100,1,3720.0,26.0,32.0,33.0
bd69e6d599b9a3d9c298617c14e46f9f,artigos_casa,54,405,1,700.0,45.0,15.0,30.0
f4c6e3643d47244bec4766d72c07ac4f,livros_importados,48,636,1,700.0,29.0,2.0,22.0
b00e24be53a1785f1f613e747809a5ff,esporte_lazer,48,567,1,1400.0,26.0,18.0,18.0
a9f386c43d436bf2a431efe073ecbc70,informatica_acessorios,22,716,2,150.0,41.0,2.0,29.0
a18c130946b89ab774bc5948fe71e2a5,consoles_games,53,520,6,300.0,20.0,5.0,15.0
07faa4b332434d6455398852452e2783,moveis_decoracao,30,459,1,350.0,16.0,28.0,16.0
eb356ef61e2262adcadc023b9522609d,relogios_presentes,60,261,3,200.0,16.0,2.0,11.0
3ecb2f23ecd8934a20027accead2b058,ferramentas_jardim,39,374,3,700.0,16.0,3.0,12.0
cd6e125f1385d66bd4d682a54f64750d,instrumentos_musicais,52,206,1,1400.0,31.0,50.0,31.0
f348ae21168771dfd5b8081e387b4f6b,utilidades_domesticas,52,340,3,250.0,25.0,10.0,15.0
660c03ec104ffe00c7b8e5a885cbee1e,utilidades_domesticas,60,257,1,465.0,17.0,14.0,19.0
27672da99215b426dc0ced05731bccc6,fashion_bolsas_e_acessorios,59,412,3,200.0,16.0,2.0,11.0
660fc6f47144a19180d7309e37155f1e,fashion_roupa_masculina,54,265,2,800.0,40.0,6.0,30.0
4c2da344ea77566a0d45390f5cbd78e8,eletrodomesticos,57,217,1,250.0,27.0,13.0,17.0
073b807aaf20e2382efc8ddc07bf7a5b,esporte_lazer,54,1394,2,7700.0,59.0,38.0,42.0
17de10d52ada234d16d3991c1b9546f8,brinquedos,45,128,1,400.0,22.0,14.0,14.0
5efb4125102dcaa9a937dc2002c96aba,eletrodomesticos,54,156,1,400.0,55.0,13.0,12.0
84fad62439091ff986a3885bfd6d299d,esporte_lazer,46,3985,1,150.0,19.0,7.0,16.0
83f6e0a993efdfa2bf9550a204422cb7,moveis_cozinha_area_de_servico_jantar_e_jardim,55,875,5,15800.0,60.0,105.0,15.0
03e9fcb7adffd8c9e14285c979ea59c9,ferramentas_jardim,45,287,1,700.0,21.0,14.0,17.0
d487d19bd9ea9420465fc556ce17ef4e,artigos_casa,52,126,2,1300.0,50.0,5.0,50.0
12f54c9922a614df9d112a6d7537bb9d,telefonia,55,592,1,275.0,18.0,4.0,12.0
9c8175269cef413a4b94529295cc1991,telefonia,60,789,4,394.0,21.0,16.0,17.0
963022ab2afed8b12ad312739a142b07,moveis_decoracao,51,1244,3,700.0,35.0,20.0,35.0
5115d8cd6438c0c4d8abdf38d5d41ebd,fashion_bolsas_e_acessorios,46,128,7,350.0,16.0,2.0,20.0
274221dea414cc167dce4f2716b1315a,pet_shop,52,717,2,300.0,20.0,30.0,20.0
010c79af51e82f60de174b6da6060c0a,brinquedos,60,678,1,192.0,20.0,16.0,12.0
623eb5b692e915575c7392ca5cd5cd53,utilidades_domesticas,53,534,1,350.0,27.0,10.0,27.0
a86bf954ba3a0e7e31f2b6dc5267212b,relogios_presentes,41,66,1,700.0,20.0,13.0,15.0
f5f1ce81676b7ce780092a7b8d9135b4,relogios_presentes,43,886,1,275.0,18.0,9.0,12.0
990a2a3f3eb2d34d94b735af4a339f16,beleza_saude,53,908,1,1375.0,23.0,14.0,16.0
0cd7885ebb79eda16c32c1043681fc19,brinquedos,29,643,1,10408.0,65.0,40.0,54.0
1b3c5b1455f3e42d831fb778055c9e45,consoles_games,52,1916,5,900.0,20.0,20.0,16.0
37c4348304039a0f963eb67b5eeb0710,utilidades_domesticas,57,347,1,800.0,30.0,40.0,30.0
f744c6a73a924600d92abc66a44d4f7f,beleza_saude,46,578,1,3350.0,36.0,22.0,22.0
addd109cd809043dce31d9d023f51ed2,beleza_saude,47,1920,1,342.0,18.0,14.0,14.0
af56f441a3b2e3181eeeb71ac93a6749,telefonia,59,2087,1,700.0,16.0,8.0,16.0
eeae7f73dc4d5690cd92f81ec2abd064,beleza_saude,37,367,1,50.0,16.0,3.0,15.0
623ca22610ff4563843c9568e1f9c870,utilidades_domesticas,45,711,1,9700.0,25.0,60.0,25.0
2e513e110e3f95926fa3d1ac44444ff4,eletronicos,56,320,1,150.0,24.0,8.0,16.0
2f58dd6eba44d0096d2d56fcd75700aa,moveis_escritorio,33,2403,1,16750.0,58.0,28.0,58.0
8f81f9f8a5ad7f2c892d07b91b9c2607,brinquedos,58,992,1,19500.0,45.0,50.0,45.0
79469b17ae739422fe9f4c789d6de229,automotivo,55,248,1,3750.0,33.0,20.0,33.0
5e14c2beea650eac6b94bc9d446cd71a,eletronicos,46,272,1,175.0,22.0,12.0,16.0
51ff0a0f61611dfa94e43c834c949dd3,utilidades_domesticas,60,312,2,1950.0,23.0,65.0,23.0
f4116e296faeae4edac03ac7a501da81,perfumaria,43,574,1,150.0,17.0,9.0,11.0
5c9d92777b62444d9fbffe92338d9e21,iluminacao,58,575,1,750.0,28.0,5.0,25.0
7aef20f12c90de905bf7782cb29dffb3,moveis_decoracao,53,400,1,1200.0,49.0,7.0,40.0
d221b0b65668b701135753c952b7a5f5,eletrodomesticos,38,2030,1,16100.0,58.0,19.0,85.0
cce61e7ab409679afd6ba99a47349582,moveis_decoracao,54,351,1,600.0,35.0,10.0,35.0
093cd981b714bcdff182b427d87fc8fc,esporte_lazer,58,413,5,750.0,16.0,5.0,11.0
23fa975ce8503131504051933f2643af,artigos_casa,53,448,3,3200.0,37.0,10.0,40.0
074fbdce1ed974986a2d2c9660b9eefb,esporte_lazer,48,324,1,2100.0,30.0,20.0,45.0
8f03c5b78e41d6cecdfb6f6bbe4de8da,ferramentas_jardim,43,594,3,5683.0,45.0,30.0,30.0
9988437646bfc0cbe0f97d4451cb08fc,eletrodomesticos,60,230,3,300.0,27.0,13.0,17.0
5ad2c4859aad6ecebd816a300d34f326,variedades,57,2066,1,1650.0,33.0,44.0,19.0
6bc7beedbbaefd0dc541f15678e48608,utilidades_domesticas,53,1564,1,1100.0,16.0,29.0,11.0
3cf2745a04ffbad66f835d61df48f8d4,esporte_lazer,41,2679,2,400.0,25.0,15.0,25.0
90e5ed878b30ab97ae49a5709c1dbd5d,papelaria,59,607,6,1350.0,45.0,10.0,50.0
d16a25f576e1296fd955eb4136323f21,esporte_lazer,59,2134,1,4850.0,30.0,25.0,25.0
7a7f15a177bc01a71d26274bef4311fd,telefonia,57,1238,3,500.0,18.0,8.0,16.0
3d75a35ffe2d78d994c7caa66db1c232,perfumaria,19,498,1,2500.0,30.0,16.0,30.0
58306668d7263e8ebd2d5c69ef31cc23,beleza_saude,55,261,1,5300.0,25.0,105.0,12.0
e3a23a99f074226ad690393a840c3244,fashion_bolsas_e_acessorios,37,558,4,100.0,17.0,3.0,12.0
84aa780b4f8692cf7a28b30cd0ff671d,automotivo,58,855,6,2050.0,30.0,25.0,30.0
44dfeb8491daf22683dff46c7a3265b9,moveis_decoracao,54,2240,2,3000.0,69.0,11.0,11.0
32808768776c3aa459e4a6e143644cd6,pet_shop,51,1348,2,1250.0,30.0,15.0,30.0
8ffdc77604396b5f0483e372aafe83f0,esporte_lazer,58,958,3,600.0,16.0,7.0,12.0
818ce0c6a1687dd947ad226fb4387621,moveis_escritorio,59,1318,1,7450.0,52.0,52.0,17.0
0b9d32c4f39a77eca7f39c5b69ebc690,fashion_calcados,40,303,12,300.0,29.0,7.0,16.0
2007f2b457d10773f0d40622a433a22c,perfumaria,45,951,2,100.0,16.0,11.0,14.0
74a47de1d29e6b5c5b0135dbce365e67,moveis_escritorio,42,1326,1,6025.0,57.0,55.0,22.0
8281b348c92d101d10c17e412b99d748,beleza_saude,47,332,1,2000.0,30.0,12.0,16.0
061c050147b7b9fb6f088593900e8dc6,fashion_bolsas_e_acessorios,48,150,2,400.0,16.0,5.0,16.0
34aca073a68b7ae1d470940db997c295,esporte_lazer,60,941,8,6300.0,90.0,15.0,25.0
cef4f90ce027751d3acd18e554ca3e4c,relogios_presentes,58,329,4,1400.0,33.0,10.0,33.0
e6f2a8e19c676520831a07479c0d774c,utilidades_domesticas,25,558,1,900.0,26.0,32.0,31.0
ad0bb547c950431dae08e48803ff6dad,bebes,59,1591,1,2400.0,43.0,50.0,37.0
4ca054c4db947395a9f82c897d14b9cc,seguranca,34,1094,2,882.0,18.0,19.0,14.0
497afaeae8d825d8938d01e92007f654,moveis_decoracao,63,188,1,13700.0,100.0,7.0,90.0
db01f6d59372f9943ba1b411b59612fa,utilidades_domesticas,50,349,1,300.0,50.0,4.0,11.0
e3217b2b6ec69befdfa1e98962b2565d,brinquedos,57,882,4,350.0,20.0,25.0,20.0
e3fb4e9e85e0806fa95811fef10fb00f,moveis_decoracao,49,720,1,10050.0,40.0,45.0,40.0
e2ef692835bb1cebf4df94c3c306e352,utilidades_domesticas,46,200,1,1100.0,40.0,10.0,35.0
afc6bc70dc56fcf15c7f9f1e4bc67dda,utilidades_domesticas,59,303,1,9900.0,61.0,31.0,31.0
cf1c83c0097bce11c715b94f292769b5,variedades,,,,800.0,20.0,12.0,15.0
04d752c2cda8f0972a8ab10ac9abdf12,artigos_casa,53,128,2,900.0,50.0,5.0,50.0
126cc3193a4db25b7957d001b0eb7f93,esporte_lazer,58,3604,1,600.0,21.0,19.0,13.0
a52c53c58fd2105adfe80a817dfa5a76,artigos_casa,60,418,1,1750.0,40.0,6.0,30.0
8f2fb4fbf4005e8763fc99f57dabb236,informatica_acessorios,34,561,1,250.0,16.0,7.0,16.0
8c7274c4e638e7f229007fe28aafc741,variedades,,,,1950.0,40.0,8.0,30.0
7cd368b177f37a01149c959266701c1f,perfumaria,53,1227,1,850.0,20.0,20.0,15.0
b7f11e51f023c6d2ba6a82e21ad20be1,bebes,48,513,1,16900.0,62.0,35.0,52.0
48f9072e368f7d7a924a4290c84121a5,relogios_presentes,42,712,1,350.0,16.0,12.0,11.0
2fa9519c1258135c0ef52f270afb560a,beleza_saude,60,1330,2,383.0,25.0,11.0,15.0
09f62215f404dbd29cb4378c9952e1b9,fashion_calcados,34,240,12,200.0,29.0,7.0,16.0
bff9d75e90c1ecdb72ab40c3aafe7e49,moveis_decoracao,56,2042,2,3000.0,69.0,11.0,11.0
937a0cd52717a017956a9309a7bc49a0,malas_acessorios,55,947,2,6360.0,31.0,45.0,54.0
eca9ba7e0790a2802bfc28b0d7f92f56,ferramentas_jardim,60,1280,2,750.0,24.0,9.0,24.0
a95c77f369c8486c3ca5d101c49be836,moveis_decoracao,43,523,1,500.0,50.0,5.0,30.0
ef69b63fe95d8d9ff6ac136f213db1bc,artigos_casa,48,1304,1,3600.0,35.0,35.0,35.0
40a87530ff9dde7f4f9a977c513c749d,papelaria,44,366,3,1500.0,38.0,30.0,28.0
4222fa433d71c969509acc408f343e89,esporte_lazer,60,220,2,300.0,20.0,5.0,20.0
60c7abb839b47c7e3732ff91c16c7c2d,moveis_decoracao,43,802,1,12950.0,68.0,26.0,44.0
3c3b7758fe340e0cc216142b0700124a,automotivo,51,1276,1,850.0,16.0,28.0,16.0
1f0fa82e30437fd4a2596a4ad75d8ee0,utilidades_domesticas,53,462,1,530.0,17.0,17.0,19.0
39251fd407f6dc1db07c08f5786aee52,automotivo,55,519,2,700.0,26.0,10.0,35.0
017e3ffa31fcd2f8061fa66a9e486381,relogios_presentes,53,553,2,700.0,19.0,9.0,15.0
18241450338cbc5751c433970f3f1060,moveis_decoracao,48,145,1,700.0,21.0,12.0,16.0
ba82e510acd9a0fe69a44cafea53f9aa,papelaria,43,166,1,200.0,16.0,10.0,11.0
204066e9c9f66ce2f88cbf4dfcb4edce,bebes,53,623,2,21200.0,75.0,52.0,25.0
9ba9e0b736763a4badc2d630822c0a1c,utilidades_domesticas,59,1403,10,30000.0,60.0,60.0,60.0
43944a8f8f0b7ae86b6c3d3c2f257375,eletrodomesticos,52,1363,2,4920.0,65.0,11.0,33.0
8e910a5a78e3378d8c570c13e143d631,artigos_casa,52,166,1,250.0,16.0,10.0,16.0
25a1dc8e424d78921fdd4d787f355a23,beleza_saude,46,1527,1,1317.0,20.0,19.0,16.0
8dc2f396f9c1b21665f94a5caa0ee791,utilidades_domesticas,47,484,6,1500.0,30.0,14.0,28.0
3b4ea3aae09e99353a54922da11954c3,brinquedos,57,87,5,5700.0,39.0,30.0,29.0
f50df3b65ee30912ca3e462971e1334f,informatica_acessorios,58,870,2,700.0,28.0,10.0,19.0
3581c0b0a9a0bcd1a49381b65b4cd7e6,artigos_casa,60,369,1,2050.0,45.0,22.0,33.0
6d5a9cd602c26f8751612f77ff4c6a90,bebes,37,235,2,9400.0,75.0,15.0,50.0
04808b9886b62b9c06b4c433e420dfbf,livros_tecnicos,33,918,1,500.0,23.0,3.0,16.0
a9b9032e79635ad9618808cfdd644c77,esporte_lazer,30,221,4,150.0,25.0,25.0,25.0
3a807175ca79ae358737db8127977d35,eletronicos,48,1406,3,264.0,19.0,15.0,21.0
ca0ee6f66727726ab8ffefd5ded60390,fashion_bolsas_e_acessorios,17,98,1,200.0,16.0,3.0,15.0
45faac1ea8c173bb8c3e6cf23f5aac4e,esporte_lazer,45,2578,1,1325.0,24.0,24.0,20.0
e0c47a145f4748e4d7a418502d65aa35,variedades,56,542,1,19500.0,71.0,76.0,50.0
3ef588bfd98e3e3a65ab2478b5b32824,relogios_presentes,47,759,3,300.0,16.0,11.0,11.0
ccaa7b6a66901b63116131e619520822,artigos_casa,58,127,3,3300.0,44.0,18.0,34.0
15a8b28443e64b840cc27ee2491507d4,beleza_saude,59,458,1,750.0,20.0,20.0,20.0
3f1a72ca5261f897ba5ec6370f37151b,relogios_presentes,48,709,6,547.0,21.0,12.0,16.0
6fd771d57c8870a7affe71227bea0d5c,eletronicos,44,876,4,575.0,20.0,11.0,17.0
98c398fbaff6d54ed48439476c7e9844,utilidades_domesticas,46,1329,1,1000.0,20.0,10.0,20.0
0983cd4a5cabf1099659ce461511963c,beleza_saude,58,1307,1,350.0,35.0,16.0,20.0
b28428391b08e61232dcc1ccf6bf71bc,beleza_saude,62,1621,1,3600.0,40.0,11.0,21.0
0bdcdfb68f8b45a19fe06a348853cf4c,malas_acessorios,40,508,2,400.0,65.0,11.0,11.0
1a171b17d64e13187479dc66541e6541,brinquedos,39,554,3,1700.0,36.0,18.0,27.0
3e0d14278859868d181ed3f1dd51fc32,moveis_decoracao,31,122,1,1500.0,59.0,10.0,25.0
a0686391b9b79dbfb9577555719ec45e,utilidades_domesticas,55,773,1,26950.0,44.0,48.0,44.0
bf40a2c68f58ee4873b0a79084030073,livros_interesse_geral,27,458,1,250.0,27.0,9.0,18.0
3a221f8b6066d77649602c0ea9ec8922,ferramentas_jardim,55,640,4,8000.0,49.0,28.0,57.0
8d437dc54645e02e40d13fb2de911c1b,esporte_lazer,31,486,1,500.0,25.0,15.0,20.0
acbbaa8cbb7857102ad783c73caa55c5,bebes,21,618,1,483.0,17.0,24.0,21.0
993ac19aa975075775c16ba15426f8be,informatica_acessorios,52,1731,4,9600.0,52.0,19.0,51.0
37ba623c5ab34ea8b964009a10e87126,perfumaria,49,304,1,487.0,21.0,17.0,17.0
0e429613002a4b7dfa4554005e2ab8d2,eletrodomesticos,59,250,1,250.0,27.0,13.0,17.0
2eb384017334e47db9ccf364216799df,utilidades_domesticas,59,887,1,5500.0,32.0,32.0,32.0
3a3fb4bcc28c99c4b0dc6af206e2744d,esporte_lazer,37,1023,1,300.0,17.0,17.0,12.0
30d755143f7313a7c3d24f936273dc19,beleza_saude,47,886,4,667.0,30.0,16.0,16.0
0df80257de6a3154415598a80718fb81,eletronicos,31,374,1,100.0,25.0,7.0,16.0
c62af29c3eb929d6ceaf29e52fc433cc,esporte_lazer,33,1375,1,300.0,18.0,8.0,14.0
c6dd917a0be2a704582055949915ab32,variedades,54,1012,1,1200.0,42.0,25.0,15.0
a3cc2811456002f4baf5a88ab9ff3427,esporte_lazer,46,582,1,6650.0,30.0,50.0,30.0
b142d7aed19ed6df9da4eafdc297afde,informatica_acessorios,58,679,4,140.0,16.0,11.0,17.0
999ad46c08ea9b778cefc75048156f30,informatica_acessorios,36,983,4,1700.0,31.0,12.0,22.0
7edd6cf84eed8d7a3b63543734fb1249,papelaria,42,456,1,750.0,16.0,20.0,35.0
e21af3d371523b2d9543645d3564a873,relogios_presentes,57,558,2,400.0,16.0,11.0,20.0
8e6dfa2ec54784c9cc3b54dbfc03cf28,artigos_casa,51,749,1,750.0,16.0,16.0,16.0
39ac440ab059438fe111c13c78aa46f9,fashion_bolsas_e_acessorios,53,408,3,1100.0,42.0,13.0,43.0
a4275459104a31ba114508b8709860d1,automotivo,51,186,1,9250.0,67.0,6.0,20.0
c7a25fcdfacd75badad0a90956707833,utilidades_domesticas,54,351,2,145.0,19.0,4.0,12.0
20c26b058070cf8c6bbb8c8943eea98c,automotivo,55,703,6,5100.0,47.0,19.0,23.0
96693703af76b26b2d20895a71ea98b4,beleza_saude,53,348,1,450.0,86.0,15.0,15.0
4d1cb16db8705120e188da9c8a10ba93,informatica_acessorios,44,624,7,200.0,30.0,2.0,39.0
aed4b8c10ee4d129b9db14174ca6f4d9,seguranca,57,2162,5,1350.0,33.0,13.0,20.0
491a99b628dd0701b0758ec05b49cafb,fashion_bolsas_e_acessorios,45,809,1,100.0,16.0,5.0,16.0
0e8667de30891d1a7de8ab9ebae611d9,artigos_casa,48,207,1,950.0,35.0,15.0,25.0
cf42d2701c959607c1875764e88c7266,variedades,34,365,1,517.0,25.0,18.0,22.0
d5f1f35337b832cc42168c69511e311d,automotivo,54,145,4,100.0,24.0,2.0,17.0
a3ccb9eeebc476c5a34811bedb6188b3,variedades,22,165,1,423.0,24.0,13.0,16.0
f3720bc68555b1bff49b9ffd41b017ac,informatica_acessorios,60,274,1,867.0,34.0,15.0,15.0
04f6c1fd057cc96a63e1f9579ddb942b,ferramentas_construcao,59,320,1,100.0,20.0,4.0,25.0
a247560ddd8592a3eed82b43f60d9f27,papelaria,58,213,3,4200.0,25.0,55.0,37.0
1e1d5e507a02d77ca05f0fbd4783af9c,brinquedos,48,273,2,583.0,18.0,21.0,21.0
76c04eec31170f3439b76c6fa6601cc3,bebes,56,379,2,12350.0,60.0,32.0,42.0
99f265229d46f700208ad7cb1ff48aae,telefonia,60,755,6,350.0,17.0,4.0,12.0
78d7edf3fda961dc8ac6999761ba5b05,pet_shop,63,1440,3,1400.0,50.0,20.0,40.0
b917d488bd4ad4225f8d046a32e2d122,pet_shop,63,687,2,200.0,20.0,10.0,20.0
70d105fdaaef81ef28419e11afe0372c,artigos_casa,59,416,1,1750.0,40.0,6.0,30.0
7dfaf5d5673b7663f59e93262a2e393b,telefonia,51,394,7,150.0,19.0,3.0,11.0
1a500c1549fa82451817be3577b4c49a,automotivo,59,1114,3,350.0,16.0,5.0,11.0
834c93d10b7198a51cb3420a91d0146f,moveis_decoracao,36,1087,1,300.0,38.0,15.0,30.0
d47f1895ec4f641a519a65d73d2157b5,esporte_lazer,56,661,5,200.0,16.0,5.0,13.0
9a53219f889aa616af7f732ed9aa3fad,moveis_decoracao,49,1750,3,3150.0,105.0,3.0,70.0
3ee348fbc4378a65116322ca7fe06729,brinquedos,59,549,3,11600.0,24.0,77.0,24.0
542d6af4881a5a647cde02c201f43916,artigos_casa,54,204,1,550.0,16.0,10.0,16.0
cd3be6f2b54a7e252f5283ad7c26970d,pet_shop,55,285,1,700.0,20.0,11.0,13.0
f6ce2f79a280fa3c1ddc114d34ab273d,eletronicos,52,1074,1,1150.0,16.0,16.0,16.0
f82a4b08cf7b2bf375fb77e519231f9a,moveis_decoracao,53,553,1,1500.0,35.0,9.0,25.0
d0f60a1e9932071f2a2baa5fc50f0a19,ferramentas_construcao,60,2438,4,6143.0,24.0,13.0,14.0
a8385505c3cdcbf7c6acdf0e946d89c8,relogios_presentes,47,1387,3,440.0,18.0,14.0,17.0
a7d454bed93698b6ddb23f865e69f111,moveis_escritorio,40,2137,1,10850.0,58.0,28.0,58.0
600807028ef02560765e441c161a9da3,papelaria,60,589,3,250.0,21.0,7.0,15.0
40cb7bb3d30559b9b6c4fb62bc837962,artigos_casa,54,617,2,350.0,47.0,4.0,35.0
a8e59319e3c44b5af3a5412d713af5bb,variedades,,,,200.0,16.0,12.0,15.0
c38458375b2a89d0c8a6313b016dcdc7,beleza_saude,59,703,1,150.0,20.0,20.0,15.0
00126f27c813603687e6ce486d909d01,variedades,42,2461,1,700.0,25.0,5.0,15.0
a1d29fcea65a08f06b17d824306628cc,utilidades_domesticas,59,881,2,1600.0,42.0,15.0,24.0
e7ab5dc415d1ef9ab700f49ce67adbdb,seguranca,54,1049,1,300.0,20.0,11.0,15.0
649397f4b92e94607361df83b1adbe8e,esporte_lazer,48,2639,5,1200.0,20.0,35.0,26.0
cd90f11ad61a8c297079c171ec8904f8,automotivo,57,1076,3,3150.0,100.0,3.0,42.0
99e5bb4c663a917790930e48d65a8087,relogios_presentes,59,1271,3,153.0,17.0,11.0,15.0
6f5cff7499746e6f722c4dcee24f7437,moveis_decoracao,59,272,1,250.0,24.0,3.0,12.0
61bbe1ad333e0ba8a8d32e1f7572ca31,eletronicos,26,123,2,175.0,21.0,11.0,13.0
6f560724f3fa3fdb4940c4fd4996a359,beleza_saude,59,629,2,200.0,18.0,11.0,13.0
f7cb23f8a75e563a826b0121408db6a2,livros_interesse_geral,24,1495,3,300.0,24.0,3.0,18.0
b7c8f19a99c322aa3d90d93fbe9eb275,casa_construcao,59,218,4,600.0,39.0,12.0,12.0
19239f99ecca2c266c57cdce121a6727,variedades,21,608,1,850.0,31.0,20.0,32.0
4eea8502d7c2de8da6eea6bc6243b50c,informatica_acessorios,59,2046,6,250.0,17.0,10.0,13.0
ab255f5e05402d14ba0dc69d530a5785,papelaria,39,210,2,1475.0,40.0,33.0,24.0
771a6b6fc2cc294592e31f3c675a091a,automotivo,55,840,1,1700.0,45.0,20.0,45.0
6766f04fea82c46bd3001e969a5ba795,moveis_decoracao,48,1459,1,1600.0,53.0,8.0,11.0
0fed0bae4b5a992499e06472a0344d8d,pet_shop,47,1077,1,6372.0,64.0,17.0,52.0
0141015d2469c1c5f9d7d377d1cdb44a,moveis_sala,54,529,2,17800.0,70.0,15.0,24.0
07883aa96515a898e1b9ddf0537a1b56,moveis_decoracao,63,1817,2,300.0,16.0,2.0,11.0
41171e11f920c47deb1809edda2bf09d,moveis_decoracao,64,669,4,200.0,16.0,16.0,16.0
6609812b9088e8333b95e443fef708bd,ferramentas_construcao,55,1098,1,6267.0,30.0,27.0,24.0
4fb5aa1b9628ff1b6e79b07001874abd,esporte_lazer,31,219,2,1150.0,60.0,15.0,15.0
f00ab8c27c660ad976b2f02b9cb8da3a,telefonia,59,756,2,100.0,23.0,13.0,16.0
69fb24f0cd077f460768e66b89c3565e,moveis_sala,20,275,1,3400.0,33.0,13.0,33.0
adeea18a6da4bba9f90b3e77641f6016,informatica_acessorios,52,118,2,100.0,16.0,8.0,11.0
6d5172990dbf91301b99da2fc11c9609,eletrodomesticos,37,388,2,1938.0,32.0,19.0,21.0
b2fd74298e16eef2568d2f9dff6042c8,utilidades_domesticas,50,364,1,10450.0,61.0,28.0,28.0
6631e618f60618adc0361b7ab843c98d,informatica_acessorios,60,872,1,820.0,48.0,8.0,28.0
77049be2845b00694201083dce7e1f2b,market_place,56,817,3,1500.0,48.0,9.0,16.0
c0d8d4693da67263b21c9b485cd02898,moveis_sala,60,1483,2,12400.0,72.0,25.0,22.0
313f8ed3413f949a1c0eb1cd6495ae5d,artigos_casa,52,222,1,7150.0,40.0,20.0,40.0
f1908e24cba4e248afa2380e8d8a1333,utilidades_domesticas,53,916,1,153.0,30.0,13.0,17.0
4f4009c6b6d83dfe5fc98059fa4975f1,fashion_bolsas_e_acessorios,38,900,2,150.0,17.0,7.0,12.0
4af2ea2d968b3ad848b4f98ac7795fa7,telefonia,60,818,4,350.0,17.0,4.0,12.0
6211cde2a8e52071bbb756f59569701b,consoles_games,63,71,3,800.0,20.0,20.0,20.0
fd925ce72399e23cbc5d75e224fc2b57,informatica_acessorios,59,507,1,100.0,16.0,8.0,12.0
0af275b6e520e949016aa725797437a5,perfumaria,54,860,2,400.0,20.0,20.0,20.0
dfe4fa70e1d98a42ab1342206e7adb8d,fashion_bolsas_e_acessorios,51,221,1,100.0,24.0,4.0,34.0
59707268b54920d0814697573f63c818,moveis_decoracao,30,615,1,22625.0,66.0,43.0,66.0
bfb09aea4e6432b4b0588f9ce9062a9b,automotivo,57,361,5,100.0,24.0,2.0,17.0
ce169d5f9421a6f21e41a7bf54d0b98e,instrumentos_musicais,41,163,1,500.0,30.0,20.0,30.0
b9518f0140a3efddd3c1ef9ad49d23d8,automotivo,54,582,1,5575.0,63.0,9.0,63.0
31f818fab5ba17c1c2f9b25b33630145,relogios_presentes,29,1533,1,250.0,16.0,10.0,11.0
e7597059b9e4eca21a96eed55693b31b,artigos_casa,60,249,3,1050.0,40.0,20.0,30.0
e9906cf475ca638edcb034d031364e1b,brinquedos,47,1375,9,550.0,29.0,18.0,28.0
fa2fd2d3e78769a9f0b997cfa389a0d2,ferramentas_jardim,57,3533,4,2100.0,32.0,16.0,31.0
92ff4701412588ba89562a5da013c537,eletrodomesticos,33,96,1,21000.0,63.0,21.0,37.0
7cb009e2ae1cdf7d16e8fbf0255ba953,brinquedos,47,662,2,10800.0,55.0,18.0,19.0
7ba74f993dca27160dc49880d9ac56b2,esporte_lazer,58,1249,1,4350.0,20.0,20.0,20.0
3d85e85bcd2c0315e0db407db8f7b532,informatica_acessorios,56,155,1,100.0,23.0,13.0,13.0
8179f0f767e26a993ba41c67665a4b10,moveis_decoracao,55,321,1,1600.0,45.0,7.0,35.0
6d85d9d5f551adaa92a276918f462fbe,fashion_bolsas_e_acessorios,42,150,1,100.0,16.0,7.0,15.0
fd8a63e7365ea8b19f4ba50e07a89a06,eletrodomesticos,59,490,3,200.0,27.0,13.0,17.0
aadff88486740e0b0ebe2be6c09476ae,beleza_saude,56,390,1,250.0,16.0,5.0,15.0
f56596f8f7191441f17b1a1fbfe37a75,brinquedos,46,195,2,575.0,23.0,17.0,20.0
e4ae7159ae9fb57d158004d7435ea920,informatica_acessorios,51,931,3,5690.0,30.0,23.0,25.0
19f1b5c58fd03aa8c41db25200829903,artes_e_artesanato,57,728,2,1650.0,30.0,4.0,30.0
7001d71d1ad858e07e5a341649412e76,utilidades_domesticas,52,933,2,550.0,30.0,16.0,25.0
62e13d794111f2698dfc039b63ad7359,moveis_decoracao,59,2010,2,1200.0,69.0,11.0,11.0
e7261ba9b589b73ac45411a15058403e,informatica_acessorios,60,491,1,1600.0,25.0,9.0,25.0
fbe6d5795a52b760e25a4e9677a2e217,utilidades_domesticas,51,584,1,16000.0,30.0,30.0,30.0
026ddfe4a1a29002815e6da024d6128e,eletronicos,48,219,3,550.0,16.0,5.0,20.0
0b2f52bff0f8a4536a315bbdc34d8398,variedades,,,,200.0,16.0,2.0,11.0
73914fe8c3e5b38fa0155ab051c6c1d7,beleza_saude,49,1616,3,775.0,28.0,15.0,16.0
b7a2d0cb90ba252129d34d7c8d079d2b,perfumaria,39,211,1,442.0,23.0,15.0,17.0
17d68b6c1ebd7073e3689b9a26004651,informatica_acessorios,28,1558,1,1000.0,34.0,15.0,14.0
171787b81fa784a521d7ba199e6e9fa6,climatizacao,50,1358,1,1900.0,21.0,31.0,25.0
aba86c093ccdbac75b09111d57e50004,moveis_escritorio,41,154,1,2600.0,40.0,45.0,39.0
17f1ae71c27aaad9cee4655e62a50189,informatica_acessorios,52,708,5,200.0,16.0,2.0,11.0
0c8b6b6e4f9ee5fe2c48d6cee4c69bc8,seguranca,51,742,2,9350.0,55.0,55.0,22.0
dd64f2b1807ccb20fcd0ea2a40dd8a9b,utilidades_domesticas,56,397,4,7350.0,56.0,14.0,56.0
a0498bf8b8ff0c35a6b8c736a71526ab,utilidades_domesticas,56,357,2,1050.0,91.0,13.0,11.0
492bfd5c7a82cfd6dddccdec443b2ca4,pet_shop,39,776,1,8500.0,16.0,15.0,25.0
f486b2e5c945f3261655ae0bcbf92855,esporte_lazer,43,767,1,200.0,21.0,21.0,21.0
d9c379ab5377be590da568f41cd3c49d,climatizacao,54,964,1,9200.0,20.0,8.0,15.0
314f853949a68233748ccc6092eaf51f,esporte_lazer,42,2096,2,1600.0,25.0,15.0,25.0
1c5b28beb34835f960261f45ba22a136,perfumaria,47,609,1,600.0,30.0,10.0,30.0
1f413d93546f7ee41457fa988ddd82ed,beleza_saude,48,681,1,500.0,18.0,18.0,18.0
ce582863190cb932e8a7f5515791c11e,automotivo,56,304,7,550.0,30.0,5.0,20.0
208026b3551ff84253421d9f26099f6f,informatica_acessorios,50,1626,1,97.0,65.0,3.0,13.0
37d19b9dd7ebf721bff9d6cdab3a7452,fashion_roupa_masculina,28,572,2,800.0,45.0,10.0,35.0
7dc6f855494bc660c8ff01686446a69f,papelaria,38,284,1,100.0,16.0,6.0,11.0
47cad419b0ad5dc9d2305bf795c3c16f,automotivo,58,370,1,1100.0,30.0,25.0,25.0
748a749dddb86da3995435367894edc3,moveis_decoracao,50,414,1,800.0,35.0,15.0,20.0
b9de40e43fccb6ba53b7eadbd5c49077,utilidades_domesticas,41,1188,3,700.0,70.0,10.0,15.0
963b76d8d107ef0f1c293c1a967cc08d,beleza_saude,40,1151,1,1106.0,19.0,22.0,18.0
3c4b135cf249d2b9d6ffb47f108bf08d,informatica_acessorios,54,199,1,300.0,42.0,8.0,17.0
41402af2a88247152583bb812ba235dd,relogios_presentes,53,486,2,533.0,20.0,8.0,11.0
e112bafe6285b42e5a1d51790dde0a74,telefonia,52,734,1,100.0,19.0,4.0,11.0
4d176a016a49d75b92aab5ebf0373d66,automotivo,43,591,1,5200.0,16.0,2.0,11.0
b1a72e4db970375eb23425e55df451f3,brinquedos,36,908,1,425.0,16.0,5.0,14.0
7781d6283100da12454a264ff46216b2,bebes,52,917,4,1000.0,50.0,19.0,45.0
8dfb2df51786c583001deb21b4a94080,climatizacao,45,1045,1,5300.0,51.0,22.0,34.0
28e1129b94381a4e42661bcfaedf2b86,esporte_lazer,38,2007,4,300.0,19.0,12.0,12.0
96d04f44d303175353cc3032d89eefb1,esporte_lazer,63,942,1,200.0,16.0,3.0,11.0
cf9c9be3acfd11d21417d468511f57b1,informatica_acessorios,36,664,4,1000.0,20.0,30.0,20.0
9e56be75b16c105f33d3f033597080a2,artigos_casa,46,352,2,900.0,50.0,11.0,11.0
8cf306b87f5f0832d70505004465e39f,fashion_roupa_masculina,39,51,1,400.0,30.0,40.0,11.0
e5989cd466f0714e1439b95bf6a279da,moveis_decoracao,31,471,1,1200.0,20.0,20.0,20.0
9fdc434e0c81bc6d990065c2a7efb4de,papelaria,60,298,1,450.0,16.0,6.0,11.0
e74468fa3b2f543435a8b3258fbf5f28,ferramentas_jardim,56,828,2,650.0,30.0,7.0,21.0
e015a943a2281ba26f48e93527fc5af1,ferramentas_jardim,50,422,2,1700.0,30.0,25.0,45.0
c88b4c14d55eb0c9706f83e3e01cd091,variedades,55,504,2,538.0,29.0,13.0,21.0
4d614d466f2eba2e50e683ebb1460351,automotivo,45,562,4,325.0,25.0,25.0,25.0
b73fbdb4503c5486939044e48d8d013a,automotivo,50,311,1,2100.0,16.0,2.0,11.0
0efaf4b155c6545bdc426ec0722cceaa,brinquedos,59,453,2,300.0,16.0,16.0,16.0
b584de1994f604fa7dfd0b6b9c6c1b99,esporte_lazer,55,2361,1,150.0,16.0,2.0,11.0
a9568a13a4077638b75b8a64bc4818bc,relogios_presentes,51,482,2,160.0,18.0,12.0,17.0
92857a2b590adeae8d5992511dc197e9,alimentos_bebidas,44,1373,1,1358.0,27.0,21.0,20.0
7e42a5d6c862c0078b9e31fd9daa31f8,automotivo,59,891,5,850.0,23.0,7.0,38.0
bb927b73a53da18d3609acf60b8595e9,esporte_lazer,52,354,1,1123.0,32.0,25.0,23.0
b5f7245e14a8a3d52f0a6e468971e6d9,livros_interesse_geral,37,546,1,450.0,28.0,6.0,19.0
c8ce6fa564890ef82eb876c0bbb8f01d,informatica_acessorios,53,886,6,200.0,29.0,5.0,20.0
767fca648c29a96b61038a0768d31a42,automotivo,58,2310,1,1600.0,24.0,19.0,20.0
deef1e0848433b267577d95047a08045,moveis_decoracao,56,1893,6,3000.0,69.0,11.0,11.0
21d512be0373dc6a55cf1c97977076d0,esporte_lazer,55,1123,8,4000.0,82.0,15.0,22.0
4ebb24c60e2bd82a1b02baad48052d51,eletronicos,47,196,1,190.0,19.0,16.0,10.0
700e755cb2df115278726cbf8cc322fd,esporte_lazer,40,977,1,3663.0,27.0,27.0,27.0
8bc30c38b76dfd760a9e57ef36b6e0f2,brinquedos,37,1353,3,958.0,65.0,15.0,50.0
7151ca87e2fbec19cf45133a12e818c4,consoles_games,43,1330,2,275.0,17.0,6.0,12.0
40376ad8bd1bd1066449dbb09440dc43,fashion_calcados,34,240,12,200.0,29.0,7.0,16.0
a92f9c409ce92305f2f7e79a8c5e342e,ferramentas_jardim,40,288,1,600.0,25.0,40.0,25.0
be958064244f19bf11ee270b2feca7a2,moveis_decoracao,60,1701,2,700.0,60.0,7.0,11.0
b813c88d024da60c2cbdf7a531e4fa77,perfumaria,60,441,1,500.0,23.0,8.0,15.0
f00994e2f3a249eaa0d8b57ca53f6f13,automotivo,60,651,5,6850.0,64.0,5.0,39.0
df10a782c44fcfb00afa5bba65777d74,brinquedos,52,962,3,6150.0,60.0,17.0,34.0
1760fb3ce37cf7ee460a11149785e370,brinquedos,44,867,2,950.0,23.0,24.0,23.0
4a7e6e413022cde06218faa2853e2adc,relogios_presentes,59,591,2,500.0,16.0,11.0,20.0
142def78f5d245670dbb99d00cd6e175,ferramentas_jardim,54,1313,2,900.0,20.0,20.0,20.0
a337a861d9d1f1156c9d5d020618b2cb,fashion_bolsas_e_acessorios,27,458,4,150.0,16.0,12.0,16.0
3d37da85f5e66558333fb5daee494736,beleza_saude,59,1828,1,1400.0,20.0,20.0,20.0
ba0d049a05e69aa1b806f625df623063,beleza_saude,33,1369,1,700.0,31.0,13.0,21.0
a75b732b129c2fe3d8e371dd8333cd00,moveis_cozinha_area_de_servico_jantar_e_jardim,38,731,5,6400.0,16.0,2.0,11.0
ca3d8213acc967dd4e7c85c05406f71f,perfumaria,47,159,1,390.0,22.0,11.0,16.0
151ad3b5a66539bdc84cf97a7c1d38ac,eletronicos,55,983,2,900.0,70.0,5.0,11.0
c5de3a869922e74a2bf19a543f4ac55b,ferramentas_construcao,58,1281,1,2220.0,54.0,10.0,11.0
37afa38a724c6ab9b04b797901d821c7,moveis_decoracao,9,283,1,10400.0,40.0,42.0,40.0
1c3122302b284dc602555cee331847da,variedades,37,1925,2,4950.0,48.0,46.0,15.0
15c8a0cce7382cf9029bfcb3998cfb7e,telefonia,59,1809,5,2400.0,26.0,26.0,26.0
ac11beeebaf7911a13f63d7d6cb89d46,consoles_games,44,648,1,150.0,20.0,13.0,15.0
5c6c4fa2f1b889828de998df18214af7,informatica_acessorios,52,791,2,510.0,18.0,17.0,13.0
93ca601fb17b9bc29a7fcaa4e40f015b,bebes,47,224,2,9400.0,75.0,15.0,50.0
c4b3162faf1aec728250f9355a476380,eletronicos,38,1390,3,600.0,30.0,8.0,18.0
decdbf117444f265f4400886439f5fd7,moveis_decoracao,27,336,2,2000.0,39.0,42.0,39.0
ba9021a6a1253e958ca2822013d92902,livros_interesse_geral,36,749,1,800.0,30.0,5.0,30.0
697003a5ca90721f0b466f5ffb5d8fbb,beleza_saude,45,1587,1,567.0,19.0,10.0,13.0
016cae136d358dcdacbd7ac9f1864c09,esporte_lazer,53,236,2,300.0,30.0,5.0,20.0
e79755f8622cb7f42ca6f7b72284a7af,informatica_acessorios,30,204,3,4400.0,35.0,15.0,30.0
7b9e46278112502bca6d6649e849fdf0,eletrodomesticos,57,1123,2,450.0,32.0,11.0,11.0
9c641212505630421d3b17272d126434,brinquedos,36,434,1,400.0,23.0,25.0,11.0
685919d3ededc26c0ec078b32241025a,bebes,48,1369,2,6850.0,48.0,25.0,34.0
d3a1e0ce5009f1a816a6ba558908fdf0,eletronicos,54,124,1,400.0,16.0,35.0,25.0
fb7b0b000e62f37b2d53546b843201b8,artigos_casa,54,1050,1,2800.0,33.0,19.0,45.0
19bdfd05824c29bf495c9f5408c26635,variedades,,,,1400.0,40.0,15.0,40.0
cd3575ef99cf6bbf1a7959de7ecfa3d6,papelaria,30,283,3,300.0,16.0,11.0,11.0
fafa1432833bfab02d8039194021bfc9,utilidades_domesticas,57,326,1,800.0,16.0,2.0,11.0
80082b84965c79abbdc447a717c22f57,variedades,33,389,2,150.0,20.0,6.0,15.0
cde6874b9722e3220ecedf04958dcd4c,beleza_saude,51,762,1,700.0,25.0,12.0,19.0
bb9a7bcdb8c9facc7f1262db27fb1300,beleza_saude,30,548,1,150.0,16.0,5.0,17.0
d06fb43b1cd92ac61a438742cf40a1ed,esporte_lazer,32,463,3,450.0,29.0,25.0,26.0
4793826002e5bd292a4f0057c11f670b,artigos_casa,58,366,1,600.0,63.0,15.0,28.0
f10a869cdfe48a282e6dc920da718e9e,beleza_saude,60,183,1,700.0,19.0,17.0,15.0
f25795cfffe214cb33e87d996d64a222,telefonia,31,275,2,200.0,18.0,6.0,11.0
cdeefdce9704b2a961a01e89b1f19e7b,informatica_acessorios,52,2518,2,400.0,28.0,6.0,20.0
6ed93af03d1f53308d3a9c6555a94d08,informatica_acessorios,49,209,1,100.0,16.0,8.0,12.0
1967b3c67cc667c147fd88be33ac848d,beleza_saude,58,1021,1,1425.0,17.0,28.0,15.0
be837f2e0152a208d4386f4126d5bd7c,eletrodomesticos,60,940,2,950.0,25.0,11.0,15.0
b2b3fbcc207fc52d44daff257e7c491c,fashion_roupa_masculina,46,1765,2,600.0,35.0,35.0,15.0
70edd5335ad299e9e54698f46a88db07,moveis_escritorio,54,604,1,8800.0,52.0,51.0,17.0
6c04a068e5ab37749c980c42a036b9e3,automotivo,52,1367,1,200.0,16.0,2.0,11.0
449af2f192415f431411568b2d475c14,automotivo,55,114,5,100.0,16.0,18.0,14.0
4c9fe5b97b8b7d5cd486f28a95cbc5df,eletronicos,39,1360,4,200.0,18.0,10.0,15.0
1716ea399ed8ee62ba811e6f55180f45,automotivo,25,712,1,200.0,21.0,17.0,17.0
bdb5e8a591cc4e0b3c77305831c180c0,utilidades_domesticas,52,440,3,2000.0,33.0,35.0,33.0
52f5d8b502df3f20b2aa6370d2cedd52,consoles_games,36,1485,5,1000.0,20.0,30.0,20.0
a5d39bdbd8f8873a55299222206fd522,ferramentas_jardim,55,617,6,340.0,14.0,16.0,13.0
dd735a55e6c75fb8fbe93e14d1c3bf07,utilidades_domesticas,48,527,2,800.0,25.0,10.0,25.0
8812d73b9937b5bd3648ff9d11f9c3fb,artigos_casa,58,679,1,1325.0,19.0,17.0,23.0
bb09e8007aff97a9452967b19430cf53,utilidades_domesticas,57,571,1,2350.0,25.0,30.0,25.0
40e834fa1961d072be482a772dbba0e1,esporte_lazer,42,394,5,600.0,32.0,18.0,23.0
341c7cf0d9806592075c3090658f5c81,moveis_decoracao,35,159,2,600.0,22.0,7.0,32.0
2343570575e2990224008969445d7402,relogios_presentes,60,515,2,100.0,16.0,3.0,11.0
3db5b7214a98ceddbe12ed6c0d3d04b2,informatica_acessorios,49,1830,1,6200.0,23.0,12.0,15.0
b1981e2c01dadbfbc44f735b74c5038f,beleza_saude,47,1509,1,500.0,35.0,12.0,18.0
900c2341f3b48dcc07b37f6e9e080b9d,artigos_casa,59,275,1,5050.0,57.0,18.0,51.0
6fc28511c465f5eb21a83573c9f3d29c,relogios_presentes,54,650,1,325.0,25.0,12.0,23.0
6914791ca3bbae73b7111d6b3ecbc814,brinquedos,37,226,1,450.0,45.0,15.0,35.0
7835ede5064512ab1149ab95c1d55421,beleza_saude,60,242,2,1350.0,19.0,28.0,17.0
134830b1415ca0fa9d9f413259e1bcfe,automotivo,45,593,1,1100.0,42.0,12.0,22.0
c0a6b2284e36418ab8e75c1fedca24d4,fashion_calcados,55,344,3,3000.0,36.0,37.0,16.0
81f2207ce3ae8962616872cb75497dd2,relogios_presentes,40,148,1,22175.0,19.0,9.0,12.0
c321936f167cdd14866ac591eea36f38,variedades,,,,1300.0,30.0,10.0,20.0
875354d714cb706c1429cbaab1c358a4,ferramentas_jardim,52,317,1,10100.0,53.0,30.0,38.0
68d5c8f49bad9f5b366b4f40db6c7fdf,brinquedos,58,411,1,200.0,28.0,13.0,22.0
5a7863759f1ae1605d08f6900ae8a90f,papelaria,53,500,2,550.0,16.0,4.0,11.0
64df949908a46fb485e56ba12c1ed052,artigos_casa,56,255,1,1950.0,43.0,10.0,33.0
79792fabf714677e94472c3ce5e719a5,moveis_decoracao,57,646,1,300.0,16.0,30.0,20.0
f1d67bf6f48876883052184dbc05dcc7,papelaria,41,134,2,200.0,21.0,7.0,15.0
3dd519e4024a114cdf2825caa88c6091,artigos_casa,46,164,1,1650.0,44.0,24.0,37.0
cca1dad310ba4e619250bc2dffa5dc75,fashion_bolsas_e_acessorios,35,545,5,200.0,16.0,11.0,11.0
49b6d7e8192cd04ef8f69b1bf00b7eb1,agro_industria_e_comercio,45,3177,6,1700.0,80.0,22.0,11.0
3bce6b72fbbfc2ec3bcffb83745cc24e,esporte_lazer,48,566,1,200.0,21.0,25.0,21.0
1fde73e6b6d28627ff16e222b0044b10,variedades,,,,500.0,22.0,11.0,11.0
2629c2e1e3a0b360912763741f1bb7ef,moveis_decoracao,50,844,3,900.0,86.0,4.0,20.0
8ca6ebfd6293a5b03f104d27c4945718,beleza_saude,47,1290,1,1200.0,25.0,12.0,19.0
685a5d6795fa0aeafc83984918957827,moveis_decoracao,19,443,1,9000.0,105.0,30.0,30.0
7a5df623713bbcb94a51ea4540748c12,bebes,40,820,4,139.0,17.0,11.0,15.0
441d07171060d7bca33d9946d792da25,beleza_saude,41,1350,3,400.0,16.0,8.0,11.0
80a08e4dfa5115b34f674eca035a01dd,esporte_lazer,50,2164,5,3400.0,33.0,25.0,28.0
5ce6a6914bbb228f4cb4ee93c1cd0d15,brinquedos,36,225,2,1700.0,19.0,27.0,40.0
7949871b5edc894d9286c38dc369e3dc,moveis_decoracao,38,581,2,23700.0,49.0,42.0,42.0
79ef79da14164ed8222e3ac4efe5be84,automotivo,60,695,6,5050.0,47.0,19.0,23.0
fe7185e8ca6be33b48072c4ba1b6056d,variedades,53,629,1,750.0,42.0,25.0,15.0
00d62b338366db4c4aec8547ea8f928e,variedades,,,,400.0,24.0,4.0,15.0
0f8fbb821185443113de3e04ef989be6,artigos_casa,55,291,1,2600.0,45.0,17.0,35.0
0a72af236c73afbd2e2a52dfdb14c667,artigos_casa,52,301,2,840.0,37.0,23.0,35.0
f0fd7f1ed92a4c17fd392ba0a5001278,climatizacao,57,200,1,200.0,20.0,8.0,13.0
ef854c7d98d5eba672287b0a9d37075b,instrumentos_musicais,58,815,8,18600.0,100.0,15.0,50.0
a5647c44af977b148e0a3a4751a09e2e,moveis_escritorio,48,1066,1,12160.0,56.0,51.0,28.0
52a12e7275f0bd832ef3aade407a39bd,esporte_lazer,46,104,1,400.0,26.0,16.0,21.0
83309bfd8eef19fbfaa8e790b824b572,artigos_casa,59,349,1,1600.0,45.0,15.0,35.0
0c98a3d692d019586b9c9645334924e6,bebes,35,301,1,500.0,33.0,8.0,31.0
07a949f27854f64558f8babcfec441cc,artigos_casa,58,254,1,2800.0,40.0,20.0,40.0
dfe6dc259d1d88d6c568db1cdb1be86c,perfumaria,54,573,1,295.0,19.0,14.0,14.0
660e0f01907ced7b35929916341d8ad0,seguranca,60,1201,3,825.0,18.0,14.0,18.0
79147ae9bf3c190a2e8abf486502d46c,automotivo,60,2256,5,3400.0,30.0,20.0,30.0
56ad64ea1d19bc4b26b61088d89e6f41,moveis_decoracao,43,523,1,400.0,50.0,5.0,30.0
59cca754c20b7b0322b24dab95a81be5,utilidades_domesticas,55,858,1,6950.0,35.0,30.0,35.0
45dc67310ca176b5df98262187d7bf41,relogios_presentes,57,864,8,200.0,16.0,2.0,11.0
04c31b0da644f1782603183f8fba274c,beleza_saude,41,586,3,225.0,18.0,8.0,13.0
5263b67de8e3edbade45ea923f6c4e79,esporte_lazer,29,973,1,7400.0,49.0,22.0,41.0
6b7d060ef0837471c9790f413517a26e,automotivo,49,840,1,1700.0,45.0,20.0,45.0
61919b39651acb61ec24307ed8b9502d,telefonia,59,717,1,250.0,17.0,4.0,16.0
00e4ded51458037ecda216453eb79d3c,informatica_acessorios,25,978,3,1400.0,25.0,15.0,25.0
ed43976cb61c922803515e4963d9e5cc,beleza_saude,55,3950,1,2500.0,35.0,20.0,20.0
fd7d2e006bf144655148da8077bd8d4f,instrumentos_musicais,51,291,5,200.0,16.0,30.0,16.0
8c5876b1c7768217964f353bc7e64393,telefonia,61,440,1,250.0,18.0,3.0,28.0
fc2d2cbc50b7d69ce961df503cb25e6b,ferramentas_jardim,58,1966,4,18500.0,67.0,58.0,38.0
dd0c92095e24c0592ff858d2c4837a78,ferramentas_construcao,54,672,2,1000.0,60.0,30.0,15.0
99c803fd17abc7a255efe370d53744e3,consoles_games,58,71,1,900.0,17.0,16.0,13.0
d5a94c75d108fd56ceca390b4ae60e55,esporte_lazer,54,1719,1,975.0,20.0,20.0,14.0
f91a53ddc9bba002d1f3d77e9a39c07e,malas_acessorios,37,386,3,700.0,40.0,15.0,40.0
c38f6f64a4a1abb154fd4c09070d00a8,papelaria,55,322,3,600.0,21.0,7.0,15.0
9fcc521cfe8074cbd26206bcb2e92f55,consoles_games,53,718,4,400.0,20.0,10.0,25.0
80d7f196d2d484ced59663c82b434174,relogios_presentes,57,1889,2,850.0,33.0,17.0,12.0
5403528d987ad26e8d7cb25940411987,relogios_presentes,58,600,3,250.0,16.0,2.0,11.0
fc9af7b3544da8645e6c3148a22026e2,automotivo,60,695,6,5500.0,47.0,19.0,23.0
f8c52581d99477033b6cfa2da771e101,esporte_lazer,49,373,4,150.0,20.0,4.0,15.0
1d0e69d769465dd7bacc44f752215f10,brinquedos,54,228,2,450.0,16.0,16.0,16.0
0f6fe4862e89ffc00d229ccb2fc46159,beleza_saude,49,660,1,483.0,16.0,16.0,14.0
9bd95a318698048f58eb1799aaeecd12,perfumaria,32,375,2,291.0,20.0,9.0,14.0
f5ea43ddacb6538655583a8f51a12799,relogios_presentes,54,345,4,1650.0,42.0,10.0,42.0
d593482d0fde39297f9253274b4903d9,esporte_lazer,38,1731,1,350.0,20.0,15.0,17.0
692cc2aae6f031ed4cf0ef6a9f92abcf,moveis_decoracao,49,1799,5,650.0,68.0,8.0,13.0
d73bae3f64cd2c7851bc796e2684f871,esporte_lazer,60,1052,5,600.0,30.0,20.0,20.0
da61f764a3954b7d9367bfd253d44cab,audiovisual,49,917,1,200.0,20.0,2.0,14.0
b9d7ac642a8bc2e57bb577ea0bfa3a15,beleza_saude,44,1253,1,200.0,17.0,10.0,14.0
dbfc56759eb2cf348fed10084dd344f7,iluminacao,58,311,1,600.0,16.0,16.0,30.0
fe7e33eaa09b5a4a3d3aa477280db875,fashion_bolsas_e_acessorios,19,270,1,150.0,20.0,10.0,20.0
36cacc00d6c8a439a65077fd08294322,artigos_casa,36,734,5,550.0,16.0,10.0,11.0
d65a890d49d3bb0209e3e727b1830cf0,ferramentas_jardim,58,655,4,800.0,35.0,8.0,13.0
c0bb0aa12494ff55f377008900ee04b5,bebes,59,799,2,2250.0,36.0,31.0,19.0
8983ab045bb0ef91a6fe60adff5fa7a2,esporte_lazer,56,293,2,1850.0,60.0,15.0,15.0
c04dddb81af9afac2798f81e0ca7eed6,esporte_lazer,31,236,2,2100.0,60.0,15.0,15.0
7b10697c2c3686763958e2c55e8fe2b9,instrumentos_musicais,52,648,1,2750.0,103.0,12.0,17.0
8e6dfb07d2c8f0e078107d9e8d3559af,seguranca,57,230,2,1850.0,37.0,10.0,26.0
dee86721a08f1d5b57abb73f61eea265,artigos_casa,52,120,1,750.0,34.0,18.0,44.0
3db53484d668b78b3bbefe2f430df477,ferramentas_construcao,52,657,1,775.0,27.0,24.0,12.0
c2a1ff8408a1c857c8730e4d12da714e,utilidades_domesticas,56,1221,3,1450.0,21.0,17.0,22.0
9cafcacd991a72be85d1970013b8204e,relogios_presentes,37,517,3,850.0,48.0,16.0,35.0
1d116eece9b8bf17edaea2f3bc0f7324,fashion_bolsas_e_acessorios,29,107,1,800.0,16.0,10.0,15.0
a81fc5e66120ebdb295873f74a45c5b7,artigos_casa,49,528,2,2350.0,33.0,8.0,33.0
619d72a5e53d41d7646274a3fa20c2c4,informatica_acessorios,41,493,1,242.0,22.0,14.0,14.0
be82fc52186e82fccb9c7b949f60d407,audio,60,908,2,900.0,20.0,8.0,11.0
08a20557431a9fcad3a08aed08811e14,pet_shop,55,2378,2,750.0,30.0,15.0,15.0
98ec655119c24de03b804696821f3955,beleza_saude,46,586,1,200.0,20.0,20.0,30.0
1ca5c007b08c0c47cae4809750e4c6ad,artigos_casa,58,352,2,400.0,50.0,11.0,11.0
63dee6756e0e8bbf04e52803409d4673,pet_shop,49,352,2,4900.0,50.0,20.0,50.0
9ec7999e5c743b8248b0e41e5cc4f47f,market_place,35,1186,5,400.0,35.0,15.0,25.0
c1f92ce1be9e7475e7c8eae32d9e165b,fashion_bolsas_e_acessorios,45,385,4,300.0,16.0,5.0,20.0
6030a4783b8f3adc3d0e392b0df67064,beleza_saude,55,3554,2,225.0,18.0,19.0,17.0
c7db42c313bd0a455af61d77976dce18,beleza_saude,53,681,2,700.0,17.0,20.0,17.0
176b5cf1bc33d549356b072323692f0f,beleza_saude,24,1208,2,761.0,28.0,13.0,20.0
0c4389123cecc4ff240dbae7f15ce7e2,moveis_decoracao,59,1490,3,2550.0,105.0,3.0,70.0
064a939bcd597315cfda6c98ede1b4c3,informatica_acessorios,51,842,1,200.0,16.0,5.0,11.0
7d05fb6392a4bd319be419f939f11f65,automotivo,60,978,3,100.0,16.0,4.0,12.0
419a18f1940972e64957006dbfbf318e,moveis_decoracao,34,593,1,500.0,28.0,8.0,18.0
2e0d7a0a2e12fb5ff71b53c36e0ccb1a,artigos_casa,56,209,2,5700.0,40.0,20.0,40.0
c4913f978f6af6755a1dcc8d16e76774,moveis_decoracao,59,150,1,7000.0,70.0,21.0,16.0
6167837141fac33cf09874ab78dcca86,fashion_calcados,57,404,3,750.0,22.0,12.0,33.0
12ad6d9a5da40908f6741145e1a93443,variedades,,,,5850.0,36.0,27.0,54.0
6f2e4f2d177e72372b1e48c76b21a7b9,moveis_decoracao,53,747,9,2700.0,27.0,35.0,23.0
5743cde12b14a481dbc29d4dc336f92c,esporte_lazer,55,986,2,400.0,18.0,9.0,11.0
b369e02eda28d74a9bd658415b08d7fb,papelaria,42,173,2,700.0,36.0,6.0,29.0
a2a9d440312eaf280738605b3c440f29,pet_shop,49,1245,1,6050.0,50.0,10.0,36.0
67c6521bb9e469276f84cbb19baff9e3,automotivo,44,301,1,540.0,24.0,20.0,18.0
c0d133f59b1b9482e5b66b398ea60a69,artigos_casa,54,235,1,1900.0,34.0,8.0,32.0
f43ac43eb75aca4dac0ce5671b5facb5,beleza_saude,60,751,2,150.0,20.0,10.0,15.0
1f5a00433bd192f9ecdbb987e7866c3e,artigos_casa,54,836,1,1400.0,16.0,16.0,16.0
3d2083882f7be28ab6c8d9c807e3026c,esporte_lazer,44,711,1,1100.0,57.0,16.0,21.0
f51bda33ab6008cea43d2be021b866c4,moveis_decoracao,55,285,1,600.0,50.0,15.0,40.0
48cb52f0fb8853d4c1d26cdf27612265,automotivo,57,862,1,350.0,20.0,15.0,15.0
1978f38f6cbdcaf326ecbb4732f9f748,informatica_acessorios,46,314,1,1000.0,17.0,12.0,40.0
ea4202e8bb909ce3b62009e02da04a54,beleza_saude,36,401,1,286.0,16.0,18.0,15.0
279d5c3589fceee2a1c236fbe5287975,esporte_lazer,56,400,1,300.0,16.0,16.0,16.0
e973af845d652b7bc8928c1ce0bbb164,automotivo,54,2125,1,300.0,24.0,18.0,18.0
26065e1e41411e39b249500b750e0e8d,moveis_decoracao,51,1151,1,12333.0,55.0,54.0,19.0
2635c3e7db0ac6cb3e733cac61ce0ba5,utilidades_domesticas,45,466,1,628.0,21.0,31.0,18.0
9b9005cfa3747d9fa0d544fc9f994c14,ferramentas_jardim,43,1067,2,700.0,33.0,10.0,18.0
b97f763397091be9d344874e6cd31028,perfumaria,60,867,1,700.0,19.0,13.0,16.0
c88c6b94ef95d151a4c6043e26feae65,utilidades_domesticas,54,705,1,250.0,18.0,9.0,12.0
372a9ccafbec639bad6b93dac67e6b85,livros_importados,17,327,1,800.0,30.0,2.0,20.0
ee2a647f1a4639468bc1f9fa3de2263e,variedades,43,1000,1,2100.0,99.0,5.0,47.0
d5ec248795e2538e7ea49158e34086e3,brinquedos,43,474,2,380.0,18.0,18.0,18.0
602683dfc9bccec955b0527af47a15ed,livros_tecnicos,34,3936,1,650.0,23.0,3.0,16.0
33bdebc0eb4a1862d1c9a9c4dc9d3010,moveis_cozinha_area_de_servico_jantar_e_jardim,28,820,5,1600.0,30.0,10.0,20.0
413c5cdfdd1f2db95c3731a42c4e5eed,automotivo,52,655,4,2000.0,30.0,28.0,30.0
9de5773a55b6893af083cacd786cde9d,artigos_casa,58,381,2,1600.0,43.0,8.0,33.0
12a6286d3f2b371cc37370f3aa324b96,beleza_saude,36,1046,1,583.0,17.0,11.0,12.0
76914818a87f9b6b320e136e17e6ae06,moveis_sala,33,317,1,13800.0,59.0,17.0,58.0
d8c8e837ccfe496c02186b5572df55ed,esporte_lazer,54,92,4,700.0,30.0,15.0,25.0
b73465327bc1b605da184574c741e80f,telefonia,59,911,3,355.0,16.0,8.0,12.0
1144808d80753334c836d4bfab367400,informatica_acessorios,56,257,1,325.0,46.0,8.0,20.0
76b7fa5da50b22fe17d1e7bbde661106,moveis_decoracao,52,264,1,650.0,25.0,25.0,25.0
cb035acb0af5f79c8ebad476b968574a,utilidades_domesticas,35,1174,1,1000.0,34.0,10.0,21.0
4483c98ea94953839ff0e935627b831d,telefonia,48,2004,1,190.0,30.0,30.0,11.0
9cc7982cbd4b6bd47802ac85347035dd,informatica_acessorios,56,1026,1,350.0,16.0,12.0,12.0
1d722f14297e49c1db0545e1f7ec764f,moveis_decoracao,45,2047,1,1700.0,46.0,19.0,15.0
ee2568e85817bc2c070154cec07135ac,brinquedos,39,111,2,400.0,20.0,31.0,30.0
310fb273d383efab30a7599552f3bfe8,moveis_escritorio,44,900,2,23950.0,62.0,16.0,49.0
72b61ed035f5576359ccf0d2ec7bddf2,esporte_lazer,61,990,5,150.0,26.0,2.0,21.0
463cdd8acfe23847f35e29076df0bbbd,relogios_presentes,40,153,3,550.0,16.0,16.0,11.0
675921526583e0b3096c3f811d46a7a0,moveis_escritorio,33,143,3,18950.0,31.0,88.0,64.0
3cc44aee702776822cfc55c61e048b7b,automotivo,55,185,1,500.0,16.0,38.0,38.0
dbd024d4182504993ad1e3cd2ee9d9e9,automotivo,38,231,3,100.0,17.0,17.0,17.0
a22e92e1c32bdf3db91e0170a8b18408,esporte_lazer,44,1161,3,3450.0,100.0,15.0,15.0
87b7eba7245c8ab0ebeacd9b853fee69,moveis_decoracao,29,593,2,3750.0,30.0,35.0,30.0
65bebe0ebbe0c371c9ad29d76801482c,esporte_lazer,53,689,2,217.0,18.0,13.0,15.0
4a300735bc293723103db0d0c1bc1585,telefonia,42,661,4,250.0,16.0,4.0,20.0
b6527fd2b82f88a641b6105833c22428,brinquedos,42,669,1,1550.0,43.0,44.0,43.0
c50795b5c94dd185b2cee1d28a41d752,telefonia,52,823,2,300.0,16.0,22.0,11.0
c6edce374ec89184d740f3e674add5f4,relogios_presentes,50,406,3,860.0,22.0,14.0,17.0
53078c8d0c5db76c536e1d2244ac63e4,beleza_saude,32,500,2,300.0,16.0,11.0,12.0
a7cf43c271e20af0e19daadafcf0bf1d,informatica_acessorios,46,441,1,540.0,39.0,8.0,21.0
7b9bb69797f028ddec912dd004873f33,brinquedos,54,916,5,350.0,22.0,22.0,13.0
7276b9bd8445d938495e0f0736b3a2ba,ferramentas_jardim,28,887,5,30000.0,75.0,50.0,50.0
466d5f5de92846a9674f3b34b3b922ad,moveis_decoracao,59,471,1,2100.0,30.0,5.0,20.0
125efe6153a8b6ed25ed7cabdd43c1a6,utilidades_domesticas,38,818,1,1100.0,25.0,32.0,25.0
5567c10de36ebd118569fc875d064e1b,moveis_decoracao,56,472,2,500.0,80.0,10.0,60.0
4e796a1ab2449866e7885bfa9a6d6944,moveis_decoracao,57,208,1,1100.0,40.0,10.0,34.0
ff55834c0b3272853dfe62340f2bb91b,relogios_presentes,52,150,4,250.0,16.0,2.0,11.0
b969a0b5d4b1c5c7458bf16c0ad407ad,eletronicos,31,369,1,150.0,25.0,7.0,16.0
06061c9fd664126ac731a142995fa893,casa_construcao,52,451,1,900.0,40.0,15.0,44.0
96b84df3582b12cc062543cee325b38e,fashion_bolsas_e_acessorios,30,128,2,100.0,16.0,9.0,11.0
d9d3c966af100aeb7047ac8b59a70d4c,artigos_casa,51,684,1,1800.0,30.0,10.0,38.0
fdab4c1b0c356b42df5846952f5b47af,esporte_lazer,42,1101,3,225.0,19.0,4.0,11.0
c574e4df03e0bc22eeab4fbf51af50db,automotivo,58,490,5,100.0,23.0,2.0,17.0
14086fd4907ab4135efce70c2cd3c013,variedades,,,,200.0,22.0,14.0,14.0
194e74feac1f84a8ee5a517d4b3e107a,pcs,59,3913,2,14150.0,52.0,27.0,52.0
fe7ad3e3828f32193dfbe6359f733a8f,brinquedos,48,609,3,823.0,25.0,28.0,28.0
7aac56e58e89831fecb41998f93049ea,artigos_casa,52,195,3,750.0,37.0,6.0,35.0
12cabe5229bf1f037e257f645f04caa4,artigos_casa,60,624,1,3300.0,45.0,13.0,35.0
c8f47078677998140708abd3c0aa15ec,variedades,54,998,1,2850.0,42.0,25.0,15.0
86b8032cbb666ec9ca1f2aa4d4cace06,esporte_lazer,52,801,5,418.0,18.0,7.0,13.0
310dc32058903b6416c71faff132df9e,papelaria,36,326,1,300.0,16.0,10.0,11.0
9a24a6e49842bf0d95c661b7ea0315dc,esporte_lazer,47,1149,1,1080.0,32.0,24.0,23.0
2d7ec74c6f93ad8234f2e29817b2827b,bebes,54,305,6,1400.0,40.0,30.0,30.0
734418e6339df0a5e98e770bc214d4e3,livros_interesse_geral,42,1223,6,500.0,22.0,3.0,13.0
644c433cb1ef2cc92f9502a618c371be,relogios_presentes,41,734,1,417.0,18.0,11.0,12.0
cd2f5c10e4e8dbc701f0bb68a09fdfe8,agro_industria_e_comercio,54,1874,7,16100.0,40.0,42.0,36.0
6506fe6d39dbfe5539082b749f6654c8,artigos_casa,58,393,1,600.0,16.0,10.0,16.0
d3257d83b50d04301c9d969a0e2ec4ee,relogios_presentes,60,89,4,250.0,16.0,2.0,11.0
bbd4255403b6c3c76836ba1c957b73c9,eletronicos,46,92,1,200.0,24.0,5.0,18.0
b67cd67cd2214acabb3259f7e6d1047e,moveis_decoracao,59,2055,3,600.0,68.0,8.0,13.0
73c9f09c49f18888c7e22603602dabc1,informatica_acessorios,54,439,5,250.0,25.0,25.0,25.0
0c3256090b6cc52703b152c874827cd7,consoles_games,57,762,4,200.0,21.0,7.0,16.0
147df4d924f569e480fbd77099707f08,variedades,63,1066,6,14100.0,46.0,33.0,27.0
b490e3c1ee135c29b1fea7c377dfd0ce,moveis_decoracao,49,627,1,450.0,25.0,5.0,20.0
1da4de0fa473f8506723c82af7d4cb3b,informatica_acessorios,47,507,1,2125.0,29.0,18.0,33.0
2ea0bf4cdb4057dd3a866ac93107cdac,automotivo,51,1624,3,850.0,20.0,9.0,15.0
217cb0f28c6def3c3be057a952d78189,pet_shop,54,1102,2,650.0,20.0,18.0,20.0
e1d6e56531bd9c3dfad4f905f81072c7,artigos_casa,58,192,1,1400.0,46.0,2.0,36.0
fec85e6c0eab9b4bcddf9ccd917c80bc,moveis_decoracao,54,1078,1,500.0,35.0,7.0,27.0
b51119656391080bf4b0c2bb98b0f704,moveis_sala,49,677,2,14500.0,49.0,39.0,17.0
adb6a21f7a3c42ae1c2f514a1deccd3e,esporte_lazer,30,415,4,800.0,30.0,20.0,30.0
a9a058de269b3e0133650d8eba938505,informatica_acessorios,59,401,4,300.0,16.0,5.0,20.0
e338f548cda0b52650b9acfd317a74db,fashion_bolsas_e_acessorios,40,444,4,150.0,16.0,5.0,20.0
1db1301d6b2401401a26dd1aabcb809e,agro_industria_e_comercio,60,864,1,4600.0,22.0,22.0,22.0
00d363b8c14bb9a6c73febc4c42acf47,consoles_games,49,998,2,200.0,16.0,16.0,11.0
fbb05e4acf9348440b40d667795c057e,informatica_acessorios,52,159,2,2800.0,34.0,35.0,29.0
1df9ea4c24394047de1837c6f00673b3,informatica_acessorios,32,604,1,150.0,16.0,15.0,13.0
578e6e457425cbed603f5787ecf54b2a,automotivo,52,373,1,17200.0,50.0,30.0,30.0
86a6c57cf9b57ed5112c7c4262cb97dd,perfumaria,32,1088,1,300.0,20.0,20.0,20.0
378e13082055394b5a1607162398a207,moveis_decoracao,63,996,2,200.0,16.0,10.0,20.0
29b9d74c083ef891b8869d31cffb2a3d,esporte_lazer,55,1381,4,1100.0,40.0,20.0,20.0
829e27d905ccac1f24f6dd5c5898de89,utilidades_domesticas,48,659,2,3000.0,45.0,13.0,25.0
66a296c4ca6e6b89a44c7d6ab252aacd,artigos_casa,57,123,1,200.0,50.0,8.0,35.0
8b55f0d97006f81c67b6b9c4aa239974,brinquedos,49,648,1,610.0,39.0,7.0,28.0
3bf87d2001b8176e6a3ad804b80774b4,moveis_escritorio,46,1157,1,14775.0,63.0,60.0,25.0
7501e40e8bc7a7db7c2f4b005e1dddcb,informatica_acessorios,59,1949,5,650.0,25.0,11.0,15.0
e1ff3a1468d0e11fe813756e733e0fa4,moveis_decoracao,54,570,5,10000.0,100.0,55.0,11.0
6a83aaaaace0f050ef46ecf0fbb32854,automotivo,50,897,3,350.0,33.0,12.0,20.0
325a813db2664ef1b239883869847f4b,variedades,58,503,2,1800.0,51.0,15.0,32.0
2c23d4e9b76629ed407ba453e405034f,beleza_saude,48,426,1,800.0,18.0,18.0,18.0
eb8dbe7d2dd22ab3547925e49a78feb3,esporte_lazer,48,831,1,650.0,18.0,18.0,18.0
da9e08537d4ddc6682410370bbbb04f1,automotivo,56,1723,6,250.0,25.0,10.0,15.0
9f98cbe573253ebd8cc1c0f5f061451d,artigos_casa,57,665,1,1422.0,42.0,10.0,36.0
a659788120c4b831cd5ffed90dba8072,telefonia,30,732,3,456.0,16.0,15.0,17.0
66c88e3c982951328e1d8a0b32b7f60c,artigos_casa,39,254,1,10050.0,50.0,30.0,40.0
65bb1c5a918d2876d7a0262774887d86,moveis_decoracao,60,953,7,900.0,32.0,17.0,30.0
dd68bcbc459a7f8b1e8d41efd8e076b3,papelaria,43,785,3,1825.0,38.0,21.0,38.0
b71a757e0cab8f85c0adc579067944b8,fashion_bolsas_e_acessorios,38,141,6,150.0,16.0,9.0,11.0
4ca7b91a31637bd24fb8e559d5e015e4,eletronicos,55,2209,5,20500.0,39.0,39.0,58.0
479a69148e08e997f6f13dd2f4723b6c,automotivo,41,348,1,1600.0,55.0,15.0,15.0
e2f1ccf86759df28dd1e9f2e0e3242d4,beleza_saude,53,934,3,400.0,18.0,9.0,28.0
5788687ad396e23d2c0332354be2d918,papelaria,27,729,1,300.0,16.0,16.0,11.0
57212b61ec373df1504d050a17e139ad,artigos_casa,60,302,2,4250.0,45.0,15.0,35.0
37cf51a1aaaf1d36fa54d980867b6fbc,telefonia,58,818,6,300.0,17.0,4.0,12.0
eb048e296b8db6cd64b1bafd9500786c,artigos_casa,52,149,1,250.0,16.0,10.0,16.0
99c97d191bcc87e072acc4521bce44d4,eletrodomesticos,33,111,1,7350.0,44.0,14.0,30.0
4a6bed9678fe2fa40d7a84063fde6f89,fashion_bolsas_e_acessorios,44,117,3,150.0,16.0,5.0,11.0
ff8ff756fe1137ed22300ccd2190703a,eletronicos,51,521,1,200.0,21.0,7.0,18.0
77d1f94d7eeaaeb36736fd1049e79eb3,utilidades_domesticas,52,1004,1,1600.0,26.0,25.0,24.0
9794fba8c8aa64ab4fece2d3cbe731e9,moveis_decoracao,25,383,3,1350.0,35.0,24.0,25.0
02f331648b37d96cbaf60e96f9c0cd92,jardinagem,60,1500,1,2350.0,22.0,22.0,22.0
3f289108c4090cd68adf56e2ae40dced,automotivo,28,151,1,2233.0,16.0,13.0,10.0
b5e20ff50c12113580158883f5a86edc,papelaria,45,398,2,200.0,24.0,7.0,14.0
5322d72e04acadda01cd9c274b4af288,ferramentas_jardim,37,226,1,400.0,25.0,5.0,11.0
721fda30a0b343c44e828d8402b41cf2,brinquedos,58,462,2,400.0,16.0,23.0,15.0
9c5c6989f78912e5eca376eb0eda483f,beleza_saude,57,2453,1,1150.0,22.0,5.0,16.0
34dabb8af33b3756cf72df05fb327011,eletronicos,56,512,1,300.0,26.0,10.0,26.0
5775f1aefafa94f9a918963986b77613,informatica_acessorios,38,553,2,773.0,19.0,20.0,12.0
aefb222adb91095556d8aee8ccd7f97f,utilidades_domesticas,60,614,1,4250.0,30.0,35.0,30.0
c5cb254d666e4420d56b5dc67ff59d29,informatica_acessorios,55,92,1,50.0,16.0,3.0,11.0
4c1e109ecdf58453de365d217cefa64c,pet_shop,37,1219,2,974.0,26.0,30.0,28.0
474f9f34cfa52ad18fde4836b84a3e80,moveis_decoracao,64,423,3,600.0,50.0,2.0,40.0
5c1edf5ddada2c189588fd0a21130e36,variedades,51,462,1,1330.0,28.0,31.0,21.0
8f8c372264024a67ef0c7b449241e65f,ferramentas_construcao,21,1405,1,1833.0,20.0,18.0,22.0
69c58bb97c8d7b75fad9e6c1d391fda6,beleza_saude,59,3037,1,1650.0,28.0,14.0,20.0
36244ee06dc3aec1f9b7b5852e0f7bc8,informatica_acessorios,40,896,3,1450.0,25.0,15.0,25.0
c8648fddfafc439c1c9bb5236945b953,esporte_lazer,58,192,1,923.0,18.0,21.0,27.0
c004bf0d41d08a3304ade12681600a96,informatica_acessorios,48,148,1,200.0,17.0,12.0,13.0
7e379a08c85d252d34cebabb06388698,brinquedos,59,1385,7,250.0,19.0,7.0,18.0
d328fcf582df161878940a0edb77761a,informatica_acessorios,41,559,2,300.0,16.0,6.0,13.0
05f65453e3770efa763d5b2884842fe2,telefonia,57,412,2,200.0,25.0,10.0,13.0
4180a49d4b879e727ad2c8e82a9f4d87,esporte_lazer,54,1598,1,250.0,16.0,15.0,16.0
5caaa02918381c4ad59d38fdcd4a28b9,moveis_decoracao,61,603,2,29700.0,70.0,60.0,60.0
817a68e75e8fc94fa28915d8169d67bf,variedades,,,,800.0,40.0,5.0,50.0
1df69fad86c3fedbddd8b65fe13dc8db,informatica_acessorios,36,236,1,900.0,36.0,16.0,16.0
69530f4ebf4b017348e5f19323ab8a00,fashion_roupa_feminina,35,335,1,700.0,20.0,20.0,20.0
000b8f95fcb9e0096488278317764d19,utilidades_domesticas,25,364,3,550.0,19.0,24.0,12.0
54bd78d9fbadca90785bae236a7fef2e,eletronicos,37,400,1,250.0,25.0,7.0,16.0
33f41a54822aa8a1ecd90ee3e986a4ce,artigos_casa,43,303,1,2600.0,45.0,15.0,41.0
967a628ee966c8a0a167ed5efaba52a0,moveis_decoracao,52,1384,3,12880.0,48.0,43.0,49.0
5c4a7b17b6fa8383e978922772ababb7,artigos_casa,36,734,5,600.0,16.0,10.0,11.0
e4a8b44a9559141ca439903f116bbbd4,bebes,58,340,2,14150.0,55.0,30.0,55.0
4310ea4cadd7d41398ba376aa7383f82,automotivo,30,707,1,633.0,20.0,20.0,16.0
6ddc47ca7a57816752ed7bfc1f9757e3,moveis_decoracao,60,304,3,600.0,100.0,15.0,15.0
794bf14b91dcd92fd3cd35a45d6a83e4,fashion_roupa_masculina,47,316,2,400.0,16.0,5.0,16.0
1ede3c17889b7e18f4ac33d2fd0bef96,moveis_decoracao,33,1200,1,14033.0,101.0,8.0,57.0
f858dbf7475a6089fc882318b8aeaded,utilidades_domesticas,20,122,1,400.0,25.0,15.0,25.0
cc74107a3eceb1b0c1c000edae5a8431,automotivo,32,200,1,250.0,20.0,10.0,15.0
4a6a95ce8da4776d4bfe26375f667985,utilidades_domesticas,46,630,3,1200.0,22.0,30.0,22.0
367dae93cb327a921daba5eddd2dc401,beleza_saude,47,595,5,300.0,20.0,8.0,26.0
42ebb92b7f9bb084077e921ee7e40199,esporte_lazer,59,432,6,300.0,30.0,5.0,11.0
8f8496902e65ff58118aab478dc2a55e,utilidades_domesticas,58,545,2,250.0,25.0,10.0,36.0
7e786406ac65b91c288fe2be1d93bddc,relogios_presentes,34,519,2,400.0,16.0,27.0,17.0
1f3365ddc6456d082f482309326f037c,esporte_lazer,60,1278,4,600.0,18.0,5.0,18.0
df73a8f4ff200bb4571bbb961c6f6987,telefonia,59,601,1,200.0,19.0,4.0,11.0
4c743ef85742be2bfbf2036906e524f4,papelaria,54,171,2,1100.0,38.0,30.0,28.0
6bbe55cf8f85c87b6eebb775a53402f4,eletronicos,54,512,1,283.0,22.0,12.0,21.0
8ed094bfe076c568f6bb10feada3f75d,moveis_escritorio,43,1128,1,16133.0,63.0,59.0,25.0
61e2cc02b96d5d61c27e21754260dccd,papelaria,48,182,1,300.0,25.0,11.0,11.0
4d88659b2d47e07c93060537d6542bb5,moveis_escritorio,60,2083,1,20500.0,58.0,28.0,58.0
b0c1e71a37e29bd3d463eb93e4861c6a,brinquedos,43,183,3,700.0,26.0,15.0,26.0
1a4eccba16567c9ffa6e98d0f552a883,utilidades_domesticas,52,164,2,8950.0,95.0,6.0,45.0
4eccb57987c7f971d1fd64f81362f191,malas_acessorios,39,38,6,200.0,16.0,7.0,11.0
e87b2200e1df21f624eea3e9bd087dc0,brinquedos,23,234,1,350.0,17.0,14.0,12.0
2531bf4f54beb9037615a37b8a9754c7,variedades,39,3210,3,575.0,23.0,16.0,18.0
361009da0572b0d1d961d347f10e09b1,moveis_sala,62,302,2,5000.0,45.0,66.0,14.0
a45d376e2359c18076d5c16a042777e5,esporte_lazer,54,1814,1,1286.0,24.0,21.0,22.0
a1ead9010030ade9a219495543cd5c48,informatica_acessorios,54,714,3,1500.0,17.0,33.0,44.0
4148d4f36653927e8641a9d6afbfc5e2,variedades,48,1689,3,700.0,16.0,2.0,11.0
192d363be840c4c307c77a1880c1d8d6,beleza_saude,56,1670,1,300.0,28.0,24.0,11.0
49026f19cf3e18f394328d81cba27708,artigos_casa,53,795,2,200.0,49.0,10.0,40.0
50f39d42ee3c1155a39f330b0b53c735,variedades,,,,500.0,16.0,19.0,12.0
421fbb32d56489554d727fbd4b2fa65d,beleza_saude,45,1364,1,650.0,20.0,15.0,15.0
80b277131c86232dec38056fa40eaeca,esporte_lazer,36,669,1,1000.0,34.0,36.0,37.0
1c93b38903bf11d9a9bd28f3c65481d6,artigos_casa,60,407,1,19800.0,45.0,15.0,35.0
dd89d65fbdcdde1b2dd534d255797c71,beleza_saude,42,791,1,200.0,22.0,2.0,15.0
fd9222f5293048868b832e5179fa3ec5,bebes,55,973,2,2950.0,32.0,22.0,16.0
ac55865c931b6e828892c10b73887af4,instrumentos_musicais,56,802,2,3750.0,18.0,30.0,29.0
6b7b5d0adc9be5fa4c0e68c102dd51b4,relogios_presentes,57,440,2,600.0,18.0,18.0,16.0
48711538a9ed71dcb2cdf01a38974abd,telefonia,52,1151,3,550.0,24.0,8.0,18.0
2f0487d88dafacc1e64b8ab65820f96b,telefonia,55,1350,3,300.0,16.0,22.0,11.0
48d560392eb163f1f9c3e4f032f81da8,perfumaria,36,165,1,425.0,18.0,13.0,14.0
4b6563a1f29c21523ddf75fc04abe980,moveis_decoracao,47,628,2,500.0,80.0,20.0,20.0
88f07c54aaac38face5f27e7d71922f8,fashion_bolsas_e_acessorios,63,328,4,150.0,16.0,5.0,11.0
9ae12b29023f393609663f7e954400d7,artigos_casa,30,215,1,300.0,33.0,5.0,23.0
874337e889ebccdaf2ac1f132818ccdf,pet_shop,59,803,1,550.0,20.0,50.0,20.0
f81353ef7f563e3a3a1ea413fb41cbeb,informatica_acessorios,57,201,2,850.0,41.0,8.0,31.0
2fb02cd08d14624e7ed0d6c6e3c093c8,pet_shop,63,1451,3,900.0,35.0,20.0,45.0
b28c74943399164661bb5350e482ae98,artigos_casa,55,476,1,1917.0,46.0,9.0,37.0
7a5c07212703b5f01ee199d29a29a587,variedades,60,530,4,350.0,16.0,11.0,11.0
d22bbc02259111e107ee7916637d4791,esporte_lazer,58,1074,5,700.0,16.0,11.0,11.0
8ee15ce472d128e8ea95d9a24c2d397c,utilidades_domesticas,50,615,4,500.0,16.0,12.0,12.0
79863f997e214f8f98c423694c745f3d,beleza_saude,20,1688,1,1450.0,30.0,12.0,16.0
4b4a4a757b32080f88805beb030d7955,papelaria,50,893,10,800.0,30.0,40.0,11.0
a8624848cc85066425b656121d3da966,pet_shop,57,159,1,300.0,16.0,16.0,16.0
8c026216e53f2d4be21aeb209dcd8c55,esporte_lazer,48,255,1,450.0,16.0,12.0,12.0
a0245537bc3dfec325899fcd716f70cc,instrumentos_musicais,55,968,5,6600.0,30.0,30.0,30.0
ca00f42e51fa8b6226d4c57ef6557967,relogios_presentes,56,640,2,350.0,19.0,13.0,13.0
057041a5c3e1080ad700db092badca71,artigos_casa,59,395,1,8950.0,40.0,25.0,48.0
0d704e7a1f7ac1c5c03247e845d18f93,utilidades_domesticas,40,73,5,200.0,18.0,4.0,12.0
c67b3dcc9c4490a8f7e41abd65cf9eab,eletronicos,52,214,1,250.0,16.0,35.0,25.0
c1124abcc7a081c6f00f97c9135522fb,beleza_saude,53,2138,3,100.0,34.0,2.0,26.0
d102ed54656bd3eaf5bd365494e08bf6,esporte_lazer,59,682,1,200.0,22.0,15.0,22.0
12ad279319eff927d9333b42f3382ff8,fashion_bolsas_e_acessorios,63,627,4,100.0,16.0,5.0,11.0
ae7799f14ab78798325fba1c61aac7d3,artigos_casa,59,626,2,1075.0,43.0,8.0,20.0
10feace590e85f3804756b2fc1f6bbda,eletrodomesticos,46,147,2,1200.0,20.0,12.0,15.0
66e0e2eae7c7ea6eae5a004c80a22bc2,relogios_presentes,35,606,3,700.0,23.0,15.0,19.0
4d272fe20c57c64dc74b3db191fc31ef,artigos_casa,45,113,1,350.0,40.0,4.0,30.0
8ad1611d2c47dc2dbf44a8b99f80cda6,automotivo,59,265,2,1300.0,21.0,11.0,16.0
b38af792344fd2204db614a9c189e3b2,beleza_saude,58,1440,2,150.0,18.0,15.0,12.0
21cba128dedfe6bf04bfde715aef5355,fashion_bolsas_e_acessorios,59,497,6,200.0,16.0,9.0,11.0
9c46567584228684abb9695a398d0f18,utilidades_domesticas,59,324,4,550.0,20.0,15.0,15.0
37cc5883abe2ac5703f1cfa3a9ec41c0,eletronicos,39,480,3,217.0,16.0,13.0,16.0
3d39134696d3f90744ca0291667f0140,papelaria,50,537,6,1750.0,28.0,33.0,44.0
ff29d8cb1cd0cd5ea37b80dac9939e1c,eletronicos,47,485,1,200.0,30.0,10.0,20.0
d29534bc8c74cd3d91e0f175a5c9b366,la_cuisine,59,748,1,1450.0,74.0,12.0,15.0
ffaaddefb271481c66d4bd79844ecdae,utilidades_domesticas,45,316,1,200.0,25.0,10.0,20.0
1f15aad258a1559be6c62fe1a774daa7,pet_shop,43,259,3,700.0,20.0,20.0,20.0
bc2ead3bce545913170e95871fddf5b4,utilidades_domesticas,56,616,1,250.0,35.0,10.0,15.0
6d2c14b30e95a30ea57059b97cdd9fe7,utilidades_domesticas,55,340,1,2300.0,30.0,30.0,30.0
77b856bb1279d01bd8d0f33d05a4259a,papelaria,54,194,3,350.0,24.0,7.0,14.0
6d37e202f4afe0a1539c872d21e45650,informatica_acessorios,38,247,3,1300.0,20.0,30.0,20.0
e01bc2ad5c6f46c0f53f73379fcd602e,esporte_lazer,28,1182,4,900.0,50.0,6.0,20.0
fec95e3df8533d6872300b23b9a5a943,moveis_decoracao,57,945,1,6300.0,21.0,21.0,42.0
4f33e0de0408eb2d6238a9f41f55acb4,beleza_saude,59,1064,1,200.0,16.0,8.0,11.0
252dc23ff7e1241d046a1c2c5041ffb5,artigos_casa,56,2079,2,1000.0,43.0,8.0,33.0
b1e8074e6497dd78a58f993589bc09a2,informatica_acessorios,54,914,3,693.0,39.0,7.0,16.0
42a2efd39155b59e16bac90081495285,relogios_presentes,35,1073,1,348.0,18.0,11.0,15.0
d496f7647d2eceba04455a3e682c59a6,artigos_casa,51,220,1,2050.0,30.0,5.0,30.0
4e4533c3f5832b58737e5a6229fe39f5,artigos_casa,54,515,1,1000.0,16.0,10.0,16.0
4f8303640418a925cc83a18d2caf0dbe,esporte_lazer,58,402,4,500.0,24.0,16.0,16.0
3a8bbcf3084a3e388588a1b43e188d81,informatica_acessorios,39,1313,1,700.0,31.0,13.0,11.0
0e6596a7fa2e81995e1ddaddc650cbee,artigos_casa,49,397,1,1640.0,21.0,10.0,29.0
a5a2b70ed811fc99be9a6ba5961b7f05,fashion_bolsas_e_acessorios,28,353,4,300.0,16.0,12.0,16.0
965ed8ce606fae58ee076e77023d9a0b,relogios_presentes,54,780,2,300.0,16.0,11.0,20.0
e8b0fa506cda44528a15318cef8a27a0,informatica_acessorios,41,726,2,1240.0,15.0,5.0,9.0
e306ca54c91b21392317d5b4632c9fe3,consoles_games,42,778,1,700.0,26.0,12.0,18.0
163a503e8aa4c48bfd077f416e4341d4,agro_industria_e_comercio,40,628,1,2650.0,52.0,13.0,32.0
b008888e5e01a5c9da36306228e900d1,pcs,60,1091,1,12100.0,50.0,50.0,25.0
4100a608bd0aa524b06ffefba973707b,beleza_saude,39,798,1,688.0,17.0,13.0,16.0
07797d4315ce5c1570e0a484472e04b5,moveis_decoracao,32,303,1,2300.0,37.0,30.0,20.0
91025258cde9e3ab5c55b59dbc77cde2,ferramentas_construcao,32,424,1,333.0,25.0,11.0,19.0
32dfa38395ccd47d7b320470b0514fee,artigos_casa,58,505,2,150.0,16.0,10.0,16.0
6c8408bde0e2dd939bade6cdbd789b65,automotivo,49,469,1,1200.0,20.0,10.0,20.0
5f2924ba89d5561b2b24067e375b212d,informatica_acessorios,48,561,2,593.0,41.0,13.0,14.0
eea7c32deef50f6da0daad60afed9567,brinquedos,31,460,1,600.0,26.0,6.0,17.0
95f76a3205f55d54b001e730486c6737,artigos_casa,60,870,1,17800.0,58.0,40.0,50.0
389c7d7f59a980be2afbe84d648cd80f,utilidades_domesticas,36,808,2,300.0,16.0,25.0,11.0
d77d27463e13ef595de73237c5eee684,relogios_presentes,50,769,4,200.0,19.0,13.0,13.0
3e0bc37e01b5c85e125dbaef7cc3f0ad,eletronicos,58,566,3,3150.0,37.0,30.0,21.0
0649f548e3fa70d40eb8fd98ecfe6322,telefonia,30,355,1,50.0,19.0,3.0,11.0
2918336685cacbe8df9a66e4cad34cf1,bebes,59,121,1,850.0,39.0,16.0,40.0
bb02c40ca38878b8986798de4842d134,artigos_casa,56,495,6,975.0,28.0,17.0,29.0
805bf2490cf3dfc00aa1ce921ffde7ef,informatica_acessorios,50,3612,3,13000.0,66.0,44.0,27.0
939ca4eeb18f951c099e1178bc50772c,pet_shop,60,396,5,1500.0,22.0,19.0,22.0
e4bc26706c5391433592fc23fecce0c7,moveis_decoracao,58,1750,3,2500.0,105.0,3.0,70.0
13bb5184d064f9b96e56d241eb8b7814,brinquedos,56,1033,3,1450.0,42.0,30.0,23.0
8f294708d3d915a85d705b2654e49ca9,informatica_acessorios,55,761,3,500.0,36.0,10.0,9.0
33a07ea8a7b3dbab277c180e9f1233ea,automotivo,43,421,1,2000.0,20.0,21.0,15.0
ac5e164e2eda939ffa46593f90077f9a,fashion_calcados,35,222,5,400.0,29.0,12.0,23.0
7977b70dccf5fb91ef5787ea38c36c45,variedades,55,1324,4,3250.0,30.0,25.0,25.0
8c35dc99b37ba51780800ba049ed3616,papelaria,52,157,1,350.0,24.0,7.0,14.0
96ef18649cc53717e0028b36c7c69774,moveis_decoracao,52,485,2,500.0,35.0,8.0,35.0
7d8f983b213d00e33e83aeabe1ecea40,artigos_casa,59,473,2,8800.0,50.0,25.0,25.0
eb726c73cd87836d80adff6bdd4d762e,brinquedos,60,912,1,900.0,30.0,15.0,20.0
5b4c7b13dcff7e66567504d1b2a46ae3,esporte_lazer,31,676,1,325.0,16.0,5.0,12.0
09d16c9d49e1616a733d22e77507d91d,moveis_decoracao,27,922,3,900.0,25.0,15.0,20.0
4aca38e787c979a6106440c7a63036b4,brinquedos,55,1107,1,1600.0,40.0,15.0,35.0
b5d80a1b72c94ff284760dabb4fb776b,variedades,,,,400.0,16.0,15.0,15.0
06324724a73c341e0826729d63a8d5bc,moveis_decoracao,58,2070,1,1950.0,69.0,11.0,11.0
e85fbac9d80b832ba812bc5d7ffe236d,seguranca,43,350,1,2350.0,21.0,35.0,21.0
6e7b435ac3c84fc5348dba974e184322,perfumaria,42,299,1,280.0,17.0,14.0,14.0
c9996076c21558c4878c8d2fed12c45a,brinquedos,53,465,6,1867.0,25.0,18.0,25.0
36f60d45225e60c7da4558b070ce4b60,informatica_acessorios,33,300,1,207.0,19.0,11.0,14.0
9321b2e4e8fe357fe2e3bad624229bd5,perfumaria,41,718,1,517.0,18.0,12.0,19.0
01365901d8f2247976a7e5d4c98c52c0,relogios_presentes,60,567,6,250.0,16.0,2.0,20.0
553c5116d8f8866d39a1281071b3776f,moveis_decoracao,43,149,1,500.0,20.0,10.0,15.0
4d397d263f26b146e2305cfecf8193ba,beleza_saude,57,2602,3,300.0,20.0,10.0,15.0
be03d93320192443b8fa24c0ca6ead98,utilidades_domesticas,59,189,3,775.0,16.0,16.0,13.0
0f0d29cc7928e6e5d01afaa32e77c1e0,utilidades_domesticas,47,213,1,5400.0,36.0,15.0,29.0
c6a5b2b8610b3206be072c211b70ba69,papelaria,52,223,5,5850.0,60.0,20.0,29.0
2f2c777499972fe908f5c404fd7d43b7,automotivo,58,703,6,4750.0,47.0,19.0,23.0
3528876f41132ca5604b505343619412,informatica_acessorios,23,978,3,1500.0,25.0,15.0,25.0
c252ac6ba12ddd61a54b4fd73f223e7e,esporte_lazer,55,1392,1,1150.0,16.0,16.0,16.0
c8a8b80300a9dfba535a8d575b01c977,moveis_decoracao,60,241,2,2300.0,45.0,15.0,35.0
1431b5a121c1134957c9aff8c8db2bf9,papelaria,52,162,1,600.0,16.0,11.0,16.0
09364ccfda8448d03ae4082f6044b16e,informatica_acessorios,56,924,1,200.0,16.0,10.0,16.0
becdef3ca4da8b5dca0f783acc5ee300,malas_acessorios,50,279,1,1400.0,45.0,20.0,35.0
0ef0a1c6a3c510f3f81bde96f72121d1,moveis_decoracao,53,563,2,12200.0,47.0,38.0,37.0
84bafdce8540f697ae16b41858256867,automotivo,47,293,3,50.0,20.0,4.0,16.0
621b15d249d471192c1bd7ade2dd8b86,fashion_roupa_feminina,26,225,2,300.0,16.0,2.0,11.0
98354ddeaeae40bd6b705381191a9ffc,informatica_acessorios,59,391,1,900.0,30.0,15.0,15.0
5e5d267a41f3d8bb608c2f0bd4b4972f,relogios_presentes,57,536,1,357.0,17.0,12.0,16.0
6da34f576ae8ae67eefc6284461cea8b,papelaria,52,391,3,525.0,38.0,33.0,26.0
86573a992f10e1ad49a669fd151b7abf,moveis_decoracao,53,184,2,13050.0,40.0,48.0,40.0
3cacd5299c846cb08ae1e445fd78392b,beleza_saude,35,469,2,350.0,21.0,14.0,17.0
0fbf220f61720a67fc0d6432cb32a5b4,ferramentas_jardim,60,921,2,10650.0,22.0,28.0,44.0
d1d3cf795364e3380f9412941d8a8758,beleza_saude,52,1649,1,200.0,22.0,5.0,15.0
5ddf71f0c832e1af820031a5a62beb01,eletrodomesticos,50,719,1,100.0,16.0,3.0,13.0
23ee71d4afa97c8d30028d4956baaa62,moveis_decoracao,40,341,1,9200.0,30.0,30.0,35.0
a9342ff863c8bcf625664fe435e7f253,esporte_lazer,44,2080,1,2600.0,30.0,25.0,25.0
722a703d9aadc6e807aed5512eb447c7,alimentos_bebidas,23,936,1,500.0,23.0,23.0,17.0
652c030867f364b558eb9f7dcbcf608d,brinquedos,53,737,3,983.0,24.0,22.0,37.0
62ea504fcbda5b4dd1069fc15e8dde79,automotivo,39,332,3,100.0,30.0,2.0,20.0
6ae38d49db7fc65ad1779828542aecba,ferramentas_jardim,42,317,1,2300.0,23.0,22.0,19.0
80103e141ed0da3b1d63cb0c7d1f7d48,telefonia,36,316,1,150.0,17.0,17.0,17.0
bf59082c832c1a67b92ee5ca73971f4e,utilidades_domesticas,56,1195,5,4750.0,60.0,5.0,40.0
9835bbd4ce057f9d65bc826bd578c93d,beleza_saude,60,488,4,550.0,21.0,4.0,15.0
71d0c6d235f2bb67ca7bc7cfe66f4277,brinquedos,53,60,3,200.0,17.0,4.0,13.0
ecb16469f307330a111729808a16db55,artigos_casa,51,405,1,700.0,35.0,8.0,30.0
e6666bfb776cebb5e0e1cdf2410f7490,automotivo,60,1693,8,3100.0,46.0,14.0,25.0
34b60db9767b87c8234447cebaea994b,brinquedos,54,473,1,300.0,20.0,10.0,20.0
e1559fbf98a69c9a54d3df4c359aa164,artigos_casa,53,495,1,650.0,30.0,3.0,19.0
159cad5d8dadf4141e99b88d58c0c943,bebes,21,396,1,717.0,34.0,24.0,34.0
d5ad1429503cdb3871407ed2e8fbf859,moveis_decoracao,37,626,3,1363.0,36.0,6.0,32.0
24541f532451ecaa85eab5b200b2b686,moveis_decoracao,59,2130,2,450.0,69.0,11.0,11.0
4e7814c736cac58bdcd4423ed76ca68a,fashion_calcados,58,404,4,1500.0,20.0,15.0,35.0
a5341e3f8155dbb3e62323d3ea289729,moveis_decoracao,50,422,7,2850.0,40.0,5.0,44.0
fd220f6fd5a3f13ef9db07428f9c935d,bebes,51,1438,6,280.0,17.0,6.0,11.0
f9377612042bc929a4aae64a8dbc58da,automotivo,60,1957,1,50.0,18.0,10.0,16.0
178fff5a81c5c9447c6dcc3a2039d7f7,esporte_lazer,55,2019,5,588.0,25.0,28.0,28.0
4a7dffba3ac0ece48b8fb8511ea672eb,relogios_presentes,35,516,3,850.0,48.0,16.0,35.0
82758517d6c9cc65c509781f1e14e9f2,variedades,,,,900.0,31.0,13.0,20.0
da893368e67b2e521b3f04da43f4b57a,telefonia,47,419,2,700.0,18.0,7.0,20.0
09982590713913e225d3ce5ccb670688,bebes,58,1977,1,200.0,17.0,17.0,15.0
8e436253e3c4eeacc3b2757482517200,beleza_saude,37,1035,3,100.0,16.0,5.0,20.0
a934e0f29d3b0843308564ed3ec07058,perfumaria,48,143,1,350.0,18.0,8.0,12.0
c11df8bc488c72d5f966012f8cc81662,eletrodomesticos,55,218,1,200.0,18.0,8.0,13.0
390b11d5e6df7f88831bb38cfda1613d,eletrodomesticos,54,199,1,3100.0,64.0,6.0,55.0
a5cb33fabba1f8cdcd6fdcace71ed02e,eletronicos,48,240,1,175.0,20.0,16.0,20.0
22dfa7d077d1088aba3095c67ee10a9a,informatica_acessorios,58,141,1,200.0,42.0,9.0,25.0
d1f69b1b509a6f4e1fdca33101625bc8,relogios_presentes,36,343,10,750.0,30.0,30.0,30.0
2d75b9adc67c44c0967c56919c165354,beleza_saude,45,1209,5,400.0,27.0,14.0,23.0
a6a86219152d22366ffe68794aa1c219,telefonia,50,500,1,88.0,19.0,4.0,11.0
baff65b3343271414a092f28893eeb70,artigos_casa,60,459,2,467.0,45.0,4.0,35.0
3b88c6a09d4f61f0566c39ed139fb5e2,pet_shop,38,497,2,300.0,20.0,20.0,20.0
9a5d5bbdc73537a9524d36918db668e4,eletronicos,51,297,1,150.0,21.0,7.0,14.0
8b1490c8e82581bd050b41bd709a6364,beleza_saude,29,298,4,100.0,22.0,3.0,14.0
7d1af70947f3ec4618297f9dc62086bc,moveis_decoracao,63,549,1,750.0,45.0,15.0,35.0
2c925b58c178637d60168ac80cf7f836,brinquedos,56,740,2,483.0,23.0,12.0,19.0
762e9c384b4752bbcbea568e3d89856f,pet_shop,25,236,2,200.0,21.0,16.0,17.0
444ab88b25c5d6d2310be80ab1d60fad,consoles_games,49,682,2,550.0,17.0,8.0,17.0
b3a2e35138535549da5449d618352f46,utilidades_domesticas,34,260,4,550.0,16.0,12.0,15.0
af4708c7522d336a01ea0a421531e56f,papelaria,54,688,2,475.0,18.0,13.0,16.0
828c579b949972bdea5cf2203faf4563,artigos_casa,34,479,1,800.0,20.0,20.0,20.0
15c53c3819865dc1083cf45b3b888b43,relogios_presentes,59,324,5,280.0,30.0,30.0,30.0
775917a2882dceb1d02aaa6b1abc1b24,moveis_decoracao,58,408,2,8050.0,52.0,18.0,35.0
44f17cb299c90c0663616f83d55c45ee,moveis_decoracao,58,1953,1,800.0,69.0,11.0,11.0
5f24f9f041b1ab4de5de1b37994952d8,eletrodomesticos,60,208,1,2250.0,18.0,8.0,13.0
c36982ca95045ed1f077134eac1e94f2,artigos_casa,60,219,1,7175.0,50.0,18.0,28.0
d14495a85be157b5cacef4eaaf825791,moveis_cozinha_area_de_servico_jantar_e_jardim,57,252,1,30000.0,31.0,105.0,31.0
f26157889d4e8ee5b3cbcce8e51c7d2f,esporte_lazer,32,534,4,2350.0,30.0,25.0,15.0
dd0286e208604a3b60d3d0653981dbd7,telefonia,46,772,2,163.0,18.0,8.0,13.0
26437ba9eb3e55be2265009412da38e5,brinquedos,45,215,1,600.0,45.0,15.0,35.0
89ecac14896f9d0c3d6d44c2095ae987,esporte_lazer,59,3212,1,1725.0,35.0,38.0,33.0
2d1e6a6907dcf4b2299622df6cc03c84,artigos_casa,60,1255,2,1600.0,30.0,10.0,20.0
2d99b68429ab6c82014dc3ceb9a9501c,automotivo,58,579,4,1800.0,33.0,27.0,26.0
e3ffa5b25f4a372e7ccf597b6ceb6c90,bebes,57,2049,2,600.0,65.0,11.0,11.0
f3c2c2578c46d659b7940e784319413e,fashion_roupa_masculina,42,162,4,800.0,20.0,7.0,20.0
08ca55f13fdc7712bc93387c2f66e3a4,beleza_saude,57,2306,1,200.0,22.0,10.0,15.0
152d8bb1e16d0a4f567c7cece5e92b6a,artigos_casa,64,702,1,2700.0,42.0,16.0,36.0
f42892b40225227fe465626ff509a92e,artigos_casa,58,335,1,1750.0,45.0,15.0,35.0
83e2059df06602e05d9bc1abf28166ac,moveis_decoracao,57,1722,2,550.0,52.0,11.0,11.0
2b74db1c0f6fc1865eadf27fe9b1231a,brinquedos,46,1223,1,275.0,17.0,18.0,12.0
4dc3f43b20eeebc284b7ec6f5dc9b792,informatica_acessorios,53,497,1,200.0,18.0,9.0,16.0
c681df24c54f79b5eab51e15b603abf8,ferramentas_jardim,40,313,1,800.0,40.0,3.0,15.0
ecd5fb40310b0f37e80e312bccc3b1ee,esporte_lazer,44,720,4,1000.0,25.0,5.0,25.0
a17e026dc13fc5106208684c448aedc1,moveis_escritorio,54,569,1,9200.0,52.0,51.0,17.0
ab5da1daa941470d14366f4e76a99dd2,eletrodomesticos,57,953,3,100.0,30.0,10.0,15.0
a19b6951c75da43aad691622dd2f6abe,moveis_decoracao,44,789,1,650.0,20.0,35.0,20.0
d0babf1d1f8ae1906d86ac8b4fd7ea9b,perfumaria,43,102,1,700.0,16.0,3.0,12.0
99b5175198369d12de8feee13dafac16,beleza_saude,35,778,1,225.0,28.0,15.0,17.0
6c8ddb5440080718b5110d82c7ae1faf,beleza_saude,36,551,1,200.0,30.0,3.0,40.0
c4d92c32b2e02363d3f087c7156a523c,variedades,,,,800.0,30.0,13.0,15.0
493943f1f8fe6655c30dfea68ffda600,papelaria,45,148,1,100.0,16.0,5.0,16.0
fa7be99321f2dbb1e518d2139ccb1d39,esporte_lazer,63,1908,5,500.0,27.0,15.0,20.0
37c269354554b312f0c614582c19cf91,artigos_casa,53,349,1,1100.0,39.0,17.0,33.0
8fe6ecd5b3782f101ac483a1f26946f2,beleza_saude,28,913,1,1300.0,16.0,11.0,11.0
557d850972a7d6f792fd18ae1400d9b6,ferramentas_jardim,39,1310,3,13805.0,35.0,75.0,45.0
55042f58e0ee432416bab8ecdb8a84b4,seguranca,49,531,6,1250.0,20.0,20.0,20.0
610c673331ac3c4fa0f393ce5af9aa2e,eletronicos,43,381,1,150.0,22.0,11.0,16.0
0142fd5bd2e0923cf2dbc73d471dda34,fashion_calcados,57,404,4,1400.0,22.0,12.0,33.0
66f7f8d449192024900375fad770d864,relogios_presentes,46,250,3,650.0,20.0,15.0,17.0
3ebda2ff30d61d8c324e647948bbc6d0,bebes,53,403,1,200.0,24.0,3.0,19.0
249de764c23f381ef073c7520e0ab799,pet_shop,38,605,1,175.0,20.0,5.0,13.0
c1aaab8bfc16d73c6829b879f558fad4,automotivo,36,250,1,1050.0,40.0,4.0,30.0
dd4924bdb39ff70888cda30b57f46035,artigos_casa,59,577,2,10950.0,51.0,23.0,51.0
765b5cdbf629b3d9ada3953e999c3ac0,beleza_saude,53,1703,2,2350.0,20.0,20.0,20.0
29bcbac6eec9fa5e51f01225e8004c93,artigos_casa,60,217,3,6700.0,50.0,20.0,40.0
bdd59148fd23281bb706539815e39bf3,perfumaria,57,598,1,450.0,18.0,18.0,18.0
197b4312d52feeab01ec95013df1a9d0,esporte_lazer,52,360,3,400.0,17.0,35.0,18.0
09f3400d8c8a707c448a94f977f81968,utilidades_domesticas,59,207,1,200.0,18.0,2.0,18.0
ba17f75fc8d843241e6ebb54c5077fc5,papelaria,59,580,4,725.0,40.0,13.0,40.0
3948f284081821f4e27ba8c23d4cbc9a,brinquedos,26,344,1,1825.0,33.0,19.0,45.0
2814b5e91ca5da1c238fc3ddf9616832,beleza_saude,58,1058,6,350.0,16.0,7.0,20.0
1928afdd082c046af569f70558516d11,fashion_bolsas_e_acessorios,59,236,1,100.0,21.0,9.0,14.0
97a0fca3502276570a22f65e739f3dcd,utilidades_domesticas,46,492,1,835.0,29.0,43.0,21.0
144eebc150ba34b9f44f761513b5a394,automotivo,57,693,5,1175.0,68.0,8.0,35.0
ea11e700a343582ad56e4c70e966cb36,variedades,,,,26000.0,67.0,57.0,46.0
33ac1956f1f647da03cb796870feddfe,utilidades_domesticas,52,1072,4,4650.0,30.0,20.0,30.0
aeae6a46f42d7755930f30825f5a4c5b,consoles_games,57,814,3,300.0,16.0,16.0,14.0
71a7800a633691de8ecdd17463335e2e,jardinagem,49,1845,5,550.0,20.0,16.0,30.0
0f985682d883837be42a813f58a91885,moveis_decoracao,59,309,2,150.0,22.0,12.0,22.0
92e22f96f92bc2dc5d6504f301010a34,automotivo,60,863,1,1500.0,40.0,14.0,40.0
1f9f5468776e35e451d4e2eabf10c523,utilidades_domesticas,60,547,2,400.0,40.0,10.0,25.0
4819da1e57bea0eb01d096e4f0d7d5fd,esporte_lazer,53,675,1,900.0,16.0,23.0,16.0
d66815037fba03ebe1e3bcb9967723aa,brinquedos,46,853,3,1349.0,35.0,49.0,25.0
50412efecf5c67eead5f761db931771c,moveis_decoracao,58,2059,4,2500.0,69.0,11.0,11.0
9820e04e332fc450d6fd975befc1bc28,variedades,,,,10800.0,40.0,40.0,30.0
dbdbf03d0f71aa48a4fbe6ac2a5dd2f3,utilidades_domesticas,52,1142,2,550.0,50.0,15.0,30.0
f35013cb05a9538a4428fa6161b2c96b,artigos_casa,60,680,1,1275.0,19.0,17.0,23.0
1fd2441965108612e42f81661582a3e5,telefonia,54,415,3,100.0,19.0,3.0,11.0
d1a864b43eab0ff2a9181a1ffef72744,utilidades_domesticas,44,681,4,550.0,16.0,12.0,12.0
60c93709754c1b56d6fcc7187a4810f3,utilidades_domesticas,57,685,1,2700.0,30.0,30.0,30.0
527a40078203cf108551cf90f6e3b018,beleza_saude,26,470,1,445.0,16.0,22.0,24.0
1d0576deaebcd2285a1fea5d43021ca8,fashion_calcados,57,404,4,700.0,22.0,12.0,33.0
9b762d5493c778a34af75c9270328fcf,informatica_acessorios,58,697,2,400.0,18.0,16.0,18.0
bcbd68571e8cf6d290a72a280b6b3b91,utilidades_domesticas,41,270,1,600.0,16.0,25.0,11.0
ca36223e14b83df526098afff99de992,esporte_lazer,28,109,1,400.0,16.0,16.0,16.0
a92044ede94468b593b5e4d92498f6c1,moveis_decoracao,58,560,1,2200.0,43.0,11.0,35.0
893b9464c6ab7f700148fe9db838b6b4,papelaria,50,279,1,3550.0,16.0,60.0,90.0
dc52f0f5d3ec37a93eaf956cde4e5d2c,relogios_presentes,60,539,7,400.0,16.0,2.0,20.0
86742dc5c815f1c8c04c6e323e3c1865,pet_shop,37,734,10,6950.0,48.0,28.0,31.0
800b4691fe11622089b5437c9713fe95,moveis_decoracao,57,306,1,1300.0,40.0,7.0,35.0
96cadd6d137bc9726fe1fae279d48631,variedades,,,,1300.0,25.0,15.0,14.0
d7db906531fe298de06721345a86828e,relogios_presentes,50,521,1,342.0,18.0,12.0,12.0
d2f5484cbffe4ca766301b21ab9246dd,informatica_acessorios,51,448,1,180.0,16.0,9.0,16.0
b2b7267fcaf435c1d6ff0fe43b6716d4,fashion_bolsas_e_acessorios,59,412,1,200.0,16.0,2.0,20.0
8ea996926ff2f9c0e50e2f70b8e01051,beleza_saude,40,3593,1,1100.0,16.0,19.0,15.0
f8ccd11a8dd63145c9a4ad4424195c77,brinquedos,50,735,3,600.0,20.0,16.0,17.0
7e9b52ab8c9b4c0fa93e431e8c3975e4,casa_construcao,41,500,2,117.0,19.0,15.0,17.0
3c5ba90e09547db90868e803d139de30,moveis_decoracao,20,262,1,8800.0,36.0,47.0,36.0
de35b12d754d29dc6d48ae30cfe1c23f,artigos_casa,52,202,1,2200.0,43.0,8.0,36.0
eb58d9eb4488178a84d9df65e7a42ad4,utilidades_domesticas,58,743,2,920.0,50.0,10.0,40.0
c7df652246ed7b3300aaf46960c141e4,beleza_saude,28,1455,1,683.0,29.0,15.0,22.0
7b22327a8222cb724f17c3a0aa392517,esporte_lazer,37,685,1,925.0,32.0,30.0,27.0
03d5bcd7db52bee20887c5034650185d,beleza_saude,50,1238,1,575.0,25.0,20.0,23.0
1cf0c9095608952cb1c65c4789946375,eletronicos,52,293,2,275.0,28.0,9.0,22.0
6189e02e0740fb983b93e8075e965290,telefonia,56,1520,1,250.0,16.0,4.0,11.0
3ca3e63474ecf703f9c2f935cd25d202,fashion_bolsas_e_acessorios,55,1434,1,200.0,16.0,2.0,11.0
8dfef1eace74e64779b2b82720cf9297,brinquedos,58,806,4,2500.0,20.0,70.0,15.0
272e51f7fc982529466144f8b68ec58e,market_place,42,319,4,3850.0,60.0,20.0,20.0
034abfb9b758233fd393bd361d4ec599,moveis_decoracao,63,259,1,900.0,40.0,3.0,40.0
6413f8d0daa3a38887a14917589e7da5,relogios_presentes,58,1283,2,225.0,18.0,8.0,19.0
abe171a94bee936786955f928bd764ab,artigos_casa,54,553,1,1300.0,35.0,9.0,25.0
94982c575245c1664b51851ec653a79e,moveis_decoracao,60,479,1,300.0,16.0,88.0,16.0
d9a5a5120d4d357871acd5408cb10e18,fashion_bolsas_e_acessorios,40,817,1,100.0,16.0,5.0,16.0
f538d01bc771eed83997a9e729627b73,bebes,49,796,2,100.0,16.0,8.0,11.0
04ca6bf4b3d9aa78046f0973efe2f4b1,seguranca,46,916,8,750.0,16.0,20.0,16.0
8191994b4b3b86f1a4164ec05253fe86,perfumaria,37,587,1,200.0,16.0,12.0,20.0
eaa3fffe22b0b5efe02db64ab9d3bf84,moveis_colchao_e_estofado,30,2073,4,1850.0,41.0,21.0,21.0
b93f2b23015548acbb6f8ee47a1fafa7,consoles_games,49,535,1,200.0,23.0,15.0,19.0
e485be8a88ca64e497e88b16af6cc11d,audiovisual,38,910,2,200.0,20.0,2.0,14.0
b6cefe1d620b9208fe6fae76b2c72887,bebes,38,1636,1,200.0,16.0,5.0,16.0
60bc15240c03ba82f305cd923bd93598,perfumaria,53,693,1,450.0,18.0,18.0,18.0
0c0caad13e2d2bf4efb9856075ad1120,utilidades_domesticas,55,372,4,6700.0,64.0,23.0,48.0
7a2f315c0441e5d437270cdfcb089c43,moveis_decoracao,25,271,2,13700.0,50.0,55.0,50.0
b41d86054cccdd1d4bb6c1835bfee57c,beleza_saude,42,376,1,500.0,23.0,5.0,11.0
801a8823d2fb3157110897e1af035a5d,eletronicos,47,776,6,1250.0,24.0,20.0,25.0
d5151727942c39a516b56c3e21a8bf63,informatica_acessorios,33,826,3,850.0,17.0,20.0,17.0
364c376300bf404053c44c790b493868,eletrodomesticos,55,313,1,2050.0,20.0,8.0,13.0
95fe41956fa436364136624dd46415c2,bebes,59,663,3,1263.0,40.0,18.0,32.0
67cee25aae565b8f1182ea8c37440103,moveis_decoracao,56,296,3,1650.0,100.0,7.0,15.0
2e80de39baa315ca5657caf93b47593b,fashion_bolsas_e_acessorios,41,487,2,14900.0,27.0,60.0,41.0
01fd8a430d3bea327b7c71e651391001,consoles_games,52,459,1,100.0,26.0,3.0,14.0
688ad0169550f8e2eb0307b61df3ba12,artigos_casa,41,515,2,1050.0,35.0,10.0,45.0
905434463b9e660873f4c2833b75ae07,pet_shop,55,800,1,11450.0,42.0,65.0,55.0
2d8f2be4f08788ee3bf5356af2b2ee6c,climatizacao,52,331,4,100.0,27.0,13.0,17.0
d7a389b75ee484bee049db1a54882b76,esporte_lazer,34,960,2,914.0,30.0,26.0,21.0
924b2122bcd5d6eb53d37a167d3b1d47,relogios_presentes,57,171,2,250.0,16.0,2.0,11.0
8ae4b5b9554c1d03c803bdd3875dad7b,automotivo,52,680,4,350.0,35.0,16.0,16.0
db624f08f4e059241d3842eb750ecd7b,moveis_sala,41,375,1,1450.0,61.0,2.0,21.0
3bec03860f3782ef8993056e01b8229a,consoles_games,36,156,1,400.0,16.0,2.0,11.0
3f3ea3e2bf902e8fa6748737a84f3c36,bebes,52,1465,3,450.0,30.0,10.0,30.0
1a6e1fb52f5f47e7b18578907d10174c,bebes,56,1107,3,1100.0,42.0,25.0,15.0
ef8c595d7bee1734828c0dde5ee24c93,ferramentas_jardim,63,600,3,8800.0,66.0,10.0,54.0
a5e74dc2d01e8b9df1590c7160358273,utilidades_domesticas,50,226,6,7250.0,45.0,19.0,45.0
e275b12a1775bcc17af5524af5ba80b4,variedades,,,,500.0,35.0,7.0,40.0
3cc52e01a315aba7f650574a3a256b1a,moveis_decoracao,53,1391,3,3100.0,35.0,20.0,35.0
51218a8d006d67354e44e530d57f9a20,esporte_lazer,23,211,1,950.0,24.0,14.0,32.0
a4fa3b8fa5953b0bd18bf4e0b4de499d,artigos_casa,58,189,1,1350.0,46.0,2.0,36.0
0d2865788d929343bde828269ea3dd8e,beleza_saude,55,424,1,1925.0,37.0,6.0,37.0
c41394a593b75e8e4f3d1fb5e93e151e,esporte_lazer,60,1332,2,28500.0,105.0,65.0,25.0
9bebdd5c142f3d0052c0377cc80b9385,papelaria,50,153,1,1500.0,30.0,20.0,17.0
f80214fd7d681d1dcf12b3acaf4f0da7,moveis_escritorio,45,1156,1,12250.0,63.0,58.0,24.0
5c478d826b60d0f057579a180fae4b05,informatica_acessorios,38,466,5,2133.0,26.0,24.0,22.0
306e3f4a01df9f621c3b841e21f4018b,informatica_acessorios,37,163,1,1133.0,27.0,19.0,19.0
544523486eda57c8fe25acfe423abaf4,automotivo,58,382,1,1300.0,22.0,9.0,16.0
2b6bdbd36e77e8c9909b853aa70863e1,informatica_acessorios,55,1525,3,2275.0,18.0,14.0,16.0
ab71466511b5e49de73454353d49a2ba,bebes,58,599,4,600.0,16.0,5.0,11.0
ca230e32eccabf9d497e3776f6801f5f,artigos_casa,51,186,1,3250.0,29.0,7.0,36.0
a1c26a87d00e216e5019700026d8d7ce,bebes,40,919,2,700.0,30.0,20.0,30.0
6b1605ea83cf0568a56ad15afbceb806,eletronicos,60,805,2,175.0,27.0,11.0,26.0
84c6e1fb0400fb720bfd40e3396e9044,moveis_decoracao,53,440,1,2900.0,40.0,7.0,30.0
38f894aa22356ddb9e98478fbc016083,artigos_casa,56,557,1,600.0,16.0,10.0,16.0
35d53a0d49b1f0e9635e60bb14da0c86,perfumaria,55,347,1,225.0,17.0,19.0,19.0
5626de2494437b1b23f9f6ecebc25faa,artigos_casa,60,196,1,1250.0,35.0,20.0,30.0
81e32892fb8587aa24b175d42bb6bfcc,utilidades_domesticas,46,602,1,2075.0,47.0,26.0,21.0
75a97eddd2c4f87073f7ae075a32989f,utilidades_domesticas,23,415,1,400.0,30.0,30.0,30.0
afc244a6c3db6832df12a4b8b34f515c,esporte_lazer,41,156,2,400.0,16.0,5.0,16.0
80a43af9cebbce401a0e92603326450c,utilidades_domesticas,55,594,3,213.0,23.0,11.0,15.0
4b6c44983d57ae2a934d661aca96d267,artigos_casa,55,247,1,1150.0,38.0,10.0,38.0
3b4db17ce4f2c8731f83b093db7aa0b1,market_place,56,1376,3,1750.0,32.0,10.0,40.0
01ef0716b68c8493434ad32430c24e18,artigos_casa,59,641,2,1250.0,16.0,10.0,16.0
729a3a9189a4303bd9b7e441aa0ae043,moveis_cozinha_area_de_servico_jantar_e_jardim,39,444,1,1700.0,30.0,13.0,16.0
963d31ba36326bbc6c8da3be482de3c6,bebes,58,2705,6,800.0,34.0,14.0,31.0
990ecadcf56234a68b3a0af8d01c0d8a,perfumaria,36,681,1,100.0,20.0,15.0,15.0
e1b8f6708fbd98896278e000251dd8c5,automotivo,30,530,3,650.0,24.0,13.0,21.0
291c7fc5097e83062a4377ca30c6b834,telefonia,42,509,1,350.0,17.0,7.0,28.0
94021629fe94938c83a4bcd146938d8b,telefonia,49,374,2,100.0,19.0,3.0,12.0
52113f93f479d50c87659d39f4a702e6,esporte_lazer,43,1397,1,5800.0,93.0,13.0,24.0
07bb371fdfa423305dd7e7d94cf36565,alimentos_bebidas,41,342,1,250.0,16.0,2.0,12.0
6589e2c0f75017847172a49dc61c99ee,esporte_lazer,41,2091,2,400.0,16.0,16.0,16.0
c8dc26795ea2ee96f3fa57453cd7667e,pet_shop,59,888,1,300.0,30.0,30.0,30.0
61df31fa1090e36db0b04775b1df4b10,perfumaria,56,1132,2,350.0,23.0,7.0,18.0
0198a991deae439205851e71a7b0bdf7,moveis_decoracao,63,157,3,12600.0,74.0,8.0,74.0
5c973b4202aac5c372a483e712306f4f,artigos_casa,38,182,2,350.0,25.0,9.0,19.0
1764de90ccf31194230a1d33c9cb7dfd,jardinagem,47,734,1,1625.0,22.0,19.0,12.0
c4fa0206ee58c2694c9642e6483b576a,perfumaria,51,784,2,525.0,16.0,15.0,16.0
57d79905de06d8897872c551bfd09358,telefonia,59,540,4,300.0,17.0,4.0,12.0
bf04528618b481f107b7ea5747432102,eletrodomesticos,46,1147,2,300.0,16.0,11.0,16.0
7c91038b7370c2ea3343e1472be3e97c,variedades,35,596,4,200.0,17.0,9.0,14.0
21634fadc73ca34ac36813b02f1f10c8,utilidades_domesticas,51,906,3,800.0,44.0,14.0,35.0
c0a0317835135e4c05a7efcb08ca7fb7,brinquedos,50,2048,2,300.0,20.0,10.0,15.0
7d04659ff78e0f7d991e8b699b5e5c3e,relogios_presentes,54,506,2,267.0,16.0,17.0,13.0
5e8aecf4f90080173b0afd1bea6c129f,eletronicos,39,141,3,200.0,24.0,13.0,13.0
07591f80309eb6393c6af043b234cb83,moveis_escritorio,42,2230,1,16650.0,58.0,28.0,58.0
053bc43c110771a8ade43dd4462c3fa0,moveis_quarto,58,793,2,18500.0,38.0,58.0,38.0
24016cd8f7a556eaaf043552e23df9f4,utilidades_domesticas,48,410,1,650.0,25.0,10.0,20.0
e78506414d2563b6414cfd84b7fa0802,perfumaria,58,827,1,460.0,20.0,14.0,20.0
495f1884e16937f2eb31508ffd9c4162,utilidades_domesticas,51,349,3,4900.0,46.0,31.0,38.0
ac2075f88185bb528b66bfb7a5646369,moveis_decoracao,59,721,6,500.0,16.0,8.0,11.0
6781eab14bf137c9a168c67a29c92c29,relogios_presentes,34,691,2,481.0,18.0,13.0,15.0
0da904b76a8131e90eb8af2e4826ea59,esporte_lazer,40,352,3,700.0,28.0,20.0,25.0
7ae50b74ad986c344d970b0d8337d9de,automotivo,48,1159,1,440.0,19.0,9.0,13.0
101a896b1137f70a7bbb2b9fac61458d,relogios_presentes,46,561,1,342.0,17.0,9.0,12.0
173d5a1b6c4ea4f41aafca840646d240,informatica_acessorios,60,2442,4,100.0,16.0,16.0,16.0
11068d52d5927407c556ffd893c3feae,beleza_saude,43,1364,1,2300.0,30.0,12.0,16.0
3a190a87d4cb405372538cabe41788a6,informatica_acessorios,51,1066,2,375.0,16.0,13.0,14.0
be55ae76be8824525f40695d49a5a7b5,agro_industria_e_comercio,42,370,2,2350.0,18.0,36.0,18.0
48abab76a7346e27ed907fed3f388483,utilidades_domesticas,42,711,1,4900.0,25.0,60.0,25.0
ad113e2e3b77e66ef6ecfd7386cd13ac,variedades,,,,1700.0,16.0,36.0,13.0
51250f90d798d377a1928e8a4e2e9ae1,perfumaria,54,937,1,50.0,16.0,5.0,11.0
187b7f06c80dc6842fdd117909a05be7,moveis_decoracao,48,219,3,300.0,16.0,5.0,20.0
6cc9186dabae23739b55d97cc649c686,moveis_decoracao,33,471,1,450.0,20.0,20.0,20.0
6d426dd1336e5a7d34470ae65bc68abf,telefonia,30,679,2,3060.0,30.0,11.0,26.0
b86342c63a6cf10c0bd92517b1a592bc,automotivo,60,1657,3,550.0,16.0,21.0,18.0
d348ac5af6bfd272f42c47f26e56a425,artigos_casa,43,352,1,1100.0,45.0,11.0,11.0
834df04774f3aa4b60bfd6f839f448bc,fashion_calcados,49,375,6,300.0,29.0,7.0,16.0
c7ef7595086f6654865bdd390d924f73,artes_e_artesanato,35,1299,1,2350.0,20.0,14.0,30.0
92fc46ca7d96704d71f84ed65943a0c1,bebes,30,430,3,1500.0,16.0,29.0,42.0
79a0f9f823d85410833d712d89666717,utilidades_domesticas,60,361,3,1400.0,39.0,18.0,27.0
9defbbbbd3c270b0c41dfcbf70582147,artigos_de_festas,59,573,8,3750.0,41.0,16.0,39.0
7deb2eaebc9527d1f8bd20169d3c6b31,esporte_lazer,27,144,1,189.0,19.0,13.0,16.0
8e6e09d38503b28b4d2f3f0450bd6fc9,beleza_saude,58,775,1,250.0,16.0,10.0,20.0
0364c36f8e845e4d309c0a3accc04b1c,moveis_escritorio,47,1158,1,16800.0,63.0,58.0,24.0
4991aed650384274b2e7bce99caff130,esporte_lazer,23,485,4,300.0,18.0,8.0,16.0
1e587ac160dfda2548e3517c33e7faf0,ferramentas_jardim,56,1926,3,1800.0,33.0,23.0,11.0
9a8706b8c060b16e5f0d2925f20bc35b,esporte_lazer,33,73,3,100.0,25.0,25.0,25.0
f34aa01a3fe4306c96dccc1256bfa358,fashion_calcados,54,404,4,1500.0,22.0,12.0,33.0
6a44a19c645421001ab4d4c7eb1b687f,brinquedos,58,569,5,20850.0,45.0,50.0,45.0
97282eb8f31c2cd056e836a69923bab0,artigos_casa,59,604,2,3200.0,50.0,10.0,40.0
2ae94d219369eb83f204effd82cb9f31,informatica_acessorios,51,562,4,350.0,16.0,4.0,16.0
b143192e3491149ed56551284da70b15,bebes,35,1054,1,350.0,30.0,20.0,30.0
e83371d8afd820fde9ada3e2ae12f4c4,moveis_decoracao,48,1460,6,350.0,35.0,2.0,25.0
4b2042bfdcfa4cf33625cad29a15e107,fashion_bolsas_e_acessorios,38,236,2,200.0,24.0,9.0,16.0
43423cdffde7fda63d0414ed38c11a73,relogios_presentes,41,1159,4,350.0,16.0,14.0,11.0
d9cb2ed0c6d5ccdd1da7ae9e8cad120c,utilidades_domesticas,60,446,5,10300.0,45.0,28.0,45.0
0296dd002a346e3bbdda4e0bc48a5073,moveis_quarto,43,1527,4,13450.0,76.0,14.0,56.0
d2f391b26a0f90176e7a118c6988787d,telefonia,56,1705,2,150.0,17.0,12.0,17.0
06f89d2b2a8b4994e56366402feacba9,consoles_games,58,1811,4,750.0,16.0,8.0,11.0
627290fff23f56cd331134527afdb44c,moveis_decoracao,38,1719,1,800.0,53.0,8.0,11.0
ae3e0cf8b9e4a3a027fc5d4b0a3eb2a0,telefonia,53,538,1,200.0,19.0,4.0,12.0
133eefb3fc03b13ebded258788747304,telefonia,36,381,2,100.0,19.0,3.0,11.0
2ab3937e84ae4f7c4b6549b05c95df0b,telefonia,61,2845,8,100.0,20.0,15.0,20.0
16b1b4ab7d5e3918d20c5d3da3cb8247,eletronicos,43,463,3,100.0,18.0,14.0,15.0
db06cb56480828c737eb321fa65529fe,informatica_acessorios,42,496,1,1000.0,18.0,9.0,16.0
39478306951bbc2bdafa47682ce2ea10,relogios_presentes,60,576,3,250.0,16.0,2.0,20.0
115d882d50c476a481e899b79aca6174,eletrodomesticos,59,1304,1,600.0,16.0,10.0,18.0
3a8ff46f18e44e6c0b36e8b03de7a661,automotivo,59,404,3,100.0,24.0,2.0,17.0
b75bfef8088ebc4d703a3cbb655546f5,esporte_lazer,51,587,1,6500.0,18.0,18.0,18.0
ab52c2c44ec8bebc9559a03ec12c8eec,papelaria,50,318,5,1500.0,38.0,30.0,28.0
a0baf68f73515bb20254e024f0cae124,instrumentos_musicais,63,995,8,10000.0,50.0,26.0,46.0
4cfc416f8442732b89ab2c1bbeabe9da,bebes,40,435,1,500.0,34.0,8.0,21.0
09a37f198e0277139a41558113e4ca9b,instrumentos_musicais,55,684,1,950.0,22.0,9.0,57.0
f077214034cd3d8d4f35074bc2ddf0dd,informatica_acessorios,28,1375,1,1167.0,21.0,15.0,13.0
9456cf1bbafac590a3b7698a06cb190f,perfumaria,30,138,1,200.0,20.0,7.0,20.0
848571fddb8936358c30d2a9534c2848,esporte_lazer,31,238,2,1100.0,60.0,15.0,15.0
2bcade3be09c837c06332d0aac506d23,esporte_lazer,50,970,2,400.0,25.0,15.0,20.0
d69b7880f262ed14de5f8149d2f0931d,fashion_bolsas_e_acessorios,53,1434,1,4600.0,16.0,2.0,11.0
1473e2c8f813f1f2ec24bd8ff09ff55c,automotivo,59,695,6,1350.0,47.0,19.0,23.0
a999d76a7f3637ea493214fba43b5470,utilidades_domesticas,59,642,2,1200.0,22.0,12.0,22.0
b29c1749f99da888ea322a01420d5220,eletronicos,60,2532,5,1100.0,30.0,5.0,22.0
85e47c36b9e15522778da086983e41f4,esporte_lazer,34,348,1,90.0,21.0,4.0,19.0
35382d3a4938866b6dd534f2d6c18763,esporte_lazer,47,720,1,575.0,19.0,19.0,17.0
f0096308129bfff1e9d11aa389fe23e1,eletronicos,38,818,2,600.0,16.0,11.0,11.0
4f0e792a9848638db4b1e3f1b5ce1c58,brinquedos,29,117,1,450.0,23.0,16.0,19.0
6e40985ec667ded54668d2b70a7aa0a2,ferramentas_jardim,47,495,2,550.0,25.0,15.0,15.0
dd60cac04e6bcbc919cb1c7dcc473211,utilidades_domesticas,59,379,1,900.0,45.0,20.0,25.0
e90ed53e840b695011804e816dc3bdd6,utilidades_domesticas,44,918,1,20100.0,42.0,63.0,42.0
56f096959d0abfbb601eaf570323d766,beleza_saude,46,638,1,950.0,20.0,20.0,20.0
61f892cad282d3059bd33ae0eef5b02d,moveis_decoracao,58,1057,1,500.0,35.0,7.0,27.0
38021cef829efa264df6f9d21c4df6e9,instrumentos_musicais,37,182,1,250.0,24.0,10.0,11.0
b8dc4867c94b411e2b801a7ec790a4d2,utilidades_domesticas,59,379,1,700.0,25.0,21.0,21.0
c872a0597aebcf0777299db27d6d94d4,beleza_saude,39,2389,1,3600.0,16.0,28.0,11.0
0e643adf6c6b66f31c00e354a06ee0ab,esporte_lazer,59,2842,2,1975.0,44.0,46.0,39.0
7851efb8bb0ad47b04465d6794c57814,papelaria,49,432,1,4050.0,26.0,26.0,26.0
54d2c5fad57672a4137d94c034827a13,utilidades_domesticas,59,362,1,1100.0,91.0,13.0,11.0
eebf4e6c00fe7a6ce21a0a693f02e49f,moveis_sala,43,430,1,13700.0,58.0,40.0,25.0
6adc261becb6dfbd0fec7c705521f76b,pet_shop,38,88,2,675.0,20.0,18.0,17.0
6fc899fd090b5b49145aefa27ce95d82,telefonia,56,677,2,100.0,16.0,6.0,15.0
4c05be00027392c898ab59a94fad2151,beleza_saude,53,1101,1,250.0,26.0,5.0,18.0
24c855c83d506d85c7386ff94d6c8db1,esporte_lazer,48,3402,1,700.0,25.0,25.0,25.0
7192b9106c527efa0a6201bfe26ad753,bebes,29,989,2,2800.0,51.0,35.0,26.0
6a09d996beaebffe169f70c614ac2485,informatica_acessorios,57,317,1,170.0,23.0,11.0,26.0
d6c90261eb664ba97949a548e55d6c34,artigos_casa,54,289,1,4100.0,40.0,12.0,38.0
6b00cb3fe05c73d0acef3fd949a34c0f,brinquedos,34,254,1,200.0,16.0,10.0,11.0
9fd2f153a01bbc71f5d9fe618da73738,brinquedos,55,750,4,8250.0,48.0,38.0,36.0
73064dfeb27bf7cc4599c2f842438bad,utilidades_domesticas,32,115,2,900.0,16.0,13.0,13.0
d8a3b568800dd60242c366e5e02184e4,esporte_lazer,56,627,4,550.0,16.0,10.0,12.0
b7f7b781db33f7f78996fea3804d6766,eletronicos,42,600,4,450.0,19.0,23.0,19.0
28c95d7653177449fd4b6fc7adb63ce9,relogios_presentes,37,438,1,450.0,18.0,11.0,14.0
957bdadbdfc3aa7b33ac86d926721838,beleza_saude,48,832,1,450.0,20.0,15.0,15.0
8a34e97a5098e93f13e0573591fcab5e,ferramentas_jardim,38,1818,2,5100.0,46.0,20.0,46.0
5a3564d805d5fb2e52e88bb740d9b4ea,beleza_saude,57,828,1,200.0,20.0,10.0,20.0
f7d7b5c58704fb359a74580622800051,artigos_casa,53,223,1,950.0,45.0,15.0,35.0
2644ba2d059f5ddf0520e34db25fb62d,relogios_presentes,54,1287,4,400.0,16.0,11.0,12.0
cc02ea01817f1cb21e6708bc19f1ee20,industria_comercio_e_negocios,45,704,1,4400.0,36.0,12.0,45.0
887c03038c774a15272a3e75ca7b4fa7,informatica_acessorios,58,548,1,150.0,16.0,14.0,11.0
b4693721011686a49e4b8fac4e527dde,moveis_decoracao,42,789,1,450.0,20.0,35.0,20.0
a9bee48e0a7a18e54e069c38a97e8b6c,utilidades_domesticas,28,264,2,400.0,30.0,4.0,17.0
6c698925de870b02a87e337a0d3af1c3,perfumaria,50,248,1,363.0,22.0,16.0,20.0
8815734317fa2693bcce3db610158d92,artigos_casa,51,477,1,1400.0,20.0,20.0,20.0
12c567b916f6f3bb02b2557456a30212,esporte_lazer,54,967,2,3100.0,30.0,13.0,25.0
fe1ee1f8bfbb79fe10856189a0c35229,utilidades_domesticas,49,413,1,1400.0,33.0,26.0,28.0
54d9260785f11c05ad373ce8465212da,artigos_casa,60,106,1,750.0,20.0,10.0,15.0
7d4f5c1f7ebe33c1d57bdb4fef97c174,eletronicos,35,557,1,1950.0,27.0,7.0,27.0
667058878eaaa9a381ed3e6b1f8b8cda,telefonia,60,850,5,300.0,17.0,4.0,12.0
8d6f2c3454002d3f5aa7479a7fad7794,moveis_sala,52,1105,1,30000.0,80.0,60.0,60.0
442c4ff18b437710dbb8ca943e7ac401,esporte_lazer,32,916,5,75.0,28.0,20.0,30.0
b49315bbc5fe119fafd17c53f573bfae,ferramentas_construcao,53,878,1,150.0,19.0,5.0,25.0
f32415d23c358ef1e387a7d329d9ce9f,papelaria,59,276,2,550.0,66.0,12.0,12.0
224f4ce3262279a31db214df54befe1b,beleza_saude,56,608,1,350.0,19.0,12.0,13.0
f495f61bdd34742ab23c7fabab99323a,consoles_games,58,951,6,300.0,21.0,7.0,16.0
9a6ff23254c73d6c6e1f630d220fec9f,artigos_casa,60,243,2,1850.0,50.0,10.0,40.0
aefd95d8fa48ead0bcdec7fb758daea0,pet_shop,22,596,1,200.0,23.0,8.0,15.0
724bdb3b1f6738521676856d7577e451,artigos_casa,56,210,1,500.0,16.0,10.0,16.0
76f4d017416dbf316f05abe3a1aa04df,fashion_calcados,53,408,5,1400.0,22.0,12.0,33.0
ba18adc40ca44b32fa25f2dd031e1d6c,eletronicos,50,585,2,183.0,17.0,7.0,12.0
9db80a1001d694e578f7e4ed77db792e,beleza_saude,59,159,2,200.0,25.0,15.0,15.0
5f52559f184d17058ef24e705a0b4ed2,informatica_acessorios,33,1147,2,200.0,60.0,16.0,11.0
baa1fd3231ef36f7fea009503748eab4,beleza_saude,58,418,4,400.0,15.0,13.0,14.0
857d73e07effc672f1427fd2581d6cb3,variedades,32,356,2,600.0,32.0,4.0,29.0
1817be76e48588632c33c4f112a79426,relogios_presentes,50,509,2,283.0,20.0,13.0,20.0
069a004edf898d16c9331bafd6ac7f46,moveis_decoracao,28,929,4,950.0,25.0,25.0,25.0
060965aa6dfa817b80abda0c9413cc77,artigos_casa,59,3863,5,22250.0,85.0,23.0,68.0
cd7f7f00061ea28ae06afc6dc5786cf0,moveis_decoracao,33,1183,5,350.0,68.0,8.0,13.0
5264bb8a8395e30c0d59ac73be2c7613,telefonia,29,341,3,83.0,19.0,4.0,11.0
35d56b64516746f2046a4dd2b16f9027,climatizacao,60,641,1,4583.0,41.0,47.0,33.0
0ff3339eba4028a9dc569a61229c465a,informatica_acessorios,50,801,5,100.0,16.0,4.0,14.0
072beb18e7e338f786c4984843463ea9,beleza_saude,52,1877,1,325.0,16.0,16.0,16.0
65841ad29fc48cd40902e03da7511e05,variedades,51,1279,4,7750.0,58.0,33.0,61.0
1427b126f61597524866770b05d4eed2,informatica_acessorios,51,378,1,200.0,17.0,13.0,13.0
10a03d415cde6853f5f246661f9d1bf0,perfumaria,47,902,1,300.0,16.0,11.0,11.0
854f1672c41eaa84b3e3a79e06146f63,telefonia,59,777,6,350.0,17.0,4.0,12.0
50a64d6b01398039142e3e0be6f2fca4,artes_e_artesanato,50,856,1,5900.0,40.0,10.0,30.0
1395c0f64373a0771d89b9f16f185dc6,pet_shop,49,701,4,650.0,25.0,30.0,20.0
a6b56b20f93907299eef6ea711338269,pet_shop,52,1699,2,10150.0,50.0,5.0,45.0
77d33bd0b4fcc822df9ee16dd7c13a13,audiovisual,45,701,3,150.0,20.0,20.0,20.0
3ab181ea2f9cc4be74bad27ef8a03492,artigos_casa,57,293,1,3650.0,40.0,10.0,30.0
f9a8853f6e322ff0ff068ca9f315b5d5,papelaria,56,984,4,250.0,30.0,30.0,30.0
aacee6f1f7be193e891a8cca7a3a849a,fashion_bolsas_e_acessorios,47,726,6,100.0,16.0,9.0,11.0
ea8062a20ca055f459f3a99eccdec4b5,variedades,,,,200.0,22.0,14.0,14.0
35e30f098f0bdf1af247ff22a9b14fd8,bebes,56,718,3,5050.0,30.0,5.0,30.0
8ab46c51f623061b5d81424699d885f0,beleza_saude,49,867,1,600.0,16.0,20.0,15.0
f3637eb5ce07d19f2f9eca6bb7dc29d6,automotivo,52,666,1,700.0,16.0,11.0,11.0
ae39a60d9d830340edf374b7cb0f6e71,moveis_decoracao,63,1747,7,30000.0,65.0,50.0,70.0
6c8dfcd9be1c04a1b4f98bb6c283a6aa,instrumentos_musicais,37,284,1,289.0,37.0,12.0,13.0
3f9db4ff95890df33167856d315a05bc,beleza_saude,33,443,1,1750.0,23.0,23.0,22.0
03fed41c5e9067007d852ff83d602753,brinquedos,46,1107,1,19650.0,75.0,76.0,22.0
9cfb6da38dab3ad1f5e8cf3189ab6ae1,moveis_decoracao,59,241,1,700.0,40.0,10.0,34.0
635b0964f7d41f9ce3275551c36a44d8,malas_acessorios,49,244,1,700.0,34.0,24.0,21.0
6b6b162b177d0f36987993aecbe1c65f,pet_shop,36,876,1,20450.0,35.0,35.0,35.0
575889c312f07612d39648ea61253cd5,telefonia,45,169,1,250.0,16.0,6.0,11.0
ca5c923962558430573f83661dbe36d6,pet_shop,59,747,2,1250.0,40.0,20.0,30.0
b973581b7ad538c460edbf9378b173ad,beleza_saude,36,538,1,350.0,16.0,19.0,12.0
1799c1c2eadf9f798fd74599e6028510,fashion_bolsas_e_acessorios,36,822,5,50.0,18.0,18.0,12.0
72cd62166086ea7878031f2ad9e3c1c2,moveis_decoracao,51,688,1,250.0,22.0,2.0,32.0
0eb5d1d033dcdd7b9b11658ce84ee8e9,pet_shop,54,350,1,350.0,16.0,4.0,11.0
67386fbc7551e00d4ec499bdfb317683,utilidades_domesticas,21,60,1,667.0,25.0,25.0,26.0
8370d380081c2d0956d4d134e445854f,variedades,37,697,3,200.0,18.0,8.0,13.0
ed0a1bec6300918e25cecb6cdb2a2c0b,beleza_saude,38,653,1,50.0,18.0,12.0,15.0
5991d036c20c6afec567cb3b852e616d,utilidades_domesticas,55,595,1,1400.0,30.0,30.0,30.0
62ea5f65c53b526eee8ccada76b1446c,moveis_decoracao,60,1486,3,1950.0,105.0,3.0,70.0
6d01fb6c593d9afd887262570b656f9e,market_place,42,2511,4,2350.0,22.0,24.0,40.0
d8b66f40733554b25f9c67fdcf2b0928,relogios_presentes,54,606,1,617.0,22.0,10.0,12.0
dfeb7c8b7bede7a7bab2d4eefdebd5ac,brinquedos,31,1156,1,500.0,17.0,10.0,12.0
1c22fe6866020a6484b6087d20e23516,automotivo,39,488,4,300.0,48.0,5.0,28.0
e29a76f2a3941ad2dba120f90a536829,casa_construcao,52,1653,3,10550.0,40.0,30.0,30.0
213e2ce140e9d3ed98d1a89b6cbca7c3,automotivo,27,496,1,1933.0,28.0,13.0,14.0
ba4d4408f422ce8b42de69cbf879f5f9,alimentos_bebidas,38,916,1,300.0,21.0,10.0,15.0
c38640ae3a92231abddd15f1fd863eb2,automotivo,56,596,2,925.0,60.0,8.0,33.0
c8eb5b2d7173db25ec9bfc54dcb4ccbb,bebes,44,1135,1,450.0,25.0,15.0,17.0
739623b89d74a8fe22a2c7c8d77b12ec,beleza_saude,59,290,2,200.0,40.0,5.0,11.0
94e7b2eb60fecce634f6dac06285c3a4,informatica_acessorios,61,240,1,700.0,18.0,8.0,16.0
39d5577b413907bf3a1d2f9ab9510863,artigos_casa,54,229,1,1500.0,40.0,5.0,30.0
304fad8dc4d2012dc4062839972f2d96,ferramentas_construcao,59,1775,2,1700.0,16.0,11.0,11.0
e28a83b76a4ef29f90a34d134961e22f,esporte_lazer,49,749,2,2800.0,35.0,12.0,35.0
0ceb7ce77881482fe28344a2c31fb584,automotivo,59,1133,3,825.0,25.0,18.0,23.0
c0f957a555a4963d82840e7ca9e06796,esporte_lazer,45,3044,1,1900.0,27.0,17.0,17.0
485aa17cb179a6624fb0c9e12cc639d1,variedades,51,873,3,900.0,18.0,9.0,27.0
3a362c0e7f9a69276e2d95869a3e143b,beleza_saude,60,919,1,150.0,22.0,3.0,15.0
b935c4a30d29406e3633e74b9b887307,artigos_casa,44,232,1,2200.0,38.0,7.0,31.0
2ffdf10e724b958c0f7ea69e97d32f64,relogios_presentes,59,582,1,263.0,17.0,12.0,13.0
26baeb9025380946e10f3f86d808e24d,variedades,30,262,1,287.0,25.0,10.0,21.0
d9e77a9aeffd10aa1a6f2d0ad00608ac,ferramentas_construcao,60,327,1,29500.0,43.0,13.0,43.0
189d6b9a380642d0ee2245277cc9b2f2,artes_e_artesanato,45,379,3,1250.0,19.0,10.0,22.0
a8cb589d0aa5e6308a8fcf133ecca711,variedades,,,,990.0,18.0,27.0,17.0
181abab3cccc131f868d3bc7a5b97fd0,moveis_sala,38,433,1,1100.0,31.0,5.0,31.0
956d19f9b8366d1675cc4ffd0bf10d87,relogios_presentes,59,870,5,400.0,16.0,11.0,17.0
966b5d9192f75a085e72b4861e25b5df,esporte_lazer,46,894,1,5000.0,64.0,48.0,22.0
4283c900275a984c6684fd9358cd20a3,ferramentas_jardim,25,273,1,335.0,21.0,21.0,16.0
3a4c258c71b027dfe480fdb608e2d9a1,fashion_calcados,53,408,5,1400.0,22.0,12.0,33.0
39084b68d30ae3ce2bdaf467ed4f3dbc,perfumaria,23,217,2,250.0,16.0,11.0,11.0
d9d3f97d19971e6e134c04428b7ef416,moveis_decoracao,59,669,2,600.0,16.0,12.0,15.0
80e0f6715654455d56df24bd11480824,livros_interesse_geral,24,257,2,550.0,23.0,3.0,16.0
164ef5973ee113556104727b850ae68f,papelaria,35,165,1,700.0,50.0,18.0,34.0
cc99f9e6673b4a99658d70f73c3bf1e6,moveis_decoracao,60,782,1,1150.0,37.0,5.0,28.0
60583a83a08e3bb8c9fd974983021a34,utilidades_domesticas,60,396,5,3600.0,46.0,19.0,32.0
5d923ead886c44b86845f69e50520c3e,eletrodomesticos,58,284,1,1200.0,25.0,33.0,25.0
424894ddaa2676e63fa0ec704d7132af,fashion_bolsas_e_acessorios,43,226,1,200.0,24.0,9.0,16.0
f8d3e4ddff67f24dc2e481c6ed11c505,utilidades_domesticas,57,488,5,750.0,28.0,20.0,28.0
b9a248fd2814f6564a158c8f3c2b1db3,relogios_presentes,56,184,6,200.0,16.0,2.0,11.0
36e3be906f26fd10ba0470f646f66c91,artigos_casa,46,2377,1,1700.0,30.0,23.0,11.0
bb225b185b631d856dc1580ca5c3708e,beleza_saude,60,950,4,1300.0,42.0,12.0,11.0
aa7f79d969950d52a482f5450f2e9fee,casa_construcao,60,456,2,400.0,16.0,17.0,15.0
bc9b777dcebf814cf56193dcef254448,beleza_saude,45,315,2,250.0,16.0,5.0,20.0
f6a1427197e9c6f9e433c669e64d07bf,moveis_decoracao,41,1554,1,300.0,22.0,6.0,20.0
4d882bfbe6d83c0671d5b2776d46c248,moveis_sala,63,745,1,28100.0,97.0,9.0,75.0
811f973313e8219988a69cc140c447f0,artigos_casa,50,465,1,13350.0,20.0,20.0,20.0
c1c27de6591a9eaeb865eed7b905b046,audio,41,372,4,517.0,27.0,22.0,25.0
b620a403f100fea663ebb5d3875945b6,fashion_bolsas_e_acessorios,55,731,1,200.0,16.0,2.0,20.0
4a24717893a6c8f3cfcf9843b8987d15,artes_e_artesanato,36,576,5,350.0,32.0,2.0,28.0
458a38626f2b1186239246c1af1e3e89,brinquedos,39,700,2,500.0,23.0,17.0,11.0
3feb2f6b9b4daff28db958eca479c56e,casa_construcao,55,523,2,5350.0,40.0,30.0,40.0
6c8353ee35a281d45677fc3715958586,informatica_acessorios,42,756,9,200.0,16.0,2.0,11.0
7df273a844215f8c7bf5aca8266608e1,moveis_decoracao,59,1963,4,1300.0,69.0,11.0,11.0
5d8ad55d3f8971622b53ef88f1229af9,artigos_casa,58,217,3,2300.0,40.0,20.0,30.0
0b3f89ace3b97bec2e2d981cfd2537b3,artigos_casa,54,229,1,1150.0,40.0,5.0,30.0
0bcc3eeca39e1064258aa1e932269894,ferramentas_jardim,57,339,2,1800.0,37.0,22.0,40.0
4d88bf79cfba786c4f220da5869dbd0b,variedades,42,1022,3,3533.0,37.0,53.0,44.0
349b69653420b6014582513d4ce6c934,papelaria,56,781,3,400.0,44.0,24.0,32.0
4b1217e5e770dfe05d07a95f5017a27a,automotivo,57,1453,1,300.0,16.0,18.0,15.0
0bba7f78f15c9bfe3964a088ae67ba0a,automotivo,34,419,1,9100.0,30.0,60.0,30.0
27415b11da7e8c4e6f14892108bdf02a,eletronicos,59,763,2,200.0,28.0,9.0,18.0
ee99026a2d04ff2294f42f8cf337029b,ferramentas_jardim,54,1736,2,1300.0,25.0,14.0,24.0
ead266a05b90f4ef77c8c3469bf89e3a,informatica_acessorios,44,1096,1,575.0,18.0,20.0,18.0
7ce57d3b4580add21034625c406cfd6e,moveis_decoracao,48,219,2,600.0,16.0,5.0,20.0
6ec26071510e1cf38d6988f473f8d7a5,moveis_decoracao,60,454,2,433.0,47.0,4.0,35.0
b7550710491181180a97295a6b9faded,seguranca,57,2457,1,7250.0,31.0,31.0,31.0
50e08517d3e71a6c24abf633e8d88ca1,utilidades_domesticas,55,1733,1,1818.0,33.0,17.0,26.0
d86db9a9e478ff057c0541537639a10e,moveis_decoracao,60,379,1,300.0,25.0,2.0,17.0
4d0ec1e9b95fb62f9a1fbe21808bf3b1,artigos_casa,60,259,1,1550.0,30.0,5.0,30.0
966746deb2173a72d95ca8b80223f014,artigos_casa,59,565,1,750.0,16.0,10.0,16.0
5455dbe20e64b08413e0f2c451e31ab9,variedades,,,,700.0,43.0,7.0,54.0
c1ec41f62db54e0bfbca55a7068f0b5e,perfumaria,58,264,7,400.0,27.0,10.0,15.0
7a73e747f2af0ee8647b325e69812acf,utilidades_domesticas,59,1374,1,2200.0,16.0,44.0,34.0
3963a38599692e337822f032da892d5e,casa_construcao,53,849,4,600.0,22.0,18.0,22.0
e08192138b9dd9d108e24309947e57f7,beleza_saude,32,650,1,1200.0,16.0,16.0,16.0
ed50ef551530d9a6966c1b0cdfed30a1,papelaria,45,522,1,350.0,25.0,10.0,17.0
1fcbdcb14ed564faddf72bbcef855036,iluminacao,53,1146,3,300.0,16.0,10.0,16.0
ebc5d9dbe580179bfd3d098c54748f56,utilidades_domesticas,57,594,1,2800.0,25.0,10.0,17.0
be4cf22bb84e3fd215db5076e3047d51,esporte_lazer,43,588,1,135.0,18.0,10.0,13.0
4ef0124968bdc099c9a992a37bcb4155,bebes,34,514,1,700.0,36.0,7.0,32.0
efe8da1f11d73ce34a722a904ef4b72b,informatica_acessorios,50,1409,3,300.0,20.0,9.0,14.0
4c1402c34f16afeb4c737aeaaf23fd0b,automotivo,52,294,1,8900.0,105.0,15.0,34.0
2e104fe380a40d60654e7b36c7cf0fbf,seguranca,53,1078,1,250.0,20.0,11.0,15.0
198ea0e78807db11ea9ed486b8a0e320,brinquedos,18,366,1,600.0,30.0,16.0,20.0
c4acfef3648dc249668e3e8380902cf8,automotivo,54,853,3,1750.0,24.0,69.0,53.0
68c62bdee06acdb180f27f73a34cc40b,artes_e_artesanato,35,178,1,350.0,16.0,6.0,11.0
49e32ecc1547ad9af62e9c7de8197172,bebes,59,121,1,700.0,39.0,16.0,40.0
141b7f1c4036e50d42d9ba4b253d59a0,automotivo,49,725,6,1850.0,31.0,28.0,28.0
b636ac626ebe07049f600c5490cc76f8,fashion_bolsas_e_acessorios,49,1382,2,350.0,16.0,2.0,20.0
16616beea59b12efb813aafa8b759f23,telefonia,50,1986,1,100.0,19.0,5.0,13.0
41f1e5a38185a9ae6090a552b712ba43,variedades,,,,200.0,16.0,2.0,11.0
11a8af1af041fa2d890e7922566feadb,fashion_bolsas_e_acessorios,52,264,5,200.0,16.0,6.0,11.0
804a1a0d5ac09246cf0d527bbd4c5aa3,artes_e_artesanato,34,137,1,250.0,20.0,8.0,11.0
67aa395a5cc2e28207a6227ed48749d7,ferramentas_construcao,59,774,3,850.0,24.0,7.0,24.0
ec43500eb99241b5278775e78a38dcea,pet_shop,57,1573,6,18150.0,56.0,45.0,51.0
c0a933a473d7482b1ae218c7f3a0c743,livros_interesse_geral,31,1457,1,1350.0,26.0,15.0,22.0
16aa6553ee2cf0a316e29f8808ab165c,perfumaria,53,521,1,500.0,16.0,16.0,22.0
ffbe169d395060d7fb975c990581a329,moveis_decoracao,52,1141,3,700.0,40.0,11.0,30.0
88c676304d4d4f0eaafc6ca88308f83b,instrumentos_musicais,60,538,1,3300.0,20.0,20.0,20.0
356260965b761056864ff939baeb4b22,pet_shop,48,761,4,9150.0,49.0,32.0,35.0
29bcb163d2d9fdda52f39e9b84f2eec7,informatica_acessorios,47,517,1,900.0,35.0,15.0,15.0
ecb054d15ac79df23f143de21d0dea23,esporte_lazer,55,297,3,200.0,25.0,25.0,25.0
4ae1bd4115a0ea08489ff7e821ddc4e5,moveis_decoracao,37,314,1,5300.0,40.0,20.0,40.0
d76b0c7f80641d892f4e650e74e4c120,beleza_saude,49,1245,3,1150.0,50.0,10.0,15.0
040fe1cdb263eb2c9b1322875b0afcb7,perfumaria,36,561,1,2303.0,26.0,15.0,23.0
9d489ab920498d03a7eb2c70866e5982,audiovisual,34,785,1,200.0,20.0,2.0,14.0
ea1d9847778160f2d0c74950812fd8d0,automotivo,57,370,1,5600.0,30.0,25.0,25.0
868b3136c5b206f91b8208fbfdf2cb7c,artigos_casa,57,364,2,800.0,45.0,10.0,34.0
75c1defd23a9893201a8bed3740168eb,eletronicos,60,653,1,401.0,17.0,12.0,15.0
b0a954d13efe24ba6513fad99bea2967,esporte_lazer,51,833,1,1350.0,16.0,16.0,18.0
6ca99f05e9c1952a6597264e87f01378,informatica_acessorios,57,782,1,1900.0,28.0,12.0,33.0
b2a40530065c5d88115cfa7560151794,perfumaria,55,888,1,125.0,16.0,7.0,16.0
1a43e86fd17dcec91ec053c9a1adeaac,perfumaria,43,232,1,444.0,20.0,14.0,15.0
e72246bac78dfdb31d5a07c47fd21dc6,bebes,50,2181,1,1288.0,23.0,23.0,26.0
1c21c11ea2efbcaa7ee31c3191300a58,perfumaria,50,745,2,600.0,22.0,16.0,16.0
ecf23a6c1689e2bed38171ececac6138,utilidades_domesticas,56,1688,4,1700.0,16.0,17.0,17.0
c023dc7b323cb5a452d21cd0742c9bf1,artigos_de_festas,43,262,1,600.0,16.0,15.0,11.0
fff81cc3158d2725c0655ab9ba0f712c,beleza_saude,54,643,1,58.0,16.0,16.0,11.0
9f19e22de208159e42e840d00e64ce93,brinquedos,43,785,1,250.0,25.0,3.0,18.0
aa2f69939ecb8795adbd9d1fddb05728,artigos_casa,58,709,1,700.0,30.0,3.0,26.0
f9b1795281ce51b1cf39ef6d101ae8ab,variedades,,,,400.0,32.0,15.0,15.0
b988dcec4901f325d06b162e02b3c5d6,utilidades_domesticas,29,637,4,500.0,16.0,12.0,12.0
12828c53540ca6046aa0cef33957631a,automotivo,49,570,1,1750.0,33.0,27.0,26.0
d07ac0112a80ce7475f0b59a170a3046,informatica_acessorios,19,1768,4,1450.0,30.0,8.0,21.0
ee57382feacda945f9ce1b6e23da96ea,perfumaria,55,1752,1,250.0,16.0,16.0,15.0
6473836fcba4675677ffc426c98db787,automotivo,60,261,1,375.0,20.0,14.0,18.0
0432203d03868bfe5fdbb86fb2148474,bebes,35,1168,3,7003.0,52.0,30.0,46.0
e2a1d45a73dc7f5a7f9236b043431b89,fashion_calcados,56,459,2,9000.0,16.0,5.0,33.0
f0ddc72a650a80a9e065bef851f4f832,seguranca,58,1778,1,1600.0,33.0,13.0,20.0
23ea3287091e8d1237bb93f92177a39b,informatica_acessorios,53,1951,4,550.0,21.0,4.0,14.0
81e057ba50dab8e85df716fabefa2adb,esporte_lazer,36,697,2,270.0,19.0,8.0,10.0
a66741dadc49ea50d8be970d494d69be,relogios_presentes,44,561,1,600.0,19.0,10.0,15.0
bbc5419bc92d76e27795c9ec2c233c64,beleza_saude,51,423,1,30000.0,55.0,75.0,61.0
e53439e32b15b04bee8c938b0b85b605,relogios_presentes,38,863,1,285.0,22.0,6.0,15.0
ac1fcaf7402bfbf019afdcce1a784ad4,artigos_casa,30,352,2,450.0,45.0,11.0,11.0
1264d5ede085c34d455f62cceca87791,moveis_decoracao,61,3781,1,2050.0,33.0,8.0,26.0
e058c61cf68327217d4bc8b13d07cd64,automotivo,37,2036,1,600.0,17.0,10.0,24.0
ebcefe0202e6d4a7a3a115397fe0f78c,relogios_presentes,56,585,2,270.0,18.0,9.0,12.0
e756f3f73af3c08dad566b84cf5c66d7,fashion_bolsas_e_acessorios,20,144,4,150.0,16.0,12.0,11.0
7d537f37cb20c7ccb74397390322047d,beleza_saude,52,588,1,2000.0,30.0,12.0,16.0
e355d989e7c7101b4e80a8e9052985fd,malas_acessorios,47,221,1,650.0,46.0,10.0,34.0
226ed57b23d44cff0ee5aabd9f268fd8,automotivo,54,159,2,4800.0,50.0,8.0,20.0
b7ef4098281dc17c89d97374e19ef04c,bebes,59,708,2,950.0,39.0,10.0,26.0
8b2eea9258754b47d5e4a9937f113a77,brinquedos,49,1156,1,600.0,17.0,10.0,12.0
129de02d0ac6adf4f77c41bc157adbeb,automotivo,55,2527,2,250.0,20.0,4.0,16.0
c9760fa0c73b160ec2c078a5bc963ee1,automotivo,50,216,1,625.0,25.0,4.0,11.0
628bbcb76ac6c7d4abf432b345635f47,moveis_decoracao,38,672,3,1800.0,84.0,10.0,11.0
71b7bb7d435217ef96c1ec8e48421599,esporte_lazer,37,190,1,980.0,32.0,26.0,23.0
2d915801b31f1140810a5bfe56f40276,artigos_casa,60,325,1,1650.0,45.0,15.0,35.0
13cde3217a6ea7e5eb08bc8972ba9049,bebes,34,280,2,450.0,18.0,15.0,18.0
253e743996e4439451bbb1137c3e7b6c,beleza_saude,50,915,1,850.0,23.0,15.0,21.0
0164201c7c8b81dc5779e015e2d7be59,artigos_casa,52,662,1,600.0,32.0,5.0,30.0
b77dd6385638733dd46bf68b093715b7,telefonia,62,581,2,150.0,19.0,5.0,11.0
7e775daffa00892bdd6b7672e05dd31d,relogios_presentes,48,260,2,438.0,19.0,15.0,18.0
d5d5bf01f70d61a8917ef35a3595edbc,papelaria,42,202,3,1050.0,29.0,30.0,26.0
96e04f182dfc420d17e333f362b56ab2,artigos_casa,36,509,1,1600.0,54.0,9.0,42.0
753b222871a937957fc477b1810c82f5,brinquedos,34,313,1,633.0,27.0,24.0,23.0
62faaec8b29ac17a4222e8e4e575b4e1,esporte_lazer,32,112,1,850.0,77.0,4.0,45.0
386cb36cffc83f379c65f1329bd66508,informatica_acessorios,57,783,2,400.0,18.0,15.0,16.0
f83475065f800a2c5bf842c7dc3f8925,moveis_escritorio,50,2116,1,10850.0,58.0,28.0,58.0
164a001b8c3c3be1c4c04f158bfafaca,ferramentas_jardim,32,1142,2,3020.0,35.0,23.0,25.0
deecc62b2db3d87ff4d9fe364fead01f,telefonia,59,2374,3,350.0,16.0,10.0,12.0
592dcb7933e5bf8d04d6b80a6c6312a2,moveis_decoracao,50,248,1,1400.0,40.0,8.0,30.0
788c7d26301bf6647bc50339f16fe67b,beleza_saude,29,431,1,150.0,16.0,5.0,12.0
55953c1454eebd2ff9d29c698d9310df,informatica_acessorios,36,265,1,80.0,18.0,14.0,17.0
8cd0af4160df609b19513a93e40899a6,artigos_casa,31,254,1,1925.0,38.0,13.0,20.0
39af1c81c0e72ebd1f5454972c24ca38,esporte_lazer,55,2083,1,498.0,18.0,18.0,18.0
acd2d6114d9aa5687e8cdd898d5311b3,beleza_saude,46,1200,1,500.0,18.0,10.0,13.0
12a46620105cc4bf4d193fed203ab9e6,esporte_lazer,53,921,4,150.0,17.0,5.0,11.0
b8a0d73b2a06e7910d9864dccdb0cda2,beleza_saude,43,295,1,371.0,20.0,16.0,16.0
8b10d9525f4806f9a1e9d1665506ab4f,relogios_presentes,50,380,1,800.0,19.0,9.0,15.0
4066f66e5bd7a5371448d70eeb24b9dc,esporte_lazer,42,236,1,450.0,30.0,5.0,20.0
4f90c408cc89d73465ffd286ac21ae4b,pet_shop,51,469,2,3000.0,45.0,47.0,20.0
303e0abaf09605c8c5ac632f72a3afb3,automotivo,52,1771,3,1750.0,35.0,10.0,45.0
1e291c0c369924c39765c90de669e4b4,malas_acessorios,56,948,2,9560.0,31.0,45.0,54.0
2a7d1be78b464ce799d177a408e327c0,eletronicos,51,825,1,250.0,18.0,17.0,18.0
d767651561474e5b08ee9a2674146331,livros_interesse_geral,20,928,1,400.0,33.0,6.0,22.0
7e53e051875b2a0c9f22acd8a9a29a20,industria_comercio_e_negocios,56,508,1,11300.0,44.0,34.0,25.0
f7566c7c51e266442be8db4b8797ee1f,ferramentas_construcao,60,327,1,11550.0,33.0,12.0,33.0
74850f45482382bc80f8000b2441d5b1,utilidades_domesticas,54,1862,6,1300.0,30.0,10.0,30.0
5415fa4d6c000c97cddafcf0419b09f7,fashion_bolsas_e_acessorios,40,360,5,800.0,16.0,9.0,11.0
5e8b2f0b5ddd10cbaa498bc106065c2c,utilidades_domesticas,58,561,4,300.0,20.0,20.0,20.0
0efb0a47500c44e05a5930cae12307d4,malas_acessorios,53,956,1,18400.0,53.0,77.0,33.0
4e2d44d76e9a42695fbd7bb50a140b51,automotivo,60,574,2,2300.0,20.0,20.0,20.0
7c4a8bec217df1de0df2b5aaf8175b65,audio,58,675,2,167.0,16.0,4.0,11.0
9ac3471b9357338ea8054108a00389e3,telefonia,31,324,1,150.0,17.0,17.0,17.0
6fd29b4c024c598e9339e67a7469be43,relogios_presentes,59,1057,1,225.0,28.0,10.0,18.0
48fcadc21e52503298f6f6519475c3e1,bebes,46,1057,1,650.0,36.0,15.0,25.0
6727051471a0fc4a0e7737b57bff2549,pcs,60,1532,3,650.0,16.0,22.0,20.0
e4c20c867bf5ef9bd109b0ba8a60cd5c,automotivo,52,156,1,9050.0,60.0,30.0,30.0
0257013d9462b3b6e9892bdd10ebe14d,fashion_bolsas_e_acessorios,58,373,1,300.0,20.0,10.0,20.0
edfb12f6fd9cb4fb1eec00ad28ea5c74,fashion_bolsas_e_acessorios,30,401,3,100.0,16.0,11.0,11.0
27d0fc55e3d2fe698088f2603e0a2ab6,moveis_decoracao,29,257,1,5350.0,40.0,20.0,40.0
0ca455b3fae1a463c84420392d655ab9,fashion_bolsas_e_acessorios,28,807,1,100.0,16.0,5.0,16.0
873417a13086036760bd9528d4d13d27,artigos_casa,41,529,1,800.0,20.0,20.0,20.0
71aff090388f23854bb21d91cfe11607,informatica_acessorios,24,308,2,200.0,19.0,5.0,13.0
d899e614656fe7bddd577dcfe583d19c,automotivo,56,893,3,100.0,24.0,2.0,17.0
8ceb6a29cf065f382c7b8cbc9fea3a84,beleza_saude,60,919,1,200.0,22.0,3.0,15.0
1c9ba8000030b7a6ecc18247ca6e9732,brinquedos,57,354,4,800.0,45.0,52.0,15.0
ff28477a5bcb2fc34bb86a6c2eea1566,beleza_saude,58,3408,1,1250.0,30.0,25.0,30.0
06ddfdf210c7e0259854ee543215088d,variedades,,,,100.0,16.0,3.0,11.0
0ab00b4598ff704c2ab1de75c123092d,industria_comercio_e_negocios,58,855,2,12450.0,46.0,45.0,32.0
f70745e4fa89a660ef5a526eca67aac1,utilidades_domesticas,37,826,1,1750.0,16.0,30.0,12.0
f9eb0aeafb5aa02dd5889376063550b9,artigos_casa,58,352,2,400.0,50.0,11.0,11.0
2342acbbf4c5ba6896316d17a573f40f,automotivo,56,1600,3,700.0,16.0,21.0,18.0
86facec0be6ecaeb315ad287b9841c4f,malas_acessorios,25,912,3,550.0,16.0,30.0,20.0
5486b0f9faa264ae6cbbd2bf230bbb00,artigos_casa,59,196,1,1250.0,35.0,20.0,30.0
05a6b99c0460f22f5f8101493c0e3c0e,moveis_decoracao,64,69,11,1300.0,42.0,11.0,35.0
86032b927304e96f4d4a9aa72104d70f,bebes,49,524,1,250.0,40.0,40.0,30.0
7417df21911850fd367d69e73c4b36d1,beleza_saude,42,2023,5,700.0,30.0,5.0,20.0
0db3775f48739f2e8dbaebeb631eb4ac,moveis_decoracao,57,319,1,900.0,100.0,11.0,12.0
ca80683f1a9622d90278db41328f8d3c,brinquedos,25,168,1,50.0,16.0,5.0,16.0
a0cd083b8a1be0f8c310806e72bf47f3,beleza_saude,38,998,4,300.0,20.0,11.0,11.0
b0c6bbb845653e49fc570726f2d5e4c5,papelaria,53,185,1,6575.0,48.0,17.0,39.0
43521df044c196283191f87529d1663f,moveis_decoracao,36,1517,2,250.0,18.0,10.0,18.0
416f17a4b2a56dd33d7d4f4d15570326,bebes,46,1788,7,3425.0,41.0,45.0,39.0
96f608a5fe010cb34dc25baee3274444,artigos_casa,55,352,2,500.0,50.0,11.0,11.0
08279c494018541f71443c07d77560f8,utilidades_domesticas,48,688,2,3150.0,43.0,27.0,27.0
60184212dae4e6b0da32bf54271a8c4a,relogios_presentes,59,476,2,394.0,17.0,11.0,14.0
c91c24a6ec3aa0059e69656c4677e84d,ferramentas_jardim,54,292,2,3750.0,32.0,14.0,22.0
0bdb7583b74c0323d413497fab3f2a3c,telefonia,53,141,2,400.0,16.0,6.0,11.0
8f7ba3a21866ed0cf0233dd71fa0da72,informatica_acessorios,50,703,1,223.0,19.0,12.0,12.0
de5bf668dfa4391ee96a5fd5c9fa4f06,artigos_casa,59,330,2,2700.0,40.0,10.0,34.0
1ec5253cf0b6d3a31b822770cfa139b5,utilidades_domesticas,28,337,1,9000.0,50.0,14.0,50.0
82e7ca24faa9dc9a072f94e0ac420c95,beleza_saude,39,226,1,400.0,22.0,19.0,21.0
de9c7592ce4a5f5ac77c2f360698d44e,beleza_saude,56,1774,1,2500.0,30.0,10.0,20.0
b6ef58b78e4e69f8b583ffd8bd592d28,moveis_escritorio,48,238,4,2850.0,62.0,4.0,82.0
4f27f86d1573b8b74b0928ca649abeac,artigos_casa,54,382,1,3100.0,47.0,21.0,41.0
6cc0a02127c60fc252540ccd8487763a,instrumentos_musicais,35,52,1,1500.0,31.0,4.0,15.0
5546b861464398b784d10d8894ac97b0,telefonia,52,1311,2,90.0,19.0,5.0,11.0
13d88cddab2ce6955315e1b8d3334505,moveis_decoracao,48,507,3,1600.0,28.0,27.0,28.0
3f13f4fabd1eafe564af941a8ee8e279,moveis_decoracao,45,2024,2,600.0,65.0,11.0,13.0
2cb575fc1035ae82e42117b10830f228,papelaria,50,318,3,6150.0,60.0,20.0,29.0
dff20ba2dd059040c0940992753c0a58,informatica_acessorios,49,563,1,100.0,18.0,24.0,16.0
aef74719b37c2e1d6be96b4e50495ad0,fashion_bolsas_e_acessorios,50,2164,5,975.0,33.0,25.0,28.0
ee989d719be581430137d2f4e043711f,variedades,57,344,4,350.0,20.0,5.0,20.0
f2169c25db6a579fde210bf8ce7ce9d7,ferramentas_jardim,33,1942,1,7750.0,54.0,28.0,28.0
b18e0607500acc7479614f4857a15c14,perfumaria,39,860,2,480.0,23.0,14.0,17.0
1a405418406359cc2b8815f93bf359c2,esporte_lazer,56,1007,2,4550.0,20.0,20.0,20.0
dc23131445c27852a44f8ad0d94b3d0f,artigos_casa,39,733,1,3600.0,38.0,20.0,25.0
270e70a55f9a0917f86b37cb32afcddd,variedades,,,,300.0,30.0,6.0,12.0
34f43f2313b41bbb5cd668a24d2f33e3,artigos_casa,53,862,1,800.0,60.0,16.0,43.0
d689618825d1a2151d263f5969380e0f,artigos_casa,36,441,1,250.0,16.0,12.0,11.0
6d3dbba0d82ea4b0e3fae73f4afc35ea,informatica_acessorios,51,350,3,600.0,50.0,15.0,25.0
f7f7214af35d79cb0baa6038fdc65e2c,utilidades_domesticas,47,485,5,1700.0,32.0,14.0,28.0
9dfef86fb34051388a7263a31642386c,beleza_saude,57,543,1,30000.0,55.0,75.0,61.0
0f39dd7b84f0532254c167aa5ad6bbca,beleza_saude,55,1125,1,333.0,21.0,9.0,21.0
ecd7770e1f7f64ee8c295da808d2ce5b,casa_construcao,55,918,6,750.0,16.0,20.0,16.0
4bcb67b81458cc5721ed9455dae41b8c,iluminacao,59,293,1,900.0,40.0,40.0,30.0
cb8209d6b80bfeffaef2d1f694aa93a9,automotivo,56,870,2,1000.0,30.0,15.0,32.0
a44f1df44a1ab489c5e635885e91c9ed,beleza_saude,46,2123,1,2229.0,32.0,20.0,21.0
22321b01eaba7d5cbf0978523f20fa06,consoles_games,55,650,2,317.0,30.0,23.0,15.0
36856b22e842c96589a6b542aa92e179,esporte_lazer,58,664,1,500.0,20.0,20.0,20.0
56d41ba4e2811d7bfca68aadf164b32b,ferramentas_construcao,44,217,1,150.0,20.0,3.0,20.0
eab77f3ca90afdb347367c198efdb8be,beleza_saude,42,632,2,250.0,22.0,12.0,17.0
9d9352588abf60036a50fd28e3bec382,artigos_casa,40,729,1,3300.0,20.0,30.0,30.0
36a0c4a620e0ae5660ddc2924d667b4a,informatica_acessorios,56,1360,1,200.0,16.0,16.0,16.0
c06d2c20b8ddf6d40c23294a6e361c78,beleza_saude,42,857,1,1250.0,30.0,12.0,16.0
0110986ff84d644fee920efb18577292,automotivo,56,660,5,2900.0,72.0,4.0,44.0
5cd974d57ad85f7d1dfa45acba5e2028,utilidades_domesticas,55,151,2,800.0,16.0,20.0,16.0
7b564d6b4c926ddf0a111006209e1088,artigos_casa,26,211,1,1300.0,40.0,8.0,35.0
a2fc36d2592ba9adb49ad73dd039e434,eletronicos,59,2916,14,1500.0,24.0,8.0,24.0
b1936fadca97f61a4913e6798d50aa27,artigos_de_festas,36,1245,1,4450.0,50.0,8.0,45.0
c49c7c01a63850cb995c304b97c11bcd,artigos_casa,50,463,1,14300.0,70.0,30.0,60.0
4d2b9b97c4d3a297e9f32f0b9e44c181,moveis_decoracao,48,152,2,1350.0,25.0,23.0,25.0
13e0e6adec3689a4206c6e9385a29003,esporte_lazer,55,710,6,800.0,27.0,12.0,14.0
61a38bd03317883e6e6501dfa2b16430,beleza_saude,34,438,1,606.0,20.0,14.0,18.0
24decea9d84c24b8c6c53a2df90066e9,artigos_casa,46,352,2,550.0,50.0,11.0,11.0
c4f2546fff25a5789819a7b943505bcf,fashion_bolsas_e_acessorios,33,353,1,50.0,17.0,3.0,12.0
6464a70bdd9b0f0dd41a7ceee51c9c7e,artigos_casa,59,365,1,1700.0,35.0,9.0,36.0
de845f191115e91fadc9624c144488c7,informatica_acessorios,57,1828,1,5875.0,25.0,15.0,20.0
9c3eb520c98b5461454930ccc3c5be7b,artigos_casa,58,316,2,2710.0,44.0,38.0,40.0
ab8a616a62326859211452cc82885197,alimentos_bebidas,44,857,1,150.0,18.0,18.0,18.0
9b20cbe99cd2a76d917fd7c13cc75384,informatica_acessorios,52,944,1,100.0,16.0,20.0,20.0
e969c0b5b997b22894446bc30f5e0b45,artigos_casa,60,214,2,1350.0,40.0,20.0,30.0
ad2b6bedd7908a039ae14d7758805299,artigos_casa,58,340,1,4325.0,49.0,23.0,38.0
8498a9b0c20fa9075241141de7f756fb,esporte_lazer,44,235,2,2100.0,60.0,15.0,15.0
6961fec72a8f56ba5eff6d01b51f4d39,moveis_decoracao,54,649,1,6900.0,100.0,25.0,25.0
c00963ccd3f4428e1c8d4c12aa376c59,automotivo,31,801,5,1375.0,31.0,30.0,28.0
3d6a21fcd60617f9f10afd601e588d04,automotivo,34,571,2,1150.0,54.0,17.0,24.0
3d3024d7a67ec33c1e3e6e4fcebf80f9,bebes,50,346,1,750.0,40.0,5.0,32.0
a7dbbe93d8efca23c8ca3e1821486cb8,esporte_lazer,50,943,3,300.0,16.0,10.0,11.0
976f5de0b6a1c79fedf4e1f713251efa,artigos_casa,63,665,1,2374.0,42.0,11.0,36.0
afc8e0c5cfa24cfebf4b8a829745c052,telefonia,32,879,3,100.0,18.0,6.0,11.0
0745c4686dc8b30d30a5546c781d1e96,artes_e_artesanato,44,135,1,900.0,70.0,6.0,11.0
3154b455f8ac2cef3be89aae6badd2c8,perfumaria,41,300,2,200.0,16.0,16.0,16.0
ec529a51d3a0832578dc8ca51574d2bd,moveis_decoracao,53,682,1,250.0,32.0,2.0,22.0
ccf4d6714c4e1c7ea8cf2783aa0373b5,eletronicos,60,172,1,200.0,16.0,6.0,14.0
fdfb90feb49d2b41b8283a8ec6e95590,instrumentos_musicais,59,1123,1,11600.0,45.0,20.0,100.0
e891d4a9622cae3b9fc2ec558bda155b,variedades,,,,400.0,50.0,5.0,11.0
4697e1b622324d38a8989bff2bdc1c84,papelaria,41,276,3,150.0,20.0,20.0,20.0
664e6b2966fbf2ba213de566c311cd58,relogios_presentes,45,603,3,330.0,18.0,12.0,14.0
7e5497f64c4f3b60648c778bd5819741,informatica_acessorios,52,589,2,200.0,36.0,2.0,28.0
25d22295e68fa5bc9fff2b947a3eaeb5,malas_acessorios,54,348,1,1600.0,41.0,15.0,29.0
ebb7e538904b31d1ead2b53b5a7ee6d0,ferramentas_jardim,47,476,2,600.0,20.0,30.0,30.0
8374b39a15882a19ce4558f13064b55c,ferramentas_jardim,43,1197,1,350.0,20.0,22.0,22.0
fcda3a9193321b42d5b6177aa4f9e3ed,iluminacao,60,695,2,300.0,16.0,8.0,12.0
0c3dc3f0b8ea2ce274c0bd18b2a31f5b,esporte_lazer,55,1003,2,600.0,20.0,20.0,20.0
44e5dd2a8bc1c55eeeffac2f3df1e8cc,beleza_saude,50,622,1,800.0,28.0,29.0,28.0
1d496423fce0841afd60434ee1ed837f,telefonia,56,2045,1,100.0,19.0,6.0,13.0
e583bb5fa3cb1e876a6ea48f21dfef34,artigos_de_festas,59,761,1,350.0,27.0,9.0,19.0
64ef32b2c378f413777f4f855458c484,moveis_decoracao,57,1087,2,2400.0,64.0,10.0,50.0
11671ad86b98844d1d40f79a7f3ba1be,fashion_calcados,49,375,6,300.0,29.0,7.0,16.0
bb444fb9b046f038317b39f651f305b2,moveis_decoracao,46,623,4,1300.0,42.0,20.0,38.0
0a4af8f868e8a22b279c9d0a24d36537,moveis_decoracao,60,538,3,500.0,17.0,17.0,17.0
5ca74d8f42be38f8c0c5916ab6ad9ecf,utilidades_domesticas,21,389,1,788.0,28.0,24.0,30.0
7e36831534c6b219bc3459d538e934f5,esporte_lazer,53,675,1,450.0,19.0,16.0,16.0
3818a07e6b254165220a6c0eb6e7b538,brinquedos,24,305,2,1225.0,27.0,32.0,21.0
4c2394abfbac7ff59ec7a420918562fa,beleza_saude,49,1495,3,600.0,33.0,19.0,13.0
e806a78165ce0f336140978e90640d27,bebes,46,807,4,5867.0,38.0,37.0,30.0
afc3541eb2b7d457d08b0b8f4526b350,artigos_casa,55,292,1,2225.0,43.0,10.0,33.0
347a1dbb9334cebdd3f2c43bc1b34455,artigos_de_festas,36,252,1,1800.0,46.0,27.0,29.0
97759b2e2035fcd87986a43119b56c7d,casa_construcao,32,638,4,500.0,17.0,27.0,17.0
1127c7ede26c4c4d41eb80848d0bdb32,moveis_decoracao,48,525,1,1550.0,30.0,30.0,30.0
ff25a6dd5b0db59bf1f8977c272270d0,utilidades_domesticas,60,526,2,750.0,20.0,20.0,20.0
74dcf7b8d987fab2353ea92930186e0c,perfumaria,37,636,1,521.0,22.0,12.0,15.0
92b6bcc1131f89babfad92a21eee0c65,automotivo,57,951,5,100.0,16.0,4.0,11.0
e40cc7dc28dcdb3c15e8d03141f7b336,artigos_casa,60,271,1,3750.0,48.0,13.0,40.0
f28b94930035f99d65318418b424750c,artigos_casa,27,1303,1,7200.0,60.0,5.0,40.0
0e2af4376f0bd3832dec90a4d7b7ec54,automotivo,43,207,2,50.0,26.0,2.0,19.0
11059273f4bc1a293777e98c89807c62,beleza_saude,43,1565,1,1050.0,22.0,15.0,17.0
fa32eab071be815c7f0717838c7d8e98,eletronicos,42,498,1,528.0,17.0,13.0,16.0
71137504070dc94a0e1d04089985f3e2,esporte_lazer,55,1723,3,1150.0,80.0,8.0,15.0
661bbdcbe54d141b50aeaf9d33384d34,brinquedos,38,1096,2,300.0,16.0,15.0,15.0
9d8c8d53d7b90fb79d5cda8acae81b4a,relogios_presentes,53,681,2,240.0,16.0,11.0,11.0
6d5b0463de821d49fa92da09e30a4846,beleza_saude,44,1967,4,650.0,27.0,4.0,11.0
607ef4aa416b93fdeb2a811c2c73ad81,artigos_casa,57,189,1,1650.0,46.0,3.0,34.0
2d5048c4ed646aca81a68ed8dc2051e9,beleza_saude,41,995,1,372.0,19.0,14.0,16.0
1a4f338579cef9360aa407e3d97b4c89,variedades,56,1226,2,200.0,17.0,17.0,14.0
2044a12ee7346af1ca8f9357bea3fea2,perfumaria,34,169,1,422.0,23.0,10.0,15.0
053c1c7045cfb67d04d8c5a8dc9fc054,artigos_casa,58,402,1,1650.0,31.0,9.0,31.0
99d44aea5e49748da9f941f1f35d1cf4,eletrodomesticos,56,129,1,250.0,18.0,8.0,13.0
56190ea1f5b28f23ba0065cfa36b7de6,esporte_lazer,42,1322,2,400.0,26.0,16.0,21.0
f7b6ca5735bfd052e73fa0b776070112,eletronicos,59,694,2,175.0,21.0,2.0,15.0
c770c3d5ab511e88a96d387bdb0b6ce0,utilidades_domesticas,12,210,2,1100.0,48.0,24.0,23.0
740adb81f19fb346d1ce72237211ba51,pet_shop,37,1243,2,682.0,25.0,35.0,27.0
88f606f44d39cbba19b301f79a51d7fd,moveis_decoracao,45,609,1,1150.0,20.0,20.0,20.0
e4c7ed7a832858c17d60ad5e38b00aba,artigos_casa,35,155,1,750.0,40.0,4.0,30.0
24baefeed71136f90df0149ca1e85c49,automotivo,56,874,1,150.0,27.0,10.0,13.0
14e3c0e17eb29fa9b3492b3956d4371e,beleza_saude,53,1655,1,767.0,22.0,18.0,20.0
eb6b82b5e0758b2710c52ef65ffad74d,moveis_escritorio,38,457,2,20900.0,101.0,10.0,62.0
821ae2896de474efe8116ed6863682cd,informatica_acessorios,37,450,3,300.0,22.0,5.0,16.0
8551bb37c32cf4ff78125402b9c1942f,automotivo,51,361,1,200.0,35.0,4.0,26.0
f21e1de90419150c02ace62c23ed2a7d,esporte_lazer,46,191,1,120.0,16.0,8.0,12.0
59013456264614e8f78024619f8b2972,esporte_lazer,58,950,3,475.0,16.0,8.0,11.0
0b82f8e74a871a1bcba36e9b14facd44,beleza_saude,32,3564,1,50.0,16.0,9.0,11.0
db1154ea7d1c50d8a5939a9f7fbc3b2a,brinquedos,42,283,1,5200.0,50.0,10.0,50.0
50cada320c34c3d63fa8598fdda8e06e,beleza_saude,39,300,1,233.0,42.0,21.0,26.0
db24fc1b55a862f2a1f9ae1e4ef85e7b,papelaria,55,166,4,100.0,18.0,5.0,20.0
45a19bf9dddef525a5881b62c01f164c,artigos_casa,48,372,1,1500.0,34.0,12.0,40.0
214e5e86400971b7f46f64ce6c737d33,fashion_bolsas_e_acessorios,51,887,4,100.0,16.0,3.0,12.0
d730dcd6017ae7bc8a4b5561f18c6d59,papelaria,59,302,1,300.0,16.0,6.0,11.0
8378dd5a08699f8c95ea6f6c147d4e83,beleza_saude,26,515,3,400.0,18.0,8.0,18.0
88596b69f04745db1f8ba135da5c708d,papelaria,59,296,1,310.0,21.0,7.0,15.0
58af7b4490d18df213fb7c5e7a42ce97,livros_tecnicos,41,2063,1,700.0,27.0,3.0,19.0
1190eb246390ebf377a858260f546a98,relogios_presentes,55,750,1,500.0,20.0,13.0,13.0
74f100d8dd6df588c51132be07ff50f2,utilidades_domesticas,48,550,1,250.0,19.0,2.0,11.0
e9eddac769237a45defef45db2f9cf1c,esporte_lazer,53,1103,2,300.0,16.0,4.0,11.0
c6cae2869a248cef27c00f3340ac90a6,moveis_decoracao,56,1181,2,600.0,53.0,8.0,11.0
668677432cb5132ddfa6f1738479d0c0,brinquedos,53,176,4,400.0,16.0,13.0,16.0
3a77cc438baf789ed16b12b553ce504a,pet_shop,46,377,1,600.0,25.0,40.0,25.0
5e3b4b17383b90a3129e552bd71bf2b8,beleza_saude,59,1310,1,1450.0,20.0,15.0,15.0
9711e523a681d75526ae8a1e98c8b2b8,beleza_saude,49,1675,2,350.0,30.0,5.0,12.0
dd1247b741df1771259ee7beb0e4b8fc,relogios_presentes,52,716,4,200.0,16.0,2.0,11.0
c0a0b5aa4507363e601eb90082c9c008,alimentos_bebidas,31,895,1,1700.0,25.0,25.0,25.0
f6fad60be7dd27d515ce0c99b3d39f6a,beleza_saude,53,939,2,1250.0,35.0,35.0,11.0
4ef2894feb9fb3f164a68f654f841447,beleza_saude,58,1399,3,1500.0,50.0,20.0,20.0
cf18e908cb8600dcd21a719db24c48d8,eletronicos,41,918,1,900.0,24.0,12.0,12.0
083ea24cbab9f8f572fc21a8f63fb282,fashion_bolsas_e_acessorios,49,459,5,150.0,16.0,9.0,11.0
a2105c8c0d5d99dbc5a2a9ad94321e5c,esporte_lazer,58,1274,2,4800.0,58.0,10.0,50.0
a5ffaf53a3938ac2c92f493e524adfca,automotivo,51,586,1,2000.0,41.0,19.0,41.0
8a2c3b7ed6d098de813279ade9a1d0de,artigos_casa,50,453,1,15300.0,40.0,25.0,37.0
e41d4a95e33026918bd9946d3185b5bd,moveis_cozinha_area_de_servico_jantar_e_jardim,58,183,1,18400.0,80.0,15.0,40.0
3e34352aa9c04170d941a9a8c6a895bb,pet_shop,55,618,1,125.0,18.0,10.0,14.0
494e5f4c3ccfa2520421fc87b9d368b5,beleza_saude,58,812,1,230.0,16.0,16.0,16.0
29c02f0c592b76b958c77d85f4d5b954,malas_acessorios,32,864,3,425.0,28.0,20.0,29.0
fd76a5a3907232c96615967475f8689f,moveis_decoracao,63,723,8,26400.0,75.0,45.0,49.0
5d7bf79f02a4c8c10ee0731f7e7430d6,alimentos_bebidas,54,1968,3,750.0,35.0,20.0,20.0
4910917f05092f331bf3a477f791cc01,relogios_presentes,52,102,2,250.0,40.0,10.0,25.0
bee84ad17517656f609763f0b124c7e6,artigos_casa,59,685,1,3250.0,30.0,20.0,70.0
7230cb7a5b93cff3d0869183495f053f,utilidades_domesticas,44,417,1,5200.0,40.0,20.0,30.0
11875b30b49585209e608f40e8082e65,esporte_lazer,26,1465,1,1032.0,17.0,15.0,16.0
52d9726feafaa9925ccab7e621c8d6ca,informatica_acessorios,52,585,1,775.0,26.0,12.0,28.0
90871024847effc9791a5051a4d4160d,pet_shop,45,307,1,350.0,25.0,10.0,18.0
b82d5f6663839dfbac5ce278a4b6b5d9,utilidades_domesticas,39,281,1,3133.0,21.0,20.0,21.0
eba6241164a4249d24a5f66b4df3d698,papelaria,48,809,3,600.0,25.0,15.0,20.0
0d7312f1f397b109b3765a2917e45b13,malas_acessorios,36,852,3,550.0,16.0,30.0,20.0
ab330e1b64fde92d3b4d4d6980a38576,papelaria,18,346,2,150.0,16.0,5.0,15.0
54b755678728b84472c2b654ac4de777,alimentos_bebidas,26,2427,1,200.0,20.0,12.0,15.0
bd5b04e67f3659248acfb0c61c08a9c1,artigos_casa,57,430,1,2750.0,42.0,11.0,36.0
db42edb381d7ffe41a162d344fb1de53,moveis_decoracao,35,569,1,2400.0,30.0,30.0,30.0
c956bde83b283fe27c438080dcb246c5,utilidades_domesticas,38,547,2,7250.0,32.0,28.0,27.0
09e40d66cfc38cddf812d8a495376722,artigos_casa,58,137,3,500.0,24.0,10.0,27.0
08adf4f96646dd795d6f472ff1a1ece4,automotivo,38,2304,4,250.0,16.0,6.0,15.0
529bb98486625f3590837af3e22e49a4,informatica_acessorios,42,652,3,250.0,19.0,3.0,15.0
a85c8524b5ee70cd1f5fc717304870bb,automotivo,46,738,3,300.0,25.0,10.0,20.0
3d36ef6c6d553500f4240920658689e3,brinquedos,48,819,4,1538.0,25.0,36.0,31.0
656e6ea7d86cf0008e67b693d33cc357,beleza_saude,60,919,1,100.0,22.0,3.0,15.0
66484d3ad6c8fcd55265bfdb060fc8cc,eletronicos,37,3469,5,1500.0,22.0,29.0,13.0
6b5170a2d3ae93a38e63f17b356da239,utilidades_domesticas,40,464,1,1200.0,28.0,8.0,13.0
aca71e1fceaea4278f27aab8a3498f60,automotivo,57,1331,4,100.0,16.0,4.0,12.0
01a977e282d5884149e79181506c0941,brinquedos,33,168,1,900.0,23.0,25.0,11.0
756da661a7659df6134fe752288db3b4,papelaria,40,687,3,1200.0,16.0,50.0,40.0
99e57d3d6efd7ba6f8eaf59bf456179e,seguranca,41,70,1,900.0,26.0,21.0,21.0
ee99cd2d468819078af4687f923cf17b,moveis_escritorio,43,2230,1,15200.0,58.0,28.0,58.0
2ba4dc95f18bb2bedbef662cb24de95e,brinquedos,30,698,3,10300.0,39.0,49.0,42.0
a327459c8e093ebc3666c0c6ff842589,relogios_presentes,50,463,1,270.0,16.0,8.0,11.0
e132c414f9160348b91b777cd060f815,utilidades_domesticas,46,721,7,1500.0,22.0,29.0,22.0
677c80cd5ba8c0099fac5606e53648ae,artigos_casa,58,293,1,3900.0,50.0,10.0,30.0
234af61e508645c6c1a470b8be9e28f2,livros_tecnicos,43,2786,1,995.0,27.0,6.0,20.0
0f72996a8379314700a3ff9e822451e0,papelaria,55,528,2,550.0,25.0,7.0,24.0
cf78006a2a6b0429b9663edd99bb38f9,moveis_decoracao,49,399,1,1900.0,28.0,19.0,21.0
9e4cc01dcef75a47d9cd6c816d874cca,artigos_casa,56,270,1,3675.0,46.0,12.0,43.0
3003a2841d6a775095317139ed2f7943,utilidades_domesticas,43,309,1,1205.0,39.0,24.0,23.0
cd657380345b2ab760f39105fb163005,telefonia,58,734,3,350.0,17.0,4.0,12.0
b587e5fbc8f3573cb77c210bae6c3093,fashion_bolsas_e_acessorios,13,175,1,150.0,20.0,20.0,20.0
439d0c278b77ddc4b1488de210c8df35,artigos_casa,44,641,2,1950.0,50.0,10.0,40.0
79ad39409fa4bcc36b4b7f734c79c2a2,fashion_bolsas_e_acessorios,59,874,3,200.0,20.0,10.0,20.0
c858372eb8a0a3a6aa697701ade01698,automotivo,62,216,3,500.0,20.0,16.0,20.0
e855dc52ff8689424725e4a7dea082bf,eletrodomesticos,60,404,1,4550.0,27.0,13.0,17.0
007c63ae4b346920756b5adcad8095de,utilidades_domesticas,48,808,1,2800.0,30.0,30.0,30.0
9abb00920aae319ef9eba674b7d2e6ff,bebes,35,2395,1,350.0,19.0,14.0,12.0
9f23bda5c0e1b5cf4d0353ecbb55b725,informatica_acessorios,59,185,1,50.0,16.0,8.0,11.0
51f96ebc4399af670b9f43623b6c7ce5,fashion_bolsas_e_acessorios,9,90,1,200.0,16.0,3.0,15.0
de92134fd940e9302d27c31af4581fbd,eletronicos,50,797,1,438.0,25.0,12.0,15.0
cb57bf79c8852724011a0b046b7a07c9,bebes,55,344,2,3600.0,37.0,22.0,40.0
46014d47c7acdbd7ab5850d95ec85106,artigos_casa,56,147,2,1200.0,47.0,7.0,45.0
a064fbd13bfd3d9654eeb35bb47d9caf,moveis_decoracao,58,249,1,1250.0,20.0,28.0,20.0
a2ee607f03a8f581d1625b68fbaa6166,artigos_casa,53,222,1,550.0,16.0,10.0,16.0
c73d6ef7bae692425ef183569ae8f96e,utilidades_domesticas,46,709,1,13000.0,60.0,39.0,58.0
6ed25ca69ed89451aae75d436337744b,telefonia,57,1016,2,150.0,19.0,4.0,11.0
99d6706e504e4c358c2b5dc88e828d74,beleza_saude,39,1593,1,370.0,25.0,14.0,13.0
12b86b2eab3b8c2bbf01adc381aa96e2,fashion_calcados,44,284,12,400.0,29.0,7.0,16.0
d529c23aaa143a69fea24ed9c77a1675,utilidades_domesticas,47,687,1,7150.0,35.0,28.0,32.0
a6579aa8d097e9c13d6749ecf4a2117f,artes_e_artesanato,35,638,6,400.0,16.0,62.0,16.0
e3425df9bd51be69917273c9dd92ed5e,relogios_presentes,53,346,2,733.0,17.0,10.0,18.0
68cc4dfa6d309a9477fc1678d020e3e5,beleza_saude,52,1537,1,700.0,16.0,16.0,16.0
22a8168cf1f1c6347da8d29863b7f75e,consoles_games,53,2013,4,155.0,16.0,7.0,14.0
746cc974fbb29d7d1bb638e588b7c8d8,artigos_casa,47,701,2,1100.0,50.0,12.0,12.0
8b8b4d3f77864f6e8f6b35fc23ff63ca,esporte_lazer,60,723,1,600.0,50.0,12.0,18.0
0a27be3536127164b11173c57f14a2da,perfumaria,53,613,1,500.0,23.0,8.0,15.0
14d9afd912784344d5bb9a12b23478d2,artigos_casa,55,318,1,4825.0,48.0,25.0,40.0
aa50ff149386fb0469e22f41b39652a6,artigos_casa,55,608,1,7325.0,25.0,63.0,63.0
f8b09faf273ab8c2cb4209378253f56a,beleza_saude,25,1351,1,1200.0,25.0,19.0,18.0
b4b6d57077183818e56eb57b4e69c6ec,telefonia,54,1529,2,250.0,16.0,10.0,11.0
840b41c3044d2b09db4933d48cffa924,utilidades_domesticas,54,464,1,505.0,17.0,17.0,19.0
1be380bc1811ed4d29daba3508f6f6fa,esporte_lazer,35,1563,1,400.0,16.0,16.0,11.0
ca815d1a82897d9d4503e2e367931d03,artigos_casa,54,204,1,2100.0,45.0,20.0,25.0
341d85d688ecc3353cf2a968e7ad0dbf,beleza_saude,47,554,1,350.0,16.0,10.0,20.0
625522e2041f5759bc483af612e22718,artigos_casa,41,582,1,1450.0,35.0,19.0,45.0
b987d8b92f302ae265df039ccff718b6,livros_interesse_geral,50,925,1,500.0,24.0,3.0,17.0
c9bd28e8a4220af0723c7b7f97778681,informatica_acessorios,57,1502,2,300.0,18.0,8.0,20.0
568ba441f7f464dc73d23a91cf8ca671,artigos_casa,49,271,1,2200.0,40.0,15.0,27.0
c58c4a2286822275285e4fae432accbc,telefonia,61,2845,9,200.0,20.0,15.0,20.0
e1772099adc6b03202a50a2aae5efb0c,brinquedos,38,314,2,400.0,36.0,18.0,27.0
68106dcce45696d316763cb7e5678487,beleza_saude,54,1769,1,500.0,20.0,12.0,14.0
7c467bb2783193fce00e68a53bf05fbd,moveis_quarto,52,344,3,10750.0,93.0,63.0,11.0
bcc964ed123bd73528eefd98c8ce6726,utilidades_domesticas,46,252,1,300.0,23.0,5.0,16.0
484734cd41290be450c867e1dc43a57d,bebes,46,1061,1,650.0,36.0,15.0,25.0
d068b5273f2823a2b01f34b7175c5e50,utilidades_domesticas,51,202,1,700.0,25.0,41.0,25.0
c9058c144a2fef1c5b35f319457f6083,artigos_casa,56,155,2,1600.0,48.0,6.0,39.0
c12c1482a995be91e395cb9276661e32,moveis_decoracao,57,961,1,300.0,35.0,5.0,25.0
8b395ea13c2e262687ff3e463c8867d4,malas_acessorios,57,327,4,300.0,30.0,20.0,12.0
e5d446c4355d56bf6c3b7be469a66a42,eletronicos,48,748,1,11833.0,46.0,53.0,37.0
9da6fbcdb4cc9d08de3c70331ea19a5f,artigos_casa,49,459,1,1700.0,48.0,8.0,39.0
59dbefe045e850ce6df6b1fd5dce14ba,pet_shop,55,678,4,11900.0,50.0,37.0,37.0
0a5ae82bab180da12f59a70b21605f92,telefonia,55,1278,1,850.0,16.0,8.0,16.0
385b47aa4a6fda44c85e4899cfb81b96,fashion_bolsas_e_acessorios,33,187,5,100.0,16.0,5.0,11.0
43b54d1fc56ff394092a3dff6be2d39f,beleza_saude,60,919,1,150.0,22.0,3.0,15.0
50d77758742285ff49f340ebdf0df5a7,eletrodomesticos,56,953,3,500.0,30.0,12.0,17.0
0fb24ffeb90c073288dd0de0d015cd51,malas_acessorios,49,277,1,600.0,22.0,44.0,39.0
75b1325940492d3513fd4f50897b1bf9,artigos_casa,58,452,2,433.0,45.0,4.0,35.0
a067f34727f55a883d84f5b3a5c72255,beleza_saude,53,2703,7,350.0,19.0,11.0,23.0
8163c8c2e8dc7cc8c93d1b30a2e7428b,ferramentas_jardim,58,2083,5,2375.0,33.0,18.0,22.0
f08d78a6e7eecc6f3f51fad33ce7be1b,beleza_saude,25,1454,1,1454.0,19.0,18.0,14.0
4150111276cd3b62fcaeb7814cca0e08,pet_shop,46,379,2,440.0,16.0,35.0,12.0
407bf6c28bfa032a610efe55a12fefb6,perfumaria,43,354,3,500.0,37.0,23.0,24.0
cb3756d2bb6226fdb0ed4f60711b4e84,moveis_decoracao,46,1045,1,650.0,33.0,4.0,33.0
4419a1c234d848b2bc86c53b222499b2,perfumaria,46,827,1,500.0,16.0,15.0,15.0
652b18ad9473f05a20e25e9b7c6107ef,artigos_casa,55,844,1,850.0,25.0,5.0,25.0
ca8900ebdc7a2b907753dd3bf2672e19,fashion_bolsas_e_acessorios,49,381,5,200.0,16.0,5.0,11.0
d16f26b828b30dea74ce1eba8d9b396d,iluminacao,60,971,1,6500.0,42.0,22.0,42.0
6b3c88110203820df52c762cd2d2e80f,brinquedos,57,1647,1,700.0,16.0,30.0,30.0
dfe123265435bbc08b40fc418f66d9a3,esporte_lazer,43,1120,1,15467.0,64.0,62.0,25.0
773a9c97b7435492ec93014cd43ecf77,brinquedos,47,874,2,900.0,16.0,21.0,28.0
f390882d834eed84766218994ee9a511,esporte_lazer,44,392,1,525.0,23.0,23.0,23.0
49f17b59ebac14a6497df46ba7c23c5c,audiovisual,55,428,3,350.0,16.0,14.0,24.0
566a092fe1584b426b4a5c76823fa63b,papelaria,45,350,1,3600.0,36.0,24.0,36.0
5dfc84369c7457e1bd188be86a7563f0,perfumaria,34,839,1,150.0,16.0,2.0,20.0
6e4ad99aef917394f064496022476d0c,ferramentas_construcao,55,1987,6,1150.0,46.0,12.0,24.0
0e453d51e0da8f98a7297b61328d9a8c,beleza_saude,24,852,1,200.0,17.0,13.0,13.0
72dd1eeff415bc31b58e99cca0a83e23,esporte_lazer,35,581,1,8350.0,38.0,11.0,15.0
bc9d438b071a3e1aadcc2ebf7e6968ab,informatica_acessorios,55,569,3,850.0,34.0,12.0,19.0
b7f0f972e1acd83e63a4bd8298c2cb48,automotivo,53,698,2,550.0,25.0,25.0,25.0
624a71194ff2a5badf71b7870f88f24f,perfumaria,58,526,1,750.0,20.0,14.0,13.0
525cb8d7fb28b9615a1cf6dd55074865,artigos_casa,48,326,1,450.0,16.0,10.0,16.0
37664a6100bf523c545b7040be69ad00,beleza_saude,32,325,1,1600.0,21.0,16.0,31.0
0df595995d2f55005a3de2b62ca97189,fashion_bolsas_e_acessorios,49,72,1,300.0,16.0,2.0,11.0
566d15b940c0d5e7a0a37c82b8ce353f,papelaria,58,327,9,400.0,21.0,7.0,15.0
6cbb9a0a2b5565f3b3afb8185f6446f0,esporte_lazer,44,640,1,300.0,27.0,9.0,14.0
51b0fbc0001335d988588a43455a7514,informatica_acessorios,27,636,2,200.0,16.0,6.0,14.0
db7fe9d38046ccc449633bff3de52df1,esporte_lazer,36,531,2,378.0,17.0,22.0,10.0
d1c5f5c04952de3143b1cb8820a73f53,beleza_saude,58,1271,1,250.0,21.0,10.0,17.0
1a0bba83632b7dc923d939a7fa2c4530,ferramentas_construcao,36,473,1,410.0,31.0,8.0,14.0
34cfd42ee58203ab02adb27ae12fc8e4,automotivo,44,1745,1,3900.0,27.0,16.0,28.0
e237317be46690f8352f2a4f9daaf6d5,esporte_lazer,53,1421,1,1095.0,23.0,20.0,20.0
636636222363eaf74bf5e313dc934cd0,moveis_decoracao,41,721,3,900.0,32.0,6.0,28.0
e76828e87d341935c7d4e9f26420cda0,variedades,,,,2250.0,31.0,19.0,23.0
ea67eaa58dd8d9cbed64f9ab00b224a6,consoles_games,39,1266,4,500.0,20.0,15.0,20.0
0c4e43e25f781898363a83f9a7390ebb,informatica_acessorios,47,1991,3,484.0,18.0,11.0,15.0
5c221d7a454aa9da974e1685157d8216,beleza_saude,59,2756,1,400.0,21.0,6.0,14.0
47c52f20a2d543f5b49c0b22f0826dfd,telefonia,52,331,2,250.0,17.0,5.0,12.0
7368c0d612a177b6cb085f56b823dc08,eletronicos,45,418,1,500.0,30.0,10.0,11.0
09cee4288906c4cff9cd235f33dc0ec0,utilidades_domesticas,44,546,2,4800.0,39.0,26.0,39.0
93b498aa80cf4062f0c6636c038141df,eletronicos,55,2583,4,719.0,21.0,12.0,24.0
83a26c42a5f94b7456425cd0cd20daf8,market_place,60,1371,2,1500.0,20.0,34.0,36.0
c3504adf8e5bbfd1978d29a00c2075c5,pet_shop,59,1064,5,1650.0,68.0,4.0,48.0
cb2047bfd317b05f62cf761708397641,eletronicos,20,148,1,100.0,23.0,8.0,11.0
02851253400fd18410f8eb4369cff9e1,ferramentas_jardim,52,289,1,3900.0,45.0,6.0,38.0
97e867dc91da58c5fd89d77372c9dfa4,relogios_presentes,59,1948,2,400.0,16.0,11.0,12.0
2db5c88d6c9f09b9d0508cf01bdc54b9,esporte_lazer,50,979,8,7550.0,90.0,20.0,25.0
956cf733a4632646a751590fbac2efaf,artigos_casa,53,207,1,650.0,16.0,10.0,16.0
9963a54f50b2db19fb8ad3297d087f03,relogios_presentes,46,641,1,200.0,19.0,10.0,15.0
dbf1bc6f925f7fc97db3fda5c4cbdec8,brinquedos,56,1210,5,175.0,16.0,14.0,16.0
72348c2ae355b4d8c6680ca93a8e263a,utilidades_domesticas,54,419,1,3200.0,81.0,7.0,60.0
fa5495aecccab59767b3f761cee47664,utilidades_domesticas,55,932,2,150.0,16.0,11.0,11.0
716854aa9d670cabfec04c7eeddd85b8,fashion_roupa_masculina,46,1765,2,600.0,35.0,35.0,15.0
832755a0ea738bb04907c1558ef43e40,ferramentas_jardim,57,579,7,1000.0,22.0,21.0,16.0
62d41a80c366aa2d8644e3270adf8440,informatica_acessorios,50,512,1,1225.0,43.0,15.0,21.0
b431c295eebd586febf73553f262bbcf,livros_tecnicos,43,953,1,1500.0,29.0,3.0,21.0
dd1f40cb13e0d77ad3e2ffd1fd13a8c1,perfumaria,41,560,3,150.0,20.0,20.0,20.0
8eb0c431f2cf5b2fed9f69a6fd2e8756,telefonia,45,387,1,100.0,19.0,5.0,11.0
505cad9f6344882dd263949375dd97f5,esporte_lazer,49,1841,5,3300.0,50.0,39.0,12.0
ffbfa9e143fda4420454d0f4e88a3cd5,informatica_acessorios,51,2026,3,793.0,28.0,15.0,32.0
f77dd338d9f75229a09cbb9a18fd0c9a,artigos_casa,42,734,5,400.0,20.0,20.0,20.0
cae4c48440297651e8ff3c2d58d314d2,moveis_escritorio,50,2083,1,20500.0,58.0,28.0,58.0
8cf9973ba86ba4067dc5de39d247c47d,automotivo,51,617,2,100.0,33.0,27.0,26.0
1ee3d206670e9b58fefad84442e2f265,relogios_presentes,50,551,1,400.0,22.0,14.0,27.0
4ae289635418a8110ea2d5fb86472c63,utilidades_domesticas,50,448,4,1950.0,35.0,29.0,12.0
44af7e0083e6ebeeeae5da438472d189,telefonia,57,2540,4,1450.0,20.0,12.0,22.0
fc6fe2e1150a893d2fa9445851ccc350,automotivo,51,703,6,5800.0,47.0,19.0,23.0
3db8ae718c645f8d0de8d1042bd9acd6,esporte_lazer,37,1338,1,250.0,18.0,13.0,16.0
881223d7f9d9b37d73991a890b510ec6,utilidades_domesticas,51,347,1,3400.0,42.0,9.0,32.0
dc82a2ed47df56af6090d6ffbd165e4a,bebes,45,527,1,250.0,23.0,12.0,17.0
cd71c76f5ab15f51f24fb214fc42d8ab,perfumaria,43,714,1,367.0,21.0,15.0,18.0
006c67546bfe73c33b83f6bd1ad58c36,automotivo,59,703,6,4550.0,47.0,19.0,23.0
5d20d66851c990b39754f6fe9b1376f4,artigos_casa,39,444,1,550.0,30.0,3.0,19.0
d23a564a7cd43e5169246cc8d2c8c5db,instrumentos_musicais,47,150,1,600.0,16.0,3.0,11.0
fed2dca7ba471a3942a070e00ae17381,moveis_decoracao,60,569,3,300.0,21.0,6.0,16.0
61ff9632e46597dcf1064ae00e262234,telefonia,52,1455,3,50.0,16.0,3.0,11.0
99f84efaad4ec3bc71502bb7e6d8f8e8,utilidades_domesticas,55,414,1,8250.0,28.0,60.0,28.0
f9cce3e19235fa7d11942f69caaa22c7,telefonia,49,1715,4,300.0,20.0,38.0,30.0
86b29e90cab127b7231caf9eb85d4353,automotivo,62,530,1,1850.0,55.0,6.0,55.0
210f0fc19063f1cbddd677a13d6e489f,bebes,35,663,2,600.0,80.0,16.0,16.0
2c5ae18918caa7b9adf593b80afb9b42,moveis_decoracao,46,548,4,500.0,30.0,30.0,11.0
05d59e1191b873b988a6db5663923260,papelaria,47,458,2,921.0,26.0,11.0,25.0
e948cf75e6b64307f7f76a49eaa9fc2f,variedades,,,,2300.0,36.0,21.0,36.0
a49969155f3a64afc931fd281444b2b6,automotivo,50,263,3,900.0,35.0,7.0,35.0
83f86eca5473b6d1c7d566223592908d,variedades,,,,200.0,16.0,2.0,11.0
131ee2864806788280044e5d73cf4f6f,informatica_acessorios,60,2358,2,150.0,28.0,12.0,13.0
055019def765ce08da9fac0585e927c3,bebes,63,884,5,300.0,17.0,7.0,24.0
6ae7f4ef0ca670ca2609d039af87d057,perfumaria,34,515,1,200.0,20.0,15.0,15.0
290fad36f37ac7cc7df0f8f7d9245f71,esporte_lazer,54,309,2,633.0,69.0,7.0,12.0
06e95441ade9262a325f6d5c1561cbb4,casa_construcao,51,864,6,750.0,16.0,18.0,16.0
4565bb5b964cc42b49780586560c98e0,esporte_lazer,32,1200,1,850.0,25.0,3.0,19.0
61d83b8d80a61b5fd688471b5b273b5f,perfumaria,45,584,1,284.0,23.0,12.0,18.0
d3350fee567b6f7149265243bc8cf282,papelaria,35,60,1,100.0,16.0,5.0,16.0
f286c2fe211df4102919d0bed084dddf,telefonia,59,777,6,300.0,17.0,4.0,12.0
f7285f0b3043d966ede4c21886b49a38,variedades,59,593,1,3300.0,33.0,44.0,19.0
70bb7d3170b6c24d2f80415d99bb8001,audiovisual,39,692,1,800.0,21.0,14.0,14.0
fc0c0ec18acc7de4c5d1eb3d4c274e72,artigos_casa,40,853,1,426.0,31.0,13.0,23.0
c233e8856445fe94069cd6bd6c32f4ea,moveis_decoracao,34,183,2,800.0,30.0,22.0,27.0
0a6cf067b01351046739940c8cb7f60f,brinquedos,49,893,1,600.0,26.0,13.0,41.0
12679a5fde22662b441abe4f754345ae,utilidades_domesticas,54,1926,1,10825.0,48.0,35.0,45.0
7be98a47ebb9ce48dfa91163428bb9d9,livros_tecnicos,41,744,1,2800.0,29.0,5.0,24.0
297b52b57d258e1a40202d4f9fb7e38a,beleza_saude,44,1482,2,150.0,20.0,17.0,21.0
1935200f62df6baaeef37dca2f2a6435,artigos_casa,47,385,1,2400.0,47.0,21.0,41.0
271dc7b756644a368e87e48c2d38c590,variedades,46,1001,3,900.0,23.0,41.0,16.0
02834e5af210b8a2593eb81eecf40707,informatica_acessorios,43,374,1,945.0,23.0,14.0,24.0
31b2d2c76c5862d941847e7a99172bc0,utilidades_domesticas,47,863,1,700.0,28.0,24.0,28.0
9234cd3c6bd121932ef77a39d6d87893,variedades,60,1702,4,200.0,17.0,7.0,17.0
4b079329d2b509f88a49cb5515291448,livros_interesse_geral,27,407,3,200.0,35.0,6.0,24.0
137f49a66ce117db74acbaf30c047701,agro_industria_e_comercio,54,862,2,7050.0,99.0,5.0,80.0
5cbecf1b44b9abf491a61aadf2809f1a,artigos_casa,30,140,1,700.0,40.0,4.0,30.0
c2f7953b36a941befe89795854fa2c48,esporte_lazer,49,1177,1,1550.0,41.0,6.0,33.0
37688aa1d7a6026150febae63af9f98a,automotivo,55,3326,1,200.0,24.0,18.0,18.0
2fc7741cb6ea76e7164f448adc44652d,artigos_casa,54,168,1,700.0,26.0,7.0,26.0
71bd788b998b8394fa883c302c04b08c,moveis_decoracao,57,1517,2,400.0,50.0,3.0,25.0
571f10e82bf565790b3fa563cbd6b716,moveis_decoracao,35,291,2,300.0,36.0,3.0,30.0
0ef509449287240ee39e57b7eb630202,esporte_lazer,49,901,1,400.0,30.0,30.0,30.0
bb7a9375a368ae9aaa1ce5bb3db3d9ef,automotivo,60,341,1,400.0,20.0,20.0,20.0
ec74982f2c5381621923b6b704605624,pet_shop,52,869,3,700.0,36.0,17.0,11.0
bebcffeb66bcb8af8112dba655b1c1c3,utilidades_domesticas,60,246,1,6200.0,39.0,31.0,28.0
801abf9ab81269e94b64dd62fbd50fc2,bebes,38,713,1,6050.0,64.0,12.0,47.0
b0528299d65ab35e3ed853f6a853b8b8,ferramentas_construcao,48,1200,1,3400.0,16.0,27.0,35.0
4f9a85a01a3a49b2760aed83cf3d78e1,moveis_sala,31,322,1,4400.0,58.0,15.0,53.0
4e46d4d7bdbc358eee60e44df825dd01,fashion_bolsas_e_acessorios,34,142,1,150.0,21.0,9.0,14.0
1a8c8d4e86c3b6d020f42b5621825ced,eletrodomesticos,42,116,1,450.0,20.0,13.0,12.0
c11bf15a30096a9bd622cd856a433136,utilidades_domesticas,23,79,1,500.0,30.0,10.0,15.0
cce7f750a7a055d0309a6d0046498b7a,ferramentas_jardim,56,948,7,700.0,19.0,7.0,14.0
33865d9f10d44d7942569ea1df2feef6,industria_comercio_e_negocios,45,1669,6,850.0,30.0,10.0,15.0
37f4d0bf85fbf875c920d460766d6a5c,iluminacao,51,1512,6,500.0,35.0,14.0,23.0
052413504e5295cd66ec4ced0b310062,relogios_presentes,55,570,1,165.0,16.0,10.0,12.0
dcd3c062b4a5a8f5e411c9cf4772285a,alimentos_bebidas,58,3907,1,350.0,24.0,17.0,17.0
85f7420fa40ab8ab0d46096ecbecb0b7,automotivo,49,1374,4,400.0,16.0,7.0,11.0
2de5cccebd19a4c9731ebf3a29f8da53,utilidades_domesticas,40,502,1,3000.0,25.0,51.0,25.0
c9f630d41df4c9b079559dc5c391b653,esporte_lazer,17,875,3,150.0,17.0,5.0,11.0
59bcfc096cb9fa35b5c5294582c78486,beleza_saude,27,524,1,3500.0,35.0,30.0,15.0
dd469c03ad67e201bc2179ef077dcd48,relogios_presentes,33,658,3,400.0,19.0,9.0,15.0
2b54fb9a4acf707537eb53eb2458c241,artes_e_artesanato,53,923,5,1000.0,25.0,25.0,25.0
9696fc4ef13aa92c9933cc364d18ac40,artigos_casa,30,230,1,700.0,30.0,30.0,30.0
db338cc243c685a907b392a864bebe41,fashion_bolsas_e_acessorios,19,566,7,700.0,46.0,5.0,33.0
85c4d55069956c2035afcd4658368f36,fashion_calcados,57,404,4,800.0,22.0,12.0,33.0
c7f94c1833b036167fcebd72310a4e5d,artigos_casa,57,452,3,3200.0,37.0,10.0,40.0
d7faab3fa0091d1220a8ada9cae1bab3,esporte_lazer,60,251,1,600.0,22.0,5.0,20.0
a996589ecdf800089835934a0360ccc3,eletronicos,49,238,1,150.0,18.0,9.0,13.0
ea20f928ceaa7f146fe62a0cc8413ee5,moveis_decoracao,52,1786,2,500.0,68.0,8.0,13.0
a72df9d6b4412dbd03d886846a438a3c,consoles_games,39,1255,5,250.0,19.0,2.0,14.0
d7902920eb6a27359c214425f69523bb,utilidades_domesticas,48,312,1,800.0,16.0,35.0,32.0
fd18f2f8c3c6818f28fee7202d811830,perfumaria,44,572,1,125.0,17.0,11.0,14.0
541bc0bf3c3255ee2d44f3863336095e,variedades,,,,4200.0,64.0,40.0,48.0
523af7268f3fb3b843cbae0c6b6526e0,eletronicos,27,271,2,300.0,22.0,4.0,13.0
fcf19b6b1ff4a17bcd6ca9675b58aa6f,beleza_saude,49,1211,1,725.0,26.0,17.0,22.0
7d40b684cc830baa8f7760f6fb1528c0,moveis_escritorio,51,2614,4,2600.0,53.0,11.0,32.0
8141daa1ca889b50094987ed7858337e,beleza_saude,49,787,1,50.0,16.0,11.0,16.0
74cee16411adfa1d4d9a343d75aa6177,artigos_casa,54,909,1,850.0,25.0,5.0,25.0
21addb589dd9cf0c658177579dd2e99d,relogios_presentes,55,311,1,283.0,22.0,13.0,20.0
74d4aaa8660d96be90bdaaf7fbe60a6d,automotivo,48,169,3,1650.0,20.0,20.0,20.0
73addce461f9a4a22c793886b6d53ffa,moveis_decoracao,42,2536,2,20650.0,36.0,50.0,70.0
06f442515f5159d999a684dfdb881917,pet_shop,24,513,6,10900.0,50.0,30.0,40.0
a7c6305655921ed7f446b060ca89e2e7,pet_shop,33,478,4,800.0,20.0,25.0,16.0
dac3640f6d34332e47555c0f1c5cad27,relogios_presentes,42,587,1,333.0,19.0,10.0,17.0
ada2ac19cb9679b781e5b38e56aceb3b,utilidades_domesticas,51,808,1,1600.0,30.0,30.0,30.0
16dad26c65775eab24c647539df6cc53,moveis_decoracao,23,323,1,2000.0,25.0,50.0,25.0
cc961d60c672271c34511cd57140a646,beleza_saude,50,551,1,200.0,30.0,3.0,40.0
0519a542f6238651af817ddc6fcbbcf4,pet_shop,51,411,3,400.0,18.0,12.0,15.0
3445f53a6bf62fbee7c9ead1e311d621,utilidades_domesticas,56,743,1,5050.0,36.0,31.0,27.0
96537ba8cc2b7b2d74ef574b5e78d458,moveis_decoracao,63,632,2,2350.0,38.0,7.0,28.0
5a74bb05d1381c7cee14babac7161cf8,perfumaria,38,553,1,450.0,20.0,20.0,30.0
57a8dfdc8e9c5f16bfe0d6762706944b,automotivo,60,144,1,200.0,16.0,8.0,11.0
78f8812dd6c26f65ff9cd09b0318090c,eletronicos,55,388,7,1000.0,22.0,5.0,22.0
a294436012a512193adfae667b8465f8,brinquedos,60,804,3,625.0,33.0,13.0,23.0
e168af8b2f0d9319737c6a7a37904f9e,papelaria,59,139,1,2000.0,30.0,30.0,30.0
612da1ab2099d81e7da8a5769663c1ea,esporte_lazer,59,199,1,975.0,19.0,20.0,15.0
99b4367cf2228c8a86922a0649bee6b8,informatica_acessorios,46,135,1,400.0,35.0,35.0,25.0
92e106929b560a1609803a97c48a47d2,beleza_saude,45,1410,1,200.0,20.0,20.0,20.0
92a0ba05cdafc24128ead0890a8a2c79,livros_importados,31,147,1,900.0,45.0,5.0,25.0
35d6a7880150d5dacc9ad0c9a9cfb233,instrumentos_musicais,45,1546,5,725.0,28.0,8.0,23.0
e4e5cbc0077aa2c7aacbe435166df909,fashion_bolsas_e_acessorios,56,918,6,250.0,16.0,2.0,11.0
9eae1df2c1112be7a7c57d7b09fd9bcd,alimentos_bebidas,32,298,1,325.0,17.0,14.0,14.0
fcf41b0fb1a95c8f66330d698d55a532,relogios_presentes,24,993,3,250.0,20.0,16.0,12.0
9614dd0585b52cd086cbdcc2dd5fcda4,bebes,58,1045,2,800.0,42.0,25.0,15.0
3e6849c6e53482c55a97363674027b4a,beleza_saude,55,1201,1,200.0,37.0,10.0,17.0
274669a78ffdf9398adbd9502e6c4915,papelaria,29,194,1,450.0,16.0,42.0,32.0
5bd318d221da74df4ee531dbe407e151,informatica_acessorios,25,653,2,353.0,29.0,9.0,14.0
d5abd3b28e2a7a0da8f0a4617f9188d6,telefonia,53,412,3,100.0,19.0,3.0,11.0
ae1d83f17a79da9d43ac1284316cbf2b,utilidades_domesticas,60,644,2,1100.0,18.0,9.0,18.0
7620a27f1d6747511f1c6f0ddb63c0ef,flores,52,225,1,850.0,16.0,11.0,11.0
5087755ce445ac09967f7528809f154e,ferramentas_construcao,40,186,1,463.0,19.0,17.0,17.0
8b0d2841b3c1d9a16e7e86fce9a35a78,utilidades_domesticas,42,519,1,2900.0,25.0,25.0,25.0
f89594c3583443e5e0d464e97284835d,variedades,49,81,2,400.0,18.0,14.0,14.0
eadb1b7e01cc1cffae6481602d1ce7dc,malas_acessorios,41,1345,2,283.0,21.0,16.0,23.0
3d6c02b4d1a6c303569fe075e0c01831,moveis_decoracao,57,2042,2,3000.0,69.0,11.0,11.0
b694ddbde0943a2ebcaa7bb2777dbf4b,utilidades_domesticas,31,226,1,2650.0,23.0,23.0,23.0
2c1b63caa55c07dac2ed3b6167bababd,informatica_acessorios,51,2243,3,900.0,20.0,30.0,20.0
d153700e4a62e8079fc5d05db31e6003,beleza_saude,30,1418,1,232.0,35.0,9.0,20.0
6cad28878d72af7730d0956a292fa125,moveis_escritorio,46,1775,1,6500.0,58.0,28.0,58.0
9df597081d18ddb0f995470f3203d467,informatica_acessorios,59,410,1,300.0,16.0,8.0,11.0
4094a0149a0f4da09703696fe235617c,moveis_decoracao,60,473,1,800.0,30.0,3.0,19.0
a2383392185fd006ff9117e6a8eb2afb,utilidades_domesticas,60,382,1,7150.0,35.0,35.0,35.0
d79c712e7afe8f0fd59b749ee1e4fc97,relogios_presentes,58,891,8,250.0,16.0,2.0,11.0
eaa53c85856d19bc9f611f5628b4ce7b,iluminacao,56,290,4,600.0,38.0,15.0,25.0
ecbd7c0c31f1779002f5a78b2a1873ae,bebes,60,362,2,183.0,22.0,11.0,22.0
39c4b45f85d57630198b4da1688c13a0,brinquedos,33,234,1,578.0,33.0,19.0,33.0
b1851a67aab3aafb8c62f81b64d31278,artigos_casa,35,762,1,8700.0,33.0,44.0,33.0
01b0238705b6ae8e35c6fea837e6ae4a,beleza_saude,57,460,1,900.0,20.0,4.0,11.0
e8eb2bde4e37bfe54219bcae2d1baaf5,esporte_lazer,40,579,1,3000.0,31.0,37.0,31.0
b62f6ab449278bcd1e009b0b1acab2d0,automotivo,56,695,6,3900.0,47.0,19.0,23.0
7c4bc321009f51cefbb3877de6b98bae,artigos_casa,58,268,1,3600.0,41.0,8.0,36.0
7737a63b27d4c4ec7592e8429ad7f554,esporte_lazer,57,932,2,800.0,30.0,20.0,20.0
6400587d9225c4ea09f3d5ae53860c11,moveis_decoracao,60,517,2,2800.0,35.0,30.0,35.0
93582a7d8a16b7f7fb4992be2c91b659,esporte_lazer,39,767,2,500.0,25.0,4.0,22.0
b0c89945c034268074f5f80b362bda34,artigos_casa,60,612,1,550.0,16.0,10.0,16.0
e0a36dd15c245dbe1a52080fd6d048b2,esporte_lazer,28,645,1,500.0,28.0,25.0,25.0
a15665e2f4e7dbf282a846552c8be1ee,moveis_decoracao,44,218,1,1300.0,40.0,30.0,40.0
2da57168cd8fff36cb88b21369ce7e6d,automotivo,45,1014,3,3750.0,40.0,15.0,15.0
0a8699af8de9f3c25f80fe9b530df153,moveis_decoracao,53,1988,3,2500.0,65.0,8.0,45.0
8dfb03487cbe37c4d46e3e372a7df1b7,artigos_casa,38,2119,2,18050.0,85.0,23.0,55.0
292fb25ba428fb067c8b7cf3f70b58be,artigos_casa,58,663,1,2200.0,29.0,8.0,38.0
c686d4fd1e845efd1b98db8220f0af3b,artigos_casa,54,273,1,3050.0,48.0,16.0,38.0
cf6020146772dc8cdcd583c1651170a1,papelaria,59,223,4,5150.0,60.0,20.0,29.0
bcb48104679f1706dfa33164ed3c87fe,casa_construcao,45,595,4,450.0,17.0,20.0,17.0
81bc8fd12691dc4b290dc8c668532e1e,casa_construcao,55,1500,1,1250.0,25.0,43.0,17.0
3b3c3503539e7f917eb57a8d4bfa69f0,variedades,47,738,5,9350.0,50.0,28.0,40.0
ef2fb3a493929907466587fecb5611e2,variedades,38,195,1,567.0,35.0,27.0,17.0
37b57a225c7a1f044857d1dde7d18750,instrumentos_musicais,50,905,9,1300.0,42.0,8.0,38.0
9b83697904aaffc71f44ffe33b3c69be,ferramentas_jardim,37,233,1,900.0,32.0,13.0,18.0
2aae44062520332404c7c026b7cb03c1,papelaria,51,479,4,450.0,24.0,4.0,20.0
44980f2abfac3c9364a666403350799b,esporte_lazer,46,1230,3,850.0,30.0,23.0,15.0
417d9668b1146c16947abb8c344996e8,eletronicos,55,1240,2,800.0,21.0,17.0,18.0
be3d221fd98c71e1a8dabefc71e4101d,alimentos_bebidas,59,1461,1,400.0,28.0,15.0,20.0
1cd17c8beea6f950dcdcb8e514d1fdfb,audiovisual,56,829,1,850.0,30.0,13.0,30.0
4f4cb88d59fa6aa0e19c3b28b427ebe5,informatica_acessorios,60,245,2,100.0,16.0,8.0,11.0
cfd5ddef75ca55424c2ff83ed2c2ad75,telefonia,53,599,1,200.0,19.0,4.0,11.0
40bc6155bfab13c191f9d5a72ebe12c7,telefonia,55,2428,3,100.0,13.0,20.0,13.0
6e945cffb2e4e63d0ee8c5e7cfb717c7,malas_acessorios,44,179,1,1800.0,30.0,40.0,30.0
9420f15c30b82da057082b08883cdf5d,brinquedos,51,416,1,665.0,20.0,25.0,16.0
9e927cd87b7c76f32f8f42ef2ede7923,esporte_lazer,42,194,1,600.0,18.0,3.0,15.0
80c8ded77011b1d2c8e3bdbff65eab23,beleza_saude,60,918,1,200.0,22.0,3.0,15.0
ad52cb93ae060c9bdd776831a915e94d,esporte_lazer,23,162,3,700.0,30.0,30.0,30.0
af532b7b70d7b3c1a2f042eb10fed9be,relogios_presentes,50,532,2,235.0,16.0,14.0,14.0
1a2c16ff559425a46f2eba773fceb91d,perfumaria,32,2376,6,300.0,20.0,20.0,20.0
f16d9c6688f187efa6ce353d689d85fd,moveis_escritorio,37,1259,1,8400.0,25.0,23.0,37.0
fde90f06296b26995fd0de6f16610d70,jardinagem,45,225,1,1650.0,22.0,14.0,14.0
541d7793096f512080b5b5c25ce3c44f,informatica_acessorios,53,479,1,300.0,15.0,5.0,13.0
09e24bdfc054e52b9c4af78e3a286a98,perfumaria,44,343,1,75.0,16.0,11.0,11.0
00d93a09990b319a7c946ed7a8c67656,moveis_decoracao,54,197,8,3400.0,42.0,16.0,26.0
4e4385e1755dee0c4c4b30aea0c0debd,beleza_saude,55,3948,1,1500.0,16.0,16.0,15.0
1957efa6b2babcb8552b5f3072108d41,variedades,63,1383,4,15300.0,43.0,40.0,40.0
663672ba9d02ab854b20231eb7e0b827,moveis_decoracao,58,570,1,300.0,35.0,10.0,25.0
81a3d1dc085d3226530f23cd4af5030b,brinquedos,44,232,3,547.0,22.0,13.0,21.0
aa39d59b0fe9c8b0162f5d855833c97d,esporte_lazer,41,1414,1,250.0,22.0,26.0,16.0
5f896a5d3a7944fc986b28d1ecfe25e6,artigos_casa,32,121,1,1000.0,39.0,8.0,33.0
e297db380aba505a729f00cd61b149d9,utilidades_domesticas,54,1414,3,425.0,41.0,12.0,13.0
1d4be40226e19b6b8753d064ba5b94e0,informatica_acessorios,60,324,2,100.0,16.0,8.0,11.0
0a04f0225fa364dc9192421b1a3fb139,utilidades_domesticas,58,735,1,6150.0,35.0,35.0,35.0
f000b8e179dc162f26046103cd109ea3,moveis_decoracao,59,813,4,27350.0,100.0,20.0,20.0
ed9eb16f4c6751d893cde24a3284b281,moveis_decoracao,48,438,1,100.0,22.0,6.0,11.0
3fa7fe855040269e26ef452c5679234e,eletronicos,46,3163,3,1025.0,37.0,26.0,29.0
6cd1945e89970ad5992f82541a227c36,beleza_saude,57,1536,1,1325.0,30.0,25.0,25.0
caf540627b7914ab734c86495fdc95ee,moveis_decoracao,54,769,1,13300.0,45.0,35.0,45.0
e8f487b9cb03fdb7daf2505822570853,artigos_casa,52,1413,1,875.0,20.0,22.0,27.0
70825a84db489dd1ab3f3cd35bb67604,informatica_acessorios,60,1109,4,200.0,16.0,5.0,11.0
90375e3ead4149e7ce79f04c8f6c0545,automotivo,63,1985,3,5900.0,35.0,12.0,20.0
7439223069be0c67de28ae02a2a13810,automotivo,60,1392,3,2800.0,36.0,3.0,24.0
4b70e5e2b965baa6e9bae5b0d8a54ef7,utilidades_domesticas,44,595,1,950.0,30.0,30.0,30.0
d56c3ea4f42e37bc279359ab8ca16479,automotivo,60,651,1,100.0,16.0,3.0,11.0
cdcb7ac87f58c318640a7e7fded46a4e,moveis_decoracao,57,789,2,17350.0,40.0,50.0,40.0
61be4e522756a21071b8a02c2650bd3e,moveis_quarto,45,941,1,8400.0,39.0,13.0,70.0
03c0275df9996ed2720b28488c7946d4,beleza_saude,57,1649,1,300.0,22.0,5.0,15.0
9b89ab91efbb4750c39864ed0262711f,utilidades_domesticas,57,80,2,1850.0,25.0,10.0,25.0
c326c16c4e67b3648c8992954d628795,perfumaria,50,646,2,500.0,20.0,14.0,22.0
f8f93700c26007f74716eca57d217cfd,fashion_bolsas_e_acessorios,58,631,3,400.0,43.0,16.0,27.0
f6f66f6bb78ecbb86093da5be2f40304,moveis_decoracao,51,1750,4,2650.0,105.0,3.0,70.0
4f0a445aa70e0bcec25ba0ef7c7e863e,brinquedos,56,723,3,1200.0,50.0,10.0,35.0
188d0b148e6d1c86faffe0d73c3f2dad,moveis_decoracao,25,249,2,7650.0,25.0,25.0,25.0
ad251378b8a5df8ebfca21e28cc01d6f,relogios_presentes,50,448,1,250.0,16.0,11.0,11.0
e2c329a4516937ef4828102690ae669a,esporte_lazer,56,854,1,1500.0,20.0,20.0,20.0
54775e8961e1b9875d235541a2048ddc,automotivo,55,535,1,400.0,20.0,15.0,15.0
b3e62451b0073eb78f48426d3832b8d2,utilidades_domesticas,55,1346,1,1950.0,25.0,23.0,21.0
74b37d6e66e61aa0e4a79209aa28ccf2,moveis_decoracao,48,2023,2,600.0,68.0,8.0,13.0
f4d18451e6c35980e6898e36dfd6fb55,artigos_casa,53,392,1,900.0,45.0,15.0,35.0
0116f3b947377cccf0135f8071b54d74,esporte_lazer,55,1381,4,1050.0,40.0,20.0,20.0
68a806c992c807c249f0a433a4e9a1f4,moveis_decoracao,54,419,1,1400.0,40.0,10.0,40.0
d335945072dbe4531d77c761f7eb6324,eletronicos,51,518,1,175.0,20.0,11.0,16.0
945657481c47ca039e25c6b061eb9744,consoles_games,54,595,1,150.0,19.0,4.0,11.0
d04260412d1933cf60238985c57b1749,brinquedos,41,440,1,500.0,23.0,25.0,11.0
8ebd584f33b5fdca6428a5130d6e17d2,moveis_decoracao,45,1011,4,425.0,30.0,10.0,21.0
3d332427ec9de8802951c8fdd9b69029,papelaria,60,301,10,800.0,35.0,30.0,35.0
348ea09800ea8b415f488cef882bb755,fashion_roupa_masculina,31,712,2,750.0,20.0,20.0,20.0
ae21e20e39807ffbb4b976fd106b937c,brinquedos,44,1135,4,1300.0,25.0,25.0,20.0
74b68e3a8bb6c6528cf025d1549bc74a,livros_tecnicos,39,3658,1,1100.0,29.0,5.0,22.0
15d165bec0a8ecf3a213dfb0b891e715,moveis_sala,49,287,2,4050.0,50.0,10.0,50.0
9472a43e0457615f2742ac021d769197,fashion_roupa_masculina,40,1509,2,1900.0,35.0,6.0,45.0
d41abc00681320620cf860628356401f,moveis_decoracao,42,360,2,1050.0,25.0,20.0,18.0
0603179793e4bf68b9dbdb4ba238a3b7,artigos_casa,58,1290,1,1150.0,43.0,7.0,30.0
4ee931ba1980085a969d498d63e69f72,artigos_casa,43,158,1,650.0,31.0,13.0,20.0
00be617b58175bf207fd35910d5097a4,artigos_casa,52,396,1,900.0,45.0,15.0,35.0
322159ea16aa68e7bff8da4025d2fef8,malas_acessorios,46,210,1,3250.0,29.0,35.0,21.0
4dfffeaa9522a9ba71cdc9e7d43212d0,fashion_bolsas_e_acessorios,29,808,1,100.0,16.0,5.0,16.0
09258106f546b38b0f817fc3aadf650b,brinquedos,48,236,1,200.0,45.0,15.0,35.0
f7c9e1767903086a8dcffb1038b7e5b5,esporte_lazer,59,738,4,500.0,16.0,12.0,12.0
beec9bc2305d3372fa3b3133ba3fd644,variedades,,,,3000.0,40.0,40.0,40.0
9e18e70b32c00d98cc4cb4314dfef5dd,papelaria,34,245,3,1100.0,42.0,20.0,31.0
750d224957fab8388b6b2c7432c00e35,pet_shop,41,593,3,250.0,30.0,10.0,15.0
9431a9c618106cc583ea8b3381047c0b,ferramentas_jardim,58,1513,3,350.0,23.0,7.0,14.0
e3236035f7e0c05a72c94efd538abf1e,esporte_lazer,42,1973,1,238.0,19.0,17.0,19.0
4da4a4fac1a443d1faea4555fae954eb,esporte_lazer,40,1140,1,7600.0,100.0,20.0,25.0
2632e16b0014b5afd885ac27e0042358,perfumaria,60,732,2,550.0,22.0,16.0,16.0
4ad6730f8bcd370ac72874397a1c1467,fashion_underwear_e_moda_praia,40,348,2,200.0,26.0,5.0,18.0
661b9f45d2c7838b67a935446b8a8fd7,relogios_presentes,25,863,3,200.0,20.0,8.0,11.0
afdb083178822a8d5ead45e3e69c9ebf,artigos_casa,22,336,2,650.0,35.0,12.0,35.0
9116d72465bec45e9931216018aa5b2d,artigos_casa,53,329,4,1150.0,40.0,5.0,30.0
3cb35b42508b97cb50eb1f1090c9d719,beleza_saude,47,2594,4,600.0,18.0,9.0,12.0
a52ed2fb26d435066d6613134afcb439,artigos_casa,56,211,1,220.0,32.0,4.0,23.0
4de1da8993b44fb4a460de990da86db8,brinquedos,42,1643,1,1900.0,34.0,35.0,29.0
4ecb2783e8ddc82d12ff22a32b7490c2,beleza_saude,44,3561,6,450.0,27.0,14.0,14.0
641aef802951b7cb93574143819fac79,utilidades_domesticas,45,953,2,650.0,35.0,20.0,25.0
c56400aa5823575d5a92a8f98077490a,moveis_escritorio,48,1043,1,9150.0,35.0,52.0,35.0
01e25be2c25019945382e057a8292e72,artigos_casa,59,330,1,1575.0,41.0,6.0,31.0
310b40ec41fbfc061e5309006482e68a,livros_interesse_geral,59,179,1,500.0,18.0,16.0,16.0
4bbf316ae7ff594890e582c054a6213e,moveis_decoracao,60,829,4,1275.0,35.0,13.0,23.0
6b7c7bc412636b6e82fbb11eb157df21,artigos_casa,25,306,1,1300.0,40.0,35.0,40.0
78af039af208ab37d0c1d03faff0866f,moveis_decoracao,45,677,1,1750.0,35.0,45.0,35.0
9373cd8d23754193eb73e734128d55bf,artigos_casa,59,619,2,850.0,55.0,7.0,34.0
c9bac0c94feb0cf8a975bcd42f9e276b,casa_construcao,29,791,1,125.0,16.0,11.0,14.0
ca753b1e379d59868172ac9d8d62d14f,malas_acessorios,53,220,1,1000.0,46.0,10.0,34.0
1f50c7757334d6acef5e3c5fa64eb3c7,moveis_decoracao,40,406,3,700.0,24.0,19.0,22.0
37c30504e77191e93709b3e44e5393d0,bebes,59,547,1,300.0,20.0,2.0,20.0
c9a723361582704a087fcf8bdbe4a460,moveis_cozinha_area_de_servico_jantar_e_jardim,41,2017,7,15300.0,30.0,100.0,25.0
afb19e2ebc7fc0880decbce5f2fcd6dc,brinquedos,55,370,3,450.0,38.0,11.0,24.0
dec4cd5561ffdae063f94385555a5683,relogios_presentes,37,340,3,1000.0,27.0,15.0,25.0
e572ef4db3ee1a8e900245a31184783a,variedades,11,228,3,1500.0,23.0,15.0,15.0
bd0c8fe7ca76c396baeb6968121eb825,fashion_bolsas_e_acessorios,60,1664,7,150.0,17.0,2.0,19.0
48cf041a87beac458328d395d035515a,telefonia,58,428,2,150.0,19.0,4.0,11.0
fcd3383d6f4f1c10260d479342c4fd54,telefonia,58,818,6,150.0,17.0,4.0,12.0
b7d94dc0640c7025dc8e3b46b52d8239,informatica_acessorios,59,636,1,800.0,35.0,12.0,15.0
fb8d71b8750a9bb47e7f71434deb437d,esporte_lazer,58,1314,1,200.0,18.0,8.0,14.0
dbbaf4c939ff935365a67aee70c9b42a,variedades,47,558,1,1033.0,28.0,16.0,17.0
531875d56f35380c3a6c52d9c3b005f6,beleza_saude,38,207,1,350.0,16.0,7.0,16.0
917f6830695aa0ef49bbba69315a4b5d,ferramentas_construcao,15,314,1,4050.0,19.0,19.0,19.0
c36100652b59546fcd8fff467dc29519,relogios_presentes,47,732,2,140.0,18.0,16.0,16.0
446e4aaabb7fbea797d25845c8ab50f4,informatica_acessorios,59,411,1,100.0,13.0,10.0,11.0
12e3a68b273ba72f5b5d7bbf73bd16be,utilidades_domesticas,54,1627,1,6100.0,22.0,26.0,22.0
36eece49385945a72f46e8edc9a56e42,automotivo,32,1214,1,1036.0,20.0,11.0,13.0
a4ea23e4c7a6ea7b4106779177221ce7,informatica_acessorios,40,2755,5,200.0,20.0,10.0,15.0
d656fadaaa736b38039b6b92c7bcb5de,moveis_decoracao,58,1211,1,600.0,25.0,8.0,25.0
7285e977b36a2243203636b240772c5e,variedades,,,,400.0,25.0,8.0,11.0
58c41dff5d439e3f6260765550748762,beleza_saude,55,843,1,1600.0,47.0,18.0,26.0
b842a6c9c2c51a699729d378d8d674fc,fashion_bolsas_e_acessorios,51,48,1,200.0,16.0,2.0,11.0
cbe952607a2215211502095c631ea179,variedades,42,268,3,700.0,47.0,8.0,30.0
753d279facc7d9ca90f2e8bfb2bab052,utilidades_domesticas,52,485,3,600.0,16.0,12.0,12.0
079f8274f5cca61e595fc11c5fd3aa2f,automotivo,60,1119,2,550.0,16.0,5.0,11.0
c0b5d7ccbcf724a9ad7c8c8f6a896959,eletronicos,42,294,1,250.0,21.0,7.0,14.0
6d066313ce43d3ed9fdfa17b4fb69baa,bebes,31,4,2,855.0,36.0,23.0,28.0
41ca153cf03e7b597a7b872ac78cad69,telefonia,58,734,3,250.0,17.0,4.0,12.0
eaa26a34984cbfedc19b1e45f09f3c9a,variedades,49,214,2,422.0,18.0,12.0,15.0
059ca09d32720d9adce3ae12e181339d,perfumaria,50,676,1,426.0,20.0,16.0,17.0
975828c8db28051cee10ac26b418430a,fashion_bolsas_e_acessorios,30,227,2,200.0,16.0,8.0,11.0
98b22c1129886cbd7fcae69d1c93e442,artigos_casa,57,188,1,1350.0,44.0,2.0,35.0
3207a174f3e42a042883848bbbf6fdf8,informatica_acessorios,38,484,1,500.0,32.0,12.0,20.0
f06eacf8d7279dfb3018a75f7ce08840,automotivo,52,561,2,900.0,56.0,12.0,16.0
7f61bd19ec09e7fe8a9fa226b516e6cd,telefonia,51,537,1,850.0,43.0,30.0,33.0
30710ef7a45eef1ce593ebd6bb498bbc,malas_acessorios,57,2118,2,1150.0,30.0,50.0,40.0
22c28492de598515578d252acb18e21b,utilidades_domesticas,57,609,1,727.0,21.0,19.0,22.0
9269d6409ec9f19cad883b2c1aa206d9,utilidades_domesticas,43,731,1,9750.0,42.0,28.0,33.0
e316e2909614743a28695b701bca9d39,esporte_lazer,43,240,1,4750.0,19.0,18.0,18.0
a3b46e392953235f9337a0a56f933ffa,malas_acessorios,38,242,1,700.0,45.0,10.0,31.0
bc79c7b682c43251149b8546f189e646,artigos_casa,54,123,2,300.0,50.0,8.0,34.0
d4aa58256bbb9d82f5ea35acccf1a1eb,eletronicos,48,401,2,128.0,25.0,13.0,18.0
d00bce745bd975885049ee1b125ce4ea,consoles_games,25,687,3,175.0,19.0,12.0,17.0
5c61329e1b7e18310bbc294c17cd47bb,brinquedos,31,936,9,250.0,18.0,16.0,16.0
f0f25035bed5ba1a75a678c0f9f09190,moveis_decoracao,58,733,1,1300.0,34.0,6.0,26.0
778602b15c75fe9eab7692fc81fb3ca1,beleza_saude,57,417,3,200.0,16.0,2.0,11.0
ee104243151384e66a6758c637d7c096,beleza_saude,41,1309,1,1350.0,16.0,87.0,18.0
986870b9985d95ef6205bae1953a61a5,moveis_decoracao,50,646,1,300.0,16.0,30.0,20.0
ee33a2ccba10e33e8184c1b7be9ecf7d,telefonia,52,414,2,200.0,19.0,5.0,11.0
db8c9fec8be4ec050d0cee6a1e06a3c6,informatica_acessorios,57,123,1,300.0,50.0,5.0,20.0
cbdb9bf611328898bd4b32a384506b3a,moveis_escritorio,26,945,1,12700.0,55.0,70.0,18.0
e5b1f66dbce509c58fa37ff08428f91d,consoles_games,60,1511,4,665.0,16.0,17.0,16.0
a632b5621f2a0e69800b6d491f5a20e9,eletronicos,53,3100,1,800.0,20.0,20.0,20.0
d3fa833c2316e10ef73de032c989e814,brinquedos,49,691,2,400.0,30.0,11.0,18.0
7ac0d3f8ac5b60c13d74b02b8cbb4623,pet_shop,40,1110,6,1050.0,20.0,17.0,25.0
71040c7f50609abf6865f4429f8b1035,beleza_saude,56,3900,1,3450.0,30.0,30.0,16.0
add20623e743c90cefc65db803efa18e,perfumaria,59,852,2,400.0,16.0,7.0,20.0
0a10747b677a2f5efd58f827f072f27f,variedades,51,461,2,900.0,20.0,15.0,15.0
bb58bcac750d6060319c4e89b560f7f1,ferramentas_construcao,46,899,2,900.0,26.0,23.0,26.0
f5195736fa7a5ef076d923c03675184a,automotivo,48,527,1,8450.0,45.0,25.0,45.0
04867a0efbf0779b221235559860b9b8,relogios_presentes,41,673,4,150.0,16.0,2.0,11.0
17823ffd2de8234f0e885a71109613a4,variedades,,,,3750.0,42.0,20.0,24.0
5eeb7a5563e8de6571e6ef18a65477c8,beleza_saude,60,644,2,300.0,16.0,4.0,20.0
96cfc72c759891226dacf3dfb303d6c1,fashion_bolsas_e_acessorios,59,676,4,200.0,17.0,9.0,17.0
b1b79859f1babe1145fdd1b24eabb217,esporte_lazer,40,1978,1,100.0,16.0,16.0,16.0
bd2208216bc0c202640ae18c57e0f483,beleza_saude,57,651,1,700.0,16.0,16.0,16.0
729c55b4509d36c18b86f0bacc17ca5d,telefonia,58,702,6,250.0,18.0,4.0,12.0
09b069a1846b0e666a398952c8ba1605,esporte_lazer,50,3129,1,350.0,18.0,8.0,14.0
36c554eb2e204a1db6000ed146c9fbde,automotivo,50,1518,2,170.0,19.0,14.0,17.0
5a1a5bb0e9e3dbd18e6d8d3c326d3fed,artigos_casa,55,249,1,850.0,38.0,10.0,38.0
a4ec3aca85c0421e2cd607dc03162791,utilidades_domesticas,27,570,3,3500.0,51.0,8.0,35.0
6fd27cf8e62ea370a010743ce145f802,bebes,55,927,3,320.0,18.0,14.0,16.0
d57afe143925aa9890073159f1e99ad2,relogios_presentes,54,438,1,250.0,16.0,2.0,11.0
1e15e15a2cf0210505c942496b19c917,utilidades_domesticas,44,475,1,700.0,45.0,16.0,16.0
543afaf83c3e39a4c4a6df503b65ff58,automotivo,29,374,1,10400.0,40.0,20.0,30.0
6ae4d45dedc378571b9c404275008674,pet_shop,49,1561,2,500.0,20.0,18.0,20.0
2ef3d8599453e1d96a0adc55fa90ba91,pet_shop,55,1143,2,1600.0,50.0,20.0,40.0
22a4657fae391d977b8dfe09b590ee6c,jardinagem,35,2228,1,2250.0,33.0,33.0,20.0
2515eea3c60c67ecbb38b2f6b72733a3,bebes,14,268,2,1100.0,30.0,5.0,45.0
0176300ac9900e260f35fbddd71c6d92,eletrodomesticos,59,161,1,200.0,27.0,12.0,17.0
8f4b17412563c9aef144af0d2b3745f4,papelaria,52,1652,4,29000.0,50.0,50.0,30.0
32edb2bfa4cfffed1e335945b86bc872,artigos_casa,54,583,1,5350.0,16.0,50.0,40.0
23f52db82a2a0f55b0a1c1ae5b696013,beleza_saude,29,1114,1,1600.0,50.0,16.0,40.0
09c083c98ccb0062e23ddfa6f70adf13,artigos_casa,53,669,1,600.0,30.0,12.0,23.0
ee44bbb5a0629d88932b9b6fbadc5354,automotivo,60,270,1,250.0,16.0,6.0,16.0
e20e8fa3a50b1774e52b89664b3b6ddd,esporte_lazer,44,454,1,628.0,17.0,25.0,14.0
96e7e4dc5b1964302aa4e183c428f925,utilidades_domesticas,36,308,1,5800.0,40.0,39.0,45.0
33c4b54c2a3e60ac5beb217d833d9f52,ferramentas_jardim,59,986,5,1650.0,30.0,23.0,20.0
1269d60fc5efbcf03e7eea49213091c6,artigos_casa,27,423,1,200.0,16.0,12.0,11.0
fde0eff565370716f3400d2bdf4e148a,artigos_casa,58,124,2,6350.0,95.0,8.0,50.0
6f1c4346d1a3630832ef0128e82eb6fb,automotivo,58,651,5,6750.0,72.0,4.0,46.0
c615ac0ef96d723029051d29d7cd2d16,beleza_saude,57,1479,1,100.0,30.0,12.0,16.0
bd378eb2fc8d592ac989db18fb35bbf2,beleza_saude,38,1242,1,5575.0,28.0,23.0,28.0
281a353d0819c43883117f23a99a8410,fashion_bolsas_e_acessorios,43,780,6,50.0,18.0,18.0,12.0
fc7b2bd9172746b4151710bc2132f6a7,papelaria,48,379,1,300.0,28.0,7.0,15.0
230aa1590e1e7bc88252d8f1649109c2,artigos_casa,59,842,1,1175.0,28.0,8.0,28.0
38e28b7814d36bc84b972a75dd7c5ce7,market_place,63,937,1,200.0,46.0,4.0,11.0
44561c9878089165871c1d9956da49dc,esporte_lazer,57,913,1,1600.0,20.0,40.0,30.0
b07d4d53510cb94a50f0088119134afe,ferramentas_jardim,56,875,2,15100.0,45.0,45.0,37.0
6ddc8b938d09dc6cdc48aff7252e5f0e,moveis_decoracao,55,1431,3,200.0,35.0,2.0,25.0
c3002d67c0b8c6449c3a80c1556ad8c5,moveis_cozinha_area_de_servico_jantar_e_jardim,53,1563,3,3300.0,40.0,20.0,60.0
1d65c98a734ff9df50578e6199d79a43,esporte_lazer,47,972,1,1450.0,24.0,20.0,20.0
cd23ec4a774a11839255737299a05f4d,automotivo,55,917,1,1775.0,36.0,7.0,24.0
8b6bd2f1787ccf9f63fa540492dd74c2,automotivo,41,1518,2,1000.0,37.0,12.0,35.0
640fcadaeb5f06f26d6b07d366cebd34,moveis_decoracao,59,1988,3,2550.0,65.0,8.0,45.0
5a4ff3aa2e6d215d457a8d706fbf2272,artigos_casa,56,674,1,1325.0,19.0,17.0,23.0
c29a770821480abc0e0150220a24e7cc,moveis_decoracao,57,266,1,1000.0,40.0,6.0,32.0
ada1a8827eb941c40a281fc1be034949,consoles_games,55,820,2,350.0,16.0,13.0,16.0
7d6bf2a74c5881cd8f7159032ad593e7,utilidades_domesticas,34,634,1,500.0,16.0,18.0,11.0
50908a7240199b240e6d857e740cafd8,beleza_saude,39,692,2,429.0,19.0,16.0,18.0
010951987d78f9d52fbf50a43b690ba1,informatica_acessorios,55,441,1,1100.0,40.0,20.0,20.0
9f9d0d6ad3c84f4f0f6748167d2a6dfc,informatica_acessorios,53,572,3,900.0,30.0,6.0,16.0
71a8ee0a8b3fe29f6d89c75e6c1d2dba,telefonia,58,305,1,150.0,19.0,4.0,11.0
2ca577417c24f9ac43a02a55de095d32,artigos_casa,59,884,1,450.0,28.0,10.0,26.0
e9de4d4332d0f60d443dadf3171ad6d4,automotivo,35,283,1,11200.0,25.0,18.0,18.0
c230b471b7e21ff9060e68ee154afd70,variedades,,,,200.0,16.0,5.0,11.0
965ab297b516455ba5bae37d17bc51f8,beleza_saude,52,1828,1,1100.0,25.0,13.0,20.0
b5e13c9a353102f79c6206ff5cb61a50,brinquedos,59,249,2,1500.0,40.0,25.0,20.0
dea59da50d67605ee4505aade2fcfee7,consoles_games,31,637,1,556.0,30.0,12.0,15.0
0921c85f1ae48534995bff5348e3d9d7,esporte_lazer,21,548,1,1100.0,17.0,4.0,11.0
a0f73bcb4e1fcfb056cfdc6ca7222249,telefonia,57,1164,3,200.0,18.0,6.0,20.0
302ff907f751a6ff40456ba47db233ae,beleza_saude,57,511,1,710.0,21.0,15.0,11.0
4dfbe01419f983d397ed0439f090541d,artigos_casa,49,729,1,2350.0,20.0,30.0,30.0
b625929cf412ff2c73f64485b23a5202,moveis_decoracao,59,197,8,950.0,31.0,11.0,26.0
00905d58c87afcbce21420b3712cacaa,artigos_casa,59,253,1,3875.0,46.0,12.0,43.0
93a12c289ca2b78e7069e469f5053ef2,informatica_acessorios,55,408,1,233.0,16.0,14.0,15.0
2efe79c475e4c22430aedf7eacc830ee,esporte_lazer,60,1507,1,1900.0,25.0,25.0,25.0
6a57e06a7c336f433090a6eeacafdb45,moveis_sala,58,285,3,6650.0,55.0,11.0,35.0
e79cd83f9050b980118e3e3a5930b577,artigos_casa,58,402,1,2100.0,40.0,10.0,30.0
c5d5fed9e3002dc5313d874d7f9a0ff0,instrumentos_musicais,41,1741,3,6050.0,60.0,15.0,40.0
9fa7e05ae5cddeb74ff2fe5046b742db,beleza_saude,55,449,1,30000.0,55.0,75.0,61.0
19fdf478915162331ece9adfd669b88e,fashion_calcados,54,404,4,850.0,22.0,12.0,33.0
1dcff375b928a1807562ea4a895a8046,moveis_decoracao,50,754,3,1100.0,30.0,11.0,11.0
7814c4d0c13dd09411bf75a6c3184e7f,automotivo,37,1383,2,14900.0,61.0,25.0,45.0
835fdb74fa8c0da45cd0879b1307fcd0,artigos_casa,50,563,1,1100.0,35.0,25.0,30.0
7f8a4c409bc01200ff3b82e995cf8497,eletrodomesticos,55,270,1,350.0,18.0,8.0,13.0
9c31382f02ac001fe1a33a466471d98c,eletronicos,60,742,2,2200.0,22.0,7.0,17.0
42080692a4543e17940c60a980613abb,eletronicos,27,628,3,200.0,16.0,15.0,15.0
f3dfe1ebf34697e381de433829e7439b,utilidades_domesticas,18,413,2,183.0,17.0,13.0,12.0
e74c906e50417096a9c1fb2c5860b010,utilidades_domesticas,54,698,1,5900.0,65.0,12.0,45.0
c64343b6e8d5be28f6564c6959cdfa7c,moveis_decoracao,53,441,1,3500.0,60.0,40.0,42.0
bfce5e847034e1fbbc1ed0bff6a372c7,moveis_decoracao,55,248,1,1800.0,40.0,8.0,30.0
fe34503c6bccf918db601aaafd4a975a,variedades,,,,3000.0,16.0,21.0,19.0
7059637593d1eda31cef9582eba6a170,informatica_acessorios,59,202,1,900.0,35.0,15.0,15.0
3b123ae5d71b7b0d1b2a3f47c00eec8b,beleza_saude,51,612,1,338.0,21.0,6.0,21.0
c8e327c0df61bc66cdcf76a588c80154,telefonia,59,1770,5,1700.0,25.0,22.0,24.0
432f8a18d8c5b519bf3860e2f32c3273,relogios_presentes,44,589,3,800.0,18.0,12.0,19.0
a0fe1efb855f3e786f0650268cd77f44,agro_industria_e_comercio,35,380,1,125.0,20.0,4.0,13.0
45f4784fe1b64e1e5a1b9dade6a83e88,artigos_casa,59,119,1,2250.0,36.0,16.0,36.0
62f68be290c2e9c8403e306bd023041c,fashion_bolsas_e_acessorios,41,52,1,200.0,16.0,2.0,11.0
ea10285afcafd4d505a539481c9c576b,utilidades_domesticas,58,422,2,2150.0,45.0,41.0,14.0
48e5af4df590c37a05a29b5c86e020e1,artes_e_artesanato,51,473,1,150.0,20.0,4.0,20.0
e2e426d1332240070b0a836a854d057b,artigos_casa,57,701,2,1100.0,50.0,12.0,12.0
9beabf555d105ca84a74570e39e64852,automotivo,29,766,2,300.0,16.0,10.0,16.0
ea7ab4d3d8f539561e8078feaca6ae07,bebes,60,1035,3,1450.0,42.0,25.0,15.0
04c200c7067838a36677c2cb65f90987,utilidades_domesticas,55,1355,4,375.0,16.0,10.0,18.0
11edd101079c39b8f444dfd7bab5c9f1,moveis_sala,47,570,4,1350.0,64.0,13.0,18.0
bfdef2976f08b5f72e1cfa276a88f45a,telefonia,25,538,10,100.0,16.0,3.0,11.0
b3f477c2a1fa5dd064834826a5829be2,iluminacao,39,437,1,600.0,30.0,30.0,30.0
6253337f05bc888dc4b35d45d1ec3a64,climatizacao,45,708,1,1875.0,27.0,17.0,27.0
30c9836b54b1f5702a078b5b6c63db07,relogios_presentes,54,443,1,450.0,19.0,13.0,13.0
2c1559e64bc92171b52fdaea272cbf39,casa_construcao,28,982,1,750.0,23.0,27.0,27.0
c18b9716f7bfbff80fd3e41cee298c98,brinquedos,27,691,2,250.0,21.0,10.0,20.0
5b22ee51ed70519e97ac231091d12a51,moveis_decoracao,34,172,1,50.0,19.0,7.0,16.0
30b74394f33d50a2af1047ee1cfd5705,eletronicos,54,730,5,400.0,16.0,12.0,17.0
04014f5d30de9dbe77b421f63985b5ef,automotivo,52,228,2,5550.0,55.0,35.0,30.0
ef06c0458c76196646fe25444b793139,beleza_saude,29,298,4,100.0,22.0,3.0,14.0
7137dd34a614f3fb4eb7b734ea5320a3,moveis_escritorio,41,2235,1,15200.0,58.0,28.0,58.0
738e3bc419b014194ec3587e2321bf61,automotivo,48,334,1,500.0,30.0,30.0,30.0
ee92961b88199a0d4329a6beca8f63da,esporte_lazer,55,308,2,450.0,35.0,7.0,25.0
1bbab10ac1cf79799f5c997e4817c46a,utilidades_domesticas,44,330,3,425.0,18.0,18.0,18.0
da2a3bd205509eae7afd98d242983092,eletronicos,52,721,1,340.0,33.0,14.0,17.0
d55d2479e56093f23ebcf313ceb3bcfe,audiovisual,43,399,1,100.0,19.0,3.0,11.0
d159157f1837c548e960ea0e9b00b259,esporte_lazer,59,1571,3,1300.0,105.0,15.0,15.0
bde17838f4e4b0da69933dc1d8e07598,fashion_bolsas_e_acessorios,55,34,1,700.0,29.0,31.0,49.0
29ffae92a47bf21dd4c109d40b4de7f6,alimentos_bebidas,30,546,2,300.0,20.0,8.0,16.0
176120d3ee50ae4945932ce1c6a70f34,perfumaria,40,624,5,438.0,16.0,12.0,17.0
b6ae63c5f2b226331d069831d5b1f570,variedades,46,314,3,1800.0,44.0,29.0,26.0
202d6bc7af7609f371b94e032925d314,artigos_casa,54,390,1,550.0,16.0,10.0,16.0
c420c13056340a00e4cd63fdf6e4f4fc,esporte_lazer,47,70,1,500.0,22.0,15.0,22.0
98615693c104cb69e8746bdbad198317,esporte_lazer,41,343,1,300.0,19.0,2.0,12.0
da93657c402ea46729003c282352d727,esporte_lazer,40,1160,1,1795.0,33.0,28.0,23.0
41da75141264c3bde21ecea85a4cb8b7,artigos_casa,60,629,3,8800.0,33.0,12.0,33.0
aafdd162fb3c1c192698bcee92418e37,brinquedos,56,836,3,400.0,25.0,45.0,20.0
fb829a6572df5239767c1ccde5c6916c,artigos_casa,55,352,2,1350.0,50.0,11.0,11.0
9ea3e671b22bfe796818b4fac0d6b974,consoles_games,31,688,1,305.0,20.0,12.0,19.0
627d58d6a24ab3695604a3c4d8fb8e48,utilidades_domesticas,45,362,8,825.0,43.0,19.0,18.0
86ace59cc2c5fc5aba374641f4090e54,utilidades_domesticas,59,280,1,500.0,18.0,16.0,16.0
5aabb9c72866bc1b6aff2fb42852be3b,instrumentos_musicais,47,705,5,900.0,54.0,7.0,54.0
6160c6145b50c401702912baf0fd7de5,moveis_cozinha_area_de_servico_jantar_e_jardim,38,245,1,4000.0,31.0,42.0,43.0
9093d520c7871c0d57998f4b5386870b,malas_acessorios,54,595,2,284.0,16.0,14.0,15.0
b64ed807e9a505b54796b0937146d0bc,artigos_casa,60,226,1,1900.0,49.0,7.0,40.0
7a8eb3bd149ed8073f9a9db5ea1fafd9,moveis_escritorio,59,603,1,9350.0,52.0,51.0,17.0
f8a7665279f140d238371c8e7604c204,moveis_escritorio,59,249,2,650.0,40.0,11.0,11.0
2527d5ced6628c0e47d84293794bc208,beleza_saude,46,2169,4,200.0,16.0,6.0,11.0
53ab1363bbc2573a252d86619a782424,ferramentas_jardim,57,383,2,1800.0,30.0,10.0,25.0
19fde409ed843f30b4bc54739121bf7e,relogios_presentes,39,168,1,505.0,18.0,10.0,13.0
5ef336462ba740ddd4727319e26207e6,jardinagem,46,1157,1,1725.0,22.0,21.0,14.0
e869c12a2f4763dbfc1a8398d20a1213,artigos_casa,31,235,1,300.0,33.0,5.0,23.0
1632189d4c3d9e64cf3fd110b93f1a19,fashion_bolsas_e_acessorios,56,1474,1,200.0,16.0,2.0,11.0
125038493b2c4e27fa12194038806161,papelaria,56,303,3,1500.0,38.0,30.0,28.0
951375c9c10ed889b35034522e5a334e,casa_construcao,36,344,1,750.0,40.0,17.0,15.0
d1c427060a0f73f6b889a5c7c61f2ac4,informatica_acessorios,59,1893,1,6550.0,20.0,20.0,20.0
0c877471e35049402bca235e06cb8063,variedades,,,,10750.0,34.0,20.0,30.0
5dc2803129fe8ba196cef70c76d6ddf5,automotivo,36,657,1,11450.0,60.0,60.0,19.0
78e289a7c7224015c83ae9b7dd4d29c9,artigos_casa,49,729,1,2300.0,20.0,30.0,30.0
659ad89a496494282d5dc1af1428c582,artigos_casa,52,444,2,950.0,50.0,16.0,16.0
e2e921d1e2a5acc453c66618a9261b47,papelaria,53,247,1,1900.0,40.0,16.0,35.0
ea73128566d1b082e5101ce46f8107c7,moveis_decoracao,63,254,2,2500.0,49.0,13.0,41.0
90f83991bae254d0fd02bdddaa20b340,moveis_decoracao,59,241,1,1400.0,40.0,10.0,34.0
b3cd491b3a347c8becc23fa5515440f9,utilidades_domesticas,60,446,5,15000.0,52.0,28.0,52.0
2ec5162658b1b4db8fc79e9fc88a0b1f,ferramentas_jardim,60,1550,5,23700.0,81.0,35.0,17.0
3b40b07af370eaeb124725c4c70ed73a,artigos_casa,59,626,2,833.0,48.0,7.0,40.0
518461aa554cd12890fa4baedfc868dc,brinquedos,53,428,3,2208.0,34.0,23.0,24.0
79f6572780845bf4fa186acf04e4f67a,utilidades_domesticas,55,126,1,800.0,16.0,20.0,15.0
9eec04a029e2b9372276f3748011b493,beleza_saude,49,1004,2,200.0,20.0,10.0,20.0
d58fee6a26472392dc2450375c7f935a,moveis_decoracao,57,87,1,1000.0,40.0,7.0,34.0
e8ac63e69971f9cf0bd7a7f78b8841ab,relogios_presentes,59,544,5,450.0,16.0,2.0,11.0
1f8fc2e117826028a2f1ad01a8638d62,utilidades_domesticas,45,347,1,4050.0,32.0,32.0,22.0
7bbe91ccbf899dc40a38d012a4dc411f,eletronicos,48,736,1,2900.0,16.0,34.0,32.0
8f6387569fb290305759ad8221abc957,ferramentas_construcao,59,1005,2,400.0,27.0,5.0,16.0
aa42f2680f5e6e56c11150b064101e2e,utilidades_domesticas,49,444,1,17300.0,40.0,70.0,40.0
8994237d820597beb5dc3cd977f6bbd5,bebes,60,1897,7,8250.0,60.0,40.0,20.0
c1b63d4c57e9d56a827fdb72afeaa246,utilidades_domesticas,57,478,1,550.0,26.0,9.0,11.0
f72ddd64b808244cb34e9e02e9bd92fb,automotivo,47,570,1,3300.0,35.0,20.0,20.0
ef703385b2707af7f9af3e185679811c,artigos_casa,54,324,1,1000.0,42.0,8.0,36.0
d338b69b9fffb4c3bd206b5350406873,utilidades_domesticas,47,518,1,950.0,25.0,32.0,25.0
5e26cbd45b83e411e82e3a8cafa8d951,bebes,37,1556,1,700.0,20.0,20.0,30.0
0748ca850e6e0ac086799ba43d270d3b,automotivo,53,575,5,3100.0,21.0,21.0,21.0
f24bb438da3185d5fd5a19e4d7433827,instrumentos_musicais,56,760,4,2900.0,47.0,9.0,47.0
ca3d7d7b66676d1731e2fe13b5243c43,variedades,39,1514,1,1700.0,28.0,36.0,27.0
a2c98a9d7f6f4906717d7994e8a32e7b,utilidades_domesticas,37,1521,2,1350.0,28.0,23.0,25.0
451f6a5c5b15c9c5819256be358df9f0,utilidades_domesticas,52,461,6,1250.0,28.0,20.0,28.0
b47f7c9903cbd0bed2968a1b4cd21ed6,ferramentas_jardim,33,222,2,2900.0,17.0,26.0,27.0
96b0a882d11b17ce51238420ec63e3a1,artigos_casa,56,641,4,2150.0,50.0,10.0,40.0
f26e831dd6a085fbe6c442ba3efb970f,moveis_decoracao,59,600,1,1050.0,25.0,25.0,25.0
1fc06ef354abfb79af03e2ac29577b03,papelaria,58,183,2,3200.0,28.0,55.0,37.0
c4787eeb6ad12f7e301f8a9349404443,informatica_acessorios,48,261,1,867.0,32.0,14.0,14.0
6fb016838aaad4bf1ad6999980e1c2ef,eletronicos,57,373,1,175.0,20.0,12.0,16.0
6d1c8953d76a10ae638ccf223406c7e8,papelaria,48,221,1,900.0,24.0,7.0,14.0
9fc96a5f44c80640e0ad172c9ff13703,esporte_lazer,34,1159,1,600.0,23.0,23.0,23.0
4e6506f33f7d3a6b813c618ccedb8270,brinquedos,60,375,1,800.0,35.0,5.0,35.0
9e164b4afdecc7c67fb9b6f12c104e21,esporte_lazer,54,1823,1,450.0,18.0,18.0,18.0
32fe2e14dc21d43b5b9bf110de7d3a4a,beleza_saude,34,1436,1,400.0,20.0,20.0,20.0
1574ed2c73e4465c572f68dd77528203,variedades,,,,16000.0,58.0,28.0,58.0
4d9e8a6d8d07e4f47e093b8c2999ae01,eletronicos,60,517,4,200.0,16.0,6.0,14.0
b8983274d38e4c05381bc3c80af2ad2e,esporte_lazer,52,1416,1,300.0,16.0,16.0,16.0
3ecdca110c08b28987d694dc625bea20,artigos_casa,55,612,1,1600.0,40.0,7.0,34.0
30d1842be9c62546d3fb853119602ac2,eletrodomesticos,50,914,3,11900.0,65.0,35.0,35.0
831870523df81c6ec172475d41509880,perfumaria,37,414,2,100.0,16.0,16.0,11.0
49484d56efdb9b218cbb9f96a117ffd2,beleza_saude,53,624,2,575.0,17.0,15.0,13.0
ada800a927673ac73cdfbbd2c832331b,utilidades_domesticas,59,513,1,2350.0,29.0,34.0,16.0
5264cb4a58b418d789758d2f82913ca2,artigos_casa,60,288,2,450.0,35.0,3.0,28.0
ec7dad92a5f70cbc21297b16d7a2be96,artigos_casa,31,211,3,1400.0,35.0,20.0,48.0
a925c2de748323d87a9a854884672e03,utilidades_domesticas,58,686,2,350.0,30.0,10.0,16.0
746c966d44ff02686cb380876c74a079,automotivo,57,679,5,4300.0,78.0,4.0,47.0
91ebe9416c3c012500b800bd56e5f836,moveis_decoracao,50,1466,10,700.0,35.0,2.0,25.0
28e5952cd1bf2d11f282fe5ab0c1e733,ferramentas_jardim,40,1347,2,1100.0,25.0,25.0,25.0
283dc451ad3918badb976d56ff887289,artigos_casa,58,188,1,1650.0,44.0,2.0,35.0
1da0fbb35cfdc9fcb6d48dfddca69513,esporte_lazer,43,535,3,700.0,16.0,23.0,15.0
a0a6b0afd47416d62bb25892c68b6296,ferramentas_jardim,56,525,2,550.0,30.0,8.0,25.0
484cd384cbaef07d790fa5b3747269da,beleza_saude,28,2920,1,350.0,20.0,20.0,20.0
ad548cefdd8ba3faa511884b1c8a0788,alimentos_bebidas,52,844,1,1300.0,20.0,20.0,20.0
b1155d555059310e04305e94fcd42746,industria_comercio_e_negocios,53,2083,5,900.0,40.0,30.0,30.0
3c12d600fecb7aab3c4e4cd7755f1de3,automotivo,48,925,2,5100.0,65.0,25.0,25.0
e453ac0b522a20f7d08bb343b7753482,telefonia,60,752,6,300.0,17.0,4.0,12.0
2d58f9383bf9170598663ad36c0859a2,moveis_decoracao,50,200,3,1200.0,34.0,8.0,24.0
75a5a551d4df33f03926c6ebb48e64af,brinquedos,37,1156,1,300.0,18.0,14.0,11.0
45448d98662daee2e5ee969475a90826,livros_interesse_geral,29,627,1,1200.0,15.0,15.0,19.0
7bfc5364656fdd3296de69d274b5ff07,esporte_lazer,36,258,1,600.0,40.0,8.0,11.0
86304b9e4529f2686bc91f37c6392801,artigos_casa,60,604,2,3700.0,50.0,10.0,40.0
1a8aea590bd168ec134d9f19ae6d78ee,moveis_escritorio,48,2322,1,11400.0,58.0,40.0,58.0
002af88741ba70c7b5cf4e4a0ad7ef85,variedades,44,629,3,600.0,40.0,30.0,40.0
ca38c039b717207dec906f4fa9a21db7,beleza_saude,53,3734,5,538.0,23.0,12.0,34.0
1fafb4fdc8f7b3d202cb39f1218934e7,informatica_acessorios,34,277,2,100.0,20.0,3.0,15.0
320e20e13905991b0d83e8f181fcc196,moveis_decoracao,63,476,2,300.0,80.0,10.0,60.0
68fe8893052a044100e60cd0c8c6b274,informatica_acessorios,53,961,1,1850.0,39.0,12.0,22.0
337a76815f8f765a51535e787101c8fa,artigos_casa,53,596,4,1956.0,45.0,18.0,35.0
d316be2b41acc6a122548a0d08570ca6,casa_construcao,54,562,2,15000.0,50.0,30.0,50.0
cb6c1c21ebc9c153a7baf319c515657a,informatica_acessorios,24,718,2,200.0,41.0,2.0,29.0
156929d95f2ef8373a04db2cb82bc3e1,fashion_bolsas_e_acessorios,54,840,1,100.0,16.0,14.0,14.0
53a0052cf484bbda6ee2de455d79ce9f,artigos_casa,47,506,1,450.0,45.0,15.0,35.0
40749a37d68c1827c0ccd1844e9e3c8f,telefonia,47,589,2,100.0,16.0,3.0,11.0
a3126b78e50cb94ff1a2826837bc6877,moveis_decoracao,47,1905,3,650.0,68.0,8.0,13.0
daa3da30305b9336cef3c41816ff74a8,automotivo,59,464,2,100.0,16.0,10.0,15.0
920bf581fe574693cfaa6ed89a4037be,relogios_presentes,49,387,3,1000.0,16.0,2.0,11.0
6eb364d89e0060b1e8941218b5390416,eletronicos,55,234,1,100.0,20.0,7.0,12.0
cf944645d4ff2a3eed3ae17f641ea861,fashion_underwear_e_moda_praia,52,579,1,450.0,42.0,4.0,14.0
1cb7476fb94699f09e7efa70f8ea659c,utilidades_domesticas,24,467,1,300.0,26.0,2.0,11.0
38faaf77a4cd4dfb50ea8512e66285b0,relogios_presentes,38,690,2,500.0,19.0,9.0,15.0
dd6d43bda53615e4256be41869079f9a,informatica_acessorios,54,596,3,450.0,19.0,5.0,13.0
0b63f1722fa0d70cbe07b4ef00a5a544,esporte_lazer,25,905,4,1626.0,26.0,15.0,17.0
c50663262403f916d58303c231e7ed3a,moveis_decoracao,56,227,7,1100.0,31.0,11.0,26.0
05555b7712bfdb1c0809b44166e33a25,brinquedos,60,763,1,200.0,25.0,3.0,25.0
d44044e34c071272f708ec2e6fa3ddfe,automotivo,47,376,2,1100.0,45.0,16.0,20.0
a6b5c06253205267d5a66952a4524a83,ferramentas_jardim,49,1154,1,1625.0,45.0,30.0,30.0
0bbb557651f08b3c732d9836de4d0bc3,market_place,41,626,1,5600.0,60.0,15.0,40.0
ea2012e0b6ae52438a98f2c18108beed,beleza_saude,60,1451,2,250.0,16.0,16.0,16.0
b5425c2d45ee77117cf4c0305b97048d,utilidades_domesticas,51,518,1,1100.0,25.0,32.0,25.0
28779f909a42ab24127dd742496e00f8,informatica_acessorios,38,601,1,800.0,46.0,18.0,18.0
9759a740aa84f55b71c0c8c306a80737,beleza_saude,43,507,1,1875.0,23.0,23.0,23.0
70c88258b8fd97e776fb7f57022427bc,artigos_casa,53,382,2,3200.0,47.0,21.0,41.0
ba9265216c522801fe15027496aade98,automotivo,60,651,5,4600.0,72.0,4.0,44.0
a437d4e13afed02d510ea08321cdc5b7,relogios_presentes,58,431,1,500.0,21.0,16.0,17.0
cd0efbe03468ba1f0f33c664b53747a9,esporte_lazer,48,1148,1,250.0,16.0,8.0,12.0
755d50f7034720815db9431dc2f1cb27,ferramentas_jardim,53,919,4,300.0,104.0,9.0,12.0
00de606a5dda99c2499f94ef18282977,automotivo,59,642,5,1650.0,60.0,8.0,33.0
6b90709b6db8b6076b0b0c71cc70d06b,fashion_bolsas_e_acessorios,60,240,5,50.0,17.0,4.0,13.0
1f1354b0aa934e7ad75546467a6d028b,moveis_decoracao,47,372,1,400.0,37.0,15.0,27.0
9c1f132d460c48b30f756f3585d4a894,esporte_lazer,49,222,1,975.0,19.0,20.0,15.0
ee506a406849de8c60a4bceb731e7832,esporte_lazer,34,481,1,250.0,16.0,16.0,16.0
42bb409da80c21a2ab7f65ec0c4f04d8,eletrodomesticos,46,382,2,11710.0,45.0,37.0,29.0
2e58d459f2a674ee7b0d3d1336712acb,perfumaria,40,669,1,460.0,18.0,13.0,13.0
3efc85af0f3cf5746f41ac6f4c9070da,moveis_decoracao,47,233,4,400.0,29.0,12.0,23.0
b0b727747746e677a470d0948bb68520,instrumentos_musicais,60,1510,3,2900.0,53.0,11.0,31.0
ddb282389fb7c7594479b90a76e4d884,moveis_decoracao,46,2025,2,600.0,65.0,11.0,13.0
01503fbd89d42654631476b292b8bc8c,esporte_lazer,60,2157,3,400.0,30.0,30.0,30.0
0c753fe6a58dfa7a27bda5de76e779c3,esporte_lazer,15,1127,1,1338.0,23.0,12.0,14.0
c972f4335f5cbefd22a5826ee661ac93,utilidades_domesticas,50,897,2,450.0,20.0,10.0,20.0
17fc8cc736bd5d1f6714f41102d6ff30,brinquedos,45,921,2,500.0,28.0,15.0,20.0
80db55ab8514dce76cb6a22d5014b73a,esporte_lazer,55,1485,2,300.0,16.0,16.0,16.0
37b68dc7d701dd876736ad568b8f152f,bebes,40,811,3,350.0,38.0,8.0,38.0
b463e740932577be6bedc720f216e79c,artigos_casa,47,183,1,1000.0,16.0,16.0,16.0
e9f4db3edb652e8ae0afcdcf04c17b39,beleza_saude,51,851,1,400.0,19.0,17.0,15.0
0302c3fcf5e2d9526e243db50d30d5e3,utilidades_domesticas,26,190,2,200.0,30.0,11.0,25.0
ccbbe3645167596bb592b1401c72c20c,beleza_saude,36,783,1,412.0,17.0,14.0,14.0
737d944446ee3b1e8c234bc57ecf7ca8,artigos_casa,58,274,1,2900.0,47.0,13.0,35.0
99e51ed7faea9cbf65fc7bb4ea396cd0,variedades,31,557,1,2600.0,37.0,39.0,28.0
391f848f4bc78479c9370a65a94f1d7f,beleza_saude,53,1422,2,2850.0,35.0,25.0,30.0
1558f7b0a51472d4c2af9153a2255beb,artigos_casa,60,335,3,3150.0,60.0,10.0,60.0
dc879e9d6b20db101d5822d992f48415,variedades,36,3228,3,850.0,22.0,22.0,22.0
4c165ddec9f86318b210a89f1e3b6761,automotivo,55,257,1,4300.0,92.0,14.0,21.0
41cd333a4af5e36df81fc0b83ccf8e2d,bebes,59,867,3,10750.0,38.0,47.0,44.0
153409f359e71cf10b3935f68a69875d,artigos_casa,57,270,1,850.0,48.0,13.0,37.0
bd160228a5f454ada5a6b0354c96a0d2,artigos_casa,61,509,1,4500.0,45.0,15.0,35.0
3e2ab11261c392c92d33ea7f9fb8de3a,bebes,48,379,1,250.0,37.0,14.0,27.0
99e6f14f74a00605ad9cfe8c4bb29385,telefonia,54,520,8,300.0,18.0,5.0,12.0
7c3dd2ee1b4512bc2c741154fc0d2ad3,eletrodomesticos,39,99,1,147.0,22.0,15.0,22.0
b191d7bf910b82744bf36a5ee9b041d8,perfumaria,47,558,2,450.0,22.0,16.0,16.0
cc355167431c600415628883f63f9da5,relogios_presentes,57,1616,3,300.0,16.0,11.0,12.0
a239d49293b522b341e4d9105a308e5c,esporte_lazer,32,543,2,250.0,25.0,25.0,20.0
bbc9e653c2f5794542ac3867ab5ab757,artigos_casa,47,221,1,570.0,30.0,4.0,26.0
ae1848ad278bbd5098dea4a749b333a1,esporte_lazer,38,183,2,200.0,20.0,20.0,20.0
321c788deb64e03c83312213e1ddc6f4,relogios_presentes,56,605,1,550.0,20.0,11.0,16.0
c8abdbe349a97073e7aebc795be55bd8,esporte_lazer,59,1569,3,2150.0,105.0,15.0,15.0
2c1a4c9437bc5311d6ea858485992ca8,instrumentos_musicais,31,532,6,1300.0,36.0,10.0,26.0
ebc76392dcafcf451f626382c71680cf,artigos_casa,60,298,1,3250.0,33.0,8.0,40.0
32ad146ce66014dd98fdc2190bc995d6,esporte_lazer,36,491,1,200.0,18.0,9.0,13.0
2c3dfe5b09e660349378f30d628d70bb,ferramentas_construcao,42,836,1,650.0,16.0,11.0,11.0
3a16a1a14bd38281492d2a047c96e04d,automotivo,50,1357,3,1600.0,30.0,30.0,25.0
c6a212ed7d57767d94530e11fabcd06f,automotivo,45,1253,4,200.0,16.0,7.0,11.0
df0c26d7ddb998e2517658a55e46e48a,eletrodomesticos,43,122,1,14400.0,55.0,15.0,36.0
85df056390074964b49be3a497aabd9a,utilidades_domesticas,54,219,1,190.0,16.0,16.0,16.0
24fee4a800146a47846fa0e345b6d6ed,agro_industria_e_comercio,22,353,1,800.0,20.0,20.0,20.0
ac5b8f2f2dde997ff8819a6845ae15f0,instrumentos_musicais,56,1263,2,15100.0,45.0,20.0,100.0
c40aad125105d258c19e6c833f4f51e5,brinquedos,53,285,1,900.0,40.0,20.0,25.0
d906996541fe72f17ffc4a1434994857,moveis_decoracao,54,485,2,450.0,35.0,8.0,35.0
765b63a4eca4a8eb59229f3e2be4b21c,automotivo,60,617,5,1500.0,68.0,9.0,35.0
85d5af91e054ec47edef6f1f7c3a38ea,seguranca,48,912,7,850.0,17.0,27.0,17.0
d283e1883b733e46afae847548ccbccd,automotivo,52,1276,1,250.0,20.0,13.0,19.0
b23ede14b480ecd0dbb08e2406b3a206,automotivo,57,1652,1,800.0,30.0,20.0,25.0
bac84fdf85ec2c85fa86f522f4423114,esporte_lazer,42,167,2,4825.0,46.0,8.0,37.0
69bb0609a0dd2d5f23efb6faf72fa28e,bebes,46,493,2,200.0,50.0,5.0,35.0
c33a764dad4f6747f7c56115bb8d5bb7,informatica_acessorios,53,654,1,150.0,16.0,11.0,11.0
13cc89a841ab5708056615bc3ca164f1,automotivo,59,296,1,1150.0,16.0,11.0,12.0
72c4d61f2a2924a2d4515bc9c7fcd704,papelaria,57,607,1,400.0,20.0,10.0,20.0
e3968a0d1e607b271be1b000ee1a2d8d,esporte_lazer,56,3325,1,2300.0,38.0,38.0,32.0
a025e125dc2c294425e91e9cb1a01789,utilidades_domesticas,59,523,2,1900.0,45.0,7.0,35.0
ea2999d120b8644995f93e02aa9660c3,utilidades_domesticas,46,786,4,2550.0,53.0,25.0,20.0
de12bf624c66b90ad178ac441cbfbad6,telefonia,50,1311,3,50.0,18.0,6.0,11.0
e9a19740a95180e871a7fd864bf65dd7,artigos_casa,53,807,1,1175.0,29.0,19.0,26.0
31b5755dd3e583e7c227a935657a818f,telefonia,55,1809,7,150.0,16.0,10.0,11.0
388a6943ef1d99b81f642a0137bfa5da,beleza_saude,44,108,1,400.0,30.0,15.0,20.0
fa243e761ae871597627e917611eeb23,artigos_casa,54,276,1,1800.0,40.0,10.0,30.0
c1f5307decb89342351bec53668cffd9,telefonia,60,777,4,300.0,17.0,4.0,12.0
ee8138bcca833152a19543702228ee26,utilidades_domesticas,41,255,1,400.0,16.0,75.0,13.0
1718ba9459e147186a7475f116526c99,eletronicos,40,1313,2,7900.0,22.0,36.0,48.0
bcf3aa04becb30e6279242e23dc516f8,automotivo,59,955,1,50.0,16.0,8.0,11.0
291c4eedfc6f236325724d88bb03101e,eletronicos,47,484,3,250.0,22.0,7.0,22.0
48c6a56d5ca5f69c0150da0c98a745b8,malas_acessorios,57,44,2,150.0,16.0,5.0,16.0
6893767814d1ac82a81bcd365e1cc918,eletronicos,26,511,1,200.0,25.0,7.0,16.0
328de56b9fe359835173118dee79a12a,artigos_casa,56,608,1,600.0,16.0,10.0,16.0
051e6f6764c9b60143dffafd0c5d1a25,informatica_acessorios,60,707,1,1373.0,25.0,21.0,25.0
882ebbd926d1093b09ff76e976866954,moveis_decoracao,63,838,1,2900.0,43.0,5.0,30.0
c24e49a2c52e4cd8067f8753b955e407,artigos_casa,60,124,3,750.0,22.0,13.0,17.0
1729a1b7ec6947d5c878e70e80172790,artigos_casa,58,144,3,3300.0,34.0,10.0,41.0
fc8379cce9f27ea602b3c16f7eb121b3,artigos_casa,48,373,1,473.0,18.0,17.0,21.0
acd9803fca3010f5ad0f3ebefb53e5e6,artigos_casa,59,280,1,5000.0,40.0,15.0,23.0
9b68d637bcc8963e7b736f9de0a4532f,bebes,7,289,1,2300.0,65.0,15.0,15.0
cd3ec6ebbc74e6070297d45ca9dd62e9,fashion_calcados,54,404,4,800.0,22.0,12.0,33.0
b92a7304ebad1ca5b393b53b2de5c70a,moveis_escritorio,55,1292,1,9725.0,53.0,52.0,17.0
244811270c7c86b6cec6e934c059e086,moveis_decoracao,56,1271,3,5400.0,46.0,7.0,46.0
2c3f424b5643b03663e0f5861dde2bfe,ferramentas_construcao,60,339,1,8725.0,29.0,9.0,29.0
831b1757a9744c37ddd574b5eaa3cc9b,telefonia,60,792,4,100.0,17.0,4.0,12.0
e80981a35c449feea9c5c54516520cca,livros_interesse_geral,26,562,1,400.0,24.0,15.0,20.0
c169014808557ef3fc3783ac1e02c0d8,moveis_escritorio,39,2268,1,11950.0,58.0,28.0,58.0
1d1fc8a85e598b6b83a558fbd354443d,instrumentos_musicais,55,197,1,6575.0,39.0,24.0,34.0
ce250e78def55ee3c4c8b8f708fcd867,casa_construcao,41,215,6,150.0,16.0,7.0,12.0
e8c421a493af37beaefc9092d0798203,beleza_saude,46,683,8,250.0,35.0,15.0,15.0
1b9f1774447f0b4aef58c96227324048,moveis_decoracao,49,633,2,50.0,16.0,3.0,11.0
5842161e65d7898eb4aab799289a137e,consoles_games,55,555,2,500.0,18.0,12.0,18.0
602be4713d609927aca6161cf5b45220,beleza_saude,51,604,1,200.0,30.0,12.0,16.0
fe7976532777922f0d60261e75f7ad36,telefonia,55,364,4,150.0,16.0,4.0,13.0
1f6cbd49dcb5d56eb874bf9889f9fd72,artigos_casa,54,396,1,3550.0,45.0,15.0,35.0
5fbfa85126d6e59188d7da79f21e9687,perfumaria,45,1030,1,600.0,22.0,16.0,16.0
e503a0c255ccb611962015bac936f938,moveis_decoracao,52,1089,7,30000.0,60.0,64.0,60.0
a9028257171c93a8d948ff95a0082b0d,eletronicos,25,351,2,550.0,17.0,8.0,16.0
1a0d662b65b5ef08796501b064c853af,automotivo,55,1065,5,900.0,45.0,12.0,45.0
8d74ab7fa8889c222b25920a6ad9d7bb,relogios_presentes,40,989,3,300.0,22.0,7.0,14.0
6a02077065f9af692480ab01fbff66d2,relogios_presentes,36,197,1,200.0,16.0,16.0,11.0
5b95b27af12b245754e70df7e16d53e1,bebes,36,126,1,900.0,50.0,8.0,40.0
fcb6c42b17e6fe27366fe1fcc98b7032,artigos_casa,55,139,1,1500.0,36.0,6.0,27.0
5bd6c3f52d2574ceaa8f55cbed201dab,artigos_casa,53,752,1,500.0,16.0,40.0,30.0
8fd6e4450e2429f114b91362b56bb502,automotivo,60,511,1,500.0,25.0,25.0,21.0
df297ceffd7a315a71586ace7d041ff2,fashion_bolsas_e_acessorios,36,401,4,100.0,16.0,9.0,11.0
f532ec9a55ee4e466e1c8fc913563ad5,utilidades_domesticas,48,444,1,6300.0,60.0,25.0,25.0
335c0606c1cc3329cba35360588ca73c,papelaria,59,684,4,950.0,21.0,7.0,15.0
cf583a690e5ac989acc4694f35093975,artigos_casa,43,180,1,300.0,25.0,3.0,19.0
67fc455b96e0908bc5e0d917237b2977,artigos_casa,25,865,1,250.0,16.0,15.0,15.0
9c313adb4b38a55b092f53f83f78be9e,artes_e_artesanato,32,660,3,500.0,16.0,6.0,16.0
5a7832f159a53d0160326c22fe8e9e17,beleza_saude,46,601,1,500.0,19.0,12.0,14.0
e2bab04d6a471ed7a3629fbe2a64b55a,perfumaria,51,950,1,300.0,16.0,19.0,14.0
6c712952b8ef62f8d06a0314917400c8,beleza_saude,39,608,1,1200.0,21.0,13.0,19.0
08ba023e3ad57b10b6d5378ce3f22f9a,moveis_decoracao,22,592,1,1100.0,42.0,3.0,32.0
ab1ecbce7afd9f6e661baa24a5706c9c,perfumaria,23,439,3,350.0,22.0,5.0,14.0
5f8c74f4a3d2b616857fcb7d4dd1f61a,livros_interesse_geral,41,1009,1,1500.0,25.0,6.0,19.0
875e0d1c97176d76e9b04c98d06383d2,bebes,44,432,3,8250.0,44.0,32.0,35.0
48439f504c6167993f54e682337d62f9,utilidades_domesticas,50,453,1,518.0,24.0,16.0,25.0
e389381479408ccdcdd406d8d3049e45,papelaria,57,308,1,200.0,16.0,6.0,11.0
ae3d03328881c5565f56b66360a3dc99,brinquedos,52,382,2,500.0,40.0,40.0,40.0
9e19e45edbe26eb0f394152ec76da4fa,ferramentas_construcao,34,567,1,2200.0,47.0,13.0,36.0
d018c7ba1ccfa2cb5c49f3874ee36e19,moveis_decoracao,51,225,1,2400.0,32.0,47.0,32.0
d8243785d7ff92726cf5c74caf11a6e4,eletrodomesticos,40,72,1,150.0,20.0,13.0,15.0
96ea060e41bdecc64e2de00b97068975,utilidades_domesticas,45,1875,4,5150.0,70.0,9.0,40.0
892198c42c50014fa460d71bed876d7b,telefonia,52,1440,2,100.0,18.0,6.0,11.0
810cb3c5af006624fa32d362077af85f,esporte_lazer,24,1071,1,1252.0,20.0,16.0,15.0
c041f64d4b8255fa6c227d4b64a3838d,artigos_casa,58,952,5,4350.0,23.0,50.0,23.0
3a44acb2ab18bafe83e7f6c55a1fc5fe,automotivo,38,1286,1,1100.0,29.0,14.0,16.0
4c0f00c6b8f193c1cb9459e6b97e0320,artigos_casa,53,1023,1,1625.0,34.0,24.0,24.0
7bc34251fed67b7d8a0251d7ad8eff3c,esporte_lazer,47,3820,1,1300.0,22.0,27.0,22.0
10c1d269f014818d6ed16aff376c098d,beleza_saude,35,962,2,209.0,17.0,12.0,14.0
f65ff6e5a356943c5cee2e8bb023efc8,eletrodomesticos,45,1010,7,8100.0,64.0,23.0,35.0
2b0ee2d07306f7c9ac55a43166e9bb4b,artigos_casa,57,504,1,1450.0,30.0,15.0,30.0
84e3161e8dd15fb8ae229e8d507c9736,beleza_saude,55,2013,3,100.0,25.0,2.0,13.0
0a63240129d538ef9bf6e5c0aa8925a5,casa_construcao,53,633,2,900.0,16.0,20.0,30.0
da1cfaaffa7720fe28f26f18d52f5ad9,fashion_bolsas_e_acessorios,59,409,3,150.0,16.0,9.0,11.0
3af48a958298d5d4663dd1f5237b7279,eletronicos,47,911,1,1200.0,24.0,15.0,24.0
f71954485428cf87945953ea0a0a6229,artigos_casa,38,694,1,7800.0,33.0,44.0,33.0
fc5a20562c99bbc5229b175d0a88ea7a,bebes,56,1118,1,6225.0,46.0,23.0,35.0
85834dd27e4888d991943dc23fc92ef5,bebes,53,738,2,900.0,50.0,19.0,45.0
3483c2810a114916eb57990fabb91d59,automotivo,44,1380,5,450.0,20.0,13.0,12.0
2709b7e2e1e0694d32d2b6d88d483597,beleza_saude,41,838,1,190.0,18.0,9.0,12.0
cc21bdb00e05f6cf2c10126d69d1a7f0,telefonia,59,676,4,150.0,17.0,8.0,14.0
8ea58233633803a824be722002b84a5a,telefonia,36,679,1,350.0,16.0,8.0,16.0
a2fddd6229ab528218029f919af4c1ed,esporte_lazer,47,126,2,600.0,18.0,22.0,18.0
f9a508234fed38c95437c5a16b847774,consoles_games,37,1192,2,250.0,16.0,7.0,15.0
ee49de8fc5d17f5a154d8c649700f6ff,telefonia,55,443,5,100.0,16.0,11.0,11.0
7afa8c8eca2a26b599823eed4975a820,utilidades_domesticas,60,400,7,2600.0,37.0,24.0,37.0
9c84b4ffd1a85bf2feb6cba0e2b76f54,automotivo,54,186,2,3000.0,75.0,11.0,11.0
760be8243b7e45dab18ef46ace561ff9,ferramentas_jardim,48,615,1,2835.0,25.0,16.0,22.0
46a4b4529fb2c8fbb84be938c9bb8b02,beleza_saude,46,1241,1,1375.0,32.0,23.0,16.0
70b8127a4ee86d4b37b3eaf5e337e91b,bebes,55,963,4,18900.0,84.0,23.0,50.0
3b09eb8e2d6bb856f77327ebf539e959,utilidades_domesticas,56,1223,1,10050.0,30.0,30.0,30.0
5f473f7d11fe0268ac5827dd45da3567,perfumaria,17,74,1,200.0,22.0,13.0,16.0
93709a210f8c878e1d9b12ff28580f2e,relogios_presentes,55,629,2,400.0,16.0,13.0,13.0
2d209263196b2e0a0af4a597aed62903,moveis_decoracao,45,1124,7,13900.0,50.0,35.0,35.0
79535f801c489bd33483bf6d67da9a86,jardinagem,60,1131,1,6900.0,55.0,29.0,29.0
ee8fd939043419b2441f6000c21be00b,utilidades_domesticas,60,296,1,1950.0,47.0,15.0,35.0
dc5810c618a462436499ac6e62aeddc3,esporte_lazer,41,249,2,700.0,20.0,15.0,15.0
94bedc3b89ef3b2dd091735569780a0d,fashion_underwear_e_moda_praia,52,624,1,200.0,42.0,4.0,14.0
7d19b1d7e1b9c31f1c72f968c48f8917,esporte_lazer,27,94,1,250.0,23.0,6.0,11.0
fc158c6d4f95cc9d4c33c5b11b081779,esporte_lazer,22,499,6,450.0,30.0,12.0,15.0
bff37004a9931f431a8cbede5e20db7e,automotivo,45,375,1,1050.0,30.0,30.0,30.0
ced26c2a308260f9e9e34004ed509901,brinquedos,44,695,2,5050.0,48.0,34.0,41.0
9fd2d186bbd4017f2d86295f69334cfc,utilidades_domesticas,57,339,5,9100.0,39.0,39.0,39.0
58c975d8b74f2c5a520b580f46456cf5,fashion_bolsas_e_acessorios,40,562,1,100.0,17.0,3.0,12.0
f2a4a74038882bf1adc8a466962559ec,moveis_decoracao,39,238,4,600.0,25.0,10.0,25.0
afeeea6271148ee1bb15173b8187c431,telefonia,52,1885,1,450.0,17.0,3.0,11.0
cb31577aa7edab333780a1a0cc41d94e,esporte_lazer,60,921,2,1100.0,20.0,10.0,20.0
cbfe76ab27b6cb27aaafcc2199f9dab9,esporte_lazer,49,3025,1,6450.0,51.0,31.0,31.0
03bb06cda40712fb8473f7962fb7d198,artigos_casa,54,289,1,2000.0,34.0,9.0,33.0
97ab901f90b75df669b546a1d68d0512,brinquedos,28,200,3,15600.0,105.0,30.0,30.0
2b9496ed8ff2f7b2003258b94a58772b,variedades,33,673,1,1400.0,42.0,25.0,15.0
53f022fb540ac66bc0374331d2342a60,artigos_casa,57,279,1,5775.0,56.0,34.0,46.0
b12dffc208d142a320e92d660485d82f,seguranca,58,922,7,750.0,16.0,20.0,16.0
ce28e83906c41f4170cf100324d80811,moveis_decoracao,57,2135,2,350.0,69.0,11.0,11.0
8e3e3059aabb0c13679db43619590ad5,fashion_bolsas_e_acessorios,47,388,4,200.0,17.0,9.0,17.0
3467600ef392560b5ff4e484d3a5ed20,livros_interesse_geral,33,153,1,400.0,30.0,40.0,30.0
3d07b18589d2af2cfb638c3dbc8ff826,brinquedos,41,375,2,200.0,17.0,13.0,17.0
a21db7596e9fa3a147b6aa6c7c57c60c,brinquedos,47,623,2,300.0,22.0,13.0,22.0
09ff539a621711667c43eba6a3bd8466,bebes,60,865,3,,,,
cff9da3150a0d8147cd1ec0d71681858,beleza_saude,56,3029,2,900.0,27.0,9.0,18.0
fc1449f3ffc59fd2eb9640505aea0581,informatica_acessorios,46,345,1,1400.0,26.0,13.0,35.0
ed836edc15625c202f6ba85dbbe95c3a,relogios_presentes,59,564,3,200.0,16.0,2.0,11.0
5e98b7fecc62c3ebeaa8252269b2d6fe,esporte_lazer,16,272,1,1600.0,80.0,7.0,20.0
278cade00c52e9e5c49c7c32c68872cd,informatica_acessorios,57,836,1,450.0,20.0,10.0,16.0
238eaac32ec7d0a2881b728d4c3758b1,moveis_decoracao,57,172,1,900.0,50.0,20.0,40.0
fb783e3e545937820b57fe539b2c5a6c,artigos_casa,57,189,1,1100.0,41.0,9.0,31.0
e71404b6fc3b275b7274ce772794a914,esporte_lazer,49,2507,2,167.0,22.0,14.0,14.0
6a9678c02c9aaec51699e995ab18e48f,relogios_presentes,43,1101,2,333.0,18.0,11.0,12.0
6f86e44eb101143f70370ce7530b0c5e,brinquedos,29,1370,1,1100.0,29.0,5.0,23.0
66f9d3c83a10e9ee98857bb89831ddc4,automotivo,53,977,2,2500.0,25.0,5.0,25.0
1e96e085361f3bf21a06c876982b64f2,consoles_games,49,2006,3,300.0,25.0,11.0,18.0
d2eb4e94aeb255a953cbd8b97361a848,variedades,,,,300.0,28.0,28.0,11.0
9d32095f76b97762307e86cfc18dd7a0,artigos_casa,38,213,2,400.0,25.0,9.0,19.0
9cb1c8fe9936376b813bd401471faaf8,artigos_casa,34,626,1,600.0,16.0,30.0,30.0
a2f108447e5847c9edd533c37908bf01,iluminacao,55,360,2,300.0,20.0,20.0,20.0
ecb624b552f939e58c7881de58ece085,ferramentas_jardim,57,314,1,900.0,62.0,3.0,13.0
48a78d3787292116ba0de72570514978,pet_shop,60,770,3,500.0,35.0,22.0,28.0
f68980d7981fcc92059f42a4fd82fb38,esporte_lazer,56,1531,1,650.0,34.0,15.0,12.0
1d4e88bdd37e47a0ae27ad3a95539276,brinquedos,60,581,1,200.0,20.0,11.0,13.0
146fed9eb1d0f9db43dad0c7c96fc6e8,artigos_casa,50,392,1,1400.0,35.0,10.0,35.0
a8a2dc008fdc6317702317958b880000,perfumaria,36,653,1,400.0,16.0,16.0,16.0
61e8dfe8d80294860f85e9f5cea7cceb,automotivo,35,650,2,11700.0,59.0,59.0,19.0
fc623b74602f30f00e2e3ce320b8dafa,brinquedos,41,257,1,2400.0,50.0,20.0,30.0
924a205abfeafade92cf663f19265e94,livros_tecnicos,28,488,1,700.0,29.0,2.0,21.0
581397bf7a4dba024cd9123f3018f905,malas_acessorios,56,1899,3,14650.0,58.0,23.0,38.0
6c578f7117cc4f3ebc5bfd8a674e7ff4,telefonia,57,523,1,400.0,23.0,6.0,15.0
612be997cd3154e32e1e585d478571b1,bebes,51,513,1,18900.0,62.0,35.0,52.0
fdc1340be043a0e6807741d687fc1cd4,relogios_presentes,57,452,1,200.0,16.0,11.0,20.0
94f8c822a2c9d476088ac45227f8226c,telefonia,38,556,1,300.0,23.0,4.0,12.0
cedca54b861ec6e18cffbef54701b139,utilidades_domesticas,46,730,3,300.0,21.0,7.0,15.0
f58fad95d21fded399cd9a1afec793e6,beleza_saude,40,384,2,350.0,37.0,29.0,33.0
2a962e2b5e4955e5ed284f1cf46b5296,esporte_lazer,46,575,1,1000.0,22.0,14.0,17.0
2c19582c3eea7a6f53a30dbe0a8ffa7e,climatizacao,59,3267,4,6300.0,90.0,10.0,40.0
77794668e2278bf0045019b0d8a308b2,moveis_decoracao,60,208,1,900.0,40.0,10.0,34.0
0de9e97aea20a7497e01b63e7788e43f,utilidades_domesticas,59,1408,10,30000.0,100.0,66.0,32.0
68bec1af3851f58027db8beadf3914d7,informatica_acessorios,41,231,2,350.0,16.0,16.0,16.0
444d53deb5d80250e5e44dd416f20298,artigos_casa,58,584,3,2400.0,33.0,12.0,33.0
cc30e5a54e83c955899121be1223104e,consoles_games,39,382,3,150.0,20.0,2.0,15.0
5d136eed606105a39f8cffd4b7978951,papelaria,51,216,2,200.0,20.0,20.0,20.0
dac106d9436467c9e5ba3767d1c5aa01,informatica_acessorios,58,227,7,950.0,18.0,4.0,15.0
6548e4e34dccfc63407b2bddc88b1b7b,ferramentas_jardim,41,650,1,985.0,52.0,19.0,19.0
6d637634f7ac8e9bd62dcc5fa03e39da,utilidades_domesticas,56,215,1,1100.0,25.0,25.0,25.0
9a382deec088553d7695394b64c09086,esporte_lazer,59,956,1,16100.0,28.0,6.0,11.0
5a7437ffa076413d6ab152c80b04bb9b,esporte_lazer,57,603,1,150.0,20.0,4.0,15.0
aeb767ca82c5a6cca8bbac33c4e21579,ferramentas_construcao,31,1505,1,1425.0,35.0,13.0,20.0
f87e8ee07e668908ab8afef6e3e91dec,bebes,36,282,2,300.0,18.0,10.0,11.0
3de88091a3ed3699a8e32f77898c6368,moveis_escritorio,39,2417,1,15200.0,58.0,28.0,58.0
e937b8761a1d9d6a0bd0011a17531744,moveis_decoracao,48,1619,2,18233.0,47.0,60.0,23.0
a5a7c5c2be6edf0b10ce28ba5c6b4a69,variedades,52,330,1,2000.0,33.0,44.0,19.0
8ef13bdd5d6da4bc50df1aaa486bf922,variedades,,,,25800.0,34.0,84.0,54.0
ca5861c2b694c968ae74e0a6ad72790e,utilidades_domesticas,56,305,1,700.0,20.0,50.0,20.0
98ad26989524a790f1d29686025b6fcc,utilidades_domesticas,45,721,1,750.0,35.0,20.0,35.0
60f1546ceca9c1dfd87b26c9c6482846,utilidades_domesticas,55,674,3,5900.0,65.0,12.0,45.0
378fed7e555fa94c149f571bba1d71b0,automotivo,55,993,4,950.0,41.0,45.0,11.0
57fcacc3434a1f2f2b039c1b4e61f5e1,telefonia,39,365,13,50.0,16.0,3.0,11.0
49ae25c5f82cd4bc8057d0b16d45af3a,ferramentas_construcao,35,384,1,1050.0,34.0,7.0,21.0
090a47567475a8de67cdc10ac38d76bf,brinquedos,35,328,3,200.0,22.0,8.0,15.0
5a670fea12f6946f0dcb3fbb9728645d,variedades,,,,600.0,26.0,3.0,26.0
290ee150f608e4391785e3ca842ed6d7,informatica_acessorios,57,175,1,400.0,39.0,7.0,18.0
76cdcc9133ea25f1fac4b03ede26e062,artigos_casa,54,326,1,250.0,34.0,12.0,22.0
1311325a082990d7e80142ca0c245fcd,utilidades_domesticas,27,250,1,9600.0,54.0,28.0,38.0
ed1de15b1be40001e5ed37127a6690f1,esporte_lazer,53,1055,2,6000.0,85.0,15.0,28.0
60346eb1cf64d762ced0b37885fa844a,fashion_calcados,37,295,4,800.0,36.0,18.0,27.0
b729707d65939e62985873eed7ebced8,bebes,52,1418,4,22800.0,83.0,31.0,53.0
59f09deeea7c839a9212a19f3416b892,utilidades_domesticas,58,1404,4,30000.0,60.0,66.0,29.0
2ceff1056fe5bd4ee443433402962fa4,moveis_decoracao,57,646,1,300.0,16.0,30.0,20.0
f053dea99f0b1bda091c0441b4104cbe,consoles_games,39,458,1,350.0,16.0,10.0,11.0
d93d759b483dd2545be204be0fcdfb82,artigos_casa,57,729,1,5200.0,20.0,30.0,30.0
de3f078dec217fe7b864a4bb912fef7b,relogios_presentes,60,813,4,300.0,16.0,11.0,12.0
c82f1b01c42306423e552a3df6875291,moveis_decoracao,59,201,4,800.0,21.0,21.0,21.0
9e10ae46a3021a02f1692448ef9fa1db,beleza_saude,45,2231,3,175.0,21.0,3.0,15.0
6fc29f9edcdf5b8a70c15131501620e7,utilidades_domesticas,41,337,3,200.0,18.0,6.0,11.0
04f92f94955d380b722ed941f2e6e51c,eletronicos,52,698,4,3125.0,18.0,30.0,38.0
f683f3a5d367251ac1a86404f15615b5,relogios_presentes,60,514,7,700.0,16.0,2.0,11.0
0f8016710ce920034150241f0b8b5def,artigos_casa,58,665,1,4400.0,42.0,16.0,36.0
a52eee5077b52ed1702997bbb36ca4de,alimentos_bebidas,44,1147,1,200.0,16.0,11.0,11.0
e1963d980dceccd99cce847556e111ae,utilidades_domesticas,56,658,3,1500.0,30.0,24.0,20.0
350d1a07ddb929118c6855106d206035,artigos_de_festas,45,253,1,200.0,16.0,9.0,11.0
66077cc774ac8ba7c7fcb45fd8e03474,utilidades_domesticas,37,365,2,3121.0,42.0,25.0,30.0
d70f38e7f79c630f8ea00c993897042c,bebes,53,233,1,10950.0,41.0,40.0,40.0
25d035762df754b895cf8e847168409a,pet_shop,27,1553,1,1167.0,24.0,28.0,20.0
ab616e3e77440ec426347964a3489108,moveis_decoracao,60,1006,1,3050.0,30.0,12.0,30.0
1612209b0b37fbe80e1e8e1b7d19ca1d,informatica_acessorios,56,580,4,1600.0,20.0,15.0,20.0
1900bad8eae4042922f8487abb59e3c5,alimentos_bebidas,58,3719,6,600.0,28.0,15.0,15.0
3cf811adb8b18fdc2811eb4880edead3,telefonia,59,823,3,200.0,16.0,9.0,13.0
251ef1633e102f2a29ed2fc7eb5ca683,bebes,47,963,2,20050.0,38.0,93.0,34.0
3904e66405ea8ec8d104534682a38c6d,consoles_games,37,300,4,200.0,20.0,30.0,20.0
6e70e2f56d6f07cde6377a05d1679f79,beleza_saude,40,392,1,800.0,18.0,18.0,18.0
3feecc22550e650b574f64a3e58b0f6b,brinquedos,29,549,1,550.0,30.0,16.0,16.0
4bd3f968f30558ee2b17168cd3930fff,pet_shop,47,1530,1,400.0,16.0,20.0,16.0
d787de6a880320609e500adbb90fb9c7,telefonia,52,610,1,250.0,18.0,4.0,12.0
badc1560b96f07ebed649206bfa27e8d,livros_interesse_geral,39,2206,2,700.0,25.0,3.0,18.0
64367bed3ed96fd9381676fbe33b6443,pet_shop,43,1101,2,5750.0,30.0,30.0,30.0
afd34b33969fc993e14ae949c140d527,pet_shop,53,424,6,1350.0,40.0,20.0,30.0
4def1f32b0559201dd2a302999c95eae,utilidades_domesticas,49,459,2,300.0,16.0,38.0,18.0
4ba237d0c64f22e4d22ec19af9cfd1f4,variedades,,,,17100.0,60.0,40.0,42.0
cb4ce8694660e0c90e4250ebfb0609d2,esporte_lazer,54,615,1,700.0,22.0,22.0,15.0
0ff59b72d617a0138284cdc464928127,automotivo,56,254,1,5775.0,104.0,35.0,30.0
e247f48915b89b25f03d91a433495640,fashion_bolsas_e_acessorios,42,252,1,150.0,16.0,5.0,20.0
9ddefe6012ab29194435ee63df2779a1,beleza_saude,25,327,2,225.0,30.0,7.0,18.0
ae27a5524edb2c8dc4656c670f458fb7,utilidades_domesticas,58,364,1,1000.0,40.0,28.0,28.0
432457ab5792cbe9a9f272990af92554,papelaria,49,845,3,1700.0,32.0,7.0,24.0
72673e0bc839ed1b1ccaf1fcbc9dc3b7,automotivo,58,1235,1,1800.0,34.0,40.0,19.0
f068148c48720c66b21825e2c558d493,beleza_saude,25,3281,1,200.0,16.0,6.0,11.0
fec565c4e3ad965c73fb1a21bb809257,artigos_casa,60,271,1,1400.0,34.0,7.0,32.0
38907b29879ddc50f67e714102146e61,artigos_casa,59,123,2,500.0,70.0,8.0,45.0
fba6f88e10230dd0ba718aec962064ae,eletrodomesticos,56,71,1,1000.0,27.0,13.0,17.0
4d7ccacbf7d2dd3e566cf5f149fb92e8,informatica_acessorios,25,364,1,817.0,26.0,13.0,21.0
9bf9c88e31e33139f919bb013cb3fb7f,artigos_casa,59,302,2,3800.0,45.0,15.0,35.0
83fb75d581e85667440635bdd314c645,malas_acessorios,54,424,1,1100.0,20.0,10.0,45.0
355e78eaf102f03855b48498d1b7e996,brinquedos,43,545,1,9700.0,30.0,80.0,40.0
854dea7019a248cec54711ded4744e30,relogios_presentes,54,506,2,375.0,16.0,8.0,11.0
6822a8b4d3a03eb8cc23f296bda7525f,consoles_games,43,490,1,300.0,20.0,20.0,20.0
aa5a3fa92cb1221a38267376d25cfd8a,artigos_casa,52,276,1,1150.0,41.0,13.0,13.0
a72c3f9fbd717831d5ec534cc276f126,utilidades_domesticas,33,368,1,150.0,18.0,10.0,18.0
6cd0d08f09a8b32450fd32de16265a74,relogios_presentes,46,436,1,416.0,16.0,7.0,12.0
5ffeff2ac45b628674ce03e75ce4d6e3,iluminacao,60,335,1,650.0,19.0,9.0,15.0
bab7ff9abbcc13690a62d015f2ca8e44,informatica_acessorios,43,269,1,250.0,30.0,7.0,20.0
e791baa02d6adf9cbfc62e9b78fe91b9,informatica_acessorios,50,882,4,400.0,20.0,30.0,30.0
8a3254bee785a526d548a81a9bc3c9be,ferramentas_construcao,25,1041,5,200.0,16.0,4.0,11.0
da4c44449f78250fa54a9a21f337ac05,fashion_bolsas_e_acessorios,47,243,3,250.0,16.0,5.0,12.0
2b374e497b3474d748a54c5883d37ee2,artigos_casa,55,278,1,350.0,20.0,13.0,17.0
e2961afb6ec0f6dc9220d37ff20aaa82,automotivo,54,717,4,1300.0,22.0,8.0,17.0
35f2f253dd0f52362515bb0394741a84,relogios_presentes,57,609,2,900.0,16.0,11.0,11.0
8eb8da639b6e68ec3b2f3e02d5d6a4b4,moveis_decoracao,56,269,1,1250.0,35.0,35.0,35.0
1b335291af6aa51e69afcce777570b9d,variedades,59,237,1,1250.0,30.0,15.0,30.0
8e0f2a25d10756a2202d5d7623e03449,utilidades_domesticas,23,171,1,10150.0,40.0,30.0,40.0
886208eeba914fad42127271385d66f0,telefonia,47,594,2,175.0,19.0,5.0,11.0
3263644ec99e2ccf8b31612ba4f28b5c,variedades,35,906,1,800.0,30.0,25.0,35.0
0896208dd8490b3dbb75344a92ab4106,artigos_casa,56,1023,1,1350.0,36.0,20.0,36.0
cee7741dd613113d6b633ba89444d34e,relogios_presentes,57,543,2,217.0,18.0,14.0,14.0
43f88c8353708451babf9bcdd1fda92a,fashion_bolsas_e_acessorios,46,419,4,200.0,16.0,5.0,11.0
da5220901a7753c4ebfd78f339e051c9,moveis_decoracao,17,505,1,650.0,20.0,20.0,20.0
63e0fba310acec294c78c0ad6e3d0e4a,relogios_presentes,55,721,1,275.0,22.0,12.0,16.0
c31aeb5af287a26d96b971c4cca17ece,beleza_saude,60,920,1,200.0,22.0,3.0,15.0
297e9e138160099ba59f8f933de5558b,beleza_saude,46,485,2,300.0,18.0,11.0,13.0
8b92139f9270553dc3fefeac3ef69034,pet_shop,38,736,12,4200.0,49.0,29.0,34.0
44e74b30e6a7832b7aeb5555c04cb9b7,bebes,41,1044,1,796.0,27.0,22.0,21.0
d663d4b73201ef3c8cda9b476e38c9f3,moveis_decoracao,47,632,5,700.0,30.0,5.0,48.0
a3430558283765c5dd94dd0381acc9c2,esporte_lazer,59,2036,4,1450.0,32.0,13.0,18.0
4e6b5c6e9884fdb15eccc9f5e83be842,artigos_casa,47,729,1,2220.0,20.0,30.0,30.0
a4bca9d23228eeaf4e0169cb1a45aa62,informatica_acessorios,57,1452,3,100.0,16.0,4.0,16.0
43fe236fd16fba129a5498ba4b1b47fe,pet_shop,41,249,1,17150.0,55.0,40.0,45.0
f40876e0ef3cd5f9132b1f16b04b1346,beleza_saude,42,250,1,427.0,15.0,17.0,14.0
f10f55939660d23138e46c72acb7498b,telefonia,59,745,3,250.0,16.0,17.0,11.0
db123b35396aafabb2d5b476557abed5,artigos_casa,59,349,1,1700.0,45.0,15.0,35.0
a60613d36f37a7b27d3344f40f6a7945,beleza_saude,44,696,2,350.0,19.0,11.0,23.0
0a407038cdb51df51fa8d01c54fa05f0,utilidades_domesticas,50,614,1,5550.0,35.0,28.0,32.0
81e11b02560e506662f5d75a88b94fa5,utilidades_domesticas,43,403,1,8700.0,19.0,48.0,27.0
dbd8772797eb43bcb24b0f7fba3b8839,alimentos_bebidas,53,402,2,10800.0,45.0,25.0,26.0
9d76340f9824309c5737621474c28ab6,beleza_saude,55,721,2,300.0,26.0,11.0,15.0
c0c73d7ad5469efc6d40000a75eeee76,perfumaria,36,811,1,450.0,30.0,15.0,15.0
de41a36499155c8c19a9eff9e8f7d52f,artigos_casa,55,92,1,300.0,28.0,13.0,12.0
8f4e5f5e6323576768b835363a3fb0f1,fashion_roupa_masculina,29,50,1,300.0,30.0,40.0,11.0
42c28e0e09e582dfd979242c53111e6e,automotivo,50,117,1,100.0,16.0,10.0,15.0
5e23fad8767d85b3bd6f91821ea5b1b5,artigos_casa,52,295,2,1650.0,35.0,20.0,30.0
d5875a64de7c209c43f0028b728f7e4d,moveis_escritorio,33,2419,1,10650.0,58.0,28.0,58.0
ddaad3142473118e7c6c4848683026b9,automotivo,43,532,1,200.0,16.0,12.0,20.0
0442663b51251c398df7f53c29e29812,esporte_lazer,34,1132,8,6600.0,105.0,15.0,25.0
98c2f7da94217786e372e7d85462c354,artigos_casa,45,238,2,2700.0,30.0,11.0,20.0
fef6029430dcac1403570d19150408ea,brinquedos,47,1057,1,852.0,24.0,19.0,26.0
e5fe79a5ccd19d20b3b095bf73cf9b5d,perfumaria,37,742,1,258.0,23.0,15.0,18.0
7128387d10541a345331eb7bfb9afbcc,market_place,31,489,2,300.0,20.0,12.0,20.0
fcdebbb6946ae0ff528fe189ad53de46,fashion_bolsas_e_acessorios,58,712,4,700.0,45.0,8.0,45.0
afc74793355c715ee40757a15b1cf31d,eletrodomesticos,50,379,1,11200.0,35.0,25.0,45.0
b6b4e4b461579340605841c0af800dc4,fashion_bolsas_e_acessorios,53,464,3,1500.0,38.0,35.0,11.0
b5b5a82ce5f1987b7e670f37629be51b,beleza_saude,56,960,1,1000.0,16.0,2.0,11.0
dad114e8bc5146e75d68b6f69867e356,esporte_lazer,58,1717,5,1600.0,40.0,20.0,20.0
76fab799e52e98680a1aae62daef914f,eletrodomesticos,41,994,1,25900.0,48.0,46.0,65.0
f23cdc558b71542ad82b3b7722248ac6,brinquedos,50,1102,1,400.0,17.0,4.0,12.0
2661ef1d31888c2ecf2c878d1c85545f,malas_acessorios,45,224,1,800.0,46.0,10.0,32.0
e662b8867ed957f588462afefab88936,seguranca,34,903,1,848.0,26.0,16.0,23.0
a57ab86297770909f4b2ab98b15bad66,moveis_decoracao,60,552,1,13100.0,49.0,25.0,49.0
b0c91d66c28e96ee21e0616a5ad1ac35,automotivo,58,1656,3,500.0,16.0,21.0,18.0
cf30110b1e85017c00752838fec35442,seguranca,49,478,1,100.0,16.0,2.0,11.0
e9e0f397f1ed036b4318417a84b0e407,fashion_bolsas_e_acessorios,63,529,5,100.0,16.0,9.0,11.0
72fd27ef586cb111f4a1364a61734a6c,brinquedos,48,551,2,225.0,22.0,14.0,15.0
8e48c45980a3fee42f12f7986a4b68d5,automotivo,56,1498,4,2250.0,56.0,69.0,12.0
d2b42ba1cc7c04d6f6e4ea54392b95fa,eletronicos,60,318,1,150.0,25.0,7.0,16.0
24ad6518fbcba9b028f168019c6c2d67,brinquedos,41,1096,1,400.0,17.0,11.0,12.0
8f6830779a08a96560ec9f10e13d8fc8,bebes,32,728,4,250.0,18.0,4.0,14.0
99d78b96be1452047a05d7e66bad134d,brinquedos,49,729,2,1850.0,32.0,25.0,22.0
489b5af4a311587c81ed419dced92dba,moveis_decoracao,53,903,3,600.0,16.0,16.0,16.0
98e91d0f32954dcd8505875bb2b42cdb,climatizacao,26,1445,1,1132.0,33.0,39.0,20.0
56a332a91c4fb30091bc24e82ecbea29,automotivo,55,1180,1,1800.0,16.0,2.0,11.0
2a0cbfbf0006e0d28dee8a5f20e1ebf2,artigos_casa,55,298,1,17400.0,50.0,30.0,40.0
a3e5f9cbee551f620eb3c85fed57c5f8,moveis_decoracao,52,1708,3,500.0,68.0,8.0,13.0
48fed1b321d23ca8ba0752b138e7fbe5,artigos_casa,53,212,1,1275.0,39.0,14.0,29.0
bacf2de8920bbcaf6f005a30d81391d2,perfumaria,54,389,1,481.0,21.0,14.0,19.0
87ac7e3e844a79b97f7b98cecfbc69db,fashion_roupa_feminina,33,172,4,500.0,20.0,5.0,20.0
8c881951778b843dd2567fe997812ded,artigos_casa,52,318,1,804.0,34.0,5.0,33.0
d428453f5428574ccf030518d30d13cd,seguranca,50,1252,7,300.0,34.0,4.0,21.0
c385f0d5cce61cecdc14eb82cddf1a3f,relogios_presentes,35,544,1,678.0,20.0,14.0,18.0
086eff5dac22ac2fe1fed28bba4fa646,consoles_games,46,1594,3,1000.0,20.0,30.0,20.0
2b6e9bb796af726ac7d07348a11852ad,audiovisual,55,555,1,200.0,20.0,2.0,14.0
5dce4ec7e7079a63b3086781d26c2cd8,ferramentas_jardim,60,883,7,400.0,25.0,5.0,11.0
45c4df3befb383b0102121f980c20f82,instrumentos_musicais,53,964,4,3300.0,44.0,10.0,32.0
dc6137fdd9c6f341c65966c89c746bd4,moveis_decoracao,58,292,1,700.0,30.0,20.0,20.0
aeaba104830f91586dae1bff90f54a8a,esporte_lazer,49,169,1,1250.0,41.0,24.0,11.0
db8ed3d08891d16a2438a67ab3acb740,artigos_casa,62,702,1,2700.0,42.0,11.0,36.0
47259ce36f2aa500b4e7528100998ed4,telefonia,40,688,1,100.0,24.0,2.0,18.0
cc01f8e6114f2ff5a829ccc55d62f132,relogios_presentes,56,1024,1,500.0,24.0,12.0,16.0
e0bfab1a66b1f0fb4b1cbf7273121a6a,esporte_lazer,58,1167,1,3700.0,20.0,17.0,17.0
e343a7fbf868e28cb3f80ef0f6d9300c,utilidades_domesticas,46,423,1,1950.0,40.0,20.0,32.0
cd01322dc5017823eaa0744292c193cf,relogios_presentes,47,674,1,255.0,18.0,11.0,14.0
11f683ded5ddeecdad0b81b3124c3395,variedades,,,,300.0,16.0,2.0,11.0
675f7d81de5e3dce0491b9b0ce921748,utilidades_domesticas,55,475,3,1535.0,10.0,15.0,14.0
99cf040981f9215bd37759463a211f34,moveis_decoracao,58,459,2,533.0,45.0,4.0,35.0
01bc2a3c12d6e588aecb54ffad194c13,esporte_lazer,58,1236,1,4350.0,20.0,20.0,20.0
24860e2899527a4e30b81c693206e916,instrumentos_musicais,39,750,5,1350.0,38.0,7.0,29.0
1d1021f2e10ec199e91f5a80355fdaf5,eletrodomesticos,57,223,3,350.0,27.0,13.0,17.0
bdfe450775bde583b7abb5698f1bd6e2,beleza_saude,59,971,2,1600.0,40.0,20.0,30.0
f88585b513695493f26dbffb34c01e75,moveis_decoracao,60,149,1,500.0,30.0,16.0,26.0
962f5772bee158b6fa65e4112823c598,beleza_saude,50,1266,1,4450.0,20.0,20.0,20.0
7cdffa73c5aa5471607b4ac982baa201,beleza_saude,36,126,1,2600.0,40.0,12.0,55.0
991f1f8e716895c2875d3e98dc961d42,relogios_presentes,43,165,1,638.0,20.0,16.0,16.0
ab41c983278bb09dcaaa91943d3250d7,utilidades_domesticas,55,744,3,300.0,16.0,12.0,12.0
f0d1b9adbb40033054296d0ce2581aea,utilidades_domesticas,32,349,1,450.0,30.0,25.0,25.0
c50db74048e3d2e0d3d6dc83e1f92d02,artigos_casa,55,847,1,5600.0,39.0,25.0,45.0
b6bdb28b376292b83135644ff8d4d6a2,artigos_casa,60,265,1,2200.0,34.0,7.0,32.0
552dadda0dee43a4a55b7a05992a174a,utilidades_domesticas,58,734,1,650.0,20.0,30.0,12.0
6badcb10ad09ebf25ab2e97fc1b95b1b,ferramentas_jardim,60,2064,4,4300.0,50.0,10.0,34.0
aa428a8e4d587520f90d37a08030a812,brinquedos,29,208,2,1700.0,50.0,40.0,16.0
fb64cad4aa627ef255b3461e5428c2a6,perfumaria,27,609,1,200.0,17.0,6.0,12.0
57d52385ff40989aa342e516168e080c,automotivo,38,1014,1,550.0,16.0,2.0,11.0
628cfb8a45c95a7b796ea06b006e9384,automotivo,58,2137,1,50.0,42.0,19.0,25.0
b5a1f8c43ea139a65cbf5c25b1a31f1d,esporte_lazer,54,500,1,200.0,16.0,3.0,11.0
13797c377f05e2e9698a6a46c9098639,fashion_bolsas_e_acessorios,55,731,1,200.0,16.0,2.0,20.0
f4be3cfe721d891dab8f4025132fe7c5,artigos_casa,36,331,1,700.0,27.0,12.0,22.0
eda141a3df363e0374e85007d1b4bc85,artigos_casa,54,269,1,2150.0,45.0,15.0,35.0
1fdac0720456c9b74b0a93aeb821d5a2,moveis_decoracao,56,546,2,200.0,16.0,11.0,16.0
43dab0384fdbf917781e1b91109bf3df,brinquedos,33,698,2,400.0,18.0,21.0,13.0
aab50546866a132323f491c86062d0f0,fashion_bolsas_e_acessorios,37,935,1,6700.0,20.0,50.0,40.0
ba461a0fdc83975aeb97c66b1dea2802,seguranca,36,687,1,425.0,45.0,21.0,23.0
65a4190fb90003ec977a0b0db2a8db70,pet_shop,41,568,1,15150.0,92.0,12.0,62.0
475af23239b1120761482ea242b1a271,esporte_lazer,60,576,5,23800.0,80.0,12.0,22.0
153d581044c5b30836c5a7d56687a735,esporte_lazer,51,2999,1,1150.0,105.0,10.0,15.0
1583253d78b23f7808214770298e0118,consoles_games,27,632,1,250.0,17.0,2.0,14.0
a87567bdce60de6f901e3d7c6d8df820,artigos_casa,30,1328,1,1800.0,55.0,10.0,35.0
bed164d9d628cf0593003389c535c6e0,eletrodomesticos,54,382,2,850.0,30.0,21.0,22.0
c0047dd512738c1a067099c37b78f627,bebes,49,931,1,200.0,16.0,5.0,11.0
94252831daf1ef36429398257ea0450c,moveis_sala,60,493,1,1375.0,63.0,11.0,16.0
5fe986940fc67df6769cf784fb063395,informatica_acessorios,47,309,2,150.0,16.0,5.0,11.0
4cc3262bb30c9ee3cc8a805541a944e1,papelaria,50,255,3,1500.0,60.0,20.0,29.0
55d8539374199d777e55eb6d3306badc,moveis_decoracao,56,588,1,1780.0,20.0,55.0,68.0
54234b8d25e66201fe043b2fdcfa8e6e,utilidades_domesticas,47,771,3,676.0,23.0,14.0,17.0
cbdb31ccb8741d52e26bf2a42c1648d1,utilidades_domesticas,28,354,1,2300.0,50.0,11.0,50.0
7e600046d3d96275f37f05d94b8c7821,relogios_presentes,48,656,1,433.0,19.0,14.0,15.0
0f3c8906e5b08127d539956bc587074c,esporte_lazer,27,293,4,3325.0,71.0,14.0,71.0
b07499163c612b591ce1621452672e69,informatica_acessorios,36,240,1,1125.0,27.0,16.0,20.0
ab9cf155f8280c3739b09fe341a185e8,telefonia,59,409,1,225.0,18.0,4.0,12.0
cb92637d91f8267856d2143b6fc7bd9e,esporte_lazer,49,1806,4,250.0,22.0,14.0,11.0
71cb198fc9db8f9015998870441d9ef3,beleza_saude,54,230,1,350.0,22.0,16.0,16.0
380db7678ce8fd2e3c80de130bc32fbd,utilidades_domesticas,35,207,1,325.0,27.0,8.0,14.0
c7dd80b25977a47ab7ca338ec01aacda,relogios_presentes,57,773,3,250.0,16.0,2.0,11.0
938052cbcbf90d7db22c1ec6321b050d,automotivo,60,1732,2,3000.0,30.0,15.0,15.0
1f4183ec3278c69b1237f900c701b762,malas_acessorios,46,748,4,2800.0,36.0,34.0,27.0
b5466db4cecf95c3c1be0ba32538ce1a,informatica_acessorios,37,322,3,100.0,16.0,3.0,13.0
2abf28861922ed5da75726c7f3eb58f4,utilidades_domesticas,29,442,3,1000.0,20.0,15.0,20.0
38969df72ffea063ee2905f51b08d428,informatica_acessorios,48,1251,1,4400.0,25.0,25.0,18.0
f13db9a6ceefa4b25cc87b080769dca4,telefonia,59,752,6,350.0,17.0,4.0,12.0
44612c61c35b16f7b7e88dadcebf096f,relogios_presentes,49,643,1,400.0,16.0,12.0,13.0
874662e6b58fb0dcde2888d40046c6e6,relogios_presentes,58,1353,5,350.0,16.0,11.0,12.0
63b0acbe2513293d425f64289b622766,audiovisual,29,957,1,150.0,20.0,2.0,14.0
e5d8b0dfaef396923f6874b90c35f1c4,informatica_acessorios,60,142,1,250.0,50.0,5.0,20.0
43cb1d661a38ba864fc53fe1b6edb0ed,bebes,21,414,1,625.0,26.0,14.0,12.0
e2095018c250b68d73a98ba81f1e5f59,utilidades_domesticas,55,182,1,5100.0,36.0,15.0,29.0
143c616ec3fe0cb065c3805cf9bd812e,ferramentas_jardim,58,986,2,1100.0,30.0,23.0,20.0
4e064cdbe4079c84a33181a96cf5609b,relogios_presentes,59,110,3,200.0,16.0,2.0,11.0
b2a11c072dedfc137aa2393bb4a2c8ea,variedades,53,186,2,650.0,22.0,15.0,22.0
8e45f326187b3e85211143797e4bd30d,perfumaria,60,954,1,700.0,19.0,14.0,17.0
6848854ba286220d5450296fa28f9099,moveis_decoracao,55,1108,1,2000.0,28.0,38.0,11.0
4a351fa3b10c2b78daee983c534c56fd,informatica_acessorios,41,1025,1,3150.0,32.0,16.0,16.0
1026a916e88dfbc27528445d448619b2,esporte_lazer,60,994,1,550.0,16.0,16.0,20.0
240139d2f04292ee0789c908cf22d505,automotivo,59,703,6,5075.0,56.0,11.0,32.0
3ff22524016b71a48fd1e5054632985c,artigos_casa,55,589,3,24050.0,80.0,30.0,60.0
d92cda0cc0ce2758750a52b1a1dad05d,consoles_games,56,805,2,1000.0,20.0,30.0,20.0
18d307d967bbf1300aa00b34f34c374c,beleza_saude,64,1135,1,4600.0,34.0,9.0,34.0
22bd45d50bed841763d6f7f58cb7b6ac,perfumaria,54,956,1,50.0,16.0,5.0,11.0
e339410beae2b9f9987f5a4e0ae007f3,beleza_saude,57,321,1,300.0,20.0,10.0,20.0
f6365f947341b385dcb3f130e58236b8,casa_construcao,31,638,4,550.0,17.0,27.0,17.0
9116ce8acab686803dfd443f5963e69c,brinquedos,56,396,3,300.0,34.0,4.0,32.0
ac6c3623068f30de03045865e4e10089,ferramentas_jardim,59,409,1,3750.0,35.0,40.0,30.0
5496bb97a69c689317d895c265f13a6a,consoles_games,49,1436,4,800.0,23.0,8.0,17.0
312669e28dbea698f766c3daf44771c8,fashion_bolsas_e_acessorios,60,53,1,200.0,16.0,2.0,20.0
0cf2faf9749f53924cea652a09d8e327,ferramentas_construcao,59,338,1,1200.0,20.0,8.0,20.0
812caec8528c1f3b1bed583530023cb5,artigos_casa,47,228,1,950.0,49.0,6.0,39.0
062907032db5e0c065bab136233a9544,artigos_casa,52,544,1,606.0,30.0,9.0,28.0
052bc62f1969b8f09b1c3cd6f67e099d,papelaria,54,146,1,600.0,29.0,4.0,24.0
e60929757cfd605adb6061bc68412253,beleza_saude,60,2966,1,850.0,16.0,30.0,18.0
f4f4debbcfcafe6858d1e37a1f6e436e,moveis_escritorio,33,1190,1,13867.0,101.0,8.0,57.0
30a70759c34dd4a29c5596778a0eb116,perfumaria,58,625,2,400.0,16.0,16.0,18.0
77bb7313da6b9c08c7ef73fa7f821ef4,eletrodomesticos,49,278,2,200.0,18.0,8.0,13.0
c760b9447b368feb545ae8c568e4c94f,eletronicos,52,380,2,1950.0,26.0,30.0,25.0
98c9ff7d86040b4030472af040f1a4a8,informatica_acessorios,58,886,5,350.0,26.0,8.0,18.0
6debe62ce3828652a75c52d11bb012e7,informatica_acessorios,26,671,1,150.0,19.0,5.0,13.0
5b3a080274573239e92080e9e7278470,perfumaria,49,321,1,400.0,18.0,18.0,12.0
d433ccd6963b166039d9d943a9015edc,industria_comercio_e_negocios,57,1058,1,4100.0,35.0,20.0,35.0
067a7177d086c25f597516184a07f05a,climatizacao,54,886,1,3800.0,53.0,21.0,36.0
35997e7b3823b0bb5947dce1986cfb61,livros_importados,59,549,1,700.0,33.0,2.0,23.0
13e290d958dc257f594b962ab8c131b0,pet_shop,56,633,1,1050.0,49.0,15.0,33.0
fe5827d110a9ba59d4ab407e86ccd6eb,jardinagem,40,275,1,150.0,16.0,4.0,20.0
34b3d6e3e824bdbecac9611588a63459,esporte_lazer,42,247,2,1550.0,60.0,15.0,15.0
9d4db3c01961c5e9d8a50e1c0b1fa2d1,utilidades_domesticas,35,868,1,1000.0,29.0,29.0,11.0
951098957e7871bfeab769de5e3871a8,relogios_presentes,28,321,1,800.0,22.0,14.0,13.0
0c30a560a3dea926f6ceaa1f36dcc213,papelaria,57,233,5,2350.0,31.0,7.0,22.0
027cdd14a677a5834bc67a9789db5021,perfumaria,42,544,1,341.0,20.0,18.0,16.0
c47c31505404caa7fa20edad4b971746,ferramentas_construcao,59,661,3,242.0,18.0,9.0,14.0
b042d2cd76f1dc3b25fd3e81e35d406c,relogios_presentes,59,453,2,250.0,16.0,2.0,11.0
0ec6e7e13e4987eee4e1081a3472f5b6,moveis_decoracao,55,672,1,1550.0,60.0,30.0,30.0
efe7792157864135b3a535fcfc5448f1,bebes,49,741,1,7300.0,51.0,23.0,34.0
700b2242828ce37313207c1e91adc2d0,telefonia,59,678,3,150.0,17.0,8.0,14.0
872c150bc3167f3a4fd9214f82931358,artigos_casa,52,704,1,1650.0,40.0,15.0,32.0
b75a056d7d03227c3a3b60e9ccf518c9,automotivo,60,1259,2,450.0,20.0,9.0,14.0
c76a7f2aa3596ac11fa33fb6f98cc7c7,esporte_lazer,33,396,6,750.0,35.0,17.0,17.0
f16e5b7883c1349e57bc5e92ba9e0d96,moveis_decoracao,39,94,5,350.0,16.0,5.0,20.0
cc2232dbef2c9fca23f4c7f6a19a42e3,eletronicos,63,587,3,300.0,21.0,11.0,17.0
5ad2fee5f3e327f898435c3fcb0c93bd,informatica_acessorios,57,164,1,100.0,20.0,2.0,18.0
f5310df9e7251df17169cfd6940dfbc8,informatica_acessorios,38,1306,2,1400.0,20.0,30.0,20.0
7ca936dc950df6505bbba4a54a00203d,beleza_saude,41,1211,3,875.0,30.0,26.0,28.0
2d5fe303346a3a5650b3b115dbb4b699,utilidades_domesticas,46,588,3,5500.0,60.0,12.0,38.0
5ba095a19bde52d6c87219061639522f,esporte_lazer,56,1131,1,1100.0,26.0,8.0,21.0
d9d319caa9e0b2993d581f53f036ba72,esporte_lazer,39,627,1,500.0,22.0,18.0,18.0
90916a1ae9ea5e3c8c15c37b51834f37,moveis_decoracao,54,942,3,300.0,18.0,9.0,14.0
86cbe3f62944a6ad224137e01f54c0b9,perfumaria,27,609,1,70.0,17.0,6.0,12.0
4c2e7dbae8cc699dba97825c02d87b27,audiovisual,54,229,1,550.0,33.0,4.0,27.0
83b6bc973e911a21b156247857bc0f59,beleza_saude,35,592,1,300.0,16.0,18.0,16.0
c16a725515f575d16a399f36c3e64399,variedades,33,697,2,13075.0,79.0,43.0,35.0
b5ab439c1d3d3990ca8375b8db5b8440,ferramentas_jardim,60,628,2,5500.0,37.0,15.0,37.0
8e7a3ee016b12c87b5e3e7e717620758,industria_comercio_e_negocios,56,2083,4,850.0,40.0,30.0,30.0
53af05c8098ddaf0b8e61b1b38e8b4e9,bebes,50,287,1,10750.0,65.0,18.0,55.0
711ffb7574aa22c89aa744dd74fefd5c,ferramentas_jardim,63,1330,4,3100.0,37.0,9.0,16.0
11da471af2f5c0214e3d5fd7433a6350,relogios_presentes,58,2038,2,850.0,35.0,17.0,17.0
b6ea15ce7ec34fdebd80ef71de3a24bf,telefonia,59,513,1,210.0,17.0,24.0,21.0
3dff8f7d2b529f106998c4682b0eafa8,perfumaria,45,616,2,400.0,16.0,16.0,16.0
9f75358fa2d94f1d0caaa37653db5775,relogios_presentes,38,592,2,1800.0,30.0,38.0,13.0
29af47aaefb3a7a8bc5b00d008cdba89,relogios_presentes,51,688,1,525.0,18.0,8.0,12.0
ec58535d820b93edc3f1cfde52290334,telefonia,48,1912,1,950.0,28.0,7.0,21.0
93d9ed4fb2b32cec509eae4f1860687d,artigos_de_festas,52,259,1,15400.0,70.0,15.0,50.0
0a4dea9eaeaaea5b7894a9a4ec6ed660,informatica_acessorios,59,1434,1,250.0,21.0,14.0,11.0
3a85491e291016cb452b9b8e78c30ddb,jardinagem,58,1154,1,2600.0,55.0,29.0,17.0
ad7c531c2001111873dcfed9d8317439,variedades,33,895,1,1000.0,42.0,25.0,15.0
81f3b58e2adf194df837b71d288dd315,alimentos_bebidas,20,1143,1,1150.0,20.0,10.0,20.0
db49506c4a19ed884c7df231e08c564f,moveis_decoracao,50,172,1,20000.0,70.0,70.0,12.0
dfd57e4f6b146266a765a285fac364ed,esporte_lazer,26,192,1,300.0,25.0,20.0,20.0
541ff1bb76a9502be425895dc6726d1b,fashion_bolsas_e_acessorios,53,384,1,50.0,16.0,3.0,12.0
2c41d13dc2cf0e9c2e8db8952f0f3ff3,informatica_acessorios,45,802,1,1100.0,31.0,12.0,11.0
831bc6df8c644f854affd8515771a3e6,ferramentas_construcao,48,657,2,100.0,20.0,3.0,25.0
e82773dd03318132e509b6330c868c7f,beleza_saude,55,768,1,150.0,20.0,10.0,20.0
409ee48b5db216ee69ef004c035ff067,beleza_saude,54,3253,1,2500.0,16.0,16.0,16.0
205f96ff730dd709636da2c7b9cb7ca9,ferramentas_construcao,59,1319,1,1100.0,54.0,10.0,11.0
7c55124fe738d3b1dd4b1fa8cac690c5,brinquedos,60,901,5,175.0,16.0,6.0,11.0
691068f9993552f6ba5a12e4b379b4a0,beleza_saude,57,463,1,375.0,16.0,15.0,14.0
1b92f53b1a02ed873cc9edad59d2031b,esporte_lazer,40,409,2,200.0,16.0,4.0,21.0
5ccdf90770b6368962f99d5bdccb7ef1,bebes,45,2692,3,950.0,29.0,26.0,24.0
734b90405c30810d3c6d8029d503f4eb,moveis_decoracao,48,485,1,300.0,35.0,5.0,25.0
12ce53b5f757dfcb8e78117caa2d6ac4,eletronicos,55,57,1,150.0,16.0,7.0,11.0
3663ccbce96bbbea6b1b38558b5356a0,instrumentos_musicais,41,405,2,7050.0,66.0,17.0,36.0
59472d9519d2b7956f78887301e908ec,moveis_decoracao,26,808,1,1300.0,16.0,13.0,13.0
f1c5eb59ca7aba7c4e5f0e3095473f8b,esporte_lazer,45,303,3,570.0,21.0,21.0,21.0
3d2d7eac865e47ff3939ea01aa56fb96,variedades,,,,300.0,16.0,13.0,13.0
7d018f8e4f93213ba7ad276e25fe20b1,relogios_presentes,56,361,2,350.0,40.0,10.0,25.0
06353656886de747a549351f1ec7fa9b,alimentos_bebidas,44,664,1,650.0,16.0,10.0,11.0
c8739aab0307635a23981f93dff12a9c,papelaria,50,225,1,1000.0,18.0,48.0,35.0
693f7bc4e67d0fe9736923ec0af7db3c,eletronicos,55,254,1,200.0,21.0,7.0,14.0
02a56644dd5dbe6884a047f4d9ea52ea,automotivo,56,651,5,4200.0,78.0,4.0,47.0
8eda2f0e6d437afc08f71ac4b3b380a4,fashion_bolsas_e_acessorios,59,417,3,300.0,16.0,9.0,20.0
d8ca963a86234b664c718ead584675d5,eletrodomesticos,58,79,1,150.0,18.0,8.0,11.0
4d506f00f028642b159fe0be712d8041,pet_shop,27,600,1,1300.0,21.0,6.0,26.0
2b6f9eb2e0273b74678d183b325c122b,consoles_games,30,340,1,320.0,38.0,14.0,18.0
40562621def0bbc3080d94f54b9d1f61,artigos_casa,51,750,1,800.0,16.0,10.0,16.0
9f10eed205ecad4edb9002f9d0b62ac8,beleza_saude,38,1010,1,360.0,17.0,12.0,15.0
b13899910ed51e5a0e45b71c21c46606,ferramentas_jardim,54,798,5,500.0,26.0,4.0,12.0
8b5227e28272123eefd613a10ffd7704,relogios_presentes,51,404,3,820.0,18.0,12.0,16.0
c5b72065154ec27c2d1ed8a654c3348f,relogios_presentes,36,1116,1,416.0,18.0,9.0,13.0
c3fff1789c3ee48e562e3ce051a4fa3f,telefonia,57,502,1,200.0,19.0,4.0,11.0
5f5ee6e720308ce93007ce17c0835883,variedades,,,,250.0,20.0,21.0,16.0
a0450529bd974ebeaf93b1731184396a,variedades,51,873,3,900.0,18.0,9.0,27.0
d4a9f03055ff0e12e1821a706f554322,esporte_lazer,32,3127,1,1200.0,30.0,30.0,30.0
f4a9b2ee7355882bd41e1bf5126cf56a,fashion_bolsas_e_acessorios,53,768,1,200.0,16.0,2.0,11.0
cc4b51ca9b5ca05b7fd5337bddb7341c,artigos_casa,48,437,2,550.0,40.0,8.0,50.0
e51c94c542c3102b23b946ccbd17609b,telefonia,55,616,2,500.0,22.0,10.0,15.0
4ae6163553190ab2897ecd7683eaafe2,consoles_games,43,1490,1,350.0,20.0,10.0,20.0
30ac6df06dc59ad72cf2f158fc2d904c,utilidades_domesticas,53,1034,2,16550.0,22.0,65.0,40.0
af36c7031b0d5e172743725ecab0cebb,livros_interesse_geral,34,453,1,400.0,17.0,5.0,28.0
ca1bcde1715f1d903681187ef59e459c,moveis_decoracao,41,432,2,200.0,35.0,35.0,15.0
4bc15899b2cd7ade6db2fb0a5188cd24,artigos_casa,49,82,1,400.0,40.0,5.0,25.0
fe05ad488982d6de6373f13486d92d99,artigos_casa,41,421,1,750.0,30.0,5.0,25.0
dd95c89de4ce416b6a2714b39266a7ed,artigos_casa,53,558,1,2150.0,25.0,25.0,25.0
daa46fa57a171867a99dcc8a71ec21cd,variedades,33,658,1,1400.0,42.0,25.0,15.0
4ef9e7430e9943ddad2f1b194480ecc8,telefonia,56,2085,4,600.0,23.0,14.0,19.0
837643365f350dac5b859c5c65ba9b4c,utilidades_domesticas,31,1746,4,635.0,25.0,19.0,19.0
40e0e757ad6d3fd9059ffa64b249a12f,esporte_lazer,56,851,5,300.0,100.0,20.0,20.0
0e9923b15d37f33cac70de6648429148,artigos_casa,58,205,3,2000.0,40.0,6.0,30.0
7caf32b90e6fbccc6a37ee8633644895,utilidades_domesticas,59,419,3,10300.0,70.0,20.0,33.0
2743c376f40b82b7bda71ad4a1256507,esporte_lazer,54,582,5,950.0,20.0,15.0,20.0
71edb37d9bd2542f8df816d01a86af3a,esporte_lazer,56,1287,1,600.0,21.0,17.0,18.0
3ac5a9834cdb5e3a4e47c3535adbff74,relogios_presentes,51,667,1,350.0,20.0,13.0,13.0
5bc6f966c95b579fc0982b73007f1917,artigos_casa,55,364,2,1200.0,25.0,10.0,25.0
ac8a3c0c9899b7c670f5adc5880d9a17,eletrodomesticos,51,437,1,100.0,18.0,8.0,13.0
53e5ab849cd05746afa487fb57fa8271,relogios_presentes,57,575,2,500.0,16.0,11.0,20.0
be8aef10cd8c8a52fa98f5f7f71bb373,artigos_casa,57,381,1,2200.0,45.0,15.0,35.0
f2d649f157cebee085ed738f23d5d6b7,bebes,42,596,1,350.0,32.0,9.0,16.0
a88cfe5c20413ddeff0a060c4202d278,bebes,58,344,5,15250.0,65.0,65.0,26.0
68da30fecb501eacf0de129b2a56d0cb,esporte_lazer,60,1052,6,1250.0,25.0,6.0,17.0
3a7553224e54d216c4a65c85f2d04deb,artigos_casa,58,407,1,9475.0,53.0,30.0,38.0
ec743e758e4f6c47b4b9e73ddd129e86,utilidades_domesticas,56,611,2,900.0,16.0,27.0,35.0
4eda54569384f6cbe0511828fc574fb0,bebes,57,262,1,6825.0,30.0,63.0,20.0
546acf50e60127aacaed5190d95bf52b,beleza_saude,52,3331,1,2400.0,45.0,30.0,30.0
6fd3f7378cd65325e10cb21733778416,utilidades_domesticas,59,1232,1,800.0,23.0,18.0,23.0
ee3cfb33869693f2a7e8417c795d8cfc,perfumaria,46,368,1,350.0,20.0,10.0,11.0
d7de6f5b1c0d552167bd5a8d4b45f6da,moveis_decoracao,50,884,3,6150.0,38.0,12.0,27.0
8d2741c514abfc9654c7dabdd71fc07e,pet_shop,57,294,3,700.0,30.0,30.0,30.0
cbab8cf1bbb5a20f2f691b1f2c1a6e86,fashion_bolsas_e_acessorios,58,1744,6,100.0,17.0,2.0,19.0
68f3adaef1620e7b0c4c7cd9f78d7ed0,instrumentos_musicais,50,1163,2,1203.0,30.0,10.0,16.0
d83dc88999f72a99ac7e3f7e2ae88c40,informatica_acessorios,50,331,1,110.0,19.0,13.0,14.0
4b2422ebbc6723e80f355b11b4d8fba0,utilidades_domesticas,28,87,1,370.0,17.0,20.0,15.0
a662d99595c3b6054702480cb7382afe,fashion_underwear_e_moda_praia,52,624,1,200.0,42.0,4.0,14.0
67c4868694e75a87d7d0417c14fc26a3,variedades,,,,400.0,16.0,16.0,13.0
d6235e8c515051ea4e5ab000d625b9c0,esporte_lazer,33,221,2,950.0,60.0,15.0,15.0
696a999ec17e492f74e0d1a76226b401,bebes,44,191,4,150.0,16.0,6.0,20.0
3d50229001636cd5e9851e53383c6b8a,artigos_casa,58,663,1,1100.0,29.0,4.0,36.0
ffd246249e3225c13f40b5b91dcaa65a,esporte_lazer,47,1457,2,850.0,20.0,12.0,11.0
289dfe89bc0d1eb6bea5a0a3bde85552,artigos_casa,29,585,5,1700.0,50.0,10.0,40.0
9348cf658c9f20576186a9f3b82c58c3,beleza_saude,46,407,3,1175.0,53.0,18.0,18.0
73ae8d8ca7df19a982c92fc1265d9e46,artigos_casa,54,236,1,1150.0,34.0,7.0,32.0
a72209f6ea270769cecf0ed4168d3893,brinquedos,44,603,4,400.0,30.0,20.0,20.0
8283442d1af5a158404e8f4cb53a2090,automotivo,39,344,1,700.0,21.0,9.0,12.0
c86f95986c7050bf988aed62520093e7,beleza_saude,57,1550,1,3700.0,22.0,22.0,22.0
18901878788fec7ddc55e64d1ace8187,bebes,38,471,2,8250.0,44.0,32.0,35.0
05177c02b7f7e985fb4a90d1465f0fba,eletrodomesticos,52,307,1,100.0,18.0,8.0,13.0
78f9e0fb082486f571595a1875c306c8,utilidades_domesticas,43,757,5,250.0,16.0,7.0,12.0
f522bb1400b17373f48c625ccdcb3a13,ferramentas_jardim,43,396,1,11600.0,37.0,26.0,20.0
af53bbaeee1f3190c2ff939fc236b6f5,beleza_saude,47,770,1,350.0,19.0,12.0,13.0
ba34539b92ec1baa3a9c108b81cd8344,esporte_lazer,47,1634,1,650.0,16.0,10.0,11.0
e8f492468d1d405a95e157c7530ae6bf,moveis_decoracao,54,372,1,850.0,40.0,5.0,11.0
2aa23c51528b71a1c9f2ce72f4fc9ad8,variedades,,,,200.0,35.0,4.0,25.0
d48a0a53664a92739f3ff40cdae9078e,livros_interesse_geral,47,2748,4,2100.0,19.0,26.0,11.0
525069ef824b496ed4d5a9fc67938b46,bebes,41,341,2,100.0,20.0,6.0,15.0
5b99f79ba0d929b0f3270ab0f0f5911f,alimentos_bebidas,24,30,1,1400.0,16.0,33.0,18.0
8894c64689c2a3a29e2fff744de30e46,moveis_decoracao,50,250,1,800.0,20.0,25.0,20.0
6cbd4637b69fff7d983bb1a757febf71,perfumaria,49,696,2,254.0,19.0,15.0,18.0
f95d5d21561ea085ba1e1a4e53840844,brinquedos,62,679,20,8900.0,32.0,49.0,34.0
83a1778b0d5b20c0724c97e35f083082,brinquedos,55,460,1,1100.0,43.0,6.0,30.0
d2f99bafeba89693c208b6f7a82168e5,utilidades_domesticas,40,660,6,500.0,25.0,12.0,12.0
7180e36c30b2c9aaef70caabf4e8edea,malas_acessorios,46,1336,2,10250.0,45.0,19.0,36.0
cfc8376b91d04c43d4431abcf28d51bc,esporte_lazer,37,262,3,300.0,22.0,6.0,12.0
d984b9203bd56960bbdda0bb7f05f781,fashion_bolsas_e_acessorios,31,162,6,150.0,16.0,16.0,11.0
2f48e99df2052ce8a7d14855ea40e838,artigos_casa,48,392,1,1150.0,35.0,10.0,35.0
5dbf50af9485478b933f1028e108640d,eletronicos,15,359,4,150.0,17.0,3.0,12.0
6decf43351d89bcd0d6f0f2b607c4e1c,esporte_lazer,57,2618,1,400.0,16.0,2.0,11.0
1f9210c9ed7b87ba42a048f297fbeb03,moveis_decoracao,60,1673,2,550.0,52.0,11.0,11.0
96b98d97d2ecc26af3bc439935d9dc46,artigos_casa,56,3823,6,7500.0,50.0,17.0,49.0
ab328a14d2698a726fe1ed2695f5f43c,beleza_saude,54,268,1,983.0,23.0,16.0,15.0
2ab31f78e069ddb51930c6ace3759e45,bebes,56,419,1,2300.0,38.0,10.0,34.0
f72c05c5dadc3a4e05bdc5a92520f66e,relogios_presentes,52,474,2,275.0,19.0,13.0,13.0
06c42344256e5a78e6bf38e92b1f1563,eletrodomesticos,53,209,1,200.0,18.0,8.0,13.0
ba141ee1157c8499edebf350c898084b,artigos_casa,54,634,2,3150.0,56.0,12.0,38.0
6309ecb18b264afd138380fe238589f7,moveis_escritorio,39,1191,1,12475.0,53.0,54.0,18.0
94c6a83ab9e528e35fbe815ad5a05905,informatica_acessorios,57,738,1,100.0,22.0,5.0,15.0
b05eda1aa0322626a26b40fe913ebfc5,telefonia,51,1257,1,75.0,19.0,5.0,11.0
50497261c5976a5ca9c115935de42450,eletronicos,53,1507,2,547.0,19.0,12.0,17.0
ffd9ac56db9194a413298faaa03cd176,pet_shop,41,341,1,600.0,17.0,16.0,17.0
1dc7685f4fdb9622d84ae2ec658d5bbf,informatica_acessorios,54,292,1,1025.0,27.0,13.0,19.0
4c6cbc8f097c261f62ae0a8a2660db03,beleza_saude,43,1719,1,217.0,17.0,10.0,11.0
44efeca9e2a12a4e5af1940d1d5d7c18,pet_shop,59,590,5,500.0,47.0,6.0,36.0
3f84f961fb9323a568f07488788a4e6e,beleza_saude,50,993,2,200.0,20.0,10.0,20.0
26e1c314c9e92fb104346d515517d99f,artigos_de_festas,55,686,2,350.0,30.0,10.0,20.0
ef7902ad08e80e1e6d5b418cedaedaf7,moveis_decoracao,47,487,4,50.0,16.0,2.0,16.0
63cbf4066cf395d6634831160ddacbbd,moveis_decoracao,53,356,1,1200.0,20.0,16.0,20.0
95df8ca600dda9824d93795c9066eb6c,artigos_casa,50,216,1,2300.0,40.0,6.0,29.0
f52a0f70e54976873a4a7402349c6105,variedades,,,,1500.0,70.0,4.0,18.0
163365b4428bf91ee261186233e5f796,variedades,46,455,3,3350.0,24.0,30.0,21.0
153ad88dad29825663dfb8588c45a1a2,bebes,30,362,3,200.0,16.0,11.0,11.0
52817a1b17d101c0656923254b92aed8,artigos_casa,53,165,1,150.0,16.0,10.0,15.0
835e3f51a6ef088097cc8cf42f08fd17,moveis_escritorio,44,900,2,24700.0,62.0,16.0,49.0
29d5c2519a3dc99ad17aa6217b812335,ferramentas_construcao,43,469,2,2033.0,27.0,24.0,26.0
b9db2807a5ed576de4411c679bc8ec71,fashion_bolsas_e_acessorios,58,668,3,650.0,43.0,16.0,27.0
5688e01178de72fdee95d7d456d387fd,informatica_acessorios,59,215,2,150.0,16.0,8.0,11.0
57b5726e43d656e99611c432b3a7b1ea,pet_shop,45,866,3,19100.0,27.0,65.0,50.0
a5502e9954017124d95f7bce4c89d339,artigos_casa,46,701,1,1300.0,50.0,12.0,12.0
b7e9c96d27b4890f109a6a1d92b64ea3,beleza_saude,54,1228,2,1017.0,17.0,15.0,16.0
86b22a03cb72239dd53996a67df35c63,ferramentas_construcao,47,380,2,7650.0,44.0,15.0,34.0
ae52b85c8712696950e9287398316251,ferramentas_construcao,55,414,2,1175.0,28.0,28.0,28.0
ce4d0d86fef2b1760405c82feea6bb7f,automotivo,48,242,1,7350.0,104.0,35.0,30.0
e3374a33d19814ea4cbd0ac5da8e3978,brinquedos,57,761,4,715.0,21.0,12.0,17.0
1be9435dc0c47cf6b58c34d3bb7d6f54,artigos_casa,49,293,1,1225.0,38.0,15.0,31.0
7bbc646134de228a74392d8407d16df8,utilidades_domesticas,60,959,4,800.0,29.0,19.0,21.0
6ed6fb2418af24e9d020b1c4fd7028fd,utilidades_domesticas,56,829,7,217.0,17.0,12.0,13.0
00917855135d67fb060dcd81863166a4,informatica_acessorios,55,197,1,1133.0,16.0,16.0,11.0
a3648c962d60ced36f589f0500cdcb60,automotivo,57,1461,1,100.0,16.0,27.0,15.0
b0619e7ec34ce21283851c82f5189caa,utilidades_domesticas,60,1780,2,3320.0,55.0,13.0,40.0
32b5089b4627d3303dbe8c1b6314b63c,beleza_saude,60,1894,1,4050.0,25.0,25.0,25.0
a3ceb95649a48c0c54ae4bd1dd66d035,telefonia,56,279,2,170.0,23.0,5.0,16.0
7aa1ab866537ff58ef91e90e3df92134,informatica_acessorios,54,3382,6,825.0,18.0,26.0,22.0
2e810f124ff7668bc1ea0d1953aaacd2,relogios_presentes,55,623,1,337.0,16.0,13.0,13.0
01c2e91674406ebaca6a1bbf7f61c3f0,informatica_acessorios,55,260,1,600.0,23.0,16.0,16.0
70dfaa15ff6214af572bcf8372986f25,telefonia,58,1147,1,350.0,16.0,7.0,11.0
f196248e8b5d060cca414a664ea9a76f,automotivo,58,1167,1,1900.0,90.0,14.0,18.0
4b271b76eed185fd46be2bf42e1d02f3,market_place,34,368,3,200.0,22.0,35.0,22.0
d328462624ad874c591813fcfadbf1a0,artigos_casa,53,413,1,1850.0,42.0,11.0,36.0
f3ee2b5fe1f27cb775ed3e8af9ed39e8,esporte_lazer,57,3113,1,2450.0,22.0,18.0,18.0
fe6550863a0e6a0167e2d2859f8f3b9e,artigos_casa,57,529,1,650.0,16.0,10.0,16.0
fcd525d5a642e0fe40613667da935322,bebes,41,199,1,100.0,16.0,5.0,15.0
20e5b387f4e760842c0aeaaca8daf4fa,beleza_saude,58,1054,3,400.0,31.0,20.0,20.0
99a31da32285762c037b6d6bbdb0ed42,bebes,59,381,7,550.0,39.0,6.0,27.0
18becf80f3bb277fc07eee177b32cad2,utilidades_domesticas,57,2598,2,3467.0,47.0,23.0,31.0
0efe972876d70927f5099b77f387c6c7,moveis_decoracao,63,418,1,1350.0,45.0,15.0,35.0
33334a894aca4ac5b4b0832506727673,beleza_saude,59,548,1,1200.0,16.0,17.0,11.0
39bb2f298480bb8f763c1729a4db03cb,artigos_casa,60,1220,1,300.0,20.0,7.0,16.0
83b4e88ac4a5689bfe0f7afe4a2b07cc,artigos_casa,56,278,1,1300.0,45.0,15.0,35.0
1b93af229a5768eaaed2064722b1c1dc,casa_construcao,57,915,5,9950.0,52.0,22.0,52.0
9927048351cd36357bd4227c238f478b,musica,48,432,2,150.0,16.0,9.0,11.0
2bb67f2cd3ff60400e0bad33aee72d2a,brinquedos,49,872,1,550.0,40.0,10.0,30.0
e14158cd492e57786ac19f9032be3607,eletronicos,56,636,4,200.0,16.0,12.0,15.0
e63a0e880c77030596b66c92dee7f295,esporte_lazer,54,1271,2,2900.0,20.0,20.0,20.0
2d760d94cb67db3551e9a01ceb060161,informatica_acessorios,43,1276,1,1183.0,59.0,10.0,15.0
d16a80644f464c2525a662b0567c281f,artigos_casa,60,82,1,350.0,20.0,2.0,15.0
705be5f57de9f02f46b9b2ac3f7ebc8a,utilidades_domesticas,55,373,2,750.0,35.0,36.0,35.0
a936128139f1e619828901ea0e771330,informatica_acessorios,52,145,2,250.0,30.0,8.0,20.0
12722654d210214a6fa95baae1e37941,moveis_decoracao,56,1892,5,3000.0,69.0,11.0,11.0
c22d563bae38dd4598dc104eefa52224,moveis_decoracao,60,430,1,300.0,40.0,10.0,30.0
4c0f34e546c8f735ab44af10ca679f20,artigos_casa,50,186,1,400.0,26.0,8.0,20.0
674d9e3c3964c35239687c920b19a307,telefonia,48,650,3,100.0,19.0,3.0,11.0
80d2404aa74015aa6cd21863642295f7,bebes,48,704,3,5700.0,60.0,20.0,50.0
7942dc4e2a8873cc25cf1c5dc6036390,esporte_lazer,52,1648,4,2200.0,30.0,20.0,20.0
cb0fe29b88df5b43cb3d434b6b0e8db4,utilidades_domesticas,31,909,4,1525.0,65.0,10.0,25.0
32a0c903321b383d2df2bb7d835ad2e8,utilidades_domesticas,46,467,1,5000.0,88.0,58.0,13.0
b35e00b01694e1efa3577d14965f2205,artigos_de_festas,55,360,3,850.0,30.0,11.0,20.0
e635e8a5d128d27888d6bf5aace09298,telefonia,59,734,6,200.0,18.0,5.0,12.0
fa928ac86f42e63887184bc28cb452fc,fashion_bolsas_e_acessorios,59,1469,3,150.0,25.0,8.0,18.0
e6cca1e56d395424edec4a6346b5d4d0,relogios_presentes,55,1244,2,500.0,20.0,12.0,15.0
33fd25c03ded294654c7d7ed6677c475,utilidades_domesticas,41,874,1,4213.0,35.0,17.0,22.0
b370dd237db6a8a0bd74a6da9e367a80,artigos_casa,58,387,2,2150.0,38.0,9.0,27.0
c5bf5c2b99a640123e9225fecd004e3a,brinquedos,45,449,1,900.0,29.0,40.0,21.0
00fd6afd95fe066db8433832180a5369,telefonia,46,1654,4,299.0,14.0,11.0,13.0
10335f29114548c89998eb43398f58e5,relogios_presentes,59,718,5,250.0,16.0,2.0,11.0
fa7e460c8ef762c029b4042723e481c7,brinquedos,58,202,4,150.0,16.0,7.0,11.0
4754d89182db4010eabbf20da5fb7191,utilidades_domesticas,54,527,1,19300.0,49.0,51.0,41.0
d03e74df1b077535fb82990351bd3cac,jardinagem,55,2042,6,210.0,20.0,8.0,15.0
9a9469abcf027566dce48059c28ea832,artigos_casa,52,689,2,1300.0,36.0,6.0,27.0
0c0fa42ae97a4bffaa0eb85df580be3b,relogios_presentes,47,165,1,250.0,18.0,13.0,14.0
7c9a2f11f8700d221c0482c045f7c98a,moveis_decoracao,49,1373,2,1500.0,20.0,65.0,20.0
8c96a6969d0fad20629fec9c1ea45e02,beleza_saude,50,1400,1,400.0,19.0,20.0,18.0
8339aa8a9674a681e4b0fcdb98f586ad,seguranca,53,927,9,1050.0,16.0,20.0,16.0
e77889d0427c08739ef1e468a4bfd0c7,esporte_lazer,33,1269,2,300.0,16.0,6.0,20.0
27d969fb4a1dd28cee64babd02493e39,informatica_acessorios,59,478,2,150.0,20.0,20.0,20.0
ca923b3bd6392830e4e7651fca0adfb4,automotivo,56,1250,1,2050.0,16.0,5.0,11.0
8f08d9a3c02538bfb6110150a8bbad07,utilidades_domesticas,16,459,2,450.0,18.0,19.0,18.0
d655dc03de9b831ed22639631ab2958f,musica,35,1798,1,550.0,33.0,6.0,22.0
0cfc9fea40ee0f7006d150fbdf3fa808,livros_interesse_geral,22,1626,1,300.0,22.0,2.0,16.0
d62fefb3c6d0e49ff0c93e48d4445b95,beleza_saude,44,882,5,300.0,28.0,8.0,18.0
4a60d3216a54406b278c835697a068f4,audio,60,778,1,473.0,19.0,12.0,21.0
31c4950400b8768b84197f87c5ee62d5,fashion_bolsas_e_acessorios,34,111,1,100.0,16.0,10.0,16.0
7be620cd314ce6460033ba9017be7a7f,brinquedos,55,428,3,1238.0,32.0,35.0,17.0
5a329255ea8c3f2701845c4eef3be6ef,esporte_lazer,54,864,1,1340.0,100.0,10.0,11.0
184fcfe46ee8cc3a557011888422b5e7,telefonia,50,800,1,50.0,18.0,6.0,11.0
4e83195accfb3316528acc16d754fdb1,artigos_casa,60,144,2,3500.0,34.0,20.0,41.0
b67444235c5d1da1b9e136f66fdf3fd0,variedades,,,,7800.0,37.0,24.0,34.0
5163057a5b13644ad1e4af396cb43df1,fashion_calcados,57,404,4,1400.0,22.0,12.0,33.0
d8c83b90d022e897454430e70afdc5d3,automotivo,57,846,4,1525.0,68.0,9.0,35.0
ae4c65e3aee93bc068c671453b8aaea4,variedades,,,,1300.0,35.0,35.0,35.0
4d496091a266c21966fc846720b8435c,utilidades_domesticas,35,813,1,1000.0,21.0,23.0,22.0
4ba03c3932b9242b45a6fe987149a517,telefonia,58,828,2,350.0,17.0,4.0,12.0
deaa363c2aa7c56c84e888bb74cc7176,artigos_casa,53,478,1,300.0,16.0,10.0,16.0
7506f10f7460992e59f979011541e00e,artigos_casa,60,298,1,6100.0,37.0,17.0,47.0
0ab3ab3b2869073aa9afe795fe9151aa,fashion_roupa_infanto_juvenil,52,494,4,600.0,36.0,10.0,26.0
14132fa6062431ce5af633fd3368f0ee,pet_shop,38,346,1,833.0,60.0,8.0,49.0
39af958c865cffb372490d50c207d776,artigos_casa,53,294,1,2850.0,42.0,12.0,40.0
d9965bb41ec6a56e7cfc31ede4bc4276,brinquedos,58,916,11,200.0,16.0,15.0,20.0
a646939770b864f77ca0e16b99a8f526,moveis_decoracao,50,598,2,700.0,80.0,20.0,20.0
01d4157fd9738ea81038316ae4cfc192,artigos_casa,52,228,1,355.0,34.0,21.0,40.0
f62ed10e188737a0f5e98e5d7c21c442,utilidades_domesticas,31,397,1,1500.0,16.0,24.0,11.0
34ae7b24b85953dee979789e3b5b11de,fashion_bolsas_e_acessorios,58,593,4,100.0,16.0,5.0,11.0
17619e7c2727f3ee8c7877eea79ce30a,automotivo,56,588,5,2000.0,68.0,9.0,35.0
496fed872fd7153d485440dbe74e2cd9,esporte_lazer,60,267,1,400.0,16.0,28.0,11.0
ba8ebd875851a6e44d2290d2cbea64cd,beleza_saude,53,421,2,350.0,22.0,12.0,17.0
75e229131273655c63aa4ab2fd457c0d,consoles_games,39,296,4,700.0,27.0,15.0,22.0
2fde0c9154180a1b4d37c3e829ff3bcf,papelaria,59,296,1,650.0,16.0,10.0,11.0
d7d5562fce331ad958ca6f57057b3526,variedades,33,910,1,700.0,42.0,25.0,15.0
43e09fcb6175856e87a4d9b91321addb,brinquedos,43,1505,1,6038.0,49.0,19.0,44.0
e4c9d4670d5132aeded7f187fe4de0cc,perfumaria,60,412,1,450.0,23.0,8.0,18.0
e65ab426efaf65e083b917d2e9eac80d,livros_tecnicos,26,445,1,500.0,22.0,22.0,13.0
c551ffaf36e5c1d8444b44bb7c78123b,brinquedos,58,1299,2,1110.0,54.0,10.0,31.0
85e8e8aad6ad12d67c21300379760196,ferramentas_jardim,56,1602,4,6050.0,54.0,48.0,28.0
7dad8823339023bc68054e62d1e9a761,artigos_de_festas,26,147,1,200.0,16.0,9.0,11.0
ee47f3323aacfeba9e122400e5200fe5,ferramentas_jardim,39,304,2,3600.0,35.0,33.0,14.0
b07c988c725ddd67d0c7572a8099712d,moveis_decoracao,59,586,1,600.0,24.0,2.0,24.0
10168fab995250ab1d4349ecc8321ec7,informatica_acessorios,59,181,3,100.0,16.0,8.0,11.0
9c62adfd2a4126042e0410e01a0f1630,moveis_decoracao,60,1490,3,2550.0,105.0,3.0,70.0
b532439c5052d3a85fcfedbe20e0a107,moveis_decoracao,38,818,4,500.0,16.0,14.0,23.0
1ea8d02d9ad9f5e5987010de353fa800,ferramentas_jardim,48,1100,2,1700.0,21.0,17.0,17.0
891f85176bb33d23b19f1cc30eb2660f,audio,32,469,1,2000.0,31.0,31.0,31.0
66a4ac0f9c73e92afc9cb7566977ef83,utilidades_domesticas,58,547,5,1000.0,18.0,12.0,82.0
fdad06d08341796c0a7975fcaaba7a2e,utilidades_domesticas,60,555,6,650.0,52.0,8.0,12.0
c81ab664e91744dcc7c09dd12d97aeae,livros_interesse_geral,45,301,1,1400.0,26.0,7.0,26.0
810cfa5dd36b001cfc186499381f72ab,moveis_decoracao,60,1971,2,650.0,60.0,7.0,14.0
9e982c02ee2aca70d2bcd8799a2487d2,ferramentas_construcao,45,1144,1,10100.0,48.0,34.0,37.0
32cb6749793d719633c12cfa2df51268,relogios_presentes,55,557,2,200.0,20.0,7.0,15.0
5f7403b0168eeb77bd69d462d1150222,variedades,26,539,3,1400.0,30.0,30.0,25.0
4a69baa66a13d1adeb41cfe3bc0c27be,variedades,55,963,2,500.0,45.0,8.0,49.0
9f05bf9bbb9b5629e674ce58804cd164,moveis_escritorio,34,1058,1,3125.0,45.0,55.0,16.0
1b1e7f96bdba2a29b52f73065b193c26,automotivo,56,627,6,1075.0,53.0,4.0,40.0
1e595b3b56d00f9d6ad0c3215ae2f56d,artigos_casa,48,1056,1,300.0,18.0,8.0,18.0
93b513d693c7e922381d6aec80dfb639,esporte_lazer,58,1715,5,1550.0,40.0,20.0,20.0
657ddf22d1f54eb6f9e094190749a85e,fashion_calcados,57,404,4,1400.0,22.0,12.0,33.0
f3c2d01a84c947b078e32bbef0718962,telefonia,42,381,1,700.0,25.0,2.0,25.0
754bbcab20b7ec2572eea091259f65a9,bebes,60,621,1,10700.0,40.0,40.0,40.0
c7b500a3f1823e03cce648e94bf9acc6,pet_shop,39,770,1,158.0,21.0,8.0,16.0
02c575cb5b29a173624c93f01786440b,informatica_acessorios,46,279,5,200.0,21.0,7.0,14.0
d31338a9a593a25d79c8fd461f1602d8,eletronicos,52,489,3,200.0,31.0,18.0,38.0
1e297be46cfe3e932c4faf1c0ae329a2,relogios_presentes,33,402,1,800.0,18.0,10.0,17.0
78c3942245093508f8e17ffc06a0dfcf,moveis_decoracao,56,516,3,313.0,24.0,15.0,14.0
fcad6e5643f855de4b616a24e6dd25e4,artigos_casa,53,334,1,15150.0,63.0,30.0,43.0
0e13c4b4092996e086fd789f7ecb3be8,beleza_saude,41,2011,1,2163.0,30.0,21.0,25.0
b80921007ed3f68cf6e536e6daf08610,telefonia,58,751,4,300.0,17.0,4.0,12.0
94950d6ddd0b24c0d15f7f09d61a8148,artigos_casa,56,1070,2,2500.0,45.0,20.0,35.0
2c72c59ff2a1152826217c15fec06e1a,market_place,49,389,5,150.0,16.0,9.0,11.0
05d80513da078badb81a5f232e489376,artigos_casa,55,867,1,1100.0,20.0,16.0,20.0
11969b52203d89d67f5d9aff274fc35d,artigos_casa,53,118,1,700.0,25.0,15.0,20.0
568c923625669145cc9a644856fccd14,fashion_bolsas_e_acessorios,22,233,3,150.0,18.0,9.0,11.0
dce4459168283eed926d7af76ba39e02,telefonia,50,165,3,150.0,18.0,6.0,11.0
56c615d21fa726140efc0c056c41582e,brinquedos,58,991,8,2050.0,59.0,20.0,25.0
3077f3765ee2f3471ddc0f6d8f007eac,relogios_presentes,32,211,2,600.0,22.0,4.0,11.0
754ea8d75da6030e9a9bfabce28b0d9f,bebes,50,1142,1,1600.0,40.0,8.0,50.0
c1fe5eee19b0b5ef9cd3172bbb995bbc,moveis_decoracao,41,318,1,2300.0,37.0,30.0,20.0
378f61e89b6c50bd26a0a74c6ca046f0,moveis_decoracao,55,1472,3,1000.0,53.0,8.0,11.0
8eadcea593a48a928f1e2d702e816d60,brinquedos,55,466,1,900.0,30.0,20.0,11.0
23b943460884877c44de1ed05d357d83,pet_shop,58,220,1,600.0,16.0,11.0,16.0
12717f7dc7e2daec2771d44b39f477b3,artigos_casa,49,120,1,650.0,34.0,18.0,44.0
5c33a4aa98f4d394e0014623fc309178,automotivo,59,81,1,450.0,40.0,10.0,15.0
7c7a6e88e5df5c4aa1d4526a833e59e7,informatica_acessorios,58,3869,1,11750.0,40.0,26.0,42.0
6fa96cbd1d917acb1ef4bc8040116105,fashion_calcados,55,344,3,1850.0,36.0,37.0,16.0
d1a7aa885550f1d6803bd8edff173851,informatica_acessorios,41,371,2,5150.0,51.0,15.0,40.0
67a0da468c31cff23c32dbfb6dcb6b70,artigos_casa,40,162,1,900.0,33.0,9.0,38.0
e0cf79767c5b016251fe139915c59a26,beleza_saude,55,388,1,250.0,16.0,5.0,15.0
fcffe8b68efdfe24c139e44753dc505e,variedades,52,998,1,2600.0,42.0,25.0,15.0
d61872cce665274656bb5ea30d2bd7b0,automotivo,49,165,1,2500.0,30.0,6.0,29.0
1ea0352ad33ece4164c6f98f2c25bc6f,climatizacao,57,735,2,800.0,40.0,5.0,20.0
e5f3a09149ee7db697907f61e7366267,livros_interesse_geral,60,606,1,300.0,30.0,2.0,25.0
bbf67b5098765762a18f2bb06b8b1b43,moveis_decoracao,60,2049,3,2950.0,69.0,11.0,11.0
505005df95180728667b709c27783732,moveis_escritorio,38,2264,1,11400.0,58.0,35.0,58.0
f59871b3d9da4c64cbe41ad3dd04dc14,artigos_de_festas,60,565,3,400.0,17.0,21.0,11.0
ecd5590150f090ae992fb88204802235,eletronicos,53,826,3,100.0,21.0,6.0,14.0
0c4a0f8ab44f9acd2d04e7024f9ba362,alimentos_bebidas,49,740,1,388.0,16.0,16.0,14.0
15d8ac236009f0d5e74a5033a53ba460,pet_shop,60,2582,3,7150.0,35.0,35.0,35.0
a14f93c69d3e0d7482819dd023a1d2cd,informatica_acessorios,57,100,2,350.0,32.0,5.0,16.0
ccb125d39320e9d900107ce4109589dd,eletrodomesticos,49,1450,1,600.0,16.0,10.0,18.0
548ace38f22cc53db6f049c551d31397,ferramentas_jardim,54,413,2,850.0,24.0,13.0,18.0
de7df82eb1e48c456b020c2cfb03aeed,esporte_lazer,60,333,2,200.0,30.0,20.0,20.0
bddc970a859e17f3f60f337ff8d72dfa,variedades,63,1190,2,268.0,12.0,9.0,19.0
12bf788604339143c88b8ef82ea034d3,fashion_bolsas_e_acessorios,50,510,4,200.0,16.0,3.0,16.0
b99e4f4fa3f421e0ffbd512d9f152dec,eletronicos,52,240,1,1050.0,22.0,9.0,12.0
d983df6d3977955580e8585217b9ee42,automotivo,42,972,2,140.0,16.0,13.0,13.0
964dd0fcba2ca4eff8e31ec74a77d41d,artigos_casa,36,495,3,1250.0,40.0,10.0,30.0
e61c78a7343d82c0539d27df0f7dfc31,artigos_casa,60,268,1,2700.0,41.0,8.0,36.0
4aabcc5cb08a8a919cc46a2a7a7d1bd9,ferramentas_jardim,37,225,4,200.0,16.0,4.0,18.0
652698dafbccac29d78c7ba70dceef10,variedades,44,2413,1,300.0,16.0,19.0,15.0
f73b281f7f5e628817097f46699dbe83,fashion_bolsas_e_acessorios,55,1359,1,250.0,16.0,2.0,11.0
23836079685669ea7e1edeb5ea8bfaf7,instrumentos_musicais,43,410,2,7050.0,66.0,17.0,36.0
cbd63fa909c967a6416090f22a76abd8,informatica_acessorios,45,860,3,825.0,31.0,6.0,12.0
a1ef17282b89f4c1a3efa6a6a9dbba24,moveis_sala,54,1116,4,8800.0,71.0,18.0,53.0
9abef3ac1829af69f004c3dcbba958d9,esporte_lazer,46,1283,1,2200.0,20.0,20.0,20.0
0fe46ce0313d625bd5c3b7e0bb918d55,telefonia,52,1455,3,100.0,16.0,3.0,11.0
d0a0dff67561da5aff3fb665d91a76e0,moveis_decoracao,56,220,7,1300.0,31.0,11.0,26.0
83c3e8d261e6afce9e09635a285dab6b,automotivo,42,107,2,1350.0,50.0,20.0,30.0
b32a26b904950912fc8f6c1f88019d1b,artigos_casa,49,729,1,615.0,20.0,30.0,30.0
d5afd45d5c0a2f041ae6dd24b7b3f85e,beleza_saude,48,678,1,325.0,21.0,13.0,21.0
d426c52017387e708aa9e72eb90797b2,eletronicos,34,1487,1,1500.0,16.0,8.0,16.0
0ce430e210535c2f40fe2f13ca31b441,brinquedos,47,499,1,3675.0,16.0,30.0,42.0
1c751473f73f132c769bdc74c4e90523,perfumaria,51,591,1,700.0,25.0,16.0,16.0
a14aea6067b93158e956612c50b74cfa,variedades,,,,12900.0,50.0,30.0,30.0
268a26bc460de02a94ec05d9ebb4c3e7,informatica_acessorios,51,727,1,650.0,20.0,16.0,20.0
d4d538563de6b49c547e6997f0f8be32,moveis_decoracao,54,2040,2,500.0,68.0,8.0,13.0
9653bfe8d97baee3031ad3d15b73584b,automotivo,57,773,1,1350.0,30.0,5.0,20.0
32e07fd915822b0765e448c4dd74c828,informatica_acessorios,31,232,1,8950.0,45.0,26.0,38.0
3fc389e2eb3142d4050cc178c82de0a4,moveis_decoracao,46,1091,1,900.0,30.0,30.0,30.0
e0ce26ae52c9ab0b8c8e42129d6c1996,moveis_decoracao,56,297,2,1050.0,100.0,5.0,11.0
122f396fa6d0f9070c6e721f8d833d2b,esporte_lazer,59,881,1,18100.0,19.0,12.0,19.0
2684982519a1eb5b0501094ae96f6cd7,variedades,32,1000,2,761.0,30.0,15.0,20.0
76426979761800347e9ea486ece96976,moveis_decoracao,56,374,1,800.0,40.0,5.0,11.0
155a2d804e1562dedf47f5a300115c7c,utilidades_domesticas,56,1184,1,1600.0,35.0,10.0,35.0
262747acee8ddfe7752c076b899c323f,bebes,30,498,1,13450.0,60.0,32.0,42.0
dd3e280f0e4930c7234596e43aa4c6f3,papelaria,56,321,5,5850.0,60.0,20.0,29.0
66240330495ccdc870f005b39e076a60,esporte_lazer,59,1617,1,1200.0,16.0,16.0,18.0
09e9d1c1a370af902b1b7175400021ee,automotivo,56,1040,1,150.0,16.0,11.0,11.0
1b43b0a6105ffaa6dae01356daec2657,beleza_saude,57,1534,1,1025.0,30.0,18.0,20.0
84777fa5b1c62e5e495240dfd0b2f24a,moveis_decoracao,45,1151,1,10667.0,58.0,58.0,19.0
1e7645125a016e28f2546c914d8e32bf,informatica_acessorios,35,1101,1,300.0,42.0,2.0,30.0
aa385fbb4c463036286d169216104912,brinquedos,55,281,1,250.0,19.0,10.0,22.0
46aee891d7e9244b1f05b6ffcd6e8065,esporte_lazer,51,315,3,1000.0,47.0,12.0,29.0
22c404f4f28ee0c4d62d5af7993ecffa,esporte_lazer,56,3446,1,2000.0,42.0,32.0,32.0
fb949f35bd1873f846cb7246d9db81b0,moveis_decoracao,57,258,4,600.0,18.0,14.0,15.0
cb074bc171407ab2a90167782076e919,casa_construcao,57,904,5,500.0,17.0,26.0,17.0
01c666c82f414c762ad21bffa56e8b49,brinquedos,55,242,2,50.0,25.0,11.0,15.0
3cc42a29bd64238cf33115a8841b4a6c,bebes,37,1166,1,2000.0,50.0,15.0,40.0
f95f8434a1ff4885362c44d9d8526579,papelaria,53,206,1,500.0,19.0,49.0,39.0
4b7de4748108b5353b211255e867cf6a,ferramentas_construcao,46,514,1,3200.0,30.0,20.0,19.0
32ce8729ae3e7d91243934373ab532ec,ferramentas_jardim,55,199,1,850.0,34.0,3.0,15.0
5e56d835ab5e03badf5a23368f777341,variedades,45,1676,2,500.0,16.0,3.0,20.0
fdb0400657b935e026dc0521ba81c3d2,automotivo,49,282,1,150.0,16.0,10.0,16.0
a87fad1596f3e388977b694287a228b3,informatica_acessorios,55,226,2,400.0,18.0,15.0,16.0
3548e75fd407073147486bbc50226ac4,artigos_casa,49,183,1,1500.0,31.0,8.0,21.0
db9c09ef2fa2590a7ca12480603396aa,bebes,42,1183,1,200.0,16.0,2.0,11.0
bdbfa0a4ac2ed4bc431e7ba6c4971450,eletronicos,44,582,3,1500.0,75.0,3.0,11.0
666a984f022bec9d8c30060c4bf355c7,informatica_acessorios,43,1352,1,3050.0,23.0,17.0,20.0
6d8096ca93caea3416a6b24bf411bc86,relogios_presentes,53,593,2,250.0,16.0,11.0,20.0
6a2909ac21d16b721e4795e7e8ff3e68,esporte_lazer,53,618,1,283.0,24.0,23.0,20.0
4e43377af2dd03dac8d7b4d0e889559a,brinquedos,23,123,1,275.0,19.0,15.0,15.0
5afdd6208e8a2f20395ad08f90dfe8d3,automotivo,52,347,1,5400.0,40.0,30.0,40.0
601246640d8ec23920b0755fd05caf83,automotivo,26,325,3,1531.0,23.0,20.0,19.0
9dbe11c361aecc0afe873e04c3dd13f5,artigos_casa,53,250,1,1000.0,30.0,5.0,20.0
d5cf579c6679ff170fe911659e186285,beleza_saude,32,1032,1,150.0,16.0,2.0,11.0
0b7142355a981ed9a8ba988a0b613dce,automotivo,57,868,2,1100.0,26.0,42.0,18.0
24529977cad3ed882faa38fd86bb003f,informatica_acessorios,47,1119,4,570.0,21.0,9.0,18.0
143f3709e0b16bb2f1f5737e74ec15bc,telefonia,33,730,1,500.0,17.0,19.0,14.0
c82e581a3ec7e992cd06723b0caae96f,pet_shop,32,935,1,500.0,30.0,30.0,30.0
d76b1ee683f4e9d177c7bc938b6fc0bf,artigos_casa,35,165,2,650.0,36.0,5.0,26.0
01ea47d0dff23faa8d07ba3f353d2af0,automotivo,39,179,1,300.0,16.0,2.0,11.0
87b08e712cc4c9fe70984c5a24b29e2f,brinquedos,23,475,1,300.0,25.0,16.0,16.0
785365b9ad25d832bdde56f305159fdb,artigos_casa,46,338,1,900.0,32.0,14.0,27.0
7a9ed721a4d9c05cf7edd8f12acbb85c,automotivo,44,1085,1,350.0,26.0,23.0,26.0
75840050584f39e359b995495e33f997,variedades,57,468,1,1650.0,33.0,44.0,19.0
a94567e6e87ea78a1be38458e59847dd,eletronicos,60,494,1,350.0,21.0,5.0,13.0
4520766ec412348b8d4caa5e8a18c464,automotivo,59,956,1,50.0,16.0,16.0,17.0
77cc62dc80ebe12a0452d1ce0565acdc,esporte_lazer,45,2950,1,1625.0,29.0,21.0,21.0
27a7e832bcfcd69ff687d611c3e79cbd,perfumaria,56,661,2,600.0,43.0,16.0,27.0
adbcfc3bef885f1c3f1e1335fe32e45f,brinquedos,48,1156,1,500.0,17.0,10.0,12.0
56e6dd2e26d45f414905e276ac1dbe9a,fashion_bolsas_e_acessorios,63,180,4,100.0,16.0,5.0,11.0
8b3fe8c89624abf9d932b87faae6b587,utilidades_domesticas,47,396,2,6050.0,77.0,11.0,33.0
acd9600b8de0ebd8a85d61f162a30180,papelaria,53,484,1,6700.0,40.0,20.0,50.0
3986c6e32f39114eff1ded07f1cb16fb,industria_comercio_e_negocios,56,220,2,413.0,16.0,12.0,14.0
0786b87f44a44896ee0a59373edfcc50,utilidades_domesticas,49,397,1,3500.0,40.0,32.0,40.0
56c495ddc51801f9e2d32eae8ef252e8,pet_shop,53,685,1,200.0,16.0,16.0,16.0
6a87e794e29b73452703d95253a29c88,consoles_games,53,953,1,150.0,20.0,3.0,18.0
4f00b2fac67879a28298642092faa414,telefonia,26,561,1,475.0,18.0,9.0,11.0
0aed9d548c366ad8058084c1de5100c5,fashion_bolsas_e_acessorios,32,408,3,125.0,18.0,17.0,12.0
bb3a346d0fc86850244000d0fe5bf5dd,papelaria,49,273,3,400.0,25.0,4.0,20.0
38f6f11c49e90b02571dea02043c9e3a,moveis_decoracao,55,2435,2,3000.0,69.0,11.0,11.0
60ee9861f35c13d4a3a2bc10e86bb05b,beleza_saude,58,611,2,1567.0,35.0,25.0,28.0
42ec84ace63b58b8c5a7ba7be01d5fb8,variedades,52,1732,10,2550.0,24.0,23.0,27.0
935ecd8480175c412fd8847ccc4eff16,esporte_lazer,36,224,2,2300.0,60.0,15.0,15.0
8a551a6371de62f6f595bb25c473b877,beleza_saude,34,1049,1,1150.0,19.0,15.0,14.0
6e74e16f5dc9add0502c7f68c1258f95,esporte_lazer,28,486,1,500.0,25.0,15.0,11.0
813329d52f377306fa1614ca9a962cd5,telefonia,53,428,1,225.0,18.0,3.0,12.0
b62a3631a65d7a467406d6ff547c37ac,perfumaria,60,776,1,700.0,22.0,15.0,17.0
2bf81ae622207551768a47a59930c69f,artigos_casa,56,184,2,600.0,55.0,10.0,50.0
cb52e6775d816cbdadade36948e81fc8,esporte_lazer,41,2035,2,10000.0,40.0,34.0,44.0
392751de4e1e7a915ac4d838c3124f6d,informatica_acessorios,48,2985,4,645.0,18.0,16.0,16.0
c19d3d531fcbc095536275e1ecf643e4,moveis_decoracao,63,652,2,500.0,45.0,15.0,35.0
1e4ab43607e527a9a558faa24a9e6e81,informatica_acessorios,55,653,1,226.0,23.0,17.0,18.0
e38e0b558340e87a62ebeacc7b83d8d7,utilidades_domesticas,48,996,1,400.0,25.0,15.0,20.0
e01a5a164be7867f7684c14d2dc88865,esporte_lazer,21,1286,1,4073.0,23.0,16.0,19.0
5826c594c45085cd13caed28e97a0133,automotivo,44,92,1,200.0,59.0,23.0,29.0
c2dc995f95d54b9ea6dd4adb9f149ffd,beleza_saude,55,801,4,350.0,27.0,14.0,23.0
63de579e88d8a9982d2e279eba56e753,alimentos_bebidas,49,835,1,800.0,31.0,15.0,26.0
76eb799b655cf6ad3354a092e11246dd,informatica_acessorios,33,170,2,238.0,17.0,9.0,15.0
dac8681a7a366f747f42546e4922ad41,bebes,46,487,1,15800.0,62.0,47.0,32.0
b0dda79e79fdc30a862d527ffffdf4bc,esporte_lazer,42,1680,4,550.0,50.0,10.0,25.0
2ffe22d10951d7d1a864c7117bcfe6c7,artigos_casa,43,315,1,450.0,37.0,5.0,30.0
4f96fc0061443ee77dd78178bc456ff7,fashion_roupa_masculina,28,474,2,250.0,16.0,16.0,16.0
b8a69a36a5ebf7a558bf12a864f2e0bb,perfumaria,51,934,1,400.0,27.0,5.0,20.0
22b389f7d49493889ceda26c606ea0af,utilidades_domesticas,42,247,1,1250.0,16.0,16.0,25.0
1a37e7d1d8e98b3d70e6eb7d5deee99c,moveis_decoracao,8,433,1,2750.0,25.0,26.0,18.0
fb2a6e3ef40153f4d8e0296196988bf2,automotivo,58,818,1,3100.0,32.0,12.0,22.0
2c5fcc9e14a473d00b0b538c1aded7f7,artigos_casa,52,837,1,1800.0,16.0,10.0,16.0
84b5585dfc98bbd06e91c408c91bf226,automotivo,63,1268,1,350.0,16.0,27.0,11.0
e9b75636f87ff4fff561c833726f17c0,utilidades_domesticas,59,745,1,18750.0,44.0,93.0,30.0
ac62cc86d9bf61f8caeee900867190b4,papelaria,50,793,1,425.0,18.0,14.0,16.0
bf7e253a79f85c001ccefc2827a0fc25,livros_importados,43,258,1,950.0,29.0,3.0,21.0
096b00d9037146606b19d614cd67ab65,beleza_saude,56,406,4,100.0,16.0,5.0,11.0
5abfadaca53239a9193e09288bcd7db6,utilidades_domesticas,60,430,4,2200.0,32.0,24.0,32.0
1cdc69add3346845cb008e938c7db9e0,esporte_lazer,43,493,1,1417.0,19.0,19.0,19.0
78540167bc14d4024b1aae7adfa2f7c9,beleza_saude,46,1290,1,350.0,19.0,12.0,13.0
f71a7c95a86564873cd996896b2976f6,informatica_acessorios,60,1201,5,900.0,28.0,29.0,12.0
78f4d68e23999ab9ed8c249e3662e132,fashion_bolsas_e_acessorios,36,826,1,100.0,16.0,5.0,16.0
671be61e4013fc77e2d3586ffc1e51f1,esporte_lazer,28,710,1,30000.0,90.0,60.0,50.0
dd66beca916c169c2a77e40ae2858623,artigos_casa,62,313,1,3300.0,40.0,15.0,35.0
0c5801458e74f9b6c23b44c331426e30,variedades,56,1383,6,1850.0,18.0,23.0,26.0
2d2cdc4b136fabbf2f932bf1d1f3a891,artigos_casa,52,289,1,2600.0,35.0,9.0,33.0
e2ec3791e11dff618b89719b7e264064,fashion_bolsas_e_acessorios,50,1359,1,200.0,16.0,2.0,11.0
887b93e713558fd03647419a99268159,papelaria,28,155,3,300.0,25.0,3.0,15.0
cc8a6ff2506f53b738737ef6b4dccd17,beleza_saude,60,446,2,200.0,17.0,5.0,12.0
8f73613d06e3a557da0249015cbae6b6,moveis_escritorio,54,1084,1,30000.0,48.0,45.0,56.0
bfbc74aa36c840ed231ac481b9b0199d,beleza_saude,35,1299,2,1145.0,19.0,18.0,15.0
6f8c25b3c340c81759238ef485d78f23,moveis_decoracao,42,136,1,250.0,16.0,5.0,20.0
35ad08ea141acf7c484c97075944610f,perfumaria,41,402,1,225.0,16.0,11.0,11.0
57e089e3103f5cda6a4ce23b77399bdb,bebes,18,1194,4,650.0,20.0,8.0,14.0
37a4e50cc932108a1a952dcb9c15b0e7,utilidades_domesticas,29,327,2,600.0,35.0,30.0,16.0
a842674062d24231d49b8a938c6bb439,utilidades_domesticas,27,542,1,700.0,35.0,2.0,35.0
d47591e510ca45b6546c65973f772643,relogios_presentes,51,227,4,200.0,16.0,2.0,11.0
632921e8d6c6b23ae47ff20950a56854,artigos_casa,50,506,1,25.0,45.0,18.0,35.0
3a92aca3f76960cbae25ef2496c03e09,beleza_saude,59,1066,3,150.0,20.0,10.0,20.0
038e3a669bb495e56d9d609d874fb668,esporte_lazer,49,862,1,30000.0,105.0,70.0,20.0
3d12e183e36b23b6c30ce4bf2152fbf0,relogios_presentes,60,513,3,275.0,16.0,8.0,12.0
f337ef897cbb898bf66be49d94c0bba8,artigos_casa,55,844,1,900.0,25.0,5.0,25.0
01a5038835acf17f141c7247956b72d6,artigos_casa,54,235,1,1350.0,34.0,7.0,32.0
53831e0850c84699b8fa4a593a529774,ferramentas_jardim,59,864,1,350.0,21.0,21.0,14.0
6f2c108731ef77738da45855e737c1bd,fashion_calcados,54,404,4,1400.0,22.0,12.0,33.0
93e0df39afbe96d9194642c0b9330c60,moveis_decoracao,63,477,2,300.0,80.0,10.0,60.0
df892547f0d5bb0c35cf26abc8e93d8d,fashion_bolsas_e_acessorios,41,805,1,100.0,17.0,3.0,12.0
72d9d9e20be430ad3b1ba561bb0cf71a,brinquedos,24,826,2,950.0,25.0,19.0,20.0
0124d1581f26143e988b8e1a4b7adab7,utilidades_domesticas,40,119,1,250.0,16.0,22.0,16.0
1f541a93f4fa4b8d15c7d5ed83836484,agro_industria_e_comercio,50,418,1,12850.0,41.0,42.0,47.0
feedec0f9090d3736d54758da8a1d05b,esporte_lazer,53,241,2,1950.0,60.0,15.0,15.0
06f24f9b9f5892496a4db38e42a6acc7,utilidades_domesticas,56,655,4,1050.0,24.0,32.0,24.0
d537e54e990d95194a5733e79f1af1aa,esporte_lazer,51,2047,1,50.0,20.0,20.0,20.0
25a8dd7a35cec015294b2a0bc7ebdffd,bebes,60,362,3,200.0,25.0,10.0,25.0
cf2854dbad42c9f15b2e69add9bcb1a0,beleza_saude,60,663,1,650.0,16.0,16.0,16.0
f8ea5fcf9c628485e01b9c3cf52728c2,moveis_decoracao,49,868,2,1200.0,40.0,8.0,40.0
e95d807bbe3bf3e2147a2ebe9168b7ec,audio,34,230,1,526.0,20.0,12.0,16.0
2fa39fd27e11b59399565257abf255e7,esporte_lazer,42,563,1,1160.0,23.0,18.0,22.0
084b2ab1a0a79a9757008062ddf8b042,esporte_lazer,49,568,1,200.0,26.0,14.0,14.0
25d5b8d69bc7e6ce9f9a59e1a00ee50b,malas_acessorios,59,1030,4,1600.0,32.0,12.0,25.0
b3f46a64b6f6d0091c2001f5a82cc927,automotivo,38,865,1,150.0,16.0,15.0,14.0
00c794371af4dc7c5b6ba3ef913556bb,telefonia,63,326,4,150.0,16.0,4.0,13.0
ad7d07f5775feab3f20504d1ad3fff11,moveis_decoracao,50,1002,2,2.0,11.0,11.0,52.0
b94d4eb757243e4bb42453bd0be1958d,brinquedos,41,366,2,1433.0,41.0,20.0,38.0
9ddb814372412f8135d4ed285dccf347,artigos_casa,60,766,1,650.0,28.0,2.0,23.0
346b164b843475e78b18db900c65231c,relogios_presentes,33,718,1,800.0,21.0,14.0,14.0
879089af9bd91cf72a7154b3be3e1074,esporte_lazer,56,752,2,200.0,16.0,10.0,11.0
3869f6f786f62c6b885593406506aaab,perfumaria,50,405,1,200.0,16.0,16.0,11.0
987c2e418fe5bab68f7823af3919d16a,beleza_saude,52,1153,1,300.0,34.0,4.0,15.0
ea058d00059bd1470770129498200d05,alimentos_bebidas,43,820,2,175.0,20.0,15.0,15.0
0c7e301c5eecc0fe996dd86bc9c290fa,automotivo,42,1192,2,175.0,18.0,11.0,14.0
bdce983de5f3fe3c23363b676b19dcbf,malas_acessorios,37,347,1,875.0,13.0,32.0,46.0
cc52718406f03a562ccf2bf14f584887,consoles_games,60,654,9,1150.0,46.0,7.0,33.0
bd07b66896d6f1494f5b86251848ced7,moveis_escritorio,55,955,1,8267.0,52.0,52.0,17.0
70e4915197d6c96ebbed11364d8ce3bd,automotivo,55,1408,1,800.0,25.0,25.0,25.0
4876ed03e78909ab8001cf42557022e7,ferramentas_jardim,42,203,3,250.0,23.0,3.0,11.0
78a7cc444491481488eb202f4f98903c,brinquedos,59,757,2,1100.0,62.0,12.0,22.0
9246752373bd625f47da5e3d8b41b1dc,variedades,,,,700.0,20.0,21.0,20.0
dbaeb92cf0908499e8a6f00a9964a6a6,pet_shop,54,444,2,250.0,16.0,12.0,14.0
06820914dffb81de2d15a50e693259ba,utilidades_domesticas,45,486,1,400.0,35.0,11.0,20.0
d8f621c2b03d05f32d7a5a856db76953,esporte_lazer,43,524,1,200.0,18.0,7.0,14.0
35e5dc947c66435929389d8043b9a6ff,esporte_lazer,43,678,1,8900.0,63.0,75.0,11.0
c2a9f8aeb7a51580fccc2d1c4f8bceaf,bebes,59,864,1,3350.0,36.0,30.0,19.0
afacf402a384ac6715d297140b5a275c,beleza_saude,57,771,1,400.0,16.0,24.0,16.0
3f27ac8e699df3d300ec4a5d8c5cf0b2,consoles_games,37,1172,2,200.0,16.0,5.0,12.0
453b0d78c257bdb2b47099a6a1c22040,instrumentos_musicais,48,137,1,750.0,22.0,9.0,57.0
902f869d68a62356e8f9d054ad5e9072,artigos_casa,60,664,1,3400.0,34.0,8.0,38.0
3d40ff9629aea7434218ce9295d77f81,brinquedos,59,640,4,200.0,17.0,5.0,12.0
da32065ce3a1cac419193576b899ee75,fashion_calcados,34,240,12,200.0,29.0,7.0,16.0
ee57070aa3b24a06fdd0e02efd2d757d,informatica_acessorios,55,937,1,107.0,19.0,13.0,13.0
2ec00000248555d06c4dc55425cfa871,brinquedos,55,1792,8,925.0,20.0,41.0,15.0
df480c7d3f979093ac4c2d1109e78289,relogios_presentes,33,616,3,475.0,19.0,15.0,15.0
883cea107372a7f07b5830904f74952d,utilidades_domesticas,53,220,1,1125.0,36.0,43.0,36.0
b44922681ddcd1565a9d62932f20dcfe,variedades,,,,200.0,16.0,2.0,11.0
a72d9b5dc60e2abd5063eba3b18d1e86,utilidades_domesticas,44,314,4,300.0,27.0,9.0,19.0
3124ebde91642b0dfe55808bb9490ec6,brinquedos,34,469,4,400.0,19.0,15.0,11.0
01a9707790aab6855a6438b92c4c396b,utilidades_domesticas,55,244,1,400.0,16.0,16.0,15.0
b2fbf8beb178c391c49d80fa8c4435b6,livros_interesse_geral,52,951,1,700.0,25.0,15.0,20.0
8443cb4cf7bf64bd0ff6e70cd9c2b246,artigos_casa,53,352,2,400.0,50.0,11.0,11.0
50843862efe2e06ab1758601c6509700,brinquedos,57,907,6,1200.0,23.0,41.0,16.0
57a2ee969286488b5437acce27b74259,fashion_bolsas_e_acessorios,45,429,2,100.0,16.0,8.0,11.0
f2bec64d5d795250be5e5ec2d38a19b6,moveis_decoracao,52,614,2,28800.0,60.0,60.0,60.0
234f933656e9d5c88f814a89d4f5bb9c,papelaria,49,371,1,1100.0,16.0,10.0,15.0
7dfd17c668802c43e7298a1ae6f03fa4,papelaria,43,101,1,100.0,16.0,5.0,16.0
417cb83dd485ee72fb499bc6c5cd69c1,moveis_decoracao,46,283,1,2000.0,30.0,30.0,20.0
0e90009c14c8245b4ec2646c22ca8b7d,fashion_calcados,51,1958,5,1500.0,33.0,13.0,20.0
70431405f38dc4a0ee25fbfba20dbd16,brinquedos,58,246,1,550.0,47.0,20.0,30.0
3d9acab1b1c5cd858dab1a3d0872a370,beleza_saude,52,1002,1,150.0,20.0,20.0,20.0
38f82b1c10c441adf66cda952e0b6096,moveis_escritorio,52,2250,1,11950.0,58.0,21.0,56.0
6249107c28285443c430b2663f3e49db,automotivo,55,1120,4,200.0,25.0,8.0,18.0
ccd42132afae2f1f5bfd5e27549c6ece,esporte_lazer,59,756,3,500.0,50.0,5.0,30.0
141125957e8b78c5cf939c18077fa2f7,eletronicos,45,88,2,200.0,22.0,5.0,11.0
97ac2c1509cfea4a471cb1cfa1e3e512,esporte_lazer,31,396,3,12478.0,105.0,15.0,25.0
57e985ca3ae3b6da2382de45f827017e,beleza_saude,55,1611,1,2425.0,28.0,17.0,17.0
ca2a203c624d1447938a09d4bc270e52,alimentos_bebidas,55,563,1,800.0,29.0,11.0,26.0
fe40f7377a50aba380fb2fca57cf730c,pet_shop,56,2359,6,1650.0,42.0,22.0,32.0
ea82e1eb503f5120faffcb2ca132a600,automotivo,33,215,1,300.0,40.0,4.0,30.0
ccab0a345f7929a38c73b0f978107e74,beleza_saude,59,879,1,6900.0,26.0,26.0,26.0
42d383bd16effbbd48744a1181adb5ed,eletrodomesticos,56,174,1,425.0,39.0,14.0,32.0
2960262e3809a91a7908e9b5c5562e8a,beleza_saude,40,1238,1,900.0,17.0,19.0,15.0
6205a1c1b1de4a917061c0f3745eebcd,automotivo,50,714,2,350.0,17.0,6.0,12.0
a9490f0e069790ddb7d8e7935ea3584a,moveis_decoracao,58,1472,4,3000.0,53.0,8.0,11.0
fcb300f1ac9a1231f70f3d2be2db9af2,artigos_casa,50,475,1,700.0,16.0,40.0,30.0
527e17a9217166ba1744ef81423887ba,moveis_decoracao,50,1903,2,800.0,60.0,7.0,14.0
d29eec2c638ad1ffd4ee36f13b2e412c,esporte_lazer,33,791,2,5700.0,20.0,6.0,13.0
0950783476d3f6529a03b28fcac219d1,utilidades_domesticas,51,601,1,1350.0,28.0,34.0,30.0
add32d15ff7c76396b982686227d9553,relogios_presentes,44,654,2,500.0,23.0,15.0,19.0
9ad035c24a9a92391b9e4be7d07879fd,beleza_saude,58,1441,1,200.0,16.0,16.0,16.0
068831628652b27ae554b8a66ca6adcf,moveis_decoracao,57,499,3,5400.0,34.0,50.0,34.0
f30f863c9a7488715d627cab44ffbd4e,esporte_lazer,48,1597,1,225.0,17.0,17.0,17.0
f7b15dd7e2562eca90061ad295f60b6c,moveis_decoracao,58,2010,5,3000.0,69.0,11.0,11.0
88a3f73bd7326cded0153029c775d145,esporte_lazer,47,614,1,5900.0,35.0,28.0,32.0
7a754c36445d45f1992c14b2586c5ffa,artigos_casa,39,238,1,8500.0,54.0,20.0,47.0
d12ad7f92749db41296a64e02c0bd5c8,eletronicos,45,544,1,190.0,22.0,12.0,16.0
eeb3aad24862b02e530ea02b01df4f7f,relogios_presentes,54,263,5,250.0,16.0,2.0,20.0
ede3a5776408c6c0b78be7f4d8dea50f,informatica_acessorios,60,666,1,250.0,16.0,16.0,11.0
f6a00327e33d86dea4cd7175577dd8b9,automotivo,44,361,1,200.0,35.0,4.0,26.0
b69431d169d448336aaa5b1dd995cbf4,esporte_lazer,56,1078,1,500.0,16.0,11.0,12.0
8fd08967e24c75e4db60e884f54cb32b,esporte_lazer,57,3884,1,3100.0,23.0,23.0,23.0
c8fe6d20891a028383071e2e0902bd05,relogios_presentes,51,755,4,425.0,18.0,12.0,14.0
7deb3aeb864ba8e77c6db5baac8dae5f,climatizacao,44,389,3,275.0,18.0,14.0,18.0
84d2224f05ad630241d7676b3e4ad297,artigos_casa,42,921,1,1400.0,45.0,3.0,35.0
91f55803717622c017fb93898242a592,alimentos_bebidas,24,55,1,5150.0,26.0,28.0,24.0
67e927f7378303fc91ee4c3fc301bf5a,perfumaria,47,2024,1,251.0,18.0,11.0,15.0
5e98bf1c0b10e3178f1278030034c1fb,informatica_acessorios,29,587,1,675.0,50.0,5.0,20.0
80033c8e73f5b367b3809549337f0122,esporte_lazer,58,379,1,1800.0,20.0,31.0,16.0
67024c9e5ec20f39379750aed90423fe,moveis_decoracao,38,1168,1,150.0,19.0,7.0,16.0
fff1059cd247279f3726b7696c66e44e,esporte_lazer,53,285,1,421.0,16.0,13.0,16.0
4dabded3e0b44fde3b0f70219dc6b775,brinquedos,36,750,1,1600.0,17.0,30.0,50.0
a8075470f960215ffb67624782f80fec,ferramentas_jardim,60,361,4,2900.0,67.0,3.0,31.0
9d3a38202f455fd1c45c8f4929bb373c,automotivo,55,1395,3,2750.0,32.0,3.0,26.0
6f58f28210b611d0907de2b23c2e78a9,artigos_casa,56,381,1,300.0,16.0,10.0,16.0
4a0356df7b44fc692a2dbd9c5a67a1da,utilidades_domesticas,40,120,2,1000.0,20.0,20.0,20.0
efab00780753fd85d64e8c727c331a60,artigos_casa,54,586,1,13650.0,50.0,50.0,50.0
01a184b7d8422cd95e9cf2a8cff32b5e,utilidades_domesticas,60,276,1,1287.0,32.0,25.0,35.0
85c39c98aac0283cda6c5e6721749c8b,papelaria,43,482,2,550.0,20.0,20.0,20.0
ed60a3c48bc2642660f93ddaeddd6515,beleza_saude,55,779,5,400.0,27.0,14.0,23.0
20d5583ac76a88720b002f353afec2d0,utilidades_domesticas,32,305,3,450.0,40.0,40.0,40.0
f49f01161658f6dac1132f4dcac4b2b9,brinquedos,42,1058,1,600.0,28.0,6.0,20.0
b6403b2cb9c29a988be655885b9c1812,informatica_acessorios,19,971,2,800.0,20.0,26.0,12.0
f83fd2b539bc73678c65be8d418be8c1,bebes,45,321,2,200.0,22.0,8.0,16.0
8cd1fa74f1b7e9cd6e7c574607081522,relogios_presentes,47,702,4,300.0,16.0,13.0,13.0
6341b846e5224c87c04ec867c16e96af,esporte_lazer,59,1617,1,900.0,16.0,16.0,16.0
69adf2553423d21b32e7f734196a3ab2,moveis_decoracao,56,718,1,800.0,16.0,16.0,16.0
eac79e5169f7190fc60b25f3e9bf21d7,pet_shop,49,1270,3,6000.0,51.0,26.0,26.0
a55c51c1c5ef5e5d891b75fe02c21582,utilidades_domesticas,42,284,1,1500.0,20.0,25.0,20.0
d0865f170f84c0af4a08bf9298ee83e5,beleza_saude,45,1967,3,650.0,27.0,4.0,11.0
88c44792cd15d55bc4263bf91672e0f6,musica,43,688,2,1250.0,60.0,8.0,50.0
0db608cb372db7e5f00b9f8c572b6ff6,variedades,59,2067,1,2300.0,33.0,44.0,19.0
23ffe3dcaaa187f5e18901aae3985062,papelaria,56,168,1,200.0,25.0,11.0,11.0
f251b1f9c5b04284fc1ed9b5dc4169f3,esporte_lazer,43,1253,3,1450.0,45.0,16.0,35.0
50e9e70a21b874311949e3db8ace597d,beleza_saude,50,464,1,694.0,17.0,12.0,14.0
03078714f1e3f3758555f67ff35b4b01,utilidades_domesticas,54,153,1,600.0,16.0,16.0,16.0
79f408dbd4af006086912a6e3570133a,esporte_lazer,34,991,1,150.0,16.0,2.0,11.0
a0149fb91eda796be5ec447645858e7d,automotivo,55,2184,2,200.0,25.0,3.0,20.0
f529ca0f6c6d8ea226840a3ffb3109ea,papelaria,52,2209,5,750.0,25.0,50.0,40.0
542631a181ee1e3bf2b774a7c5344102,telefonia,58,567,2,100.0,16.0,6.0,15.0
0d0813646803c7ceca65852df0fd59f6,pet_shop,17,712,1,300.0,16.0,5.0,11.0
7e79042d2bfd50df12f3a4bfff5c43b4,instrumentos_musicais,59,964,9,900.0,16.0,6.0,26.0
70c09a6d537cf2d213fe0169db7d209f,esporte_lazer,57,1101,4,1250.0,33.0,30.0,21.0
cbb6d11525eba71627d2dfe778fdba7c,ferramentas_jardim,50,1163,1,400.0,16.0,24.0,16.0
2ff17002562478fb03cd44f09e7ca51a,relogios_presentes,52,529,1,283.0,18.0,14.0,14.0
f32f6e5a56335f914976e4ad65731520,utilidades_domesticas,60,436,5,11800.0,45.0,28.0,45.0
1cc8eab3e8021aa2f19391441692c477,fashion_calcados,54,404,4,1500.0,35.0,12.0,20.0
db6d024e26d62875c98fa846ab698f5e,fashion_calcados,57,404,4,1400.0,22.0,12.0,33.0
b47f5cf2e99655cfc404520cb7553e2a,market_place,47,508,6,150.0,20.0,50.0,35.0
180161ed2abf2bc95f1316841d968d21,automotivo,56,703,6,4650.0,47.0,19.0,23.0
a9fa5ce6ccf634df53e924a8ca7099ab,moveis_decoracao,37,192,2,600.0,16.0,40.0,30.0
c1b2e753d02b165e402d5020fff9a582,automotivo,60,427,5,5200.0,36.0,28.0,28.0
0c806c7604c0581921d7b5b1c70bea5e,alimentos_bebidas,46,848,1,750.0,31.0,15.0,26.0
46ecee6884bec6bffc7e5cea0ef7aecb,casa_construcao,58,465,2,650.0,16.0,11.0,16.0
242ccc84e99027776a88792b2d344a57,esporte_lazer,30,1216,2,275.0,21.0,8.0,17.0
584d0486add75aa0f5c0660a7cd8afba,informatica_acessorios,27,636,1,200.0,16.0,6.0,14.0
3ea32f63a6aaf8d467e543dedf434ee7,automotivo,57,1586,1,1000.0,29.0,18.0,13.0
08c5c3d471845327e913b52aded0caf3,artes_e_artesanato,34,155,1,250.0,16.0,7.0,11.0
fa38bcb3a473be0c408207618946a8c1,moveis_decoracao,45,1029,2,1500.0,42.0,8.0,32.0
c3ed642d592594bb648ff4a04cee2747,eletronicos,59,2217,2,30000.0,50.0,49.0,50.0
bcb4f6803e8889a70dc5ed14c2f5f785,informatica_acessorios,41,685,2,200.0,16.0,12.0,11.0
1db2dfac4f8c0a4499f94838b3ee0628,moveis_decoracao,63,390,1,900.0,45.0,15.0,35.0
d914a2a0c672fc21c9f0087e07e9e881,perfumaria,39,302,1,12600.0,50.0,50.0,30.0
edfbf2390650b0c796e3820bf2782e32,eletrodomesticos,60,1799,3,50.0,26.0,2.0,12.0
fc831501bb322d6de2ffc32037fe0f34,beleza_saude,58,1203,1,350.0,37.0,10.0,17.0
a4f6f1f22e3d5cae41187879ded62616,artigos_casa,46,352,2,500.0,50.0,11.0,11.0
37c5b1281e2b86442a3d6a5478af7ab8,bebes,54,921,7,700.0,25.0,10.0,25.0
595e2ffe6a4ab5bc42d5e6cae20f2e10,papelaria,51,161,1,1128.0,19.0,39.0,32.0
9db568ce8bf5e2e652d9f70edd5a0712,eletronicos,47,759,2,13300.0,60.0,40.0,40.0
e1608f467393da59b31f1b40b536548d,perfumaria,60,236,1,478.0,19.0,16.0,19.0
2a9e3d335bbb23ffee8c9da6cecb7bb8,moveis_decoracao,55,1750,3,2400.0,105.0,3.0,70.0
f3dadec221142e379d7113915c1d0fa8,informatica_acessorios,57,206,4,250.0,16.0,6.0,14.0
05d3d52aea100aa2f887fd940991f040,beleza_saude,25,2653,2,500.0,16.0,2.0,11.0
9344d66c54dbfbe44417c69d95d437bb,livros_interesse_geral,23,179,2,550.0,23.0,3.0,16.0
90e72f6ceee757db03bba3a4eaef5dc4,automotivo,60,1063,6,7450.0,53.0,43.0,11.0
f29d3db5563db9c41d52457ffac51f9d,moveis_decoracao,49,218,3,450.0,16.0,5.0,20.0
d48e60abb2b51506a3d71d3552db7f96,utilidades_domesticas,29,605,6,150.0,16.0,16.0,16.0
e109c50434486c589ed3a11b5a45a43e,papelaria,58,291,6,8200.0,60.0,20.0,29.0
d548fb64c4bf0a142c3f314398be477a,ferramentas_jardim,36,776,1,3650.0,25.0,7.0,25.0
e5bf6ab312403d6e8f45bbdb48fa2fd5,esporte_lazer,43,388,3,1000.0,80.0,5.0,20.0
adaf53b4c04b9aca88c0f5c9ba4c3880,automotivo,44,1793,5,300.0,16.0,10.0,16.0
b15dbbf17c3f7db9d6e9acff41c34ab8,livros_tecnicos,47,1643,1,1250.0,29.0,5.0,21.0
10be5827cbcb06a81f220d46dafd0af0,beleza_saude,54,1281,1,375.0,16.0,3.0,11.0
ad8ce350191f1fc97260d1c5893e841a,brinquedos,55,224,5,1300.0,39.0,30.0,29.0
6de9d1098d3eeb226f460acd98feff19,beleza_saude,33,636,1,250.0,17.0,12.0,12.0
368343a35b2e888dae4f3f831d22437a,relogios_presentes,42,748,2,300.0,16.0,13.0,13.0
d88d2f4938825da4771d7972d76c5da7,esporte_lazer,43,318,1,30000.0,25.0,96.0,79.0
78819ab10b4a44927c832a21c06849e0,informatica_acessorios,53,3330,3,1100.0,28.0,10.0,20.0
e7bbc0d43d1f5cb09bab95b664236633,informatica_acessorios,38,716,3,833.0,19.0,12.0,17.0
7814c273ab16783d73a9863ebfa8b141,moveis_decoracao,51,756,1,12250.0,45.0,35.0,45.0
80096496b2a02d4fff129b5e6a8f047e,esporte_lazer,54,728,2,5000.0,68.0,13.0,50.0
70cd303f8e2dc6c00f5908aa72acdea6,artigos_casa,54,289,1,4000.0,40.0,12.0,38.0
8ce5f222608f6e18ea3b7acb84313c6b,artigos_casa,56,150,2,1400.0,47.0,21.0,41.0
b5a4e805e99d591325383971318613cd,ferramentas_construcao,56,484,1,150.0,20.0,4.0,20.0
0d71340b664b3ae1ac8cca807bf236dd,telefonia,49,259,3,200.0,19.0,4.0,11.0
deb5048402088c1bd33af3910bf9a92f,eletrodomesticos,55,313,1,3500.0,55.0,19.0,46.0
5ac4f7986643a944501c66a2257bdd73,moveis_decoracao,45,920,1,600.0,17.0,17.0,17.0
6a061bfb29801343fcf5bf10207409ad,brinquedos,38,1500,4,400.0,23.0,8.0,50.0
f861a4d17125be291c6996bb79ff59b2,moveis_decoracao,39,400,1,450.0,35.0,35.0,11.0
9b968712a8768d8e23318f73476af1a3,bebes,51,524,1,850.0,23.0,14.0,28.0
2fa89b5aab0d3ca1853c81851047b55b,ferramentas_jardim,48,734,1,1550.0,38.0,28.0,33.0
2647bd04a8ac8605c0034dc49d21445d,moveis_decoracao,58,2132,2,3000.0,69.0,11.0,11.0
aefe4356e7a54d42df4a67468015e43e,moveis_decoracao,37,339,3,800.0,62.0,3.0,52.0
33abaf0c29c14849fa5163226ef1560e,telefonia,41,261,9,100.0,19.0,3.0,11.0
ad938d3b79856582ace5b311ab864826,moveis_decoracao,50,440,1,1500.0,42.0,10.0,32.0
1c5b879ad722644d2f3fb52553ced17a,moveis_cozinha_area_de_servico_jantar_e_jardim,49,655,2,16550.0,39.0,61.0,39.0
0ab20af8197d84bc8831765be67b4cc6,bebes,51,872,2,11100.0,38.0,47.0,44.0
b95d6edcfc7b19639b18dc095f757d09,artigos_casa,50,838,1,1150.0,16.0,10.0,16.0
cb03e4f0503f45854e87afe535e0681d,ferramentas_jardim,51,720,1,9150.0,33.0,8.0,33.0
c6fa05b26acb1af4a61bf2830419d1fa,papelaria,38,867,10,850.0,30.0,40.0,11.0
416d75e3094f3393b778fd40d52b6089,informatica_acessorios,43,518,1,700.0,31.0,16.0,16.0
ad242deeefcc0d81a0f001a0fb9b585e,pet_shop,56,322,2,900.0,16.0,18.0,14.0
caf1466f581875d1c2d9d94be70b4dbc,beleza_saude,58,860,1,1550.0,16.0,16.0,16.0
7a40001d3da620600ab80109510f3496,beleza_saude,47,3963,1,850.0,16.0,24.0,16.0
e256d05115f9eb3766f3ab752132a4e2,informatica_acessorios,42,399,1,740.0,26.0,15.0,19.0
b8dabeb598db5ace52983a669b90238e,utilidades_domesticas,53,541,1,4850.0,30.0,30.0,30.0
0111ab6fb41da433e0f17d3f4ec2c8f5,brinquedos,27,427,1,500.0,23.0,8.0,25.0
5ac9d9e379c606e36a8094a6046f75dc,beleza_saude,46,2345,6,525.0,21.0,16.0,13.0
7a0f37fda63d1cd7dac2451494eb6e69,artigos_casa,60,259,1,1550.0,30.0,5.0,30.0
bf6d369fda3cc67f960c9290d3e91158,moveis_sala,54,311,2,4950.0,50.0,10.0,50.0
912d5af95a68c1f1b7ba4b69e4344e61,beleza_saude,39,858,1,500.0,37.0,10.0,21.0
609b1b50202d276e56b2468006fa82aa,artigos_casa,60,678,1,1075.0,29.0,27.0,18.0
53524b8441311984f975500f1e8f1702,pet_shop,30,649,2,1200.0,69.0,3.0,43.0
e934947ca6b64f5a6d864e21dca13b73,artigos_casa,28,378,2,900.0,41.0,8.0,24.0
6ac07b1f9ec61291948108bae2f1d4fa,informatica_acessorios,38,713,1,1188.0,33.0,23.0,26.0
277a12fc4d8cd5dae85d0071015bb745,beleza_saude,56,1770,1,2200.0,23.0,19.0,21.0
32b4ca7827a47902152f92205f5cab44,beleza_saude,27,566,1,300.0,26.0,17.0,20.0
56ed53afb0d6ef2c843df74a4c1b573e,ferramentas_construcao,57,1630,2,5850.0,21.0,14.0,18.0
f85aa92e1305fc26494dae38bba39266,esporte_lazer,58,688,3,800.0,74.0,10.0,13.0
3f84970b11159798c4fa73fb4e309f1c,bebes,47,212,1,288.0,17.0,9.0,13.0
d13a4acdb64c202e774e815db547e108,beleza_saude,60,919,1,150.0,22.0,3.0,15.0
a323784ac31c377c5ecaa26b8cb155db,informatica_acessorios,51,1211,2,200.0,16.0,16.0,11.0
980afaa22ae7fefe2118474b4bb444e6,moveis_decoracao,38,825,1,600.0,55.0,11.0,11.0
0288f8dd74b931b4ec7a468fdd6ed040,brinquedos,40,226,6,500.0,20.0,20.0,20.0
b23cca4f37391d03408aed65983bdc40,brinquedos,18,298,1,3865.0,40.0,35.0,35.0
625dac8156b3157351e7257305148f3f,telefonia,54,935,1,175.0,18.0,12.0,17.0
bdb398ac06c2ed352859d8f8cf2f713c,relogios_presentes,43,340,1,338.0,21.0,14.0,20.0
908a8949fc2615cde40d1568d16aa6ca,esporte_lazer,54,789,4,900.0,35.0,10.0,35.0
428848f6b59540ebc1d7613df5c8b545,ferramentas_jardim,60,2075,5,3900.0,32.0,32.0,20.0
ac64ddbb3d1489f826dd59104c6b023f,informatica_acessorios,48,586,1,250.0,16.0,16.0,11.0
e3263eb093d88b95abce97fe0c864421,casa_construcao,55,1313,2,850.0,20.0,20.0,20.0
4e2235f93eb6f83c34901d68feba9344,casa_construcao,38,471,4,1550.0,22.0,32.0,14.0
fd4269ef0b64a4ef82eb098107665158,informatica_acessorios,44,237,1,1666.0,25.0,26.0,24.0
c27df507086d93624b884157a75f45e6,utilidades_domesticas,55,853,1,710.0,20.0,14.0,17.0
47ca7005be6de4f29ad906d744f6c7b0,informatica_acessorios,29,1391,4,1134.0,45.0,6.0,14.0
63b6b1707cbd2e60baa30b4ec66265bf,beleza_saude,41,203,3,257.0,19.0,11.0,14.0
5c909f03b5baf836858186d3d5867020,esporte_lazer,59,485,2,2850.0,23.0,19.0,51.0
dc88749b92c7dd97a89577f11aea8c3a,automotivo,60,149,1,450.0,30.0,16.0,16.0
ecc10d287641039c31deb3a2873215e4,esporte_lazer,60,2493,1,2500.0,31.0,33.0,32.0
6e06c5464ee7624bdb3cfa23d2532a92,perfumaria,60,3883,2,100.0,28.0,12.0,12.0
b31b3d9e4c6ad3265d8f77f243e3f0d9,artigos_casa,43,284,1,200.0,16.0,16.0,16.0
37dcce9d511e9729330ad4d80de13cfa,fashion_bolsas_e_acessorios,52,731,1,100.0,16.0,2.0,20.0
31c3ba56d23b5c48856647e06a115738,brinquedos,26,427,1,700.0,23.0,25.0,11.0
d076ce587de2ab3cb36f6c34f5ec1c8c,moveis_sala,31,277,1,6100.0,55.0,13.0,51.0
5ca739ddd646d1ba53cca4e3c099a953,brinquedos,49,892,2,1200.0,52.0,13.0,37.0
cc3361c59c7af3bd862f41df044549e0,eletronicos,49,588,1,6600.0,41.0,38.0,28.0
5aeece828f56fe1d486e1c5e6a7cb61c,relogios_presentes,58,734,2,250.0,16.0,11.0,11.0
e254150e5ad257907453bd5520208c74,utilidades_domesticas,37,587,3,300.0,40.0,5.0,40.0
4cce2fad3d2dec6f82510d2521aebdd3,utilidades_domesticas,38,859,1,1100.0,20.0,25.0,25.0
17552c3e04bda2b08ac85c9c55137dc3,eletronicos,51,1290,3,200.0,16.0,4.0,11.0
24b0c9ac8f6d07d7192f24fd9ff189a0,fashion_bolsas_e_acessorios,63,627,4,150.0,16.0,5.0,11.0
18f8fed8a737a4399a369ef33b21cb3b,fashion_bolsas_e_acessorios,34,359,4,200.0,16.0,9.0,11.0
18f968379c4898b794fcf83f317ba60e,malas_acessorios,56,2126,6,4300.0,30.0,55.0,40.0
69f58c765fe75f61f1b098a6d0b0943e,perfumaria,53,1642,1,700.0,20.0,20.0,20.0
869baca73d312aedff033dd09dc28168,automotivo,41,452,1,30000.0,35.0,50.0,35.0
68076570f98ff29f0b1a09085bd85037,utilidades_domesticas,40,466,1,400.0,16.0,17.0,12.0
a1b35ee994b8c571119976c30aa07efe,beleza_saude,56,915,1,200.0,18.0,9.0,12.0
aac347ae582fb6041aa2ee59b68a813a,variedades,49,512,3,2500.0,53.0,63.0,15.0
7f6a27bc434791d71f6e52b25bfc1e9e,papelaria,42,236,1,100.0,16.0,10.0,15.0
f5068d43799fc3243cf62b290d885d3e,consoles_games,55,546,5,400.0,16.0,6.0,21.0
aa07dadb101ca2d652eaaec5c33c37af,moveis_decoracao,57,108,11,3600.0,40.0,8.0,35.0
cbd27a4cfb94137cd08a4fda812d686b,utilidades_domesticas,58,503,2,50.0,26.0,4.0,19.0
6171e0ffb665e527d521c2435e065644,variedades,46,851,3,400.0,16.0,19.0,15.0
618a3fd33448d434c96fd55360397e25,pet_shop,52,377,2,500.0,20.0,20.0,20.0
e11092e9722d1b6f8c18cd8947a1daff,bebes,54,343,2,7450.0,45.0,25.0,45.0
d0fe4295267f15ccaceac4fb233d8c9a,informatica_acessorios,52,398,1,350.0,20.0,2.0,26.0
f5badee8a0e679f057ec0ca4f0f32dcb,ferramentas_construcao,59,427,8,450.0,20.0,10.0,15.0
4a579d3f0c38c12a0e22c0146f2356f4,artigos_casa,49,82,1,1000.0,40.0,5.0,25.0
9766ad53f42ee034fbc0e29c85fe626c,artigos_casa,51,385,2,2500.0,47.0,21.0,41.0
23ad6baf08432fce9542b3f27407ec56,esporte_lazer,56,1327,2,450.0,20.0,35.0,20.0
50a88b3bd7a9d8db2f1addc427b4446b,artigos_casa,56,417,1,2450.0,45.0,15.0,35.0
d57e44940ef46f6384a6ce75e230ec31,beleza_saude,54,561,1,200.0,25.0,15.0,15.0
5c087f345e870429ec3ea20a49a79735,moveis_escritorio,48,1159,1,16450.0,63.0,62.0,24.0
75f6a4f019ec1322758d53b2fee2cc12,malas_acessorios,41,155,3,16050.0,60.0,40.0,40.0
bc1771eea502c7888f4fa3d568a69111,bebes,62,121,1,950.0,39.0,16.0,40.0
34b9bda637e469b293f081fc33d7a094,variedades,55,409,1,1050.0,36.0,16.0,24.0
0f2d139d3c1f8d504bea138f27a2fad0,brinquedos,59,801,8,2150.0,37.0,44.0,30.0
58a60c7961bc8fb3a05841dc6d594658,moveis_decoracao,48,554,4,6600.0,35.0,38.0,35.0
62ff773b2194b8f9ee2e11c6da69730b,informatica_acessorios,60,136,3,250.0,32.0,5.0,16.0
c0af7c6e4d05f8fd956204b258ce14e0,artigos_casa,60,217,3,6500.0,50.0,30.0,40.0
99a4788cb24856965c36a24e339b6058,artigos_casa,54,245,1,1383.0,50.0,10.0,40.0
ed811f9c4ce4994aa221a2b3875666db,telefonia,45,349,11,100.0,19.0,3.0,11.0
89b94b15a3c25df736daa9e61539ada9,consoles_games,38,3291,5,200.0,17.0,4.0,13.0
8326a865712b71ff436aefafc04a4817,malas_acessorios,60,424,1,1150.0,40.0,10.0,35.0
2563ea200bfce603cc25aebc666fcbf2,moveis_decoracao,53,280,1,450.0,16.0,6.0,11.0
8a7a92a0e4e5abcbc90117424507bb7d,relogios_presentes,57,425,5,550.0,16.0,2.0,11.0
fdba6f37e0258dbca54eb0ed8b293ae0,bebes,10,1162,2,600.0,20.0,8.0,14.0
9686ff1a707a2d304c547f82535c5ee5,relogios_presentes,60,706,6,200.0,16.0,2.0,11.0
b55d740a9c9a5e4b9d681828a82d28bc,automotivo,58,585,3,750.0,60.0,8.0,33.0
63acd71fee320fca91e3740e7f49f19e,perfumaria,58,219,1,425.0,21.0,21.0,18.0
5272e64de887c95d7a1c9c64886b90f5,variedades,59,99,1,1700.0,20.0,20.0,40.0
ac85747ff00cf2a5cb1ef0901c7b21af,eletronicos,30,449,1,150.0,25.0,7.0,16.0
010f24a605e8431fc68562e597f80d63,informatica_acessorios,20,153,3,500.0,16.0,15.0,15.0
4376da457a3d2de22a9a615196ab5ba4,jardinagem,38,774,1,3275.0,21.0,16.0,21.0
02623b0e4e6b951aefb23575de1f3886,utilidades_domesticas,27,828,1,1600.0,25.0,10.0,20.0
d95f03455f14fd566743964beef46ff0,utilidades_domesticas,42,540,4,9800.0,31.0,61.0,31.0
c8f17c4ceaa05acfb30a852b8ee2c0a9,informatica_acessorios,57,1111,3,150.0,18.0,16.0,13.0
7b9b39b222adc797a65032aea85e3395,fashion_roupa_masculina,54,275,2,900.0,40.0,6.0,35.0
4f915391faab8ae23c234735d5080c31,relogios_presentes,46,410,1,401.0,17.0,11.0,14.0
d2f3685018eaf6e36c6ecdb512753075,moveis_decoracao,56,1758,3,530.0,50.0,23.0,16.0
cebed2cb3b44b298e374ec88155024f6,fashion_bolsas_e_acessorios,42,353,1,250.0,16.0,2.0,11.0
28d7da9ebe96bfda54aed060b68b23a1,fashion_bolsas_e_acessorios,50,731,1,350.0,16.0,2.0,11.0
fd471a043ee8b8dd27f4086495e0724c,moveis_decoracao,56,2043,5,3000.0,69.0,11.0,11.0
89e30d3452ed2e7f8d86803da7954f05,relogios_presentes,51,449,2,300.0,16.0,11.0,11.0
0c90f0cece2b9c521af7c85ace4794be,moveis_decoracao,41,411,1,4800.0,62.0,6.0,62.0
046bb8477448980cb3355e0702e77a0e,beleza_saude,42,1118,1,1500.0,19.0,29.0,18.0
d07c0177e489e871713b83a518446ac7,utilidades_domesticas,56,869,1,1750.0,30.0,30.0,30.0
8e33c9b032f34f04d9480045e1ec8da5,artigos_casa,55,238,1,1350.0,40.0,40.0,40.0
5bcaab71581cabea86192eea9c13467d,moveis_decoracao,63,460,2,800.0,80.0,10.0,60.0
757e8df3e7c5c52482db573f5f368e1d,consoles_games,52,574,1,400.0,21.0,10.0,13.0
04dc26a02c448f6f2b914f01c2902ebd,consoles_games,50,361,1,483.0,24.0,17.0,23.0
b60aae43af64142e8dafff9888b64c85,variedades,56,989,1,2250.0,42.0,25.0,15.0
2221e4ebc496addaa386a27a6a19e9b2,variedades,,,,800.0,29.0,11.0,23.0
97df7b55f088f5c0c6d785d20a433d55,papelaria,54,307,2,4900.0,22.0,50.0,30.0
70fe9b99d340c044c0316517b7b2ed8c,alimentos_bebidas,49,718,1,250.0,16.0,16.0,16.0
0c4d0a08f95c7b7dc5dc7402bfdafd4c,informatica_acessorios,49,409,3,300.0,16.0,6.0,17.0
e5b5b0c0e066fb53258fce3eace774f7,audio,36,310,1,290.0,19.0,16.0,18.0
b84042ec39a089de420e18ec3c57cf34,brinquedos,37,1354,1,1400.0,41.0,13.0,20.0
f408131193fe9da16836115414229012,fashion_underwear_e_moda_praia,51,1343,5,300.0,25.0,16.0,11.0
85fcf0af8941e2a6d93bb2df970c1650,esporte_lazer,54,3708,1,4200.0,31.0,33.0,32.0
44406b87e5ac6494cdb0c9dccd3b88d3,jardinagem,57,217,4,400.0,25.0,25.0,25.0
af9c4277d06aa18aabbfebbe94ee9c79,esporte_lazer,39,369,2,2700.0,20.0,15.0,15.0
ba4614e1cda7783e5c08d4372080d8b2,automotivo,58,679,5,5600.0,78.0,4.0,47.0
47ab4924a51b711db100f100e9246dea,telefonia,50,1140,3,1158.0,25.0,15.0,23.0
3940247162a820eff119efe47b02182f,eletronicos,48,1026,1,518.0,29.0,19.0,23.0
21a23f7375628a983f0496f2511e62fa,moveis_decoracao,55,241,1,2000.0,36.0,4.0,30.0
0e19c7867209124d5a735e0505c2bb24,ferramentas_jardim,55,1463,1,2350.0,24.0,10.0,35.0
774ad2570c29b52d50433d7bb89273e7,eletrodomesticos,58,174,1,100.0,18.0,8.0,13.0
e83e378e0d9201ebc31bbf3ceb57f9fe,automotivo,60,700,1,50.0,32.0,2.0,24.0
8d7372d1b5ad8302fee4eed7f8bb4d84,instrumentos_musicais,53,340,1,900.0,19.0,19.0,14.0
7adb171e34892acd7b24bcd0c841e221,perfumaria,60,640,1,475.0,23.0,9.0,15.0
4ab7490d3e55de79cae5fc88e1657276,artigos_casa,57,750,1,1200.0,36.0,8.0,26.0
5b75bff143600c85dd1fe69b7055982b,beleza_saude,48,1674,2,350.0,30.0,5.0,12.0
8d1e9f9f3d7126c5ccdfb50c10c8e444,utilidades_domesticas,43,2112,8,2500.0,50.0,11.0,24.0
fd5165e9ee553f6e1bc24e5103ceb50b,moveis_decoracao,56,296,3,1700.0,100.0,7.0,15.0
b4275084ccfa0633ab3219949f6a3b9c,automotivo,48,283,1,850.0,30.0,30.0,30.0
e0bb3159111d86828b5caef8725ff055,utilidades_domesticas,63,103,1,2500.0,30.0,6.0,30.0
86ebb3f797a6caf795dfea0a1e66899d,automotivo,58,1146,1,4000.0,65.0,25.0,25.0
7494075d75b7855aae586070f6a12113,artigos_casa,54,478,1,350.0,16.0,10.0,16.0
c0f779f1ea544dca9ebf515dd55fc3c7,beleza_saude,45,3059,3,300.0,23.0,7.0,15.0
4c4dbaeebae887ed4fae3a70530901a1,beleza_saude,47,865,2,200.0,27.0,8.0,13.0
418d480693f2f01e9cf4568db0346d28,variedades,48,330,1,1950.0,33.0,44.0,19.0
478cf0d317ccab62d1483a637de8df14,utilidades_domesticas,39,141,1,530.0,17.0,15.0,19.0
f3ead0dbcae5b065731b183396c1da2f,papelaria,32,281,3,400.0,25.0,11.0,14.0
4c65515115c33a1c4c21e9b40f85942d,informatica_acessorios,38,498,1,150.0,18.0,8.0,16.0
aecd0c211a5e24ca163d35e5087189ed,esporte_lazer,50,333,3,4800.0,50.0,14.0,33.0
188025a9e821ac2a983b63c5d7512df0,brinquedos,60,1172,4,2200.0,31.0,65.0,19.0
4ac01649d009821481f2560bf210d9e2,papelaria,52,977,4,325.0,23.0,21.0,26.0
54f52360a2b571e7d7b54225b74bbccd,beleza_saude,24,1253,1,300.0,16.0,4.0,13.0
55852fa297a259df65305a625ebd2149,fashion_bolsas_e_acessorios,23,500,4,125.0,18.0,17.0,12.0
75b4d33f2d9c5de8f5f27d4e807aa9f9,artigos_casa,43,190,1,400.0,25.0,25.0,20.0
5a0c21ad6b82a1b61856e48ec959764d,perfumaria,57,1424,1,100.0,18.0,10.0,13.0
c69da983317ecee971f64fc8202c959a,informatica_acessorios,52,210,1,200.0,33.0,4.0,27.0
88ab3ce1ded665150c5cd6adcc5287e0,artigos_casa,53,356,2,400.0,60.0,8.0,50.0
81d759641b29a733d9e03e0df3155d70,moveis_decoracao,40,247,4,10375.0,69.0,8.0,69.0
6d1552d60826f1b026c844b0501c2058,eletronicos,49,1454,3,6200.0,30.0,22.0,62.0
895e0a8c1cf8a915c6a0d5d2a91689b6,papelaria,60,638,5,350.0,20.0,20.0,11.0
5e864d9858dc9a7b55f937ed8998ffe8,brinquedos,55,1035,2,1100.0,53.0,9.0,32.0
97194fdae68fa163b7cc5c02bfedbf16,bebes,51,1202,4,30000.0,81.0,50.0,50.0
d7eb9229e8b6c34f6d8333caf9533f69,utilidades_domesticas,53,575,3,2800.0,20.0,60.0,20.0
86133a7d6682fcb51debce06e6514f93,variedades,52,394,1,5000.0,40.0,27.0,37.0
c3ce49d20cc5d56f0419f256c480e235,fashion_bolsas_e_acessorios,41,412,5,100.0,16.0,5.0,20.0
a92a1952bbae9c20170d082e2bf950ab,beleza_saude,42,801,1,600.0,26.0,9.0,21.0
4c36e30350c41feb82b1a47b0712c9b3,climatizacao,51,781,1,2150.0,45.0,20.0,21.0
c3ddc73a4b4c70a6a20189f08fbbc348,informatica_acessorios,57,804,5,350.0,19.0,7.0,14.0
692ac900c71e8e83e8ff029083018179,artigos_casa,53,264,2,1544.0,47.0,15.0,40.0
5145cef9f9e1293cf8cba2c924eb94e9,moveis_escritorio,46,2250,1,11600.0,58.0,20.0,58.0
eda67c42c2e05d1ba88119d626ec921f,informatica_acessorios,58,344,3,200.0,21.0,7.0,14.0
c1066831f90626b7fd73ed871a49f158,beleza_saude,35,506,2,320.0,30.0,6.0,12.0
eb8851552616597cd924ef25f16706ed,artigos_casa,60,584,1,2400.0,16.0,50.0,40.0
3f37f32e535d54ae9b3c1cf62aa76c43,artigos_casa,55,624,2,450.0,45.0,5.0,37.0
e23ba2d67536a20c2646c23694e39cf8,beleza_saude,59,486,1,875.0,18.0,12.0,12.0
078482c5821678267aeb55b8edcdcb29,market_place,36,1339,1,250.0,19.0,14.0,16.0
a5917b970f3946ccfaabbd8599108ab5,eletrodomesticos,53,163,3,300.0,26.0,11.0,11.0
29e95a1298e19d0e48f89702c09c6ab5,informatica_acessorios,43,93,2,153.0,35.0,19.0,10.0
52ae46963f0cd4c1497fe26a0f50fa6f,automotivo,51,572,2,550.0,33.0,27.0,26.0
730f1927f42fda4370209c28203eb0ab,artigos_casa,56,505,2,200.0,16.0,10.0,16.0
d3beab88b06d8b7f89e83f6744861ee5,esporte_lazer,59,1096,9,950.0,20.0,20.0,30.0
284264387dc92cbf305e75ece3852958,artigos_casa,52,352,2,400.0,50.0,11.0,11.0
58f82cc5bebd588e5cde0b3a89059da6,informatica_acessorios,51,559,3,250.0,16.0,4.0,19.0
0723afa6f9a5a11c512396db0bb03051,papelaria,54,391,2,475.0,40.0,35.0,26.0
4b44730a7923e3c19eb67f1c8bfa1c39,malas_acessorios,39,357,3,550.0,32.0,42.0,12.0
d9d4c1378e3c6564f55c02bec84e8f2f,moveis_decoracao,59,2262,4,500.0,65.0,8.0,13.0
664e36c9f1780f33973e063ae2cdcc66,pet_shop,49,410,2,7300.0,45.0,28.0,45.0
1b1654fea0a8269f9ba9a1e1258edb61,variedades,,,,150.0,16.0,2.0,11.0
e38ae1121c1566bb56b728d8079b2d75,informatica_acessorios,42,226,1,275.0,13.0,13.0,13.0
ffdde3d63e889c9a9f9ec30d82a4c815,brinquedos,63,554,4,21600.0,35.0,60.0,40.0
f60fedc54d28bf29480f654d90a2f8ff,artigos_casa,41,614,1,950.0,30.0,16.0,16.0
81781c0fed9fe1ad6e8c81fca1e1cb08,artigos_casa,51,529,1,0.0,30.0,25.0,30.0
fc83db05de6120d00e02ea0fe6f916af,ferramentas_jardim,53,1093,4,1300.0,35.0,10.0,30.0
b9754f9e21b6e6960b37594d4387fb1c,perfumaria,35,796,1,450.0,30.0,13.0,23.0
77d1b9fb8d3858f503316105e9ac6c51,telefonia,32,365,6,50.0,19.0,3.0,11.0
0f2210490db477cfc80743481d0b6399,artigos_casa,54,1160,1,7800.0,40.0,40.0,40.0
1f2b62e693c588aef7be1f457137b15e,moveis_decoracao,58,2276,2,3000.0,69.0,11.0,11.0
95ffcc544c6a973ef0885c2017b54318,ferramentas_jardim,53,291,2,300.0,20.0,20.0,20.0
f09df9cb1beab8b8d5aacb6a51934d13,ferramentas_jardim,48,369,2,360.0,21.0,8.0,14.0
d6c2073fdc29a2931d1900fe474134ec,perfumaria,44,517,1,400.0,21.0,14.0,15.0
8e4ddd0db3411d756ce077eb15a63272,relogios_presentes,51,979,2,320.0,18.0,11.0,14.0
ba90d9569ff1f3add3d6bc10532688f9,instrumentos_musicais,60,2587,6,750.0,29.0,16.0,14.0
48ec266dc99725679f820e6609801800,relogios_presentes,49,634,3,375.0,20.0,16.0,18.0
aa0816cf69c9faa95e573541be5c0c32,fashion_bolsas_e_acessorios,59,139,3,300.0,16.0,2.0,11.0
e09134e776e503444db67bd5b239b56a,artigos_casa,48,444,2,950.0,50.0,16.0,16.0
94938d42be4ea1064db3325c385ee6d6,esporte_lazer,45,374,2,827.0,52.0,19.0,21.0
3b7a2bc8f7448bc69d4565379ff86f6a,fashion_bolsas_e_acessorios,28,821,1,100.0,16.0,5.0,14.0
15348d4e550d520b418c581a2012c0d9,casa_construcao,41,595,4,400.0,17.0,20.0,17.0
e0f99475a79890b9adaa95ceac17c1cd,telefonia,63,474,6,600.0,19.0,5.0,11.0
0343ce4ce35af74dd177bfc133eabb45,artigos_casa,46,623,1,600.0,30.0,7.0,26.0
614dd74b96d1a51792de2d9a3475145a,fashion_bolsas_e_acessorios,24,474,4,500.0,16.0,12.0,16.0
e52fa0c1b61bfc1db27ed2beec83f801,moveis_escritorio,39,1275,1,16000.0,74.0,68.0,26.0
c5841303f830680eb1cdda8be0ff35bf,papelaria,33,691,2,250.0,27.0,3.0,11.0
9271d2541a43f8db13d164887228a189,brinquedos,53,341,2,2933.0,39.0,27.0,33.0
f05159152e8d116081d78d5d1f11b062,beleza_saude,55,550,1,200.0,16.0,25.0,15.0
7239a6e2e573d13f4a62f90868e40264,utilidades_domesticas,29,1498,3,800.0,21.0,7.0,21.0
83b00325c13c44245b2c3a2befa62a0e,bebes,56,621,1,10700.0,40.0,40.0,40.0
bfcc1d0c6e994fb47a7ec002ac8857cd,esporte_lazer,51,278,1,700.0,22.0,15.0,22.0
faee2618c7ace750fb300ac45fddaa74,relogios_presentes,49,385,1,350.0,19.0,11.0,16.0
e1a5774894b0dcbed9a61bb82b96b3fd,papelaria,34,761,1,405.0,18.0,15.0,16.0
02fb2d61da1247bf732360ea76b16240,malas_acessorios,49,824,1,850.0,19.0,51.0,34.0
0a6a7cf8399cca39fa6289175e95badd,relogios_presentes,43,283,3,700.0,20.0,15.0,18.0
a743efb3ff4bf4f56e265e73e5c23a6c,moveis_decoracao,52,224,1,19400.0,56.0,48.0,38.0
294d41c2e68c3452a16c269c5a969537,perfumaria,57,1010,1,550.0,22.0,16.0,16.0
8123e87dd3112536d2f0856287158c8e,automotivo,47,3241,2,100.0,18.0,17.0,15.0
cd3f4942e46362adc32589ff1a90e3dc,utilidades_domesticas,19,203,1,4050.0,26.0,26.0,26.0
1428c05db72682f014dc218c294724ea,musica,49,584,1,200.0,20.0,2.0,15.0
521682cf03ee68298c76c63ebd8a2f0f,instrumentos_musicais,42,2115,2,125.0,16.0,3.0,12.0
787268a8ccbecd1ae02d8001b61ca46d,artigos_casa,52,230,1,2125.0,41.0,13.0,26.0
8e0380f7af31ac310915613749090857,beleza_saude,54,213,2,543.0,23.0,24.0,22.0
0ad0b4d6bac55daa9cd221ea08ccbfac,consoles_games,50,481,3,1000.0,20.0,30.0,20.0
401b5632c06c51319df083f1245a96ca,audio,51,207,1,300.0,16.0,20.0,16.0
e0e2e29a516b06947e388d20aa7bf7a6,artigos_casa,58,1139,3,3700.0,40.0,15.0,40.0
23227b07fc69250d2fa4be6602011aea,artigos_casa,46,171,2,1250.0,45.0,10.0,15.0
d435c3fa55cfd37fa04032168ed59cf8,eletrodomesticos,53,704,1,12000.0,80.0,15.0,58.0
3b363eb5f320bf6f9a812a5dccb8682b,beleza_saude,53,2464,1,600.0,19.0,14.0,11.0
8f71fe1e1b5bbb6773e7276b5c37ef65,papelaria,57,921,5,6250.0,25.0,50.0,25.0
d498e8a880bdf3d26e2b9b3e92c4f424,utilidades_domesticas,59,1386,1,2350.0,16.0,20.0,11.0
c4ca2da40ac17c4b52688ff9a7c041b8,fashion_bolsas_e_acessorios,34,132,3,50.0,17.0,4.0,13.0
619276505340bdbe2845a35afde86cc0,beleza_saude,54,1941,1,350.0,16.0,12.0,12.0
b8c5642287f25d5e0e166199264eff95,fashion_roupa_masculina,36,968,3,600.0,16.0,2.0,11.0
bb611cf1352bf9b347e0a3ea5e70fc46,utilidades_domesticas,37,601,1,5100.0,34.0,51.0,34.0
1594082822fb91eb12404f8e79b59e47,eletronicos,57,427,1,14700.0,37.0,60.0,37.0
233284251960ee2c45f3bc9e68731630,utilidades_domesticas,54,681,1,1600.0,25.0,11.0,21.0
aa4a9621d7eb2b1de179cd95fdcfe984,bebes,46,121,1,750.0,36.0,4.0,29.0
f51f0dff431ac30d20b87401944b10cd,esporte_lazer,30,754,4,700.0,28.0,25.0,25.0
7013c4044b589394a00c46db7354ddf0,relogios_presentes,57,783,1,308.0,18.0,12.0,13.0
9a075ce513162a3fb49c28aa1b6be52a,relogios_presentes,43,528,1,450.0,20.0,11.0,15.0
e0884eed28311e4365d93a89ac57eafb,audio,47,423,1,250.0,27.0,5.0,20.0
5b4c8ab4477bb00b57cd5edb1af9aff8,artigos_casa,55,1337,4,2000.0,40.0,6.0,35.0
c3040abf937069c3552391d63d89ece1,beleza_saude,33,1693,1,550.0,30.0,10.0,17.0
6ebb5635bf6deefd63f997cd3e898766,pet_shop,39,63,2,300.0,28.0,17.0,21.0
fdad129d8e902058f98862f23dcf6978,informatica_acessorios,35,1101,2,250.0,42.0,2.0,30.0
c91a4838537a5f096143003b1a72ec58,brinquedos,29,165,2,700.0,35.0,16.0,25.0
d078d453361cd47a1041bf9a20a92774,bebes,45,1383,2,8450.0,41.0,16.0,41.0
5a6b04657a4c5ee34285d1e4619a96b4,beleza_saude,34,1036,1,1000.0,16.0,16.0,16.0
e6baba6c7819d44817a76305e082d682,ferramentas_jardim,60,1554,4,8300.0,50.0,22.0,40.0
ae6f0a235fafaf39219b83770a3391bf,beleza_saude,30,408,1,150.0,17.0,17.0,17.0
5b7692c4f3cff85f88ad6255269c696c,artigos_casa,55,704,1,1650.0,40.0,15.0,32.0
1d31f773478bf76f7f9d9d174c3a25e3,esporte_lazer,59,1653,1,300.0,16.0,14.0,12.0
34133989d0439e38e03a4a772583d206,informatica_acessorios,47,118,2,300.0,38.0,8.0,18.0
30340dff35b518c0d6013617310ce278,fashion_bolsas_e_acessorios,20,101,1,200.0,16.0,3.0,15.0
0fc7f4e83e0ddb5b32b62487c4bd31c4,bebes,40,964,1,300.0,20.0,15.0,15.0
2adfbd64f2dd14f2dac6afe783311859,variedades,47,2057,7,1900.0,87.0,8.0,11.0
c1cd85e63e70e6913339ec44e438fab6,telefonia,40,1382,2,200.0,19.0,3.0,11.0
17f99ae9c53e7e8804b2c78492d11744,artigos_casa,48,352,2,400.0,50.0,11.0,11.0
a406f14e110f4ccb46059586e9440400,telefonia,48,1440,2,100.0,18.0,6.0,11.0
36876fa11e21f66fcbe91abde34210c5,pet_shop,57,463,1,5500.0,57.0,21.0,37.0
3e6f2d0265ff6265eb639a8d3027f5a3,utilidades_domesticas,10,131,1,1283.0,33.0,22.0,32.0
c1eee16d856657ad280936810ef3d080,variedades,59,1758,1,113.0,22.0,8.0,17.0
46db0dde1927a25320bf418fa784b2e4,industria_comercio_e_negocios,57,1287,1,2050.0,35.0,20.0,30.0
80ba61cb89c5cc6f704b91b30fae834c,brinquedos,45,231,6,400.0,20.0,20.0,20.0
72d0cc6588b5d4f4e26007c2e709315c,artigos_casa,53,1016,1,3250.0,31.0,51.0,16.0
c7d5122ecf640a6affc29798267e5924,esporte_lazer,54,761,1,3450.0,34.0,20.0,20.0
c31d2c7898c24ea73ab60e0660fd693f,variedades,,,,395.0,26.0,6.0,18.0
0603d2d85bcc46beb11bd247870c4841,artigos_casa,30,66,1,1450.0,55.0,14.0,43.0
e0eb83f5cf9560ca3b976eea5dcfdfde,ferramentas_jardim,55,258,1,900.0,32.0,13.0,17.0
2f0b48ed3b5553d989aed89a6fcd9487,automotivo,55,1698,1,6400.0,20.0,20.0,20.0
5f0e89246f7a6648983bdac37e5a16e2,fashion_roupa_masculina,43,973,2,400.0,35.0,35.0,15.0
9ad4fb75641c9a71f995a06d0386a6f9,automotivo,59,840,1,4150.0,45.0,20.0,45.0
f4135cbdece8245560f7be179533797a,eletronicos,32,1306,3,500.0,17.0,9.0,25.0
b18040a8b795afd0802abd9c3755ea64,esporte_lazer,41,979,8,7000.0,90.0,20.0,25.0
9c020bc35e62119e84cbecb9d92646f0,esporte_lazer,48,910,3,200.0,16.0,13.0,16.0
574611c3d47537a1e85c2f5d16e7c758,telefonia,48,1983,1,150.0,19.0,5.0,12.0
8f12be3216052dac466d43ff8af3ef04,variedades,46,589,2,450.0,16.0,12.0,22.0
8901581464c0fcdb80194ba0fad7e559,esporte_lazer,31,914,1,500.0,18.0,14.0,18.0
de11bf385785a97ca03b274d98373c76,ferramentas_jardim,54,350,2,2700.0,22.0,14.0,22.0
8d8873c048c8f81781d339a726ec38dc,moveis_decoracao,58,231,2,5150.0,27.0,32.0,27.0
f6abeebe478d565e5e58a5fad0fa60b4,informatica_acessorios,56,537,2,945.0,25.0,14.0,33.0
2f0f230a6d1c2189c346d0992df870fa,artigos_casa,60,607,1,6550.0,30.0,30.0,30.0
da8b72e46537fe5af3ade4bc6120f05c,beleza_saude,53,168,1,100.0,16.0,12.0,12.0
fc5888c7df7361d2582b2fd195a827eb,artigos_casa,51,302,2,850.0,37.0,23.0,35.0
bdb0adfd465b18548a50bafc2a8e8ea6,brinquedos,52,922,3,1200.0,50.0,15.0,32.0
54860a1533edf6c65d974441713ead8e,beleza_saude,52,1635,1,200.0,16.0,13.0,13.0
5dcdc6c08c7108e2f8e64c65ae092c80,esporte_lazer,49,366,1,400.0,16.0,16.0,16.0
f6129fe69e08f8a94a3ab1e72d9394b6,beleza_saude,44,299,1,867.0,17.0,27.0,16.0
fdde5bfe43004cc06f12152870b951f4,perfumaria,37,1470,2,475.0,20.0,16.0,16.0
b5c4801466295e45d80d659858124b4f,bebes,56,1291,4,7500.0,32.0,77.0,49.0
d97f2d7642b06661e99578b3455f5d58,utilidades_domesticas,44,883,4,350.0,17.0,12.0,12.0
ba1446377b3e8fb2c3ec8c7b59a0d9ba,moveis_decoracao,53,982,3,400.0,28.0,9.0,18.0
ed5726c8183554422f610ef95fa19744,beleza_saude,54,1018,1,363.0,20.0,19.0,19.0
7d88b5bdd4a526aef4368cc593209f42,ferramentas_construcao,50,177,1,617.0,21.0,10.0,21.0
4142011fdc688f90a55e3101fcd43e2b,variedades,32,567,1,203.0,15.0,15.0,14.0
c62bc42d383a40b285eee3f95240c817,artigos_casa,56,2536,2,1800.0,43.0,8.0,33.0
89427567da9c9b075c9dca131535104d,brinquedos,45,111,3,550.0,50.0,10.0,25.0
5b6263339240fc2b980849790e450c70,telefonia,54,1006,1,150.0,18.0,6.0,12.0
9d2ff462feaaf88912539b8647e17ab4,informatica_acessorios,42,315,1,813.0,32.0,16.0,16.0
437773d07b1edcb634d4f4a2ad377be2,bebes,25,334,1,300.0,27.0,2.0,16.0
6711154203fd685dabc8bf121fb9fde4,utilidades_domesticas,49,661,4,2075.0,46.0,14.0,26.0
e1f3f6e6cd65169825945c5d696f568a,perfumaria,36,177,1,400.0,16.0,7.0,12.0
42b0078ac04ecf8c99c00602edceebf5,eletronicos,50,153,2,100.0,16.0,6.0,14.0
3ee59eac7a0e259bb24ce5270d0bc901,fashion_calcados,57,655,3,1050.0,18.0,8.0,20.0
b4d9c32c307674e72fe46c424e3d4824,telefonia,48,649,2,200.0,19.0,4.0,20.0
c3e4984fcd36ab7d67ec30a89f745113,automotivo,44,1223,10,2300.0,40.0,35.0,20.0
5287ecebd08b76050b10cc7cc75ae0ea,automotivo,52,1416,3,150.0,34.0,3.0,17.0
ac59913424838af366eb7b8cd73a4bcc,utilidades_domesticas,54,723,3,6900.0,37.0,30.0,30.0
47bc2406d0edb0a2ac3cee99de9eec1b,artigos_casa,58,273,1,3550.0,45.0,15.0,35.0
5b72869222be7f5cc7329bf74f01f6bc,utilidades_domesticas,36,2208,2,700.0,31.0,14.0,31.0
0f293868e6ee0f67892919e9ca2f83d7,artigos_casa,60,559,2,610.0,31.0,6.0,29.0
c77b6d877cddcdb6bdc51621056bad6c,automotivo,43,181,1,83.0,17.0,6.0,12.0
8a2fde854a6f41aae89ce99303a847e8,esporte_lazer,25,3679,2,150.0,20.0,10.0,15.0
7899001d8d8933d11d0f18ec5943f79e,variedades,,,,1000.0,29.0,11.0,14.0
43d6624c213f21168ead351def0ad36a,automotivo,58,2075,1,3000.0,42.0,19.0,25.0
87805e636e977dafc7329bb3c4a383d6,utilidades_domesticas,60,1047,1,525.0,18.0,22.0,16.0
0db0a25da8420d8e6d918b552c3c4891,telefonia,33,145,1,100.0,20.0,20.0,20.0
5457c026a643626249213e1e39c31d10,perfumaria,52,980,1,463.0,19.0,16.0,18.0
82ed1009173f99aeacc5499e24e9a7a0,livros_interesse_geral,31,261,1,300.0,20.0,10.0,30.0
2367a519f69c9163cb6261bd2ce42ad4,pet_shop,50,401,1,275.0,29.0,10.0,34.0
ffce5ed9e0bcc2e46796b988cdac733b,consoles_games,42,1266,4,600.0,20.0,15.0,20.0
4a36fade797dd8d05c7c1398dc0837d3,telefonia,43,416,3,100.0,19.0,3.0,11.0
bcb82afcf8487918f4a49822c96634e3,informatica_acessorios,55,418,3,250.0,23.0,16.0,16.0
64976272fa76578e7bb56f6d6d942ef6,seguranca,58,1859,3,150.0,17.0,7.0,17.0
3a806ac1ab98107febb4ffcf38bc1fac,bebes,53,704,3,4750.0,60.0,20.0,50.0
592ff96534d1910c18025cee34d5c8de,eletronicos,60,517,4,200.0,16.0,6.0,14.0
48b68cf8eebb10e4dbf1b1ba6cf00107,beleza_saude,31,2737,1,150.0,16.0,5.0,11.0
731f32f46216108c900621c487081dcb,automotivo,49,683,3,1000.0,20.0,20.0,20.0
7721582bb750762d81850267d19881c1,artigos_casa,63,837,1,1400.0,43.0,5.0,30.0
2332f34b4b3eb82c326126ed5eef6478,beleza_saude,49,647,1,1800.0,30.0,20.0,15.0
3fd5f09fc9d1c489bd94669464077ede,papelaria,47,198,2,50.0,24.0,7.0,14.0
19b602119b7d4c2ab21b0fe1b4035c2c,moveis_decoracao,58,617,2,450.0,45.0,4.0,35.0
e87093a08e761c9fbf7dd461227f66c1,artigos_casa,57,171,1,1100.0,35.0,15.0,25.0
8aba3ad68202f2aeee71c889cb67c9a9,papelaria,27,852,4,1750.0,53.0,4.0,43.0
a0b0fad03e38e8e5d6d94e229707f2ef,informatica_acessorios,50,413,3,150.0,20.0,20.0,20.0
1d65224f1873af4a773096f47b5f6727,relogios_presentes,58,1258,4,300.0,16.0,12.0,12.0
94db494032587f32dcb342c9a808e8e3,moveis_decoracao,58,330,1,800.0,50.0,20.0,20.0
b948a6dd0adccdcf3ea81888bf678924,bebes,47,791,1,850.0,40.0,40.0,12.0
a7868f5ae25dcf473c8997f82cfd06a3,esporte_lazer,49,210,5,150.0,20.0,4.0,15.0
64c4be74246020cfdc5124eb48c75f10,relogios_presentes,51,510,2,440.0,19.0,13.0,15.0
a79ae5e76295aa86fb2a41afaa708074,brinquedos,32,479,1,250.0,27.0,11.0,21.0
1b9fd1e2ba8bf3e4249ee0c838893e4e,artigos_casa,50,479,1,1100.0,48.0,8.0,39.0
4a37fea9a17c3cb688dc22802a698a80,variedades,53,1187,4,1400.0,30.0,4.0,30.0
2ae5ed1d99afbb14a8b24041a81df16b,artigos_casa,43,324,1,1450.0,37.0,9.0,30.0
8dad29b3b6c42d0b966e5ea7b5498132,consoles_games,56,700,5,1325.0,26.0,8.0,14.0
184908160c13d25f992d86d43cba2e90,telefonia,38,654,3,50.0,20.0,4.0,11.0
4167a7ae0930579d1f27d465a1a042f0,beleza_saude,60,919,1,150.0,22.0,3.0,15.0
b250756c5f34998033b1811801686a0c,utilidades_domesticas,26,330,2,1840.0,90.0,4.0,43.0
abff09d5c554ab5e3c1180a55635dca3,pet_shop,21,1811,1,900.0,30.0,33.0,30.0
00e41fb1706dc56cc3bbdd2c1d6df362,moveis_decoracao,55,314,1,500.0,40.0,15.0,40.0
64cc57332d82d99ae365b4f5f1048bd0,beleza_saude,53,866,1,300.0,20.0,7.0,15.0
06c76e2e852ec1ce0e14ca8f221f361f,consoles_games,53,149,1,100.0,20.0,3.0,15.0
16c1c1a3dc1ddc2fd5e32ae7fe616b0b,artigos_casa,52,202,1,2800.0,43.0,8.0,36.0
108e8b1d89ab5ff933c64882c075dcab,beleza_saude,43,1023,1,390.0,19.0,18.0,16.0
e42ad1ff7ad0843110435858ec10a2c6,esporte_lazer,49,1236,2,28450.0,65.0,105.0,25.0
9e33c417f7f6ba6c1212d91ccbfbe2f5,artigos_casa,56,642,1,1100.0,20.0,20.0,20.0
76706412ce5e2ae50ebcd57177232861,telefonia,58,1263,1,150.0,19.0,5.0,11.0
ed22e5834e262559c99d7b0975e1032e,artigos_casa,42,478,1,800.0,20.0,20.0,20.0
7e97894cc00196a56d6ec315c68b2353,esporte_lazer,20,420,4,3300.0,78.0,20.0,38.0
1631507f13bd83d2f01e4fea424c852b,variedades,,,,200.0,16.0,2.0,11.0
ebadaf46edd2849cbc47c97f99543604,relogios_presentes,55,170,1,125.0,18.0,11.0,14.0
39cdb64dad488a6037d828d1cd514255,casa_construcao,60,890,2,300.0,28.0,9.0,18.0
d5d90594fb788acb2a213520f8fdef09,fashion_bolsas_e_acessorios,58,571,5,100.0,17.0,9.0,17.0
52a6f1209208ec0513d69482286f21db,moveis_decoracao,29,193,2,800.0,16.0,14.0,14.0
cdce55fb5fbe6b24f00f27364a8afde3,bebes,30,1219,1,1657.0,41.0,23.0,42.0
199edc405b7080eeba36e77ef66d1ea1,telefonia,56,2844,3,1900.0,21.0,21.0,21.0
0d3343f683310b281c291419d96c8132,esporte_lazer,49,434,1,948.0,49.0,12.0,28.0
c765fb286266d05deb16689631d841e1,papelaria,53,251,2,700.0,37.0,6.0,29.0
f59b09413cef2d29c4399a4216bb92a9,fashion_bolsas_e_acessorios,31,369,4,200.0,16.0,9.0,11.0
8f0ff18b3c249ca69a6a4c6571e38335,artigos_casa,60,436,2,1150.0,35.0,10.0,35.0
ed996a90597b8541c387ce93622ac44c,automotivo,59,833,3,50.0,24.0,2.0,17.0
20e04dcc7b37710b6fe52237cbe2a274,esporte_lazer,59,1271,2,3150.0,20.0,20.0,20.0
cdffe00d071bd489fb4fab5cded4a5a2,bebes,59,121,1,1900.0,39.0,16.0,40.0
4d7fee7877228c1497477ae53d97c214,ferramentas_construcao,28,409,1,8650.0,44.0,14.0,40.0
dbe30cd7571498ff45963ea671014c6a,artigos_casa,54,463,1,350.0,16.0,40.0,30.0
33fb5f691f9219b5d60d856191aea6a4,bebes,52,653,4,3600.0,36.0,40.0,33.0
9a1671211dbf49fd18dd1bd16cff632d,relogios_presentes,34,176,1,400.0,18.0,12.0,18.0
668c1d83312f239e50994fbb06aeb4dd,relogios_presentes,54,696,3,305.0,17.0,12.0,15.0
91b9cfd0719e34084376b88cada067b7,beleza_saude,54,571,1,200.0,25.0,15.0,15.0
a1efabfd513c691eeb2650e5f04e5cb6,esporte_lazer,42,779,2,600.0,16.0,23.0,11.0
b6c8f14b68f929e88c57afd30d88c7e5,informatica_acessorios,63,959,2,225.0,16.0,23.0,19.0
2929be0cb603321a26091c3f376d52df,moveis_decoracao,35,272,2,450.0,16.0,26.0,14.0
ea5650a1a8c12b9348a0cefff6fb1d24,variedades,57,629,1,750.0,42.0,25.0,15.0
39c077875cf3aa49a65aabe97ea0c0d8,informatica_acessorios,31,530,1,800.0,16.0,16.0,16.0
fdc52cfa6830ea1f04bc31c0939b2357,audio,52,1125,1,300.0,16.0,16.0,16.0
630e1e89b84dc36567deec47c7e373b1,fashion_roupa_feminina,36,754,2,600.0,16.0,2.0,20.0
c7eaaf164fd5631e52cd54268c113edd,ferramentas_jardim,51,658,2,267.0,17.0,14.0,16.0
51f69f174d94a288c7c6d03095ccea9b,telefonia,57,364,1,150.0,22.0,7.0,14.0
9ab61676eb915c81c3c893adca21364c,artigos_casa,56,184,2,650.0,60.0,10.0,50.0
bad4b094223996122f7ac8348faca465,fashion_bolsas_e_acessorios,33,338,2,100.0,16.0,10.0,11.0
1528d0673079ce2d79d29753b800d76e,beleza_saude,58,790,4,800.0,20.0,7.0,20.0
26e4016b8946bc71f7294154866226df,informatica_acessorios,31,1078,2,150.0,39.0,2.0,30.0
cae79e3b5c787c231543fa415a20b5cc,ferramentas_jardim,36,2213,1,350.0,45.0,45.0,12.0
bdc1cae635cc5a6a09d9481495b890c6,ferramentas_construcao,52,507,3,350.0,18.0,23.0,18.0
462a59e8ce95b0cb4df207fce782648c,livros_interesse_geral,37,1080,3,500.0,17.0,5.0,28.0
f6fa93875f4a7dac03e0a22143f4d815,artigos_casa,37,212,2,450.0,25.0,9.0,19.0
be4daa163f6e100a73d7cddcf2a4c4de,fashion_bolsas_e_acessorios,29,194,3,50.0,16.0,2.0,23.0
5a49f099263e18cab64382c04cb76883,relogios_presentes,35,538,1,467.0,22.0,13.0,17.0
e43443a05db61acfccaca5876b804ba7,variedades,,,,500.0,30.0,19.0,18.0
88d4861333d5a570ffdfc395e90d929d,informatica_acessorios,43,492,1,200.0,18.0,9.0,16.0
7cfc7d7ac63cfc985e69de48664bc07e,relogios_presentes,43,569,1,450.0,16.0,16.0,16.0
e9b92b46e76deca9e27acbb0b6c170fa,esporte_lazer,37,305,2,550.0,16.0,12.0,11.0
5028e33329174553ee04adc728f3e918,pet_shop,52,503,1,19800.0,74.0,40.0,40.0
74fc0f00f12925f590846cc41144df80,pet_shop,56,1276,1,150.0,20.0,10.0,11.0
199a45cf96d7240df6c364154d370a5d,artigos_casa,56,609,2,6050.0,50.0,18.0,40.0
2338a290bd0581fde51b770baeddb0a6,artes_e_artesanato,49,571,1,4800.0,40.0,10.0,30.0
17636e3c15333148e25253db631a2d7d,fashion_esporte,54,487,1,450.0,20.0,20.0,20.0
436bc964ed67950b4956ce42cda4b350,perfumaria,40,975,2,83.0,16.0,11.0,13.0
aa74ebe862c9061d4272681810675a01,esporte_lazer,43,1236,1,1500.0,21.0,26.0,21.0
e20be15ef3888b958c8a76a2f0edfc25,variedades,,,,400.0,25.0,8.0,11.0
0884a967f6a45838a8fa6cec1c74cf2f,artigos_casa,58,373,3,600.0,28.0,6.0,23.0
805967bd91579942b3caac4ebcc39a54,artigos_casa,37,167,2,400.0,25.0,9.0,19.0
5336e9f40a9319a44392237298533904,artigos_casa,43,352,1,1400.0,45.0,11.0,11.0
ff4f5b008c32f80c3f952b2b56a28e04,brinquedos,43,640,2,1600.0,38.0,26.0,40.0
67810bda0db346d0eee1ac3c6314af35,artigos_casa,55,476,2,1650.0,48.0,8.0,39.0
1c2862e8f831c73dd953c24b3fd5b9e2,moveis_decoracao,60,120,1,600.0,18.0,30.0,15.0
b3132d56d4953f40e977e0534603e148,esporte_lazer,57,787,1,3100.0,30.0,42.0,20.0
1b58ea6b563c9841db97e6923d18cc69,bebes,38,1207,2,7550.0,42.0,25.0,15.0
9095a5b548eb913258279d5aea381643,artigos_casa,52,634,4,1150.0,40.0,30.0,20.0
59c2f10b8a2fb03ed30afa9bb77c9b9f,livros_importados,57,391,1,750.0,30.0,2.0,20.0
f4f8823fb84272f90fd1311532effb71,eletronicos,44,196,2,150.0,16.0,12.0,16.0
ede30543a08093f6211aae6c721fddc3,utilidades_domesticas,56,805,1,350.0,22.0,10.0,16.0
56cd306d7a869c029cd2f165e4dc928e,automotivo,58,341,3,150.0,24.0,2.0,17.0
4bc35700c98f8213fe67fa61ebf4c811,fashion_bolsas_e_acessorios,50,554,3,600.0,16.0,5.0,11.0
e6aa64e6ca59df52c7bd02829516f6e4,esporte_lazer,58,2243,1,1400.0,20.0,30.0,20.0
c1af2dbb7ddaa89a57094a6fde7578bf,beleza_saude,58,619,1,900.0,36.0,51.0,15.0
0b7fb806fe0194cc7eb473329c680e34,variedades,,,,1000.0,28.0,11.0,28.0
ee9d3ff88f7800b3144967778bb000de,artigos_casa,59,765,1,1150.0,25.0,17.0,35.0
761989673935a5d17b8ea130576beb2a,livros_tecnicos,55,3854,1,400.0,26.0,2.0,19.0
a2151451d8c68ef83187a295422a8334,moveis_decoracao,59,1749,4,950.0,65.0,3.0,45.0
02f875bbe513c98bf25188a84b42dd39,moveis_decoracao,29,206,4,500.0,19.0,12.0,12.0
d67c3a409aba425d0b60555276bbefd5,artigos_casa,56,382,1,300.0,16.0,10.0,16.0
4228948b18fa440eee77ce59e7051853,telefonia,55,712,2,200.0,20.0,20.0,20.0
541e61e8b040cedf91222bb991955748,relogios_presentes,48,111,1,316.0,17.0,11.0,12.0
21f3c02a56cb1c530fd3c87a858c562b,relogios_presentes,54,631,2,260.0,17.0,12.0,12.0
21a53da27d4b830f32f475a09f0bd54a,artigos_casa,57,247,1,1500.0,45.0,15.0,35.0
63bff8e34e5c639696856394be9a9ac1,papelaria,45,209,1,800.0,16.0,48.0,33.0
5e544127b9716110dc0cf017218896c2,beleza_saude,50,1953,1,2000.0,28.0,19.0,21.0
ce5a5a85a0704113bd7fd75b3fbaed71,artigos_casa,30,115,1,733.0,19.0,12.0,18.0
9fe172fa8e662ca8572cf12abf8bce23,fashion_bolsas_e_acessorios,36,412,5,150.0,16.0,5.0,20.0
f100f4ee5e2b55d163a3f7c300c24d26,beleza_saude,47,483,1,417.0,20.0,9.0,13.0
a412e6de2f924b291fcd8911e0f25eae,brinquedos,20,345,1,760.0,30.0,28.0,21.0
7e4453fdebc830f4198332526054960f,moveis_decoracao,43,1981,3,6600.0,70.0,4.0,55.0
3d514fecadf6cef40a2a32a3c20cd1c8,brinquedos,46,1533,6,350.0,25.0,16.0,16.0
0383c4d17410e421f6a8b905fb9adcbc,ferramentas_jardim,53,1254,2,2700.0,43.0,15.0,15.0
f288cae3916218ec01f708d093b29d4f,ferramentas_jardim,59,557,5,150.0,20.0,5.0,15.0
188726239018149882525f46706b9bd7,relogios_presentes,50,639,1,6213.0,22.0,14.0,16.0
1c7bf92052619cc8b84907741fd0cedb,esporte_lazer,45,691,1,185.0,18.0,15.0,15.0
44d53f1240d6332232e4393c06500475,variedades,,,,200.0,16.0,12.0,11.0
2fb9e46750ac55362f7b642f12b5835b,informatica_acessorios,28,804,2,100.0,16.0,6.0,11.0
91fd85f0ce4e46aba09a5777469f4127,variedades,,,,250.0,22.0,14.0,14.0
8734d9a13b93f1f8addd0be7c53b6928,audiovisual,38,674,1,1000.0,20.0,16.0,14.0
fd3449bd706d46a7196d18bbd38b32f4,eletrodomesticos,60,410,1,640.0,22.0,24.0,21.0
c664fefd1535d526b427ea18dab22bd3,utilidades_domesticas,54,481,2,650.0,25.0,16.0,17.0
635c4d1abbc47f87a51cec367caeccdf,fashion_bolsas_e_acessorios,52,566,1,100.0,22.0,2.0,19.0
0c61745b90fbcbd2a7ac7d3cccde8776,beleza_saude,50,140,1,600.0,20.0,6.0,20.0
04be6baed9b1c67197a4b2dd2f5b637c,moveis_decoracao,59,468,1,1500.0,30.0,5.0,20.0
c63ea4621680c1b0fca8864c0564bd78,informatica_acessorios,57,918,1,625.0,25.0,8.0,23.0
70ad1cce006c26381f72387a1cdb2bf6,informatica_acessorios,45,2495,1,2700.0,16.0,45.0,20.0
8d117b157de0b1a41b75de2833fd4f6e,consoles_games,55,1683,1,625.0,21.0,13.0,13.0
4ba4b0ac2133ce048ceedc2355bec253,moveis_sala,52,848,2,10550.0,60.0,15.0,45.0
6abe34a6ed575743a8803dd6dd7ee5cd,moveis_decoracao,52,1802,2,1100.0,65.0,11.0,20.0
fd7d446e2582c5bbc8be63f9179e98ac,pet_shop,45,414,1,150.0,23.0,23.0,23.0
92b82f3b6d4670bba0ae207094f1d226,moveis_decoracao,45,96,2,10100.0,60.0,10.0,40.0
abe90b94fe9bb697a9f2bd7e25029c2f,audio,44,885,1,1360.0,28.0,21.0,24.0
8a26f391ab8b209f67d87dd358f6f004,variedades,,,,2200.0,24.0,28.0,24.0
dd231637766e756fd1cf2fd80501fce1,fashion_roupa_masculina,57,222,1,750.0,30.0,10.0,28.0
21c080d8ac76a1d2b095d6353864a24f,moveis_decoracao,55,884,1,20550.0,65.0,25.0,25.0
72d3bf1d3a790f8874096fcf860e3eff,brinquedos,57,341,2,583.0,20.0,21.0,20.0
e9ceb9123d3103b7ad293c168dd3a547,artigos_casa,46,333,1,6410.0,50.0,26.0,44.0
871760e304a33f81d67fc135d2c437ac,artigos_casa,58,2473,2,1950.0,43.0,8.0,33.0
ae8075d523c78e51b70c30ec84497683,esporte_lazer,51,1589,7,500.0,23.0,4.0,13.0
7983db6d188350c1bd47183bb7fb0049,moveis_decoracao,47,523,4,7400.0,40.0,38.0,40.0
724108b75f8ef4c9984daac0dcadc482,esporte_lazer,56,422,1,125.0,15.0,9.0,16.0
fcf8767deaa2d325a3150d5bcb8acbea,beleza_saude,43,812,1,350.0,19.0,12.0,13.0
b516bcd976124fe39effaa262a2d295c,informatica_acessorios,44,648,3,217.0,35.0,7.0,29.0
8820ae0ed6d06aa20f6ff430acb8651d,bebes,59,2270,2,450.0,69.0,11.0,11.0
bc072f287b475a918c00b3478d1bcef9,automotivo,55,3479,4,2500.0,21.0,18.0,16.0
027e1564c58eb02f39089b2b1f28d5e0,fashion_calcados,57,404,4,1400.0,22.0,12.0,33.0
b10d71016458b5278240f4ff330f5d3a,eletrodomesticos,59,161,1,150.0,18.0,8.0,13.0
97b3b8e8ed22d0ceb3b3c520e806a334,eletronicos,40,395,1,200.0,22.0,14.0,17.0
758eb93d6519618b22b2721413074847,artigos_casa,40,1555,5,1650.0,30.0,18.0,50.0
6bb18295cc019bf3b6dc7c773411d530,artes_e_artesanato,47,1002,3,1900.0,19.0,16.0,16.0
3f879754671b3c5cc288f787246b10a1,fashion_bolsas_e_acessorios,55,951,2,100.0,16.0,6.0,13.0
22633013199a5fbb2c0094a6e2802386,brinquedos,53,31,1,600.0,25.0,30.0,20.0
3c025396e63ff6925a3b68781e8b3456,instrumentos_musicais,50,364,3,100.0,16.0,9.0,11.0
a7216be504e1ff211b67479ab193a552,utilidades_domesticas,42,886,3,5200.0,50.0,23.0,27.0
3631b85819ccd66432f8e4b5fb568cf2,utilidades_domesticas,33,311,3,150.0,16.0,9.0,11.0
c43b672f48eaccbecc94cdf6b4f53485,beleza_saude,32,386,1,150.0,20.0,10.0,15.0
c224f464aeeb2c6af33f0682a181efa7,utilidades_domesticas,60,1809,1,12600.0,16.0,2.0,11.0
f2d362fbb792bbe0233ab254111eca4e,beleza_saude,42,811,2,800.0,34.0,15.0,38.0
731509faf04a1b5119c24cc34f0d790e,perfumaria,51,1003,1,550.0,16.0,16.0,22.0
45d632f44d8cf0d14da29f0bb204524c,moveis_decoracao,22,1730,2,1000.0,16.0,31.0,16.0
cd9e2444207cd970011fe53c19d72caa,moveis_decoracao,56,196,7,550.0,29.0,16.0,14.0
5f315c482ee138f3766f5a9169f16ba6,relogios_presentes,51,499,1,250.0,16.0,11.0,11.0
71e2b3f30ba90c0eeaf3d43ec349ca8c,beleza_saude,57,416,3,500.0,16.0,2.0,11.0
a142a106133a43bc55573a6a77be9d57,climatizacao,55,1081,1,300.0,20.0,5.0,16.0
0df08d9f73f6c9aece41672e5f3c9cda,fashion_bolsas_e_acessorios,34,272,2,200.0,19.0,3.0,17.0
75a320dd19d196149ee1514926d97bff,instrumentos_musicais,33,394,4,400.0,16.0,8.0,12.0
7b1f8f93b6f8c691bb739451774f07b0,automotivo,52,1009,1,600.0,20.0,20.0,20.0
867860cb9f8724722b424497dfe1d491,artigos_casa,48,805,1,1100.0,20.0,16.0,20.0
f2b264b1a4602b87d64eebefc899c1d0,ferramentas_jardim,42,790,2,1000.0,30.0,15.0,30.0
9cfca0dc6dd43d12b7de84a5e1e0a429,artigos_casa,33,237,1,750.0,39.0,3.0,27.0
c925e3dea45558e88442e52f0cf3d7e9,automotivo,56,919,5,200.0,23.0,3.0,16.0
24d746a5965b583493871d11f75b1068,instrumentos_musicais,30,435,1,1000.0,40.0,40.0,30.0
b891c682fc2f37ea421cd3bf2f4fcd00,utilidades_domesticas,36,166,4,450.0,16.0,25.0,11.0
755073cc68bc18919f48e8544dcd73d7,seguranca,45,614,1,1250.0,17.0,32.0,29.0
29d405763934f77ce87d3cdad21b7805,beleza_saude,58,2110,1,2000.0,33.0,25.0,33.0
e2f714fbe2ae1f8ef2d9827295ddc972,artigos_casa,56,609,1,550.0,16.0,10.0,16.0
947c79ffdc05997e940df6e00bc8a82e,beleza_saude,20,79,1,204.0,18.0,18.0,18.0
9c4a4597e2a9508d9e9f329fb27650b8,relogios_presentes,54,1916,1,600.0,18.0,9.0,15.0
862112f0c6327bdb9d1c52176ce1d482,consoles_games,51,600,1,200.0,19.0,4.0,11.0
51d6e4daf9bf0f6a2920a4bd23be3960,telefonia,44,649,1,804.0,17.0,13.0,14.0
78e780df15a8af21016b07b8f03b8904,beleza_saude,45,337,2,500.0,16.0,18.0,11.0
cf9acdb2a4cecac3bd28a9a3e7bbe615,automotivo,35,923,3,15850.0,56.0,15.0,15.0
0645b477d9a79945e55ec6be1605b5a0,brinquedos,13,452,2,1200.0,40.0,28.0,28.0
b5fd066805e6dbd581736d37d6313bb3,moveis_decoracao,56,2043,5,3000.0,69.0,11.0,11.0
d23f2f3a0d52d3cb9effc0e11bae4bff,moveis_sala,57,469,4,18700.0,50.0,65.0,50.0
4b5e26931a0b0d3a690a3f520329a975,esporte_lazer,57,1161,10,9450.0,85.0,10.0,33.0
e93a471ae7f8acd97e41203e59a434e6,moveis_decoracao,40,418,3,1525.0,39.0,15.0,15.0
8dfb62dd226c4b734e5a51fc114de949,moveis_decoracao,54,1120,8,2000.0,40.0,40.0,11.0
0f370babdc8148e1dd9d4bfc3235982a,relogios_presentes,57,312,4,200.0,16.0,2.0,11.0
4deb009c36a910076a023947a7929201,consoles_games,51,936,2,157.0,17.0,8.0,13.0
99261353f5a1325e45c9f6e6c81ca0f3,eletronicos,57,150,1,100.0,17.0,8.0,12.0
528f7f36cb42efa01708315b00ced778,moveis_decoracao,54,1959,2,3000.0,69.0,11.0,11.0
582c166bb305eb330d28695a084720c1,moveis_decoracao,51,520,6,11750.0,53.0,42.0,38.0
4105d1e0439f5f75b5da2a645905d747,brinquedos,37,1192,2,900.0,20.0,20.0,22.0
300a260403e9dddec957d7f272faf20e,artigos_casa,55,597,1,815.0,16.0,50.0,40.0
e3f7b3cbb0ccf1f1e361e6974b22e346,artigos_casa,56,608,1,650.0,16.0,10.0,16.0
e952feb7c657aae141c56f208088d511,variedades,,,,600.0,16.0,30.0,11.0
98f129cbe241892b96fca3363f2caed4,seguranca,59,2112,5,300.0,17.0,7.0,17.0
210927ec4e766c525d07a1c17d4bb578,papelaria,49,414,1,150.0,20.0,20.0,20.0
3c949f7dabf571691248f935a0063fbd,beleza_saude,49,787,2,150.0,20.0,10.0,20.0
918f54d64e36db4f2560c49199e64e12,informatica_acessorios,60,335,1,150.0,16.0,8.0,11.0
2d1a8b45479472a709ff5e6be0f1341f,moveis_sala,55,1569,3,29600.0,50.0,60.0,65.0
7aafb113cc4cdd6f842135ceb2ba4b50,esporte_lazer,53,806,3,1950.0,25.0,45.0,25.0
8019fbe8d40bc84f08ced347ed6908d4,moveis_decoracao,63,186,2,13700.0,100.0,7.0,90.0
8b100f92b312e18e03f0ee8f0c0011bd,fashion_roupa_feminina,36,886,2,200.0,16.0,2.0,20.0
089245791e0895da94a8791bd68a2085,automotivo,57,176,4,150.0,20.0,20.0,20.0
1b930f20f389f3e3d057b9e3e85ca83d,variedades,,,,600.0,38.0,5.0,27.0
994e65eb77f3501f497e7fd860b0ea9e,ferramentas_jardim,53,1725,2,1000.0,33.0,14.0,14.0
9bfc55df037ce3ac01bfd84781adf7e5,audio,45,1654,3,530.0,19.0,14.0,15.0
70358ca9f95694a2b9e41eed6edbd7b3,informatica_acessorios,22,716,2,150.0,36.0,2.0,28.0
cb1b037c120d9dad45d63a2723e46f18,malas_acessorios,46,1134,2,7700.0,18.0,64.0,40.0
5317ab3252cac4ab9097bcf38a826663,informatica_acessorios,60,1121,2,5400.0,44.0,44.0,24.0
465b705779143ae0e43048b1a25007a1,informatica_acessorios,19,189,1,300.0,23.0,5.0,15.0
0e7467f597732a74c1f98f7703117626,beleza_saude,49,787,1,50.0,16.0,11.0,16.0
9c5cec867c62c0ec4674b002eb1c3e0c,eletrodomesticos,33,94,1,15875.0,54.0,46.0,32.0
8814548104f71bb92ca911ffbe3fcfca,instrumentos_musicais,50,673,1,1850.0,25.0,10.0,30.0
711032db75fae9c76c17020aa359a99d,telefonia,34,875,2,296.0,16.0,9.0,22.0
82c3ea364e5480f335f6743ee725a921,informatica_acessorios,58,419,2,275.0,16.0,5.0,20.0
cd6141650f23cd9f6bd573a52d7af39a,moveis_decoracao,52,540,4,1100.0,30.0,20.0,30.0
63888810573fd78e60644cdf803cd2fa,esporte_lazer,59,320,2,100.0,16.0,16.0,11.0
5ccdfc35d9cff8db4fa46b83d5712899,pet_shop,30,764,1,15700.0,81.0,19.0,60.0
6ac3978babf6ca76087369391bb6ce5a,utilidades_domesticas,22,930,2,1683.0,25.0,22.0,22.0
8528c3cdea861b628e7628da757ba5a7,automotivo,52,148,1,300.0,16.0,5.0,11.0
6deaf130a6ca84c4f96de7804880660b,consoles_games,53,509,2,1000.0,20.0,30.0,20.0
69ae89e3948c9332822d27357a23b014,fashion_bolsas_e_acessorios,44,466,15,800.0,20.0,10.0,20.0
3c839ed874f2e0444a38bfc8daf5ad5e,utilidades_domesticas,57,1379,4,9550.0,29.0,66.0,29.0
9fd8c99aa3c0ce6aa140bc8cce4ce462,utilidades_domesticas,53,439,1,1250.0,23.0,26.0,20.0
0ecad0adea69d2b6331c84db4876d15f,informatica_acessorios,63,423,2,250.0,25.0,5.0,19.0
403f76f6cb6bac59fe7dcb462ec42ac3,moveis_decoracao,48,184,2,1100.0,27.0,18.0,27.0
6e7068f054aef49b1900247c5c1b752b,automotivo,57,1087,1,100.0,20.0,10.0,20.0
5eae236b07a8c5db6299c7f9c3ba2e6e,alimentos_bebidas,60,567,1,200.0,33.0,21.0,27.0
74706845a60b5ad457b7fa501aca8b93,variedades,59,1309,6,11000.0,40.0,40.0,40.0
e919bdbe0314f5cef7d86707f9d89c1e,utilidades_domesticas,39,412,1,675.0,18.0,21.0,16.0
110adb18eeba9a0984478ee3c9302e16,automotivo,60,1659,3,550.0,16.0,21.0,18.0
837f3d09b625825bd84bfccb1f51d8be,variedades,,,,300.0,20.0,6.0,26.0
7abbaef823e4f46c3658df45933a06ae,utilidades_domesticas,55,591,2,1600.0,30.0,30.0,30.0
54a0f3e8ca45ad0d439759eda20c864d,telefonia,59,2989,6,250.0,16.0,16.0,16.0
374ec50a47f4522268202535a9b0e821,telefonia,55,463,2,200.0,19.0,4.0,20.0
c697e67e0129d1836951f781a913cb4a,artigos_casa,57,557,1,650.0,16.0,10.0,16.0
f79e80cef766188c58d8231218a2ae3d,moveis_decoracao,56,1497,3,1550.0,105.0,3.0,70.0
c0747e098550ba48a597e31baf37f519,pet_shop,48,1533,1,500.0,16.0,5.0,11.0
e9beecfff0ff694e24d6e8d18c855fbd,brinquedos,60,510,1,275.0,20.0,7.0,13.0
58f1f70c378b16f78eff44c7104aa772,esporte_lazer,53,985,3,1400.0,34.0,16.0,23.0
550879cea3c81b3cf707362060e4fa0d,beleza_saude,45,797,1,300.0,18.0,18.0,18.0
140864d89d0171d33aa847a99fbb1787,utilidades_domesticas,55,943,1,1205.0,31.0,15.0,23.0
fe2f068d3b10f48ac104cd8c8dbcdfe8,esporte_lazer,44,317,1,450.0,25.0,25.0,25.0
e47b2f2b628e82c961a82a68a4400339,eletrodomesticos,59,3725,1,400.0,20.0,11.0,11.0
cf4f52b8f3c906f11d98e8866614f140,agro_industria_e_comercio,54,365,2,600.0,30.0,15.0,15.0
8f5cd67d0e2be158ff1e6c0b841686a4,telefonia,60,818,6,350.0,17.0,4.0,12.0
95dacbf52db1d378303344b43f821cb6,moveis_decoracao,54,586,1,1700.0,33.0,8.0,23.0
7f04dc0b85182744b422109acd2d40f5,moveis_escritorio,31,1209,1,9225.0,53.0,53.0,18.0
b31c4e55a23622a7ed5c0a2db4e43f1b,esporte_lazer,31,213,1,1000.0,51.0,16.0,11.0
c7bcab3a7039340cf46705f43bab3ee2,artigos_casa,60,341,1,1200.0,40.0,7.0,34.0
205448428c05215b1d0bd5c9d2a1ee3c,artigos_casa,60,766,1,733.0,28.0,2.0,23.0
cb07b3df7c64648bbeceb85cacd464c9,ferramentas_jardim,63,955,1,1900.0,20.0,20.0,20.0
9a98180ffbd0765e89f11cc8dd2385f4,moveis_decoracao,63,639,2,1500.0,38.0,7.0,28.0
3cb39171fd36c50097f2dedbbe0dfe6e,automotivo,60,3136,4,100.0,17.0,10.0,15.0
060c584206d08377a1408fd7afc08b0f,esporte_lazer,43,536,4,14000.0,105.0,18.0,18.0
2794308672e65bc5a970a627ddb9b0f1,utilidades_domesticas,39,116,1,500.0,105.0,19.0,13.0
db12ac2c4b6f38f091e197cece7d4a3e,moveis_decoracao,60,718,1,900.0,16.0,16.0,16.0
753531d6b13f62a1aae9baefa606a470,beleza_saude,53,1227,2,500.0,18.0,16.0,14.0
5e72175cdfc45b8211c357f26d5c3b01,artigos_casa,53,555,2,533.0,54.0,6.0,37.0
52fa1c39166d4ec1aaeb465c2e4ed999,papelaria,43,365,1,150.0,16.0,10.0,15.0
53d090c54ee11e8f6ea8cedfcce57519,moveis_decoracao,50,844,3,900.0,86.0,4.0,11.0
c6cd44f8f6b12ff7a20d0b51ff3bfc82,brinquedos,53,1202,2,800.0,16.0,30.0,16.0
0829c25b4a3efca7651f07cd4b8e05bc,informatica_acessorios,52,983,5,100.0,16.0,4.0,14.0
6252b27a90918a7503170102a8b630a9,eletronicos,55,414,3,300.0,19.0,6.0,13.0
65e3848513c9ab70bf542e5d694cf072,beleza_saude,46,1001,1,575.0,25.0,13.0,14.0
78fad3f4efdb56669eb01fbabfe93b44,relogios_presentes,48,252,1,850.0,18.0,12.0,15.0
7970fc94b50ea49cd73d4f2910f2f5c7,moveis_decoracao,63,455,6,7950.0,65.0,7.0,65.0
efa00ca4229c1a9fa813fd0a872cbb1e,perfumaria,53,342,1,550.0,24.0,8.0,15.0
5ff4076c0f01eeba4f728c9e3fa2653c,alimentos_bebidas,28,242,1,2000.0,19.0,38.0,19.0
a4c2f0735962e3bcce149351d387ffd9,esporte_lazer,55,680,1,1000.0,23.0,21.0,21.0
db6065d633b0e40022ef1de6181bd1dc,brinquedos,55,1223,1,450.0,18.0,12.0,12.0
eee06252189d5bb575a31c9672cd67ed,automotivo,59,380,2,1900.0,48.0,10.0,40.0
25c609f360a2c4de3b112e3fd9a16a24,automotivo,42,1660,3,3225.0,39.0,14.0,26.0
797db4aaf1d7db19f13d21423f07b8e1,automotivo,60,1465,10,22900.0,87.0,40.0,30.0
6a869de4b940e2bb63a0f869754a9c34,automotivo,50,1168,2,723.0,23.0,15.0,15.0
55403fdc84a027ae6565b360af50e1ee,perfumaria,59,1128,2,5446.0,21.0,14.0,18.0
067f55bc1dd1107c9be607b643d433b3,automotivo,27,490,1,550.0,20.0,10.0,15.0
638a9114d65182d28b1cf8a99e72d90e,ferramentas_construcao,54,297,1,2450.0,35.0,27.0,29.0
2835bf7dc6f51f7dcd51d2ca3ab60ce9,moveis_decoracao,50,750,1,1600.0,32.0,12.0,30.0
aa29e7cef9f6eac9436c8e91ad9d8190,informatica_acessorios,44,258,1,600.0,18.0,9.0,16.0
061b1614b0e2a54bb06f23af8308b55d,telefonia,60,625,3,350.0,17.0,4.0,12.0
4107643eab592b95cf9d0e376d522aeb,artigos_casa,60,597,1,6450.0,30.0,30.0,30.0
c3f0567155098730c30259bf19b54fdc,bebes,57,345,2,200.0,20.0,10.0,20.0
00c1e6d55fe174bfbb179257255e49bb,variedades,56,1027,1,187.0,17.0,13.0,14.0
b80bd0ecf8c5136d199aa50b63dbaf6c,moveis_quarto,41,538,1,9000.0,59.0,9.0,37.0
40b6762970c412b5b5392cd0d4c006b1,moveis_decoracao,54,694,1,1200.0,34.0,8.0,22.0
8ec34ae48c0cc0ed37d37f31aad47c99,automotivo,56,368,5,700.0,80.0,4.0,11.0
01af6a4592d74b6d41ceeede0bd8b417,esporte_lazer,51,1132,8,6600.0,105.0,15.0,25.0
8ba1c0c3f71e72e2a934dbbb99314d71,beleza_saude,44,717,1,450.0,16.0,2.0,11.0
159afb2051a2a69bcd9a594ce5ed6452,malas_acessorios,37,358,1,950.0,12.0,32.0,46.0
4f017feb2973d563da787c6ac3073b44,esporte_lazer,57,1351,4,2600.0,16.0,50.0,16.0
3f865b4848677595ed67740b3330d99e,informatica_acessorios,57,509,1,375.0,20.0,10.0,16.0
33a8f9ff2a9a41c0c49a24d12e106151,utilidades_domesticas,56,493,4,350.0,20.0,8.0,13.0
c98141af5de0ad24a74753a12a9eb40b,relogios_presentes,56,539,1,350.0,18.0,12.0,16.0
16765bcb7b5644f6fd28a40c0cfa2a97,beleza_saude,39,1220,1,2550.0,16.0,14.0,15.0
bef21943bc2335188429e1638ef99b81,telefonia,24,222,2,200.0,16.0,2.0,12.0
de2505e32f3a22f6b80bb58d798c4ccf,papelaria,27,243,3,850.0,16.0,4.0,11.0
1361837a82c3ee5591e56958e3d89bce,casa_construcao,60,677,1,9500.0,30.0,35.0,30.0
4338d9da0d2fabd85d1f0adb30b2789d,utilidades_domesticas,50,2746,1,250.0,20.0,13.0,16.0
2fa0dd76935b81bb4fe9cc959138758d,utilidades_domesticas,55,438,5,200.0,30.0,10.0,20.0
13a3c6eda5d4bac4227c158ff70f0a8e,fashion_underwear_e_moda_praia,55,487,3,400.0,17.0,9.0,27.0
c8d90cfcce13c0471dc483876a080e87,telefonia,50,599,1,275.0,18.0,4.0,12.0
a35908642db2ef18437c352a421035ef,ferramentas_jardim,58,2130,4,13300.0,46.0,40.0,46.0
a7206a94bef040212c063390c1f2e4e0,beleza_saude,42,327,1,1750.0,23.0,23.0,23.0
957f6d6b55b78746f89e976cba785440,moveis_decoracao,64,1115,3,1450.0,25.0,20.0,20.0
315affd5901833621c947264eb9f2588,relogios_presentes,56,741,2,300.0,16.0,11.0,11.0
c2613aec0520c43e665ff0d037adbfa7,telefonia,37,416,3,100.0,19.0,3.0,11.0
f05901e010ebaa3924276751a35e6004,moveis_decoracao,63,686,1,500.0,45.0,15.0,35.0
5d43da09d9bdd70109b2cccd41632a06,malas_acessorios,58,680,4,1500.0,41.0,15.0,29.0
862f17dc2045dfd49116593f512037e0,fashion_bolsas_e_acessorios,46,731,1,200.0,16.0,2.0,11.0
25e8c983d94d410066929065c0d9cf53,artigos_casa,59,418,1,1650.0,40.0,6.0,30.0
775596b5ab8f1cb5890c7263c1c92bc4,la_cuisine,59,731,1,2200.0,84.0,12.0,15.0
1dddcf66e6d46f1b94005221d92c6eca,utilidades_domesticas,28,227,1,5550.0,38.0,14.0,14.0
84ec53de4608c94e064a22e2840807d2,utilidades_domesticas,59,413,1,1400.0,30.0,30.0,30.0
2f07e976774b91520e17dd3b2dba73c3,climatizacao,60,1428,2,6750.0,59.0,17.0,37.0
691e72a37278e33ac031c3976358446b,brinquedos,53,433,1,900.0,40.0,12.0,30.0
daa5000b84b8bd4a9e8e622f154ac0c5,beleza_saude,48,583,1,150.0,16.0,7.0,15.0
76d1a1a9d21ab677a61c3ae34b1b352f,variedades,,,,550.0,16.0,7.0,11.0
b4763c2caeeac2424b64aa199789b81b,informatica_acessorios,51,812,1,1100.0,31.0,12.0,11.0
64ab807f335fbe6aed126b2b5a094538,moveis_decoracao,63,209,10,1250.0,28.0,9.0,21.0
2c01eb4d04c415d2ddef3a769b61a426,papelaria,60,814,1,400.0,40.0,20.0,20.0
be93f4f9930c70a83456e2c9cb408a85,consoles_games,50,300,2,200.0,17.0,2.0,12.0
28ac6d1bba15836f62a2a4a561aa89fb,utilidades_domesticas,32,622,2,900.0,45.0,10.0,38.0
1e2d91422457309faff377cfb67db149,utilidades_domesticas,49,2812,2,6250.0,48.0,30.0,32.0
b121f98815a33782f552005a2f39c6a1,fashion_bolsas_e_acessorios,42,114,1,300.0,16.0,16.0,11.0
6802aa790a9a2217f0019b44973c8268,esporte_lazer,31,248,2,850.0,60.0,15.0,15.0
3d77287739b6bf1ac163ce2d77570ada,moveis_decoracao,29,233,2,30000.0,60.0,70.0,60.0
2a303002260ff8749ef2a438413895bf,beleza_saude,56,897,1,100.0,19.0,7.0,12.0
fcf4c9a897ae906e5a467ebf4589dffd,bebes,60,262,1,987.0,25.0,25.0,25.0
c571ff0670b81b663ed2dd31338c5ad5,utilidades_domesticas,36,282,1,500.0,16.0,18.0,17.0
69594b9c8acebfbd1bbc19f782680d4c,consoles_games,59,1533,4,600.0,30.0,20.0,30.0
837b5c6df9ceb8a9c604e78fde0e60a2,informatica_acessorios,32,1074,2,250.0,39.0,2.0,30.0
0d94e21c8156ffa3dcb77cb1d456ef80,variedades,50,323,2,50.0,61.0,61.0,61.0
2fab6789523833dd6179314d5c7da56f,moveis_decoracao,41,227,2,300.0,16.0,26.0,20.0
68e6e8fd8c5f5b252b105d00daa9b57b,moveis_escritorio,51,758,1,13800.0,39.0,13.0,102.0
6a56304794f91b7996022b7ce5337371,papelaria,42,157,1,3499.0,29.0,37.0,30.0
331e79a28ee5afbb321a3146653085f2,moveis_escritorio,55,1286,1,10725.0,57.0,55.0,22.0
7d08c685504c66533015d5366856da12,brinquedos,53,346,1,400.0,25.0,15.0,30.0
ab6edd00a29d1e29948284a492497854,eletrodomesticos,56,164,1,300.0,20.0,13.0,12.0
381402fe1e8aa91c45f813615ab5a596,relogios_presentes,60,546,1,400.0,16.0,11.0,20.0
67cf741b2e7fa5801046eeb8b95b8aa8,telefonia,59,734,4,250.0,17.0,4.0,12.0
3ae687254f61c1ee2d53a48299fc2cc7,automotivo,59,1106,3,600.0,60.0,8.0,40.0
cfc37213adcf7bc0a35084f70a312b13,instrumentos_musicais,56,976,2,990.0,30.0,9.0,13.0
c5b6cb0ce3279d64025831b972bf5dee,papelaria,59,354,3,6050.0,38.0,30.0,28.0
00a0db09dc7c94d512ec51900141ed69,informatica_acessorios,57,338,3,400.0,23.0,7.0,15.0
46fce52cef5caa7cc225a5531c946c8b,beleza_saude,48,398,2,54.0,22.0,2.0,15.0
a8aae2d57f0b7d4b495da36a2ea21385,jardinagem,58,373,1,3300.0,28.0,28.0,23.0
dd995c28b8042ed14cdc71daf16dc2cf,utilidades_domesticas,47,772,3,950.0,27.0,14.0,18.0
f98669b114883609dce5f0ded424d81b,automotivo,57,651,5,5850.0,78.0,4.0,47.0
1e303cde4e3a92980a46ccb221a22e11,utilidades_domesticas,38,191,1,2700.0,42.0,14.0,12.0
4bc694564c0e9e411942047bec1c0515,ferramentas_jardim,50,205,1,350.0,25.0,5.0,16.0
21d7610668a41f5ef8f24bfa0e13b315,eletronicos,31,1587,1,7738.0,58.0,28.0,40.0
069b1293b22c9d000af947225ce14791,malas_acessorios,59,271,3,20500.0,60.0,40.0,40.0
f2577870331ed710015cbfb36ce2e027,bebes,52,224,2,6200.0,75.0,15.0,50.0
bcc8dd5518ca336cfcdbb681592df5e3,brinquedos,52,700,1,7400.0,60.0,18.0,40.0
368ba390a67a37fa114450dc1f19e047,fashion_bolsas_e_acessorios,46,815,1,100.0,16.0,5.0,16.0
bf730d49d016a80c9c66b4c1768a7933,pet_shop,54,1012,3,4300.0,53.0,20.0,33.0
4428c8810d85a949afe441cc0d33f756,moveis_decoracao,60,2059,3,2600.0,69.0,11.0,11.0
cac2a35a7d2ff513045a3114a29b4398,informatica_acessorios,52,414,4,225.0,16.0,19.0,20.0
7ccf77a35a771800776f1cdcb41b6f97,relogios_presentes,36,558,1,383.0,19.0,12.0,15.0
f79b6b10ce5885fa36adf4f013681939,fashion_bolsas_e_acessorios,44,566,1,100.0,22.0,2.0,19.0
c7dd52c6177b277973286c741e7894cb,brinquedos,37,1156,1,600.0,17.0,10.0,12.0
b41170a9996e74afc789cb4e75ad205a,ferramentas_construcao,58,559,3,800.0,25.0,16.0,16.0
7f253218cda162fcc215fd4e0768b00c,variedades,56,1826,1,2000.0,28.0,19.0,21.0
013ee64977aaa6b2b25475095162e0e9,artigos_casa,40,519,2,1350.0,45.0,10.0,55.0
dd2f30521d540d49a7f2b94cbc99a4d1,utilidades_domesticas,46,203,1,1150.0,19.0,22.0,19.0
acfb0b4f47e06f58c0c87f9012418921,esporte_lazer,35,924,4,400.0,17.0,6.0,11.0
d00f6c52d2730de05fb409f09ab6e732,utilidades_domesticas,53,167,1,2150.0,30.0,19.0,25.0
63f9b908e4626ece2e47cec24ff8dd9c,beleza_saude,53,829,2,367.0,16.0,14.0,13.0
5cbd94dfca12072c25768e0885740408,consoles_games,58,688,1,225.0,16.0,6.0,11.0
189e7a415a45b6367968db09150ca2e5,automotivo,60,891,5,950.0,32.0,6.0,29.0
624dfd4e171c102a6b6f50a83e522019,ferramentas_construcao,57,388,1,1050.0,35.0,30.0,21.0
3b53b6b3ce85cb52f521117e354480db,relogios_presentes,42,712,1,350.0,16.0,12.0,11.0
1ec597ef2aaee9e73f32a970247f3192,beleza_saude,60,2910,5,300.0,26.0,26.0,11.0
073ec95c6cd3b2db5d9dc430dcb524a6,informatica_acessorios,57,149,3,400.0,16.0,8.0,11.0
72dd2e7b7e10b8a4083e53c7867c1564,bebes,48,835,5,83.0,19.0,8.0,12.0
57ba617c4fc4ceef2df5f1574e906320,beleza_saude,39,638,3,383.0,18.0,12.0,12.0
e15cee02291017f6f12b4115ffb417e6,moveis_decoracao,56,297,2,700.0,100.0,5.0,20.0
96530fd162c17a87b70830cc5fb0f45c,variedades,32,431,2,200.0,24.0,4.0,18.0
26a6bbf34441794b135d4d4642eeece9,livros_interesse_geral,43,902,1,250.0,22.0,2.0,15.0
a62b367ed54e81983ba07fdb06d405fb,utilidades_domesticas,57,846,1,1750.0,16.0,31.0,12.0
57fd9b6a2704d7c8c9c82380c2e60f83,utilidades_domesticas,56,410,1,1400.0,30.0,30.0,30.0
a80de388aa0d0380e27081e741f8408f,moveis_decoracao,59,1993,3,1350.0,69.0,11.0,11.0
3bc5164bc7f4be77002d6651da65c98c,variedades,,,,550.0,16.0,11.0,19.0
d0c7f4863cf1497a8bc855b8b09116bf,beleza_saude,53,3782,4,1400.0,23.0,13.0,23.0
a4ae122069f05f8ac775375a4f00a907,telefonia,42,318,1,100.0,19.0,3.0,11.0
11b2b219c6995bd51ac7973c2b352a0d,artigos_casa,59,679,1,1250.0,19.0,17.0,22.0
80cd00bb256df12dfc70fa63f2136586,esporte_lazer,46,735,2,4147.0,35.0,29.0,16.0
b27f54561f44d7036b4c0a62349626ee,artigos_casa,58,330,1,850.0,45.0,15.0,25.0
c10b7cf3152ae68bd9b4713b2230080d,eletrodomesticos,59,68,1,11100.0,16.0,16.0,11.0
ede21d9928e12f59d3dcd5586c77cf09,musica,58,288,3,1100.0,16.0,2.0,11.0
64bf5586d3916fc7f5b671afd0cfeb7a,papelaria,56,281,1,250.0,16.0,4.0,13.0
58eaed8e153f27f810f487f2c7ecc57f,seguranca,59,580,1,53.0,18.0,13.0,16.0
0dee0be4ceb243fbbb1d185e5f08012d,informatica_acessorios,38,179,1,600.0,60.0,16.0,11.0
2dbb8a778d6cdc850691e7e18eea06ba,brinquedos,57,1012,6,6350.0,37.0,27.0,37.0
effa78286556d5e79cda2b4aba96a534,brinquedos,53,190,5,700.0,20.0,30.0,31.0
6acb66c4ad0cd9bc25065f19c96e1eeb,artigos_casa,53,1045,1,975.0,25.0,25.0,25.0
6df0c13a282c590880f960a873c2989d,artigos_casa,56,255,1,950.0,53.0,10.0,36.0
f1a052d6459a75dae281e66827d6df8b,automotivo,58,825,1,2950.0,28.0,5.0,30.0
0367635ea4efa4eb15a29f1e05887851,bebes,59,415,1,1150.0,35.0,17.0,44.0
f72f94500a6463e91cc9ad3a4fa04234,utilidades_domesticas,53,272,1,275.0,18.0,18.0,30.0
b5dfd307658435bd981ff29e6da7e77a,bebes,44,247,2,100.0,25.0,4.0,15.0
a3349ee806d1e1e98d582a2aba5cedcd,artigos_casa,33,471,1,350.0,105.0,20.0,20.0
5538ed283fd2d0e2a1151507e1cbd59c,esporte_lazer,53,1326,1,400.0,25.0,8.0,18.0
e6d256dd10cfa8e1f36c0423d2b3adff,variedades,,,,450.0,20.0,12.0,15.0
08c63555bbee955cad9c6a9feab9e9d4,utilidades_domesticas,38,193,1,11350.0,43.0,35.0,34.0
e57bedf7c0f94f9691910b4e0fbf211a,informatica_acessorios,46,137,1,250.0,35.0,8.0,18.0
3f17be73cd550ddcf19e0e60c3fa14b2,brinquedos,42,537,1,484.0,25.0,16.0,18.0
73a1c27772beb35c2b0caf9a809570f8,automotivo,58,217,2,150.0,25.0,15.0,15.0
35819a9e5342bae7ad7a0016460dee25,eletronicos,48,476,1,150.0,24.0,8.0,12.0
c968bbc4dfb718031488d3f109fee500,alimentos_bebidas,26,165,1,1400.0,18.0,32.0,22.0
7104eafd29c0b00fe99250034af0d978,consoles_games,48,2532,3,998.0,27.0,13.0,24.0
1d8ff272f4ff5248bde1358ef928713f,ferramentas_jardim,55,252,1,900.0,30.0,20.0,35.0
cb69547b36cd7dd0fd98f7e6469dfd51,papelaria,42,196,4,850.0,40.0,15.0,30.0
a188cd985f0f3f455caaba35a00dc5ff,papelaria,58,474,3,1100.0,30.0,20.0,40.0
f8abc2230f8edcb57a082b6ef696e481,utilidades_domesticas,48,1565,1,2200.0,16.0,21.0,11.0
3fa16862566852fd5dcdb4c0e24c9db6,moveis_decoracao,61,694,1,5300.0,30.0,35.0,30.0
a1b951b4a7ac3dcd035bc6532b95ffed,beleza_saude,38,874,3,1050.0,27.0,25.0,19.0
3798521ff8982fd9b5a3e026676b7707,artigos_casa,39,301,3,800.0,37.0,23.0,35.0
ddebc97ddf43a9787d1ee7012e394ccc,variedades,63,3976,3,2300.0,22.0,29.0,16.0
9c522bd0c17e3f233d657b8faec798b6,automotivo,60,865,6,2050.0,30.0,25.0,30.0
a07e8af7e44f533552dbfd94f480ef37,livros_interesse_geral,44,915,1,350.0,30.0,5.0,30.0
f3f6c295f8683fd04c2a01c363db3ec5,livros_interesse_geral,34,486,1,600.0,23.0,7.0,16.0
ba41a64f60b89524bea9c75894ffb760,informatica_acessorios,45,306,3,100.0,19.0,5.0,13.0
0c90ffc8c44fe5d3e020002cc4da9496,livros_tecnicos,46,769,2,150.0,22.0,2.0,15.0
6a984aca8806747c09165b7767a3204e,variedades,60,1379,1,16900.0,39.0,62.0,34.0
f520d24c6aa8c9b6e73e45517de7dad7,automotivo,54,1310,1,1550.0,42.0,19.0,25.0
77ddf7d9682490a7d50e7d580460d4c1,papelaria,53,950,8,1050.0,16.0,10.0,50.0
6c8b94e30aa28faa5184176c25f137cb,eletrodomesticos,56,87,1,150.0,20.0,13.0,15.0
e23ad0cd69c2d088fce8285de421f61d,pet_shop,45,514,1,500.0,16.0,15.0,15.0
1aec9dac073154a4d6350ad0e773a191,market_place,40,770,4,200.0,22.0,6.0,14.0
b12d44209afd3493a2b1e4f19cf4ec19,artigos_casa,46,128,1,250.0,40.0,4.0,30.0
108fc05afc7b739e4a355e2bfa12bdc2,bebes,58,1149,2,500.0,30.0,10.0,30.0
7a1ea9e2e4d3d489e8f3ff502a7f8458,automotivo,52,260,3,1050.0,30.0,15.0,25.0
37e65c3560cce352429c7290f74bf7ec,bebes,56,1627,3,1250.0,42.0,25.0,15.0
b4183f86c9a0c7a13138ff4575114f76,brinquedos,56,545,4,900.0,17.0,40.0,14.0
c235a7c2c9c539eb3e917705b18d690e,esporte_lazer,56,1095,4,1100.0,100.0,15.0,30.0
f5662ef809d3a6f3f5b0dc551aaa819a,artigos_casa,48,414,2,22200.0,56.0,38.0,48.0
7612378170dc7f2a3f9c0e3f57676e89,pet_shop,40,215,7,5400.0,55.0,25.0,16.0
2e1b5445dd65296e510e3e8c65ea7071,malas_acessorios,44,224,1,750.0,46.0,10.0,33.0
9d641daeb448e6a915e1f81234d4cd33,relogios_presentes,46,659,1,350.0,21.0,14.0,14.0
a25e87065dc111adf2944d046ab3eda1,perfumaria,23,68,1,400.0,35.0,15.0,25.0
08662925c8120f25e41279a5527a005e,informatica_acessorios,56,676,2,750.0,28.0,22.0,16.0
b1631003bdbc3b1e876f83a7d851d74a,perfumaria,48,1003,4,350.0,18.0,11.0,20.0
40776699299c733bc0fdbbebdbe8b9cc,relogios_presentes,58,809,4,300.0,16.0,2.0,11.0
32b2a45c7698faf599ad250c65f6f633,consoles_games,39,1194,1,300.0,20.0,30.0,20.0
a76bb75d78ce6aa4a5202051b4f88a83,esporte_lazer,52,460,2,300.0,19.0,12.0,16.0
37108281cfb6d9fa07baf471f27eed76,papelaria,53,1291,3,500.0,25.0,15.0,20.0
4040bd73d3a2de25d369512db5aad42a,utilidades_domesticas,60,562,4,1400.0,32.0,14.0,28.0
13e144085fe0add29464aa5571df855d,pet_shop,50,1285,3,1050.0,25.0,20.0,20.0
aa067411083105e630fe32dc30692555,moveis_decoracao,56,629,1,9550.0,35.0,45.0,45.0
5073cb7b965df5f1fea32e8728782a8f,malas_acessorios,23,836,7,1400.0,55.0,40.0,25.0
9f7878d3613e4e7f43b8a4860267a8d3,utilidades_domesticas,57,106,1,1150.0,103.0,4.0,34.0
da776bf9b82768f68ed598d4bc16c5e1,ferramentas_jardim,58,435,8,450.0,20.0,15.0,20.0
93f9c7eb069e7ef8685ebe71ca606135,telefonia,57,762,3,1700.0,16.0,4.0,11.0
8d2ed4fec68ea93ec092cbab0e1a92b5,variedades,,,,200.0,16.0,5.0,15.0
8ac47b3ab13c68f49f10dde899674149,audiovisual,46,957,4,2150.0,30.0,5.0,20.0
3ba707b28e8f14b4a194e442d1294cac,ferramentas_jardim,58,757,4,3550.0,52.0,11.0,20.0
c004dec0cc1cd5218c27fa8f338d42f3,artigos_de_festas,51,392,7,1950.0,40.0,80.0,11.0
8ea331107c7373a412b73374be7c6736,perfumaria,43,503,1,600.0,16.0,2.0,11.0
d4670fa6cc31ee979c4cbd5904e0562a,informatica_acessorios,38,323,1,1050.0,32.0,12.0,20.0
937c825572d26b9e5a723527c6d625c6,artigos_casa,39,169,2,300.0,25.0,8.0,19.0
eaa3c87492892d3e6861f0939b4dbada,eletrodomesticos,44,113,1,100.0,20.0,13.0,15.0
7cb1e417bdc1490f948ee59caccb6e1b,beleza_saude,35,1791,4,1050.0,43.0,9.0,23.0
03d03978afe1dc3c70e611629e8d8fe8,esporte_lazer,35,614,1,1800.0,15.0,15.0,15.0
e84bf31698e5842d605c5aa9cfc8b02a,utilidades_domesticas,33,211,1,1150.0,25.0,25.0,16.0
6a41e9f388cfee3b924ed19821527c21,fashion_underwear_e_moda_praia,62,594,3,200.0,19.0,9.0,27.0
81d34fb425382e189529a619f8f2c077,automotivo,55,583,1,200.0,24.0,18.0,18.0
74a92612f70f4ae7bb26ead72c53b5d3,artigos_casa,53,245,1,800.0,45.0,15.0,35.0
c888fc3b5c58172f23548aa2bb94a8d6,utilidades_domesticas,57,1585,4,5375.0,29.0,31.0,41.0
20c74b29c2264ca5ddce774c34d98dc3,jardinagem,45,1439,1,10500.0,38.0,17.0,33.0
707e0fe138efb7009e1cd32efe19ce83,automotivo,49,182,2,2050.0,41.0,31.0,31.0
4ede085df4efad73e78ee270b669f7aa,beleza_saude,57,656,4,605.0,34.0,13.0,11.0
0daaaee8a33938591e1d5b980e65046e,variedades,33,434,1,550.0,22.0,6.0,22.0
32155c6d462c8ed99e97be6be884475d,beleza_saude,40,472,1,2050.0,25.0,16.0,22.0
ebccaf8ddfeb6858f6cf417708159453,bebes,32,449,1,1100.0,29.0,12.0,32.0
27855ab0b06ec76e035b2df0aefb5f39,artigos_casa,56,315,2,900.0,30.0,10.0,25.0
216fc7d2fe90eccd658f30cab5bafa83,brinquedos,50,1116,6,550.0,22.0,12.0,17.0
cea2c8d87c3a6672684f57374dfc5703,pet_shop,39,208,2,200.0,16.0,2.0,11.0
a91296c6e53b452fe0c6a5a878a2a06a,alimentos_bebidas,51,198,1,1250.0,16.0,35.0,11.0
67f95d5d22a25ae3c8c0651319c7d355,utilidades_domesticas,55,4,2,681.0,39.0,7.0,28.0
d5b703c271f43f9c588a6f512a00f77e,brinquedos,27,531,4,150.0,16.0,7.0,20.0
01c69d0fbb0d9d8f42ac171ac1238233,beleza_saude,52,416,1,30000.0,55.0,75.0,61.0
68c7b730377e83ef83e053ca3785b8d4,brinquedos,40,1215,1,350.0,19.0,13.0,14.0
fa6033d3f009f79e0214038467cab55e,automotivo,55,891,3,623.0,18.0,16.0,16.0
50d1502fbc61f2be86ac6855552fc1b5,papelaria,46,346,3,300.0,16.0,12.0,12.0
9a46ea3c561cf8075d59a39256461e73,esporte_lazer,25,284,1,100.0,25.0,5.0,15.0
2b4042dfabc3fe9d3f16951a8e1a3b70,utilidades_domesticas,56,623,3,900.0,38.0,9.0,21.0
3379df99dfd26b916bb666847bedab3e,utilidades_domesticas,43,278,1,3250.0,35.0,55.0,25.0
7b2fc344801b7bd210743493b0cf9385,telefonia,50,262,1,100.0,19.0,3.0,11.0
5467d6901b698f1fe968337ee39c5dfd,fashion_bolsas_e_acessorios,59,410,4,200.0,16.0,2.0,20.0
aa5c7ccc97c30087e5183ed27708905a,artigos_casa,47,212,1,3367.0,67.0,16.0,48.0
af2ce88035b65e8f987e8038fa87098b,bebes,60,112,1,850.0,30.0,7.0,30.0
e0c91d6c8ebefa095d644e26877e6121,pet_shop,50,662,7,1250.0,40.0,20.0,30.0
31ddb1ee64afc01b90d5025db261a737,automotivo,57,1298,3,475.0,17.0,18.0,16.0
dc265762419b1b4a46eb0a242e713684,variedades,,,,200.0,35.0,5.0,25.0
4e30cdede55788e1239044e270c60229,beleza_saude,18,3173,1,125.0,21.0,12.0,11.0
cb6d69daafeddab34122e1de88e1274c,utilidades_domesticas,58,379,1,1850.0,25.0,21.0,21.0
154e46f42e5665a0af25d2fc7c9e3321,esporte_lazer,34,569,1,478.0,49.0,10.0,25.0
882ae61d3259507f5c3ce5313f433651,variedades,,,,200.0,16.0,2.0,11.0
aaa8957f9861aff94f589c3a0e1106cd,moveis_decoracao,38,303,6,300.0,16.0,22.0,16.0
84c21030530a34295a94762fdf73611c,esporte_lazer,41,1448,1,201.0,21.0,19.0,18.0
9e8a8f0d5433b6dd46b98108d9ea27f0,relogios_presentes,49,696,1,375.0,18.0,12.0,13.0
9117307cf75efa6e964d697f0d1297f9,fashion_bolsas_e_acessorios,32,391,5,200.0,16.0,9.0,11.0
fdc7b4c1ee3b0ba0c649a3147d039983,relogios_presentes,55,1336,3,450.0,16.0,12.0,11.0
4744ba40fb4b128ffc1c6a753711f2f7,moveis_decoracao,50,2042,4,800.0,30.0,12.0,30.0
aef099a1948ab0d8a11c5a4b41ab3809,moveis_decoracao,47,453,2,700.0,20.0,15.0,20.0
8477d691ae21afadfa805681bef3a620,fashion_bolsas_e_acessorios,29,354,1,200.0,16.0,8.0,11.0
5066fb9bf2b3db42c59f2f7732387249,variedades,,,,380.0,16.0,4.0,11.0
2dcbb450bd8303344a342b60610f3d22,artigos_casa,47,684,1,1500.0,40.0,15.0,32.0
7fe486a60125c1541517e30944f95066,eletrodomesticos,34,876,9,6350.0,55.0,10.0,67.0
61c59ebbb2d9510287434ab66f6fc237,automotivo,60,695,6,6050.0,56.0,11.0,32.0
de20d07a4cb6565ed32339ba6a9ea541,ferramentas_construcao,51,250,1,1100.0,40.0,37.0,35.0
13c8a969d76a40d50cced2746fd71843,relogios_presentes,59,351,2,1400.0,32.0,7.0,32.0
8c154410716f31649d25e436f7d5d838,beleza_saude,46,803,1,250.0,22.0,3.0,15.0
fe01b643060a6446e59f58e3021e66b3,perfumaria,40,659,2,1250.0,26.0,21.0,20.0
dfbbf137ccb6af48e66d186a33118579,informatica_acessorios,45,722,2,450.0,20.0,30.0,30.0
f0453e2cbc3480959c34ab663b44c777,malas_acessorios,50,297,2,250.0,20.0,3.0,20.0
fe02ad514379012c6a31b62741a3a9d4,relogios_presentes,47,673,3,600.0,18.0,8.0,13.0
a67862541af347668d69290d8951beeb,utilidades_domesticas,57,250,1,250.0,30.0,30.0,30.0
c055bf6d7dda1345d1226b0b3bb42485,beleza_saude,46,834,2,2000.0,90.0,8.0,15.0
4c6aa9277223385c021f01b84ccd3356,esporte_lazer,43,1131,1,2050.0,32.0,18.0,18.0
e41e130eb1fdd3eb4906ccf2ade8a86a,brinquedos,42,223,1,600.0,45.0,15.0,35.0
b6046194183ce54d8fcaa7a2d28b1095,ferramentas_jardim,60,531,5,400.0,30.0,7.0,23.0
88f65c67a768f35feb3de87afe055ea6,malas_acessorios,43,1037,6,11700.0,54.0,25.0,37.0
db9e2ea2789762e3b0ecb627eb70696d,moveis_decoracao,40,240,4,5350.0,52.0,6.0,52.0
23d8439935522540cfd5bbb8b1208a2d,beleza_saude,63,3915,1,1450.0,16.0,16.0,15.0
d6fa8b99ed80bff9dcddd3fdefa6e68d,ferramentas_construcao,60,338,1,2050.0,23.0,8.0,23.0
e344e7fbb51b08fbb06076b02f457dd9,informatica_acessorios,56,1548,1,167.0,17.0,8.0,14.0
78ab491fca1a263dc3d1a16833c57016,perfumaria,29,648,1,550.0,25.0,8.0,14.0
e6407038bf83e03733094f3d6e3f92f6,esporte_lazer,49,1132,8,9950.0,105.0,15.0,25.0
51189083f547bae6df07c55c7b997001,variedades,,,,3000.0,30.0,20.0,30.0
8d7a78b702d2a089195118b7f79b7b29,relogios_presentes,50,246,1,700.0,16.0,11.0,11.0
d2a6a1234a2a54138b50cfea40992d78,relogios_presentes,46,206,1,700.0,21.0,14.0,14.0
770c257cdfc072fb50ebf2bbd6696fe1,bebes,54,581,1,1150.0,18.0,18.0,11.0
ef4f89f8ee26b84496a7f8e7dc76029d,casa_construcao,36,971,2,9150.0,50.0,105.0,15.0
3a98258169bd8ad50f374ba4e8bf94e1,utilidades_domesticas,45,896,6,500.0,50.0,15.0,12.0
4a534b5650f13219a0de4ce5af039d2c,informatica_acessorios,57,626,1,150.0,16.0,10.0,11.0
fa87bc5ccdd8ea6e54117916e485cb48,artigos_casa,54,634,1,1000.0,16.0,10.0,16.0
4eb6c37059502e3b0b8fdfc77c69289f,artigos_casa,56,662,1,550.0,32.0,5.0,30.0
4da0329350218978429b287440f4b87a,moveis_decoracao,63,683,1,400.0,21.0,5.0,15.0
0d5837a2580f92e18e2d1b5f7fa70c2d,utilidades_domesticas,57,1343,10,30000.0,60.0,70.0,60.0
65d22d2cf890edf9cfa3bbd5e8cb2371,livros_interesse_geral,63,1032,1,400.0,16.0,2.0,11.0
15b142fc0f773fb67de91301d1701894,moveis_decoracao,63,418,1,900.0,24.0,5.0,20.0
f081174cf4cde1e4f75cd45b4518bbe6,relogios_presentes,54,373,2,191.0,17.0,15.0,14.0
f109f04ad95889f2f041a91afe3d894e,beleza_saude,47,189,1,2033.0,22.0,12.0,17.0
cbecf0dca7a42c56c9ad9e20c74af1fd,utilidades_domesticas,52,1374,2,1110.0,20.0,20.0,18.0
f879fadd73c7b81f0b278dacc880cf08,moveis_decoracao,55,282,1,7500.0,53.0,16.0,53.0
6680a7d71fdc0fe6b6b9a4bef51ea187,beleza_saude,34,661,1,400.0,19.0,12.0,14.0
7bcdb99b3fc6f5c31ab72c04b5a99359,perfumaria,55,672,1,583.0,28.0,14.0,19.0
13da041c237c948a2d42da8bcd7c329d,artigos_de_festas,38,748,1,4650.0,50.0,8.0,45.0
25830cd3f917e51e463f79c181a670ae,audio,59,477,1,300.0,17.0,17.0,17.0
bd7cd34fc6d02e730221b11edc354aae,brinquedos,36,651,2,704.0,25.0,22.0,23.0
7f35208cf2cbd412f79d6bc95efcbcb1,instrumentos_musicais,51,573,3,5400.0,40.0,24.0,29.0
ea0e3d94bcd573d99c06fc115d82500f,artigos_casa,57,393,1,550.0,16.0,10.0,16.0
3c37a8a5d5ef2eca9d5e6ccf39673031,bebes,28,260,3,1836.0,33.0,28.0,20.0
a163027285e36415230fb2e097366cd0,esporte_lazer,57,570,6,350.0,30.0,16.0,16.0
5e094b8daf1ba2eb4d6c0cc6ac2ad51e,beleza_saude,32,1033,1,150.0,16.0,2.0,11.0
2d4086091519b04cd687a38e33dc276c,informatica_acessorios,59,1080,1,200.0,20.0,10.0,15.0
809ab2033b8267fc321860bf0d4dbb11,moveis_decoracao,38,1405,3,100.0,35.0,2.0,25.0
b37bba85dd6a58ebb520e4b8c00dcf6e,relogios_presentes,54,880,2,300.0,16.0,11.0,11.0
47d6209a0b169cc800b0a45a9127d2f2,relogios_presentes,51,320,1,550.0,16.0,2.0,11.0
9fcf1f95cb545ca095c4a17491b81382,ferramentas_jardim,51,575,2,300.0,16.0,20.0,16.0
b039629191cbc785dd3ebb5def03dd7c,artigos_casa,59,638,1,800.0,20.0,16.0,20.0
f10163ef5dd01ee5f3622b750b64091c,fashion_roupa_masculina,55,1241,2,300.0,16.0,2.0,11.0
ba461381a6bf526c5e970d435541eb2a,esporte_lazer,56,286,1,100.0,17.0,15.0,16.0
2196663031bcde078cede855ac0b5739,esporte_lazer,43,1646,6,491.0,19.0,12.0,16.0
66921e471530ee0d23a53ad72f49887f,pet_shop,50,770,6,13700.0,35.0,40.0,60.0
a224196b0b605fdffac1d9224f052ceb,utilidades_domesticas,42,200,1,1100.0,40.0,10.0,35.0
25d4f8db663ac141a7449e399287b4c8,brinquedos,47,1154,5,250.0,24.0,8.0,16.0
f53c1d686fa4b8fe84636440f7a772da,automotivo,57,931,4,1600.0,20.0,20.0,20.0
1c6cf85f4af5c2787a812d273b836c01,utilidades_domesticas,38,252,1,2300.0,44.0,8.0,32.0
cef211702e18d39ca1a4b6d2d6580c0d,eletronicos,38,566,1,1200.0,35.0,35.0,35.0
5c5a1f21eaee926ccacfbc212a0d860d,beleza_saude,35,551,1,150.0,16.0,10.0,11.0
103704a4243ec0118742f6b229b029d7,esporte_lazer,46,1553,5,1800.0,16.0,7.0,11.0
5328338cfaa16ba10561cd970c73ca11,variedades,51,330,1,1950.0,33.0,44.0,19.0
98ad6d0d02b4ee890e2a5e322ae6b028,pet_shop,12,1512,2,200.0,20.0,18.0,18.0
3a7bc7a262077b18cf16fb5333a98b00,ferramentas_construcao,29,273,2,150.0,29.0,8.0,15.0
e923da464bbde92908a4d934bca4ab85,ferramentas_jardim,55,236,1,600.0,17.0,17.0,12.0
437caf429e4e9beec15877117a13bb45,utilidades_domesticas,55,408,1,450.0,37.0,3.0,12.0
627dce1ab24323cb7ac147cad5ac0b8c,ferramentas_jardim,54,283,1,1200.0,27.0,3.0,15.0
47f08a63ddcb747bf50a90d26f093c65,esporte_lazer,46,867,1,1475.0,28.0,18.0,19.0
9af9fb5e25c1c09f035e01b7936f6c6e,bebes,18,1311,3,650.0,21.0,10.0,15.0
f59062775ff63deba00e8b425f127e35,variedades,,,,1400.0,32.0,36.0,20.0
148c9e8af97e807544e4487f137ad65e,ferramentas_construcao,41,202,1,2200.0,30.0,20.0,25.0
5637032095493f280eae8d9da00da6f1,malas_acessorios,54,507,1,750.0,81.0,6.0,11.0
caa2013f2d03e815b515557fda15639b,moveis_decoracao,51,455,6,400.0,22.0,22.0,11.0
d392a00a8d96150a649853d20d63e8ba,esporte_lazer,47,490,1,1500.0,22.0,27.0,22.0
0c800efe70e04ffcc3b266946e3e4826,la_cuisine,59,284,2,12500.0,83.0,21.0,43.0
72c0ede833dac61a24ac9a7c394066a5,papelaria,53,215,2,1250.0,38.0,30.0,28.0
381169576b9f3c083a1c3261da161a3b,informatica_acessorios,43,677,2,225.0,25.0,9.0,29.0
dfa6b0099b9a29d216bd1bfb624eb936,esporte_lazer,61,1274,5,200.0,26.0,2.0,21.0
393564b0bcdda0d8c4ada9d780ebcebe,artigos_casa,53,290,3,1800.0,44.0,16.0,34.0
ac934f1d1da9eb814b1158a2b5e20cf5,moveis_decoracao,54,202,1,4100.0,50.0,20.0,40.0
e81f78eb3a85ed5108ec97a4d9e808ec,esporte_lazer,55,1862,1,2800.0,20.0,22.0,22.0
1d297ac3d18250759eb36e8b6c18fb5b,perfumaria,48,881,1,700.0,25.0,12.0,25.0
cd1715585df363c8ad738d72414ab616,artigos_casa,54,449,2,3100.0,37.0,10.0,40.0
f7b0ee6d481a76a7bed4f0a7d574a6e2,esporte_lazer,40,1287,2,700.0,25.0,20.0,20.0
eb47d7ea4e5611684330021baa317c17,bebes,60,1882,4,12467.0,35.0,57.0,52.0
f4b684b9c6a1a744af575c7c6623962d,eletrodomesticos,49,935,1,21100.0,48.0,44.0,62.0
d12626c1266a0263a1b0d907437b5fe9,beleza_saude,50,1625,1,3300.0,24.0,35.0,16.0
2fb86e1c12f26a5878c7f4db9d0b7e80,informatica_acessorios,56,815,4,1400.0,17.0,10.0,12.0
73f125f683118508d664a53ab01bab34,esporte_lazer,63,285,1,100.0,16.0,3.0,11.0
25a29533b41c5ea0f9f2b6848f7eb060,moveis_decoracao,40,1383,1,4800.0,40.0,25.0,40.0
fac82ec645519b81e8873570d454f00e,beleza_saude,46,1801,1,1150.0,16.0,20.0,20.0
157d8cabb7a3a318aed5ce596f4be96e,artigos_de_festas,43,216,1,200.0,28.0,16.0,26.0
8bef2f3e34f2cc22c908921e6e9eebee,relogios_presentes,58,506,4,250.0,16.0,2.0,20.0
31b4eff484cd1e463ed3ee1a566f84c0,papelaria,43,385,1,450.0,16.0,10.0,11.0
68d7949e35f82cd3f46fbd04414777f9,esporte_lazer,37,680,1,150.0,16.0,8.0,12.0
52b5ed64c8cd6a9cd6c33f2a7033991a,perfumaria,40,209,2,600.0,16.0,2.0,11.0
99903e1e018dd80869032e7e79802059,papelaria,60,435,4,350.0,101.0,15.0,15.0
6c70f53b09ca3459826e97b7646aa47c,moveis_decoracao,56,896,1,2100.0,40.0,10.0,70.0
570bc3b3d1e5e422e2f48dda6adf72d7,telefonia,37,249,3,300.0,19.0,4.0,11.0
8f79239910bb0bf15488ef9abd9e6593,variedades,57,330,1,1650.0,35.0,44.0,19.0
1e5748190b56004a34ec795670bffe4d,moveis_decoracao,63,862,5,600.0,19.0,13.0,12.0
0449efdb5b6a5d301b098972abd1749e,esporte_lazer,54,1297,1,375.0,21.0,16.0,12.0
0abc19e41fdc9d6894b8cae651619253,eletronicos,60,3109,6,15750.0,70.0,90.0,20.0
1567eb3a02b49c99d7d07045e9ce94f5,automotivo,54,1081,6,1900.0,25.0,15.0,20.0
50b2ddbf47bd0b8eecabb404613e2a45,artigos_casa,45,486,2,1050.0,40.0,10.0,30.0
56cfc201c76464fa6c5b3f4a1257fa0b,beleza_saude,56,1833,1,2300.0,28.0,14.0,20.0
a9561ee69e9f8808eb4add53d720a447,artigos_casa,32,376,1,24300.0,50.0,50.0,40.0
af130e20a3a8eb7fcb9a8940d6984d88,papelaria,50,712,1,1100.0,31.0,39.0,16.0
907539b8216ca1250e5e974b4047699d,relogios_presentes,60,862,6,500.0,16.0,2.0,11.0
3fb22448e11f38ac4437c25693fcac1e,moveis_escritorio,59,1219,6,2750.0,16.0,36.0,36.0
0e8d9a894d190db0d5c32075ab02ea38,artigos_casa,54,229,1,1150.0,40.0,5.0,29.0
ca83ea24493d1cdaa236098ae779b175,eletronicos,51,2396,7,3567.0,35.0,9.0,27.0
4b7e33b62e843418e0e924285c374739,brinquedos,43,225,1,300.0,45.0,15.0,35.0
af87aa3f5f2c05c8c4db6bee2088672b,moveis_colchao_e_estofado,58,870,2,30000.0,60.0,56.0,60.0
3ebc8cc75e312d29b5120d0cdc20bb4e,automotivo,57,1404,3,250.0,18.0,15.0,15.0
2ffb8b836bb62d53a77a69a67814fffa,moveis_decoracao,56,297,2,600.0,100.0,5.0,11.0
bc855e59a6a8653f16264bc6d5b3f7aa,papelaria,54,321,2,1200.0,21.0,48.0,31.0
9b5ac73a8525e3eb6e33e1272d62bea2,consoles_games,47,830,3,422.0,21.0,7.0,15.0
c7f27c5bef2338541c772b5776403e6a,artigos_de_festas,54,429,1,450.0,28.0,9.0,19.0
b5f2e8a3a5468c998e821b0cc15ca5c3,telefonia,60,757,2,225.0,16.0,19.0,18.0
e06eb527f0a6ce904044687bd2faa582,utilidades_domesticas,42,223,2,800.0,46.0,10.0,35.0
0a4c11f70d3d4d9f2a540804b873e9e2,artigos_casa,52,662,1,2800.0,42.0,10.0,36.0
b75ad41bddb7dc94c7e555d9f78f5e8a,artigos_casa,54,909,1,1000.0,25.0,5.0,25.0
d268b1387a5aad5769aee20e55619a20,fashion_bolsas_e_acessorios,51,731,1,350.0,16.0,2.0,11.0
e69de7cd67f5bb13797a8530acd9c711,artigos_casa,42,184,1,1600.0,45.0,15.0,35.0
f39e720d7174b473f81e8a7103e562fb,papelaria,50,226,1,1600.0,18.0,40.0,30.0
34dfc6386b7550503bd2e582ef45d041,utilidades_domesticas,57,386,1,3900.0,81.0,7.0,50.0
6814dd9a0fcc3213534377d08d8a24fa,artigos_casa,47,372,1,1450.0,34.0,12.0,40.0
708b3e08e966021acf10680d35ef9001,utilidades_domesticas,54,664,3,10000.0,61.0,31.0,31.0
9388fcd19f74f595e79b1a302b930bf7,consoles_games,45,1034,1,600.0,20.0,15.0,20.0
fa8f466a5cc7c984851474eda1c9e17d,beleza_saude,34,669,1,454.0,19.0,15.0,15.0
17ebb5f3d26d2db3afcd24d2d68072a0,esporte_lazer,52,305,1,150.0,25.0,5.0,20.0
d14b123540fc5edbd4b0fbc48102a6c4,papelaria,56,599,2,175.0,18.0,14.0,22.0
d339b523c298009f15d242a3a99392c7,ferramentas_jardim,51,2559,3,850.0,24.0,9.0,26.0
704a6d9f35e39b53c509c886045329ef,variedades,,,,400.0,21.0,8.0,11.0
c072e7b87c8413341505d50d8234fbc2,papelaria,49,151,4,7900.0,35.0,55.0,25.0
2e6f6402bc35ad6283ce8da1035d9971,variedades,42,905,6,217.0,20.0,16.0,18.0
b914a18d4547eff292fedeccc82faec6,relogios_presentes,46,387,3,800.0,19.0,17.0,18.0
eb4ce1251cfec891df49b09dda5095b0,alimentos_bebidas,37,499,1,600.0,22.0,10.0,16.0
cd20f878813b93b6ad1df1b299775b0d,automotivo,59,872,2,1750.0,16.0,16.0,16.0
f919da4f716dc149cef4551a322001fd,moveis_decoracao,50,635,1,1200.0,30.0,23.0,30.0
461c7fdbb5a6a7fe3bc51bf7f4e3677d,esporte_lazer,49,2392,1,2300.0,21.0,21.0,21.0
d791e6e94247e3655aa849b1d4d7d2c3,artigos_casa,55,981,4,1550.0,33.0,8.0,22.0
25bf7c5e5f9d008845212122805014e5,artigos_casa,51,121,1,300.0,40.0,4.0,30.0
1b661808a8b3a3ec213271d42b4ce015,moveis_decoracao,38,241,1,390.0,38.0,10.0,38.0
f67a0e2d24ab234b2cd6da21273710e5,esporte_lazer,49,1437,1,300.0,20.0,11.0,11.0
25184d12546e74ab8843112abca3f1d6,malas_acessorios,59,1616,5,950.0,27.0,10.0,28.0
8e14e42d480e0c520d2f8ee0e7d3249d,artigos_casa,55,499,1,700.0,16.0,40.0,30.0
9d51d411e0141d07a1ba31dc732b1b60,moveis_decoracao,55,379,10,750.0,29.0,13.0,14.0
c36f1190b3cb7fac6c7bc68483317029,fashion_roupa_masculina,55,1241,2,400.0,16.0,2.0,20.0
f8375e9fa93ad89af5386c8d0ff4e186,papelaria,58,495,3,825.0,22.0,32.0,22.0
bada3636bcc5d4020e6dd018e3e7bb8b,informatica_acessorios,25,321,4,250.0,16.0,6.0,14.0
2540f260f9e39c68fa76e87c41220c28,esporte_lazer,52,2102,1,391.0,21.0,19.0,17.0
839b343ccad29692924f7db0e7aceca4,eletrodomesticos,52,488,1,300.0,18.0,8.0,13.0
34dcc2f0a890f961ee6252a1cd6ae3f2,utilidades_domesticas,59,1364,7,30000.0,60.0,65.0,60.0
626f55dacc29e4f934bdb3e4f3be83b4,ferramentas_construcao,46,310,1,2025.0,32.0,15.0,22.0
c342f482010f1ec6d94f55102e4994b9,automotivo,56,461,5,400.0,30.0,11.0,15.0
acdf83e7694c8eec22e6b19bc59f4e60,variedades,34,268,1,200.0,14.0,13.0,12.0
47216f416d46e0b81fd0f1fd25da4561,moveis_decoracao,60,593,1,3950.0,36.0,20.0,26.0
d76c9aa6123ceda9cd490fb2301c1cb4,utilidades_domesticas,53,1278,1,2200.0,50.0,10.0,35.0
d95338f5403a401b525db6de4c2dbd0c,esporte_lazer,52,1210,1,3600.0,32.0,24.0,24.0
27cef810f33a53a546e924bd77b07cb3,papelaria,49,541,2,800.0,45.0,25.0,35.0
d473f089b5ee128dde110a0f756f8ef0,moveis_decoracao,55,408,2,1100.0,16.0,15.0,18.0
71fc2a7d96a222b04e4131cfc006f265,telefonia,33,712,4,262.0,17.0,12.0,14.0
d3e38ef1760a26d888e58942e16b0a70,relogios_presentes,53,641,1,500.0,18.0,12.0,17.0
3c79c623b50ffefacfc19d28091d4ddc,esporte_lazer,54,700,1,1833.0,58.0,9.0,58.0
972a5189877b9f484978bb58ef311003,artigos_casa,58,606,2,2100.0,40.0,15.0,40.0
a5e130225bfc3dde1f8ec32d8c37b66d,moveis_decoracao,47,450,4,900.0,20.0,15.0,20.0
74a540bb7912e04aa9380812dc1fb048,relogios_presentes,45,304,1,375.0,18.0,11.0,14.0
b7514da5a1afd83af30e0a524b561d3a,moveis_decoracao,47,2114,2,500.0,68.0,8.0,13.0
dae7d137a7eb1a685e48c83f7952b388,moveis_decoracao,55,916,3,400.0,50.0,3.0,25.0
439dee65f97bb5e70b021e1e7cf54a5e,telefonia,59,2124,6,100.0,18.0,7.0,16.0
561e48cdfacd14e7cfe67aa4ebd0caea,pet_shop,63,1538,2,650.0,21.0,18.0,20.0
7f8bacbe759179781b50331ea609f7f8,malas_acessorios,57,1182,2,1400.0,43.0,27.0,43.0
42c3b322d319a613dae422ea4087995e,esporte_lazer,59,3709,2,2200.0,27.0,32.0,17.0
852f63621d87c7e78bfc4246a251e11f,moveis_decoracao,42,164,1,500.0,16.0,5.0,12.0
8dc110bf643aace72cbb6e412bed2e38,moveis_decoracao,30,340,1,300.0,16.0,14.0,14.0
ef25f91f23e39577fa6ddf93103876b1,papelaria,53,317,3,5350.0,38.0,30.0,28.0
f8f5e2fc20dd79d9f322fe9522fcd77e,artigos_casa,43,101,1,500.0,20.0,10.0,15.0
0f59f164d6792e0c4d1757501850cf47,informatica_acessorios,47,627,1,400.0,16.0,4.0,11.0
ee54bc9ad38ada9c4692f91362601c9e,seguranca,60,212,1,340.0,20.0,20.0,20.0
747956d76beb580b5f11373118fd489d,esporte_lazer,43,166,1,600.0,16.0,23.0,16.0
654ccc4e5459e7ba6b8d9fb04c45b9db,livros_tecnicos,45,1403,1,300.0,28.0,2.0,18.0
0e62e9412bc4636f89f83b9dc9dfd897,artigos_casa,64,702,1,2700.0,42.0,11.0,36.0
2b19dbb6e225fc04cf9a80d83f949b88,artigos_casa,68,318,1,21200.0,45.0,15.0,25.0
0d43f8d3ba891d985e8087bf048d3f85,papelaria,44,240,1,100.0,16.0,20.0,20.0
51e88d0b6beb3101d842fa6610c37edb,moveis_cozinha_area_de_servico_jantar_e_jardim,54,654,2,5000.0,36.0,46.0,36.0
6a622dda60b04364ef5d8b59644b8afc,utilidades_domesticas,53,1234,10,8600.0,36.0,25.0,35.0
bb4529cc022238658f562c9a7b4b3c93,livros_interesse_geral,49,3786,5,1000.0,26.0,20.0,12.0
95e67a8fbaf668c2d060eb3938a0c999,telefonia,56,1736,1,450.0,16.0,16.0,16.0
6f46af5fc09325dce08d1e8173d157d6,brinquedos,56,352,2,500.0,16.0,20.0,15.0
b1cbf530dc2a793ced8e0768ffcce501,telefonia,40,580,2,100.0,16.0,3.0,11.0
0192191cc1bc83262d6667c54c2e048f,fashion_calcados,54,404,4,850.0,22.0,12.0,33.0
81db1eb74948f2d18f83fe4c1fbcd88c,eletrodomesticos,60,704,3,250.0,20.0,14.0,16.0
f0bdec4f1c899ce1258888fa9d6db7d0,artigos_casa,54,281,1,2700.0,53.0,21.0,42.0
423e6c3511b9efa885cbef713ed97b0b,esporte_lazer,48,513,1,1250.0,40.0,20.0,20.0
9ccf0137597c7461ba6c1d306a13f7ac,bebes,49,1162,1,100.0,16.0,2.0,11.0
730e0343a68b7cebc35ad4d14cf9f7af,automotivo,59,1180,2,150.0,16.0,5.0,11.0
667eb888c47a21cb0cf296deb4eb57aa,beleza_saude,43,1535,1,337.0,19.0,12.0,14.0
26cb1187a1582777242a5907bdaae664,esporte_lazer,43,843,3,1067.0,20.0,7.0,15.0
7aa0cae255d70952492eb4b58b4815e7,artes_e_artesanato,45,745,1,4500.0,40.0,10.0,30.0
3b0f7951038b105522c2d566b54421f7,telefonia,56,341,1,175.0,17.0,6.0,13.0
8d063218dab590d1a369a08e761c16e1,beleza_saude,40,1709,1,388.0,19.0,13.0,18.0
16e3cf9ffd35194d29e5560a23123732,informatica_acessorios,45,923,1,875.0,35.0,16.0,12.0
47277d35dcfa53f5bee3d98ec3031c8a,automotivo,55,840,1,2900.0,45.0,20.0,45.0
473795a355d29305c3ea6b156833adf5,perfumaria,36,605,2,100.0,20.0,20.0,20.0
41376d63d4c45fe6c7407e838a2befa3,brinquedos,53,302,2,4000.0,30.0,45.0,25.0
68e2f443d819056e1a6b7b29729f7bb7,beleza_saude,46,886,1,650.0,27.0,9.0,18.0
78b1ff38b417d7d3c58c33f386512040,instrumentos_musicais,45,256,1,300.0,18.0,7.0,11.0
513721dadfd93bcbce9da4d3bd67c06d,casa_construcao,63,376,4,700.0,26.0,9.0,24.0
8784c4d113e30be2fb64b69be0551b30,papelaria,58,381,3,1500.0,38.0,30.0,28.0
d40788ec5b01ba52711983b9c54b36e6,fashion_roupa_masculina,45,523,2,300.0,35.0,30.0,20.0
e848fe43501928495138fd67b3e70968,telefonia,51,1387,1,150.0,18.0,6.0,12.0
be1c4cf8a2d2aade623eb7a646d2a0bc,artigos_casa,54,508,1,850.0,45.0,15.0,30.0
0891f8ac9e3d7252ec5c162da0b0b86c,utilidades_domesticas,55,309,2,500.0,16.0,10.0,12.0
36945ab7b40f69883323c9be517b640d,papelaria,59,381,4,5450.0,26.0,30.0,28.0
726e355b119d1f8186283de59fc5b702,malas_acessorios,53,680,4,1500.0,41.0,15.0,29.0
8634ba98d69440265e955814c3e4cde1,variedades,63,2267,8,400.0,17.0,9.0,12.0
77c0761ae16fdb908f9d7f12ef176a14,esporte_lazer,57,821,7,2500.0,42.0,33.0,12.0
2669a9fe1aaf6cb29071f8f866014afc,audio,60,619,4,450.0,17.0,8.0,12.0
81d1cd44929d9c3a1f3bfd0a0c164baf,moveis_decoracao,60,827,1,600.0,17.0,17.0,17.0
a3c6e207e106b9ccc0b813a7a0932530,perfumaria,43,370,1,1200.0,33.0,13.0,14.0
d0055a776e27ad64a6fe6b69da52fa8a,beleza_saude,41,288,1,1700.0,40.0,40.0,50.0
9b77a0a174a0b29b5720de6cfcc17ba9,informatica_acessorios,34,1080,2,200.0,41.0,2.0,29.0
39a0578866cba21bcead91f5221af2a8,fashion_calcados,34,240,12,200.0,29.0,7.0,16.0
fd09697dea5aa0de13308b83c6e03f69,beleza_saude,59,716,1,750.0,25.0,20.0,18.0
8acf0061d1c7b72c3a4857db994ecc79,artigos_casa,54,1004,1,1150.0,16.0,30.0,40.0
4921779f44984246c74bba58ecf65146,informatica_acessorios,60,1021,4,1183.0,16.0,9.0,15.0
47b627a984bc4bde1b90fcb73fe0fd3c,esporte_lazer,53,879,4,550.0,33.0,12.0,33.0
37274552ed878a9f6279f30be24b1473,moveis_decoracao,58,531,2,700.0,19.0,19.0,19.0
ef60a683caacd212b1cc7b356283c2de,variedades,,,,600.0,16.0,16.0,16.0
01545847403c0f1e69d76654d66be35c,pet_shop,60,661,4,450.0,38.0,4.0,38.0
bd78aa243ba78f9d4a311681e172b090,beleza_saude,58,3912,1,750.0,16.0,16.0,15.0
2155593e689475e40e4c8b93143c0287,brinquedos,55,418,3,712.0,47.0,13.0,32.0
f663527ddb1b3def5cf66a2324c3402e,esporte_lazer,35,579,2,400.0,16.0,8.0,11.0
0b3f73dba78abf4576c187092dc5dc81,variedades,,,,1300.0,30.0,16.0,20.0
289eec3989226cd68c6455416caaedc5,brinquedos,42,1158,4,3200.0,29.0,29.0,33.0
2873da054c3a30189c5aac7b87d3b6e9,variedades,,,,1150.0,40.0,11.0,15.0
e4b6f030d5280d30656abaa4ee64ef81,utilidades_domesticas,49,614,1,5300.0,35.0,28.0,32.0
37e6d1846b84ed781ae3af2fd42c7469,artigos_de_festas,41,751,1,4800.0,50.0,8.0,45.0
0b4b59f6bcaf697444a8b7b14f630b15,artigos_casa,54,714,2,12150.0,45.0,40.0,32.0
846b03a807e25ffd1d787e1ff9e0b610,beleza_saude,46,2391,3,200.0,23.0,15.0,15.0
330a8a8d810e84c45bf6fece44e082c8,informatica_acessorios,60,636,1,800.0,31.0,16.0,16.0
1cf657de01c2b973b898ad0ac9073ac7,artes_e_artesanato,41,130,1,210.0,25.0,10.0,15.0
0c174d2242336a2b7d7ccbacfea4ba2a,consoles_games,26,1449,1,200.0,20.0,3.0,18.0
9c33575aa341a769bf00ea6e3cd12e6f,telefonia,58,110,1,200.0,19.0,4.0,11.0
ff01ba3d3676dd02937fd007e3f4e992,papelaria,54,755,4,200.0,16.0,5.0,12.0
612333e41128203342c1dc089808f3ad,ferramentas_construcao,60,996,1,3550.0,16.0,30.0,15.0
981d19b32de498335ca41b1faf1b4e35,esporte_lazer,44,2350,1,575.0,21.0,16.0,11.0
719e28d81da534e007a853030cb8dad7,esporte_lazer,9,254,1,200.0,28.0,5.0,14.0
cd74b22e441a1149c4b94faee78becbb,relogios_presentes,42,255,3,500.0,18.0,13.0,16.0
36cc61b419c27c77c4b711ba7edfb31f,automotivo,58,727,4,2375.0,37.0,26.0,22.0
9e61de7e3ef7e99896060d76e48df65d,variedades,,,,10700.0,40.0,40.0,40.0
e0d472a0e85ecfc7d8297c8bac6eb403,papelaria,57,816,5,650.0,25.0,25.0,25.0
0a18ef4868095d4c83357e58020e3397,telefonia,53,612,4,175.0,22.0,4.0,12.0
4c82a40c8390fbe525e50bd06fcebe80,esporte_lazer,43,2376,3,150.0,16.0,6.0,11.0
a35a9f46dcee0a67c8c7ad8493eb4135,informatica_acessorios,33,1084,2,200.0,41.0,2.0,29.0
5394ae82e1a999100e77919180d090cf,automotivo,47,177,1,300.0,18.0,10.0,12.0
ad1280b6c5b1af7cfd97372249be66c9,ferramentas_jardim,60,2130,4,16700.0,46.0,40.0,46.0
bb0697bdc552a255c992d331ca09afe3,telefonia,63,867,2,500.0,20.0,10.0,20.0
c667317c8619402c91347027f2dadbce,moveis_decoracao,63,459,2,500.0,80.0,10.0,60.0
0b48eade13cfad433122f23739a66898,moveis_decoracao,28,489,1,14000.0,70.0,60.0,70.0
5df6b48d02fedad4728b254cfcff3cc7,telefonia,25,178,2,150.0,16.0,4.0,13.0
66bea887d912474498434fcb72df5a8b,artigos_casa,45,484,3,1000.0,20.0,10.0,15.0
b205c1d9481d550412cbac291356e234,malas_acessorios,38,383,1,2000.0,35.0,46.0,20.0
7d873ae7ba4e637167c1a8d544bd6af8,alimentos_bebidas,26,742,1,1700.0,25.0,25.0,25.0
4320c4939b8e02c48b7fcbbd2674fb86,livros_tecnicos,51,327,1,200.0,22.0,22.0,12.0
69201d0b228c325952d3585abf43d66e,livros_tecnicos,63,2638,1,800.0,18.0,22.0,11.0
1081ae52311daac87fb54ba8ce4670ac,esporte_lazer,38,233,1,300.0,27.0,9.0,14.0
f8dfab2c2740b7381e94ef1af03739b6,variedades,31,303,1,9500.0,52.0,44.0,27.0
ced7fbfaaf7d98ad9bd9b32a5eb5fe58,moveis_escritorio,58,1295,1,10700.0,52.0,51.0,17.0
6a03d0111afb13361088ed0e23d9ac12,utilidades_domesticas,46,105,1,4850.0,16.0,35.0,35.0
b6e406be1aa00db8be5dd3ec6b524d4d,moveis_decoracao,63,603,2,25100.0,70.0,60.0,60.0
54e423e4e4f906d5ec17e9449dda489d,moveis_decoracao,31,280,1,2000.0,16.0,56.0,11.0
ee188b2353254fc5117468bfab1e789f,utilidades_domesticas,43,1034,1,750.0,16.0,26.0,11.0
bb185a3def84599e9c16a8f88bb9379a,moveis_decoracao,43,182,2,200.0,20.0,5.0,20.0
1fc4d10c30db884f34f1b8388731b021,brinquedos,44,2178,7,900.0,35.0,8.0,35.0
f92119d44c137a84ea866dc12df68407,variedades,,,,3100.0,30.0,40.0,30.0
faa09c08b1e7ab0d7da302b0631297ec,informatica_acessorios,59,378,1,300.0,50.0,5.0,20.0
0233dd6f06e23c705ab76dc3ab165837,variedades,45,1057,3,100.0,20.0,16.0,16.0
d82737410a435ec11bf7355cc6ce2d4c,artigos_casa,27,423,1,300.0,20.0,12.0,20.0
aceab7cb5e3cc8e531d7e0fc7c4cbffc,automotivo,51,840,1,3400.0,45.0,20.0,45.0
64d0feb1bcf9c7fe7b5dad3271c10910,moveis_decoracao,58,696,7,750.0,25.0,15.0,35.0
92f68ab4731b0172739a91b91fef076b,instrumentos_musicais,51,238,2,3700.0,20.0,20.0,20.0
25ad74f6f8a136a7b4672dd71fc068cb,bebes,41,815,1,1100.0,28.0,17.0,25.0
9f890da4bf8473aca1996ca037005902,artigos_casa,59,552,1,550.0,20.0,2.0,20.0
b8e79f302f220a17a1166ef201116f2d,artigos_casa,49,392,1,7500.0,17.0,50.0,49.0
f516645f81debe9cff9416a20662dc43,variedades,59,2120,1,125.0,16.0,17.0,16.0
91e27b33eee803b0d1f97e4d3910b75d,ferramentas_construcao,57,278,1,800.0,20.0,40.0,20.0
a77453f011b20e66aec0d64f59106fbf,informatica_acessorios,21,663,2,100.0,16.0,16.0,11.0
b4617aa8f46404c5a9321dcdbacc4ee0,moveis_decoracao,63,394,1,1700.0,40.0,15.0,35.0
8852d1878bd27d8e1fe4e403c2a0100d,climatizacao,58,793,1,6867.0,39.0,48.0,42.0
22a0c6b3f34506fc9a6d78ff201f3dbf,moveis_decoracao,52,638,1,1400.0,40.0,35.0,40.0
8097e6d8de77768d9f72295263e440fa,beleza_saude,37,601,1,224.0,16.0,13.0,15.0
d1e88df8a078e4c427128a12f4f45844,artigos_casa,58,465,3,3250.0,50.0,10.0,50.0
ed5783fe4b2194c66043e77b648ff4cb,moveis_colchao_e_estofado,48,787,2,6600.0,45.0,25.0,35.0
8513feffb6292582dfa47ffb6f73fa35,utilidades_domesticas,56,240,6,6750.0,45.0,19.0,45.0
6a83dafadbcf4112388e8173860dd3b7,utilidades_domesticas,54,614,1,1245.0,58.0,12.0,60.0
d9af7011ee049dd8e825111c13ab6638,beleza_saude,56,608,1,350.0,25.0,12.0,19.0
5ece3fdf078107e1fccade3738044135,artigos_casa,52,118,1,800.0,25.0,15.0,20.0
f6192c622ef0023ec493f1929d602176,artigos_casa,47,339,1,100.0,16.0,26.0,26.0
9668e3c1bfb4a5e3a1220a479a1ddfa2,artigos_casa,57,210,2,6050.0,40.0,20.0,40.0
26899f5647bfc3a0dfa37e0cf00931e7,moveis_cozinha_area_de_servico_jantar_e_jardim,55,248,1,17500.0,30.0,50.0,30.0
d36d9ea1497c1e294498cc39df08a687,variedades,29,953,1,200.0,16.0,20.0,20.0
d8ec16e6a36ef1ab1a9e68d57399a00e,utilidades_domesticas,54,572,1,2250.0,30.0,30.0,30.0
14a174908a08ad7cfb56d3814d8e0ea5,artigos_casa,52,1027,1,1150.0,28.0,26.0,23.0
521527593ca1726b992318e034dd5690,perfumaria,30,138,1,150.0,22.0,7.0,16.0
a00a22560435cc439faf6163eabc1ef8,telefonia,44,351,3,75.0,18.0,3.0,12.0
77218fc106572162d14c91c0e4bfbcca,utilidades_domesticas,45,294,4,700.0,20.0,20.0,20.0
36c2d6cd6fd0a6720f3ebe3379a2032d,moveis_decoracao,63,1927,1,3500.0,45.0,10.0,30.0
afb4b687981fad8723f84510c57c84bb,papelaria,58,649,2,450.0,25.0,15.0,28.0
1cd7f362c94c8a3a854103a8da2d8f43,utilidades_domesticas,31,370,1,1250.0,26.0,10.0,26.0
f4efad625ed5878a2e7589dfb31c747f,moveis_decoracao,57,622,1,16200.0,45.0,26.0,45.0
0b910ddd6185e20c016c2113fc864eb4,livros_tecnicos,58,1252,1,4150.0,29.0,5.0,21.0
0f91b6a95a57a43203a9b17de98960d9,beleza_saude,23,274,1,390.0,19.0,12.0,17.0
5a6eeab62396852f7d89b60ba3a73cce,ferramentas_jardim,33,109,1,300.0,16.0,22.0,11.0
bb390f8ba6aad7fa1f1be418d7838beb,eletrodomesticos,60,631,1,13800.0,35.0,46.0,35.0
724dc24aa8d029d5d48b38bbbd54ec20,esporte_lazer,59,2709,5,483.0,26.0,10.0,14.0
d70c831282615555625658baeb52eaa6,fashion_bolsas_e_acessorios,40,360,5,150.0,16.0,9.0,11.0
f528f03aa56d5cd1ed6b807599adcd9c,utilidades_domesticas,60,674,2,850.0,42.0,11.0,22.0
c1afa44a5a60e2e7cf7280e57eba0597,ferramentas_jardim,60,1486,2,12300.0,33.0,20.0,80.0
aeb383f37bb53452cce26e3da03a6d80,esporte_lazer,57,610,4,650.0,16.0,16.0,16.0
e5c969a4ba30054ad838a06f35b15092,esporte_lazer,55,1028,4,200.0,21.0,13.0,26.0
555fb1933a0229450e7c01860a394dd4,telefonia,59,777,6,350.0,17.0,4.0,12.0
4b5df063d69ffafb87c279672ecb4191,bebes,54,343,2,3550.0,37.0,22.0,40.0
83ee05fd05be4375384ffcdeffcc138f,pet_shop,57,224,3,19300.0,45.0,30.0,45.0
7fe3f176f02fbc85e3f9d24e0f34e860,utilidades_domesticas,59,427,5,400.0,27.0,8.0,12.0
7e607b94237290f5b1d1f69d5664f33f,utilidades_domesticas,60,1270,2,1550.0,30.0,20.0,20.0
c12e49e47562c48e7c81b75e59f91cbf,brinquedos,47,782,2,1400.0,40.0,41.0,42.0
b93ce2bec0961862bd811f643e704566,eletrodomesticos,29,223,1,6250.0,55.0,10.0,68.0
a282446835c36ab70ca9fd48edbbc4e6,artigos_casa,63,410,1,2000.0,35.0,10.0,25.0
696cff7cfa8bff8ea511a524d81f6343,papelaria,34,292,3,500.0,30.0,52.0,20.0
156b348a4e7d61007fc06135f8a204b2,moveis_decoracao,57,1699,1,1000.0,60.0,11.0,11.0
4299211de0fa49785bb3115aa2b25c61,brinquedos,44,956,3,200.0,20.0,25.0,25.0
8593d4a9cae477bd61f807d9c2b3b4ea,beleza_saude,43,859,1,1250.0,16.0,16.0,15.0
32a34bd511db826f5e715e0d5870cbbe,automotivo,43,376,2,150.0,18.0,6.0,16.0
38947803f4effe2c45539bd71b509529,brinquedos,51,774,2,2633.0,37.0,20.0,29.0
71577b7befec8802e6153ca6b35a793d,esporte_lazer,55,638,1,400.0,25.0,12.0,17.0
fde84a599b4b96ce7eef9109caece04b,automotivo,45,660,1,100.0,20.0,2.0,15.0
8fc31e1c7f966b5262cfcc89e159d9a7,papelaria,34,740,2,250.0,20.0,10.0,15.0
e233b5d790d4c512c5cc1d6c0ff94f55,industria_comercio_e_negocios,52,2042,1,400.0,20.0,8.0,17.0
0afdab080dc525494d5a0adc4c1c0854,artigos_casa,59,554,2,533.0,52.0,6.0,40.0
d75ee8bd2f182827d5a26a09ed584c9a,artigos_casa,49,357,2,700.0,60.0,10.0,50.0
c509d9cdf78468c910d844f16b29fc7f,consoles_games,49,854,1,150.0,20.0,3.0,18.0
9ad35a49eb5a417d1554e1c23f8200e4,pet_shop,46,867,1,250.0,25.0,20.0,20.0
3aa87a3dccf8203120b151e48699ba03,ferramentas_construcao,46,656,5,1650.0,29.0,10.0,22.0
a8689b01f296bed129a12180ceb44b0a,relogios_presentes,52,560,1,300.0,16.0,11.0,11.0
8bd777f5db44c740f895dfc67733168d,esporte_lazer,52,671,6,1300.0,25.0,30.0,40.0
b0f007aa08f8289b1b3471eda48c8d9c,esporte_lazer,50,1352,4,2000.0,16.0,50.0,16.0
3ffc8b6c3ae2afbf307cbd802bfb5e4c,bebes,52,233,1,8950.0,41.0,40.0,40.0
a98657f6c266c87a5477b593aa1b7a80,esporte_lazer,52,1296,1,1350.0,26.0,18.0,18.0
d9cc920d093a854a2fe69ab26df8f992,pet_shop,48,566,1,600.0,16.0,16.0,11.0
4b703444923b5e57bb73ba343f5ebab7,artigos_casa,49,204,1,264.0,17.0,14.0,16.0
02c9b70f3d2ddf38f1120e09d4f9cd45,informatica_acessorios,49,395,1,133.0,16.0,9.0,11.0
8ea6651a5fee129653198012abdd4185,bebes,30,878,1,1400.0,44.0,6.0,36.0
1cf4209f5358de32c5cae2c2dbb84aed,telefonia,54,596,2,350.0,17.0,4.0,12.0
9798f14fd2be3c482aaff824a05ac605,utilidades_domesticas,59,284,3,3000.0,50.0,35.0,15.0
44f90f085c7a825863cbf867990e1513,beleza_saude,39,1200,1,517.0,25.0,13.0,16.0
3a4db42aea95097b7a616b36f21d143f,papelaria,56,225,1,1000.0,33.0,32.0,38.0
75f54c6aa3a4ccb9ab44fae693c21418,variedades,,,,850.0,30.0,24.0,18.0
f96de3be9535f89737fa62e14eaf7ace,fashion_bolsas_e_acessorios,55,456,5,600.0,20.0,8.0,20.0
03d4805d42e229c0fb34e5eb7fee281f,automotivo,60,1149,5,1525.0,68.0,9.0,35.0
ce01123f60fc72dfaf1e9c525b0ba71d,utilidades_domesticas,46,634,2,2000.0,25.0,35.0,25.0
3c169334e3cd4e710ef729a014d38b2a,brinquedos,49,1363,2,700.0,31.0,6.0,25.0
28b04f8634b7c9c6e3a41fbd0271e295,variedades,,,,250.0,28.0,10.0,23.0
6abb8f3aa658704b9845176c7ff453c8,artigos_casa,35,218,1,1400.0,55.0,10.0,40.0
b92ae71eeca0ece0cd18e4b0939bcaad,climatizacao,60,805,1,16000.0,45.0,32.0,23.0
404e1dcaff65deb2f65466f9bda53117,moveis_decoracao,55,1987,3,2550.0,65.0,8.0,45.0
3ac282e271aaf2c48bc21254dd611285,perfumaria,50,718,4,500.0,23.0,9.0,19.0
60432892a0fbbe1ce188be6248a9b5fd,automotivo,59,143,2,50.0,16.0,10.0,11.0
ac2748de1a459f86c302bbda7f6c4181,beleza_saude,52,852,1,1660.0,25.0,21.0,15.0
b747afd3c2016cf855c41d55385a0ce0,bebes,31,282,2,100.0,20.0,6.0,15.0
1e8d46e0cdc62c1ffa69cc04a6f2660f,beleza_saude,34,617,2,250.0,24.0,11.0,11.0
cc1b5f3a64b4f452bdf5473f10dc6aaf,perfumaria,28,318,2,388.0,19.0,12.0,14.0
13050bbc5cf6938a3760e43f1a845fcd,artigos_casa,56,212,1,950.0,44.0,3.0,33.0
20332c1e41e427864b3561a657caaf0d,relogios_presentes,59,916,1,700.0,16.0,12.0,12.0
922ee69fced8c701d47470e02811d22a,informatica_acessorios,53,812,4,400.0,16.0,6.0,11.0
0c6fc9b9317a68d1cda098c063914b72,instrumentos_musicais,46,692,3,3100.0,38.0,99.0,14.0
434487f82b5c35646bd8155cf1946179,alimentos_bebidas,25,385,1,600.0,16.0,16.0,11.0
ce3f4e32708399e3b18c71120beff50e,perfumaria,34,723,1,650.0,16.0,13.0,16.0
74fd207bb446a56583153f85de68b73c,artigos_casa,41,729,1,1950.0,20.0,30.0,30.0
1b2a140e2ec204144f52c2d74eafbd98,bebes,41,353,4,950.0,38.0,14.0,37.0
dcdf0ea8fa671dc311eeb3c391b5a4aa,perfumaria,49,201,1,350.0,21.0,13.0,20.0
e3de19106e36f3981c320553135a6610,esporte_lazer,58,2170,1,500.0,24.0,20.0,20.0
9ea4c0cee3567625c3b2dcff46ef152a,ferramentas_jardim,32,348,5,2550.0,42.0,8.0,19.0
8175f5b59bb3ab62f5cb114699fcc682,relogios_presentes,56,582,3,500.0,23.0,15.0,19.0
f522a110bd19cb7c8b5778828768f342,utilidades_domesticas,53,664,4,2600.0,50.0,10.0,30.0
5f42d57952b7815098979a5c4fa6f82a,beleza_saude,60,919,1,150.0,22.0,3.0,15.0
561b72208efb5be7e6834dc471aca43f,pet_shop,54,868,1,6350.0,50.0,30.0,30.0
d21bf4652c855ccafcf94116891cc7ce,fashion_roupa_masculina,33,1154,3,600.0,20.0,20.0,20.0
aa68f61c9b2dbcd9cce6c45e80dfbff7,eletronicos,42,101,1,100.0,22.0,5.0,14.0
8a90417eb713be09fd87a5d077ae06a2,esporte_lazer,59,3949,10,500.0,20.0,10.0,15.0
aed5efaf7a7554165f61fd016846916f,automotivo,58,897,3,150.0,24.0,2.0,17.0
b7b7c5293e270682d3f343c31355c52a,moveis_decoracao,53,586,1,2000.0,35.0,9.0,25.0
0d1d766e7cdd4a724e9ea9a18e5177bb,telefonia,49,1948,2,700.0,23.0,6.0,15.0
babebd0af88094b11c6374034e7347f5,beleza_saude,33,1209,1,700.0,16.0,17.0,11.0
f2a76781f22caf64ef56f2c87889e12a,bebes,60,848,5,700.0,50.0,5.0,40.0
e3baa4e51fbac37d48e70a8544895c1a,informatica_acessorios,60,115,5,50.0,42.0,9.0,25.0
f647cb5c7b9b37aaecfaee8418a864cc,ferramentas_jardim,23,45,1,400.0,16.0,3.0,29.0
ec56bda3963299a95bf284b63581716f,informatica_acessorios,51,961,2,375.0,26.0,8.0,18.0
e06f0f9571ab1f5a365ef8b691bf6c2f,moveis_decoracao,57,625,2,400.0,58.0,3.0,45.0
cbd2c1ba72b7f4ce36a69fd430c019ae,esporte_lazer,46,3184,1,2380.0,32.0,30.0,23.0
ff7cbf1b6efcbdb616eaf4e90ca7a467,telefonia,51,89,1,100.0,18.0,6.0,11.0
5a2f62420bd55b28cdc512cd79263c73,perfumaria,45,972,2,100.0,16.0,11.0,14.0
f195a8ce7489c4c4fe613ef84d8dd7a6,beleza_saude,55,788,5,500.0,27.0,14.0,23.0
5528209b7e7d4dd862211e10377355d5,moveis_decoracao,55,2024,4,300.0,68.0,8.0,13.0
b3e90ae91e88976069bda920612c5a02,fashion_calcados,57,404,4,750.0,22.0,15.0,33.0
3ec7c8f47e7cd1e67a54c90edf527b5f,artigos_casa,42,331,1,550.0,23.0,37.0,35.0
ad7aebed205805125489f8a89819b24b,ferramentas_construcao,41,2526,2,1150.0,22.0,10.0,9.0
12e2d17d42cd9d770771fb08675a870d,papelaria,48,432,4,1525.0,25.0,34.0,37.0
dfd89cc18585fdede243c6bd6a8c4201,bebes,41,1011,1,600.0,24.0,13.0,18.0
f1baace9e7cf087eaa42ca6716ec1359,artigos_casa,49,454,2,5650.0,98.0,35.0,48.0
59391e840980a4bb6df5f44d3d734df7,esporte_lazer,59,1025,4,600.0,16.0,4.0,13.0
ac480ada5f06d9024eae2c6dd9de4c74,perfumaria,26,138,1,200.0,20.0,7.0,20.0
5d89f81b3fa14d26922c2bfa804e8a38,papelaria,50,970,5,750.0,16.0,10.0,50.0
52de0484c8791bf5bf92748455652d10,telefonia,59,549,2,200.0,16.0,13.0,11.0
63ddf5df9f36e2fb2fc11b3894222c31,utilidades_domesticas,57,357,1,600.0,26.0,14.0,14.0
7933eeb8cf79ae899bfac71c0edb076d,moveis_decoracao,63,233,8,2550.0,42.0,17.0,32.0
615ee56e97eef79c2b855111d9434dcf,beleza_saude,37,526,1,450.0,30.0,10.0,17.0
fa126ff62aae83e37857ad495641c878,informatica_acessorios,29,1386,1,600.0,23.0,17.0,15.0
f2c2428aeb3fd0a6327905225c1c2444,eletronicos,55,661,1,17800.0,40.0,68.0,40.0
d43c65f300c5cfaae005f1f954fc0b15,utilidades_domesticas,33,377,2,7450.0,23.0,80.0,12.0
cb43fd7a1263540b74b5212d93ad11a3,beleza_saude,48,913,2,700.0,30.0,16.0,16.0
0f66dd888ff5af9eba17aa59be9870d1,pet_shop,53,856,1,6300.0,60.0,25.0,25.0
aee1ce7ad6628e95724fb80c24479c57,esporte_lazer,37,242,2,900.0,60.0,15.0,15.0
ebee6703e867082f455a058a8bd04092,consoles_games,53,321,2,200.0,25.0,5.0,15.0
0bdc4af29a51151df496d686dbce59a8,perfumaria,27,475,3,200.0,16.0,16.0,16.0
b3675eb635fd8e9a7528f1e347b4690f,ferramentas_construcao,53,1181,1,2150.0,60.0,15.0,30.0
9e25ada324eae24218829873a10d95ee,automotivo,49,278,6,850.0,17.0,17.0,15.0
2402257ef60c01379113638864b21035,utilidades_domesticas,56,577,4,7300.0,45.0,15.0,34.0
87b73d2916d30401b87dff20844af6db,perfumaria,49,1235,2,250.0,16.0,16.0,16.0
769083fbf5eb9f3f132a633cc9809388,variedades,58,1419,4,8333.0,59.0,31.0,75.0
6263969289f84cd8bde876597407657d,market_place,57,399,1,5350.0,16.0,50.0,45.0
4039e5b67d430bc9a4078e814d7fafc9,fashion_bolsas_e_acessorios,32,287,3,100.0,19.0,2.0,17.0
15873878161dd60a2de39df25443080e,brinquedos,60,1008,4,300.0,25.0,35.0,20.0
95380c355d1a589a9f3e7bfe9e5920d3,artigos_casa,57,663,1,4100.0,34.0,10.0,38.0
0f679de41005ce40722b43993df839e0,eletronicos,36,1755,2,3717.0,30.0,14.0,34.0
6f5483fb232683fb73098d741756fcc1,informatica_acessorios,54,339,1,950.0,33.0,15.0,14.0
6f3aab861391bdb91a3899c05faac2c0,beleza_saude,44,941,1,900.0,25.0,19.0,14.0
652b2c3cfb3ca763c54795335a22f1ad,pet_shop,53,468,1,200.0,16.0,8.0,15.0
ba01cebc5a3c2494d0a97d4713ec8938,beleza_saude,35,558,1,1250.0,30.0,10.0,17.0
54fa56379393bc8cba2e5cbf558aa2fc,perfumaria,45,193,1,200.0,17.0,9.0,20.0
29bc923d3ecb389b5b1b6fe2a6e4799a,artigos_casa,30,202,1,1830.0,41.0,10.0,40.0
bb1865456593db5a35bcc2b23174a09d,esporte_lazer,39,1424,4,7450.0,101.0,16.0,32.0
7fc59915d9bde9a845801ee04a8658fa,fashion_bolsas_e_acessorios,58,1359,1,300.0,16.0,2.0,20.0
12fd8665371236b5b586ea4e448902c8,artigos_casa,61,292,1,4050.0,45.0,15.0,35.0
9d0e471ed428c6b5c87c055d434b0cd6,fashion_bolsas_e_acessorios,51,372,2,150.0,16.0,9.0,11.0
86b7e59b8c6473f95f439aa2d445d879,utilidades_domesticas,54,1150,1,1700.0,33.0,12.0,33.0
84b6ea77a72c80fa8f23287a4e6c1dc8,fashion_calcados,54,404,4,900.0,22.0,12.0,33.0
d8c116c1f77298f5291022b0225b2883,papelaria,60,593,2,200.0,18.0,12.0,22.0
47fb043ed62be785ecb7a5e30c7787d4,climatizacao,59,1950,2,200.0,21.0,8.0,17.0
0a4093a4af429dc0a9334300e5c13ae5,beleza_saude,56,389,1,300.0,16.0,5.0,15.0
261c7021d2e157adc42f6a537ecd5e22,moveis_decoracao,54,166,2,400.0,20.0,20.0,20.0
1b1c78225aa5601414a8c09020ee1803,ferramentas_jardim,27,375,2,200.0,16.0,14.0,14.0
70aaba5ccf6aac45a3a7917f3a79c7e4,variedades,46,1348,2,1400.0,25.0,21.0,21.0
1eb30ad5e28de3838ccc658fa4eec948,brinquedos,50,233,1,400.0,45.0,15.0,35.0
300a6327ab13de0f4e0d3ec3270df6a3,eletronicos,52,610,1,200.0,21.0,7.0,14.0
66fb55e3750680af350c489f504762e2,esporte_lazer,48,710,4,5650.0,77.0,16.0,19.0
d39d1b0a696aa782911206ec3c023ab1,livros_tecnicos,30,2871,1,300.0,21.0,2.0,14.0
596bcac386727c4440b2c62434621e1d,automotivo,46,1624,3,750.0,25.0,17.0,20.0
93d2aa0c31c4bdfe9d71ae5b1df30287,informatica_acessorios,60,801,1,1020.0,23.0,17.0,28.0
af486dc9cfbc2b2dbcbd35a8b8b5e96f,artigos_casa,52,297,1,1150.0,37.0,23.0,35.0
0129d1e9b29d3fe6833cc922374cd252,consoles_games,55,134,1,100.0,20.0,3.0,15.0
c10426af8413edc42015b10a76b43651,perfumaria,50,551,2,2200.0,35.0,5.0,27.0
48aacddd51c3196ea66bf15d9f131c6b,utilidades_domesticas,46,175,2,649.0,16.0,18.0,17.0
def19e614797eefc0a11face884c50ba,esporte_lazer,52,1953,1,350.0,25.0,10.0,15.0
e07fbd0969dcddca941b8c4adec498b1,variedades,63,2263,1,200.0,16.0,3.0,13.0
5a3a4cd70e21a907b71825c5ff83ddba,moveis_decoracao,57,902,2,850.0,16.0,36.0,13.0
9cf9eb93f5d26169e4ced03e1ae55697,automotivo,60,700,1,100.0,32.0,2.0,24.0
9cae5ee8e51cfc67d044b79868637427,ferramentas_jardim,58,1280,2,850.0,27.0,8.0,24.0
dea0538113c6e4b96b4d34f5ad453075,informatica_acessorios,59,569,1,5275.0,45.0,27.0,31.0
6843fcf2daa799e469f08d9ded452d01,telefonia,60,2050,2,500.0,23.0,6.0,15.0
e09b95d6c02bf2a7831c8edc25c57843,variedades,40,1534,2,943.0,24.0,16.0,29.0
2676f64fccc9174a0c843ecd4dcd44d8,artigos_casa,45,864,2,7600.0,50.0,15.0,55.0
795ed92f8a2263bd778b90a008ee32fc,fashion_esporte,52,1177,6,850.0,22.0,32.0,11.0
f079179d711d2c815ac8e54fdfe70a3b,iluminacao,59,1297,1,1450.0,30.0,32.0,11.0
8a8ffceebd3e62e6b982760275d38128,beleza_saude,36,1182,1,1150.0,24.0,20.0,16.0
21b524c4c060169fa75ccf08c7da4627,ferramentas_construcao,60,338,1,3350.0,21.0,8.0,21.0
748b2d1153c4265584b74e4574455dcf,moveis_decoracao,57,2132,2,300.0,69.0,11.0,11.0
af144ed65466a16118af719a57053c95,variedades,47,1060,1,1815.0,29.0,21.0,23.0
79a8800eb81425242b64f54f687f9af3,beleza_saude,40,707,1,438.0,21.0,19.0,19.0
64fbadb8e3f6a0ac76c38ab230d661f9,utilidades_domesticas,45,1879,1,11850.0,30.0,36.0,46.0
76061aaf8a1e4e93cdd26f7bef9ce247,papelaria,52,313,6,9200.0,60.0,20.0,29.0
ee7de8d5e813bc4c5f9f1c38ba41e7e5,moveis_decoracao,58,585,1,350.0,24.0,2.0,24.0
8e8166ffb5959b17e74f94862044bd74,moveis_decoracao,56,297,1,700.0,100.0,5.0,11.0
46ffa04dbcbc5783861687bf69fc4f85,artigos_casa,52,769,1,888.0,25.0,9.0,30.0
a487b0b761b1bae56c6da805a31000c8,fashion_bolsas_e_acessorios,44,229,1,300.0,16.0,8.0,11.0
1c4dbd58e9b07007a271122f96bb0add,artigos_casa,52,627,1,6350.0,30.0,30.0,30.0
ead9ade61e81ab9e26d83640c3164e76,fashion_underwear_e_moda_praia,55,487,3,550.0,17.0,9.0,27.0
895f8f3b562dbd4186db48121b4d15dc,beleza_saude,44,1183,2,1350.0,42.0,11.0,12.0
7cf14faf0bbe9357dbd24b4a1de69f2d,esporte_lazer,15,328,2,150.0,28.0,5.0,14.0
b4882f0e38fb340c102d225f85b446df,informatica_acessorios,40,1958,1,500.0,16.0,16.0,11.0
525ed7c8184ab92cf223f5cf3aa85bf3,climatizacao,59,977,1,3450.0,40.0,13.0,15.0
bf467e0b677a9c83c0c71fc3b8f6f7d6,relogios_presentes,56,777,2,275.0,16.0,11.0,11.0
a1769eac9796ec783d49049bab3cce1d,bebes,19,369,1,450.0,32.0,7.0,20.0
25d6edcd216a9ee579f19f92d694f7d5,telefonia,57,1568,1,100.0,18.0,6.0,11.0
1686ad611d0c19159f8052758f93f660,telefonia,51,370,2,150.0,22.0,7.0,14.0
e552913ea4188584e1da1c487d9cde7d,beleza_saude,28,1427,1,1000.0,24.0,19.0,25.0
a2ba5bcfe3ee03832bf8f324caa32dad,artigos_casa,46,171,4,7825.0,35.0,35.0,40.0
569216db5e4a857c4056614de975617f,relogios_presentes,57,607,2,600.0,21.0,20.0,17.0
f5658e149ba52ed798f5c8d00c038a7c,relogios_presentes,58,761,2,300.0,16.0,11.0,20.0
739d233784c9f8e12635a19084e90cf5,informatica_acessorios,60,983,1,927.0,22.0,13.0,28.0
0081787b18cce4acc2d1adec4520d7ba,seguranca,56,841,1,1340.0,32.0,14.0,27.0
693e8a3550dfe12cd2a3f2a3f01b6130,artigos_casa,56,482,1,14900.0,16.0,10.0,16.0
555cdc8ae3abc9870afa02367539b799,relogios_presentes,55,190,1,250.0,16.0,2.0,11.0
7fbf3cba00dcf6da3f7c0fe6a162b4c1,beleza_saude,51,556,2,250.0,20.0,10.0,15.0
f72c56e46adf2ef4cf84a708f8644f89,moveis_sala,51,759,5,9150.0,87.0,10.0,56.0
3db75f31b76375c502f64d550dcd1166,informatica_acessorios,34,1078,2,200.0,41.0,2.0,29.0
606b5bf4a5c5ac2f72196afa18b77d3d,relogios_presentes,56,710,1,550.0,16.0,11.0,11.0
1967439d121aa088ab92049dead980f4,eletrodomesticos,54,551,3,200.0,27.0,13.0,17.0
cf5407ad3a5c603fa46d5c2613661a09,pet_shop,49,410,2,8750.0,45.0,28.0,45.0
f22ccf28078d6ba8961033bc6a20bc12,variedades,,,,1500.0,30.0,10.0,36.0
12e6d0f655986ceff00c74658dec97b1,moveis_sala,47,511,1,7875.0,60.0,25.0,25.0
9cf46f1d4af935182cc2fa4690a77a00,relogios_presentes,41,733,3,200.0,16.0,13.0,13.0
654a7e7cc8b61ba09cefd8e02be969d2,fashion_underwear_e_moda_praia,62,594,3,350.0,19.0,9.0,27.0
de18af36238944b4db169fd05ab9d541,telefonia,48,451,4,100.0,19.0,3.0,11.0
83f2c628d86dde5369cde6ffb51d919a,esporte_lazer,49,874,6,600.0,40.0,9.0,15.0
dbb4ce89c8ed5fb6fd901e2e51093179,utilidades_domesticas,34,545,3,2200.0,48.0,25.0,25.0
f49f59559a40c88ed4beeacac8b25e71,fashion_roupa_masculina,28,364,2,250.0,16.0,16.0,16.0
8dff5399c7a5552ee041c8bb465e5288,audio,48,351,2,100.0,19.0,4.0,11.0
dda99bcc1a209dcb83f788230d3ff4b4,telefonia,58,591,1,150.0,19.0,4.0,11.0
d5fe61375316d1998d0aac7adbb8b9ab,moveis_decoracao,58,537,4,700.0,20.0,35.0,35.0
5900f15422406edaa3a73c8063cb69fd,fashion_bolsas_e_acessorios,48,151,1,100.0,16.0,5.0,20.0
a5cc78a32cddc1ec920b5546f188cc3e,pet_shop,51,1499,2,200.0,20.0,7.0,14.0
99c190bbe6f8ddee448a3756e2360601,automotivo,58,651,5,4600.0,71.0,4.0,44.0
e531b5635b6b1acbc902a4d3ea268f45,beleza_saude,56,1558,3,1600.0,20.0,40.0,20.0
c95ef8ea078a841a370c7ae96a552711,ferramentas_jardim,59,648,1,475.0,18.0,11.0,16.0
d5991653e037ccb7af6ed7d94246b249,informatica_acessorios,42,363,1,922.0,30.0,15.0,17.0
5d3e31adf8ff92075c3848f021abaf06,variedades,,,,550.0,16.0,11.0,23.0
82e4ad16521ca131d95e198d507db370,eletronicos,56,343,1,150.0,19.0,12.0,16.0
16d13ab2d640065882cddcafa3359116,artigos_casa,49,565,1,483.0,28.0,2.0,23.0
a216f363d00d836f8ed41189b7ea0c91,telefonia,59,734,4,300.0,17.0,4.0,12.0
6db9852ed8cb3fe154129a47ca5b0887,eletronicos,44,132,1,200.0,17.0,8.0,12.0
0185e6719ca5c224fc53853997fa3f68,artigos_casa,64,319,1,1600.0,40.0,15.0,35.0
adef273b1a927ad364e14a52e7f4ce2c,brinquedos,42,404,2,750.0,17.0,23.0,17.0
43222c9a989813b389d36fe5a1655c05,alimentos_bebidas,53,186,1,1213.0,36.0,12.0,31.0
daf1e4584f54eb0f49b79f209e83d670,automotivo,60,873,6,2200.0,30.0,25.0,30.0
aae9610f8843fbe3931dadce56c0ac94,informatica_acessorios,44,260,8,3765.0,44.0,22.0,52.0
cabdfd59b47b4a3135145f38590da2bd,variedades,48,1177,4,1900.0,96.0,5.0,45.0
d7f94e8a47066a6a4ddb422718f59531,perfumaria,42,553,3,250.0,17.0,8.0,11.0
b34b2c889f5b26963569cf421254e121,moveis_decoracao,54,391,1,4000.0,60.0,18.0,48.0
4cb35e544a1de008f37e069f172f964e,esporte_lazer,45,804,1,175.0,16.0,5.0,11.0
1a6c9da4039deae58c2b769f049ae121,utilidades_domesticas,54,1323,2,2650.0,31.0,16.0,16.0
c154987c6780d1a2b579aae00e53485f,ferramentas_jardim,36,418,1,900.0,30.0,16.0,25.0
45d7d0595f83b5260d6b0328393c1686,climatizacao,61,80,2,12200.0,65.0,65.0,18.0
c3e43e07f541c49ce73e9778dfecc6ca,ferramentas_jardim,51,590,1,2400.0,43.0,42.0,11.0
0faa4ca558654b554d4d09abd8fe33d2,informatica_acessorios,60,534,1,150.0,16.0,6.0,11.0
5ef85fbb12f3f0fef4e3f96985c092a0,utilidades_domesticas,54,447,1,1300.0,32.0,20.0,22.0
efefc6ae386eed5b7286cdae6168d55b,bebes,46,414,1,300.0,16.0,3.0,18.0
4e64c0d39af6b919e605b2ce1e793d20,relogios_presentes,41,544,6,600.0,20.0,20.0,20.0
b42c05a477c94b52587fa47d777928df,artigos_casa,44,209,1,1350.0,39.0,18.0,39.0
a9c425004dd5fecb05317d41c280399f,papelaria,52,560,6,1225.0,32.0,52.0,19.0
602bd303d85e0e535a0767b9f1d85f91,automotivo,38,3419,1,1650.0,32.0,22.0,11.0
7a18f72d8f0acfbd60eea36f2644ce8e,alimentos_bebidas,63,670,6,200.0,17.0,9.0,16.0
77c85114b82935ec7619f75cdf072a48,moveis_sala,39,301,1,5050.0,64.0,13.0,63.0
b6f334a1ae0731e790e39cab5da09600,telefonia,26,198,1,100.0,16.0,6.0,11.0
74e901ea4caa0b0488e8350431c558e9,bebes,57,2021,4,3350.0,55.0,10.0,40.0
6ec26b3516fecd18cda3001a9c48a242,beleza_saude,60,918,1,100.0,22.0,3.0,15.0
01948c8dbac93beb665f136bccd530d8,consoles_games,25,1564,1,550.0,20.0,30.0,20.0
3cfabfc4cf61ee4c29199d346f5653c1,artigos_casa,60,530,6,833.0,30.0,18.0,27.0
2cc294be30478c5b330a17360b597951,pet_shop,43,519,1,450.0,20.0,50.0,20.0
d313e598d5777461545098a7bba14549,brinquedos,34,1695,1,1283.0,33.0,49.0,22.0
1de1b0e6f3e585714e7ba60c0fa2551c,beleza_saude,24,2227,1,717.0,17.0,16.0,15.0
e7e0728e9e488b0a67ef4d95e98ee4c8,eletrodomesticos,58,722,1,13850.0,35.0,95.0,25.0
d5fecef648f5024409b98e55ca2a6e45,livros_interesse_geral,28,449,2,300.0,23.0,3.0,16.0
ee56c010c47882613d271e40703165f0,utilidades_domesticas,45,2637,1,700.0,20.0,12.0,12.0
78258dcdffa72f0a40e1fd93b9a52b3d,perfumaria,53,1207,1,525.0,22.0,14.0,23.0
5ad98f070157eeb5bb577282dd1a7f06,eletronicos,41,582,2,2150.0,24.0,12.0,23.0
677883eb52acde220f6d79fe67bba70a,brinquedos,41,1517,1,1600.0,28.0,36.0,27.0
7775d718fa8dfebe8015e6e5ee3dc5be,variedades,,,,700.0,16.0,10.0,20.0
46ded74d8d8e187dabe94a64dd15a7cd,informatica_acessorios,52,116,2,200.0,50.0,4.0,40.0
0a90097256285aa4c813f41e6fc1e6ee,esporte_lazer,44,226,1,7150.0,35.0,35.0,35.0
39ed04888dcd79849e94036dfdb3b4aa,variedades,30,218,1,2500.0,50.0,8.0,36.0
28763a4fd1b597a9c4f31a9579e7d1b4,pet_shop,53,823,17,1150.0,21.0,17.0,30.0
5edd96075ae7fa289da48ec3b80c0c2f,telefonia,53,849,6,283.0,19.0,5.0,15.0
c18399e510fd09e3186d34f4206109d7,relogios_presentes,55,807,2,350.0,16.0,2.0,20.0
8e35752c1597713f370e8e63cf0dd338,ferramentas_jardim,38,249,1,200.0,18.0,21.0,12.0
cfd2499557fab719688fc5260eb18dad,telefonia,60,791,4,250.0,17.0,4.0,12.0
bd0ac51dc93e62c4dbe6ca9d70a9b311,automotivo,57,974,2,300.0,16.0,11.0,11.0
17f6a6d7f6e0334b28d8d026d12db169,beleza_saude,53,3073,2,900.0,31.0,20.0,20.0
e340207acac912600273ffd7ea058780,variedades,31,205,1,600.0,35.0,6.0,35.0
f0606ca7e8022a81e0fa25ea3e334717,brinquedos,46,125,1,350.0,25.0,25.0,25.0
b60c241f66e031959b70e1c60725f0bc,artigos_casa,55,555,1,650.0,16.0,10.0,16.0
8fbcb15797c830eb81cb3368ffe4a851,utilidades_domesticas,60,445,3,750.0,34.0,8.0,30.0
4e0dbe365a79679e8072f9ce716d3f5d,utilidades_domesticas,54,808,7,6125.0,40.0,23.0,25.0
c192595b717cfbb910f653b62d8ac9c3,brinquedos,37,1079,1,167.0,17.0,14.0,16.0
1ab751509d2021cb7a5137f1fc99b488,automotivo,58,228,1,9650.0,55.0,35.0,30.0
ca4636eb45d6d3d09bf140125705038b,instrumentos_musicais,48,437,1,13900.0,40.0,40.0,40.0
08574b074924071f4e201e151b152b4e,ferramentas_jardim,36,450,1,9000.0,42.0,12.0,39.0
d2b3e735df73207132c45ff909e567ef,papelaria,45,106,1,825.0,29.0,18.0,20.0
e9ed063dacf96b73a9567bf943e5f708,perfumaria,46,578,1,250.0,16.0,18.0,11.0
6f97a895233612b425fbd7ba837a462b,beleza_saude,48,620,1,550.0,33.0,7.0,11.0
710e8b076db06c8e5343a9e23f0e3d83,esporte_lazer,60,645,2,600.0,30.0,20.0,20.0
6cf95bd30a9628ca0c9911e43d7956a3,pet_shop,57,721,1,1500.0,50.0,30.0,33.0
e0cff02736e677c15eb7d04c7c52018f,perfumaria,49,586,1,350.0,16.0,6.0,19.0
002c6dab60557c48cfd6c2222ef7fd76,brinquedos,43,112,5,350.0,45.0,30.0,30.0
4e0d588f8e002f2bad9cbe0b8f66f6f6,variedades,,,,200.0,25.0,5.0,15.0
b6f9abef16fdfec89e4f3675f6627dca,moveis_decoracao,47,372,1,400.0,37.0,15.0,27.0
bc33268e0ab8b9c13207af78f8a62b75,bebes,40,1890,1,200.0,16.0,2.0,11.0
c7671984ff3e8376c2998f75bf1447d9,seguranca,55,1802,3,200.0,17.0,7.0,17.0
f8b5807c6dfdce709e2872a820c1c7b1,instrumentos_musicais,59,905,4,650.0,26.0,10.0,22.0
24a046fcc8b971ab9962537f2694bc77,artigos_casa,54,1047,2,2150.0,33.0,19.0,45.0
57ea8ad500d0af10bc5fbf3bf2b7d400,bebes,53,1651,3,550.0,23.0,33.0,11.0
1220978a08a6b29a202bc015b18250e9,eletrodomesticos,46,280,1,1200.0,25.0,33.0,25.0
ce5cedf6e57d59b07eeecb68eeafd099,eletrodomesticos,51,847,1,2750.0,32.0,32.0,16.0
f943f91d49d1d1179438fb3964e1724d,fashion_bolsas_e_acessorios,38,579,1,100.0,17.0,3.0,12.0
4413a608a42bd21bbf9d5abbd58c249a,variedades,57,1620,1,2350.0,16.0,40.0,16.0
290ada89b05e1dca2a4fe42f1cfc012e,telefonia,63,916,3,300.0,19.0,5.0,12.0
2345a354a6f2033609bbf62bf5be9ef6,telefonia,43,1741,5,150.0,19.0,5.0,11.0
6352f75289c0456b2ddd48723e2e8fa4,informatica_acessorios,34,1376,1,1000.0,31.0,13.0,20.0
156687e7a24c248ccf007521b1b49857,artigos_casa,44,284,1,1650.0,36.0,19.0,43.0
962fcda8dd2506e82cb237b3efb5ba5a,utilidades_domesticas,50,544,4,18150.0,50.0,50.0,41.0
85eed6b3f52d601d2a288e2668b888df,automotivo,51,719,6,4950.0,53.0,43.0,11.0
e8de73291c6283e59972a8c25edf40be,utilidades_domesticas,37,159,5,400.0,18.0,4.0,12.0
c73c3f65a5c288407f6d95b367e47dee,automotivo,60,825,4,1050.0,19.0,20.0,17.0
448cbeba9628acd8b5b8bd6c8a5018a0,variedades,60,627,4,200.0,25.0,6.0,16.0
686f5682d2be7689714c5fae465de396,ferramentas_jardim,40,275,1,150.0,16.0,2.0,20.0
dfb97c88e066dc22165f31648efe1312,automotivo,53,597,1,5417.0,47.0,44.0,44.0
32dee6edefc5838b521ceb11619bc472,automotivo,58,362,4,200.0,24.0,2.0,17.0
03dc797f6faaa324fb633c518ff3f326,beleza_saude,41,2063,1,3000.0,30.0,10.0,20.0
cae2167feedb9388aa9baffbff44e5f4,telefonia,58,591,1,150.0,19.0,4.0,11.0
53bf7ec76fb003c1e46c3811fb17727f,esporte_lazer,44,346,1,300.0,20.0,20.0,20.0
996eb2b25eaeb6c3435aff3ccd3fd3f7,esporte_lazer,41,1341,1,2400.0,16.0,16.0,16.0
99444782c6bb7269243567c2d6988f94,moveis_decoracao,54,826,4,500.0,20.0,10.0,15.0
f59971e26d747cd4c9b8f70d8f4afdfb,moveis_decoracao,44,615,1,8200.0,30.0,35.0,30.0
e7a6f33d382bca6fa19f52ff13e440bd,artigos_casa,51,291,1,1500.0,45.0,15.0,35.0
ff351cfcb7d6612f887fb0a230dfaf34,brinquedos,35,494,2,300.0,30.0,17.0,24.0
b12ba6fb4716c6732dc00c5f84466dc8,utilidades_domesticas,47,343,4,11250.0,38.0,28.0,32.0
8eb2787f0bb7f47e87e61e8c9085ade4,informatica_acessorios,58,1919,5,1650.0,35.0,10.0,19.0
a8ab87e971c2d89c8eff5f87fb481a52,brinquedos,47,863,5,475.0,25.0,28.0,25.0
eae2dd85f947bc3cd623a4443bc91111,instrumentos_musicais,63,569,5,800.0,26.0,15.0,22.0
e27d13968e7527aaa27fba2089c13bff,moveis_decoracao,34,573,1,8100.0,37.0,41.0,37.0
d9524ab5892f79d3de3870697ad7b25d,fashion_calcados,54,404,4,800.0,35.0,12.0,20.0
2dbe02c3377328c5fee48abed03d7b25,brinquedos,54,607,1,300.0,25.0,3.0,20.0
3eebb0207da828bf5376257ceca70959,relogios_presentes,58,438,8,250.0,16.0,2.0,11.0
7bd8b19e81d818bfea514af0bd111437,bebes,34,894,1,150.0,21.0,7.0,14.0
b1710c76a2b88d24f13cf3afbb18d700,telefonia,60,818,6,250.0,17.0,4.0,12.0
b248cbdf748a977cdf76991dd59fc429,automotivo,42,96,1,150.0,16.0,7.0,11.0
04566e1a1afa83470b25c2642706fc32,utilidades_domesticas,59,470,5,7800.0,33.0,35.0,33.0
e2883845d83ecea7f341705fafdfd19c,informatica_acessorios,47,2356,1,100.0,39.0,9.0,11.0
e2f3f7ec8185e5931ae0faaa63175ae8,brinquedos,44,437,1,4850.0,50.0,12.0,50.0
cc5c55b85ec65541272bea4b9895add4,papelaria,56,1349,2,1100.0,27.0,10.0,20.0
4906d62973cf8df98e77484df13685ac,esporte_lazer,48,1416,1,200.0,16.0,16.0,16.0
35780c73ee3f0cda4f99733734a30cf6,beleza_saude,45,375,1,2000.0,30.0,12.0,16.0
fb5c123fd5aba64397060623b857ff57,bebes,44,704,1,329.0,20.0,28.0,50.0
c0d6c8a21420b7d6641cc0582af7203e,artigos_casa,60,709,2,850.0,32.0,5.0,30.0
5eda4e0f860531d5ba1fe2b23d468cab,ferramentas_construcao,58,1364,6,4950.0,20.0,24.0,21.0
7bff21aabd6f1c9055ef5c2a262fd62c,artigos_casa,55,548,1,500.0,16.0,10.0,16.0
28857b241545853875bda6661ccdf0f7,brinquedos,51,1558,1,733.0,34.0,32.0,27.0
3c332c78cd1032a39727291af7ad2932,artigos_casa,60,218,1,350.0,45.0,8.0,45.0
d20466987c855004cda6b91a3a09da79,moveis_decoracao,55,223,1,26800.0,56.0,48.0,38.0
aaea09c7da84ba1efdfd3079480271f6,relogios_presentes,54,487,1,300.0,16.0,11.0,11.0
3438c2b09f5a1bb1ed623d3fecafe3b9,moveis_decoracao,40,160,1,500.0,16.0,5.0,11.0
d17fcc262e1deff42dc118031835f4f6,esporte_lazer,51,153,1,145.0,18.0,9.0,14.0
5f3a6b9196dde7e3702ec07bbdd34fab,industria_comercio_e_negocios,58,1497,1,950.0,30.0,20.0,30.0
6f5b86fea3f029028ff6b3a88248be45,eletronicos,50,1157,1,4700.0,28.0,27.0,31.0
1fe7c14d5b10473294330ae485559ea1,informatica_acessorios,57,310,1,400.0,19.0,5.0,12.0
e7d74ac41522f4ecd8782803fafc8aca,ferramentas_construcao,35,1185,1,4650.0,45.0,22.0,45.0
f936a018eafeb52059650c9e977b53eb,beleza_saude,41,1376,1,1613.0,18.0,18.0,15.0
6281a79f478d260d81da138f7e03c0bb,moveis_decoracao,59,1492,3,2400.0,105.0,3.0,70.0
685c297d0eda4eb885028d8699df7a8b,automotivo,57,679,5,7925.0,56.0,11.0,32.0
c1d228e0eb297c790ce9981dac9c340a,automotivo,47,2116,1,1233.0,24.0,10.0,13.0
db13a5fbc4bf2465d9c83b80aeb0697c,variedades,46,850,1,2000.0,40.0,24.0,30.0
5f26bb643760f3405efd1453e44dd68f,automotivo,58,296,2,100.0,17.0,9.0,11.0
f19ff6e54cc3bbde7ea7d0ff820b7072,casa_construcao,34,381,2,1000.0,40.0,40.0,40.0
50da612213d35f8d8681b0535651b30d,artigos_casa,57,284,1,850.0,34.0,23.0,42.0
c3b8f6be3507bb05fd83797f81f679bc,telefonia,32,331,1,175.0,18.0,3.0,12.0
e4db070498b75e666a0736eb2f0abcd4,fashion_bolsas_e_acessorios,28,293,1,150.0,16.0,15.0,15.0
589e33ce1e8aac8c6600a786fc0a3fa0,papelaria,41,72,1,100.0,16.0,5.0,16.0
7151659c0516da0bb3d9f27312efb652,beleza_saude,49,1729,1,2338.0,25.0,23.0,18.0
e30a6d4fa7a954f72a0392de4c613243,telefonia,40,945,1,225.0,16.0,3.0,11.0
5849aea6eb5573c99c98e52682bd94eb,eletrodomesticos,59,216,1,150.0,16.0,8.0,16.0
3745086e428495d12317f5864306279f,brinquedos,40,327,1,800.0,31.0,8.0,31.0
48e1175aec66cc4cd9998ea2e6eeae04,perfumaria,48,451,1,250.0,16.0,16.0,11.0
7bd043584ab4b147b9b19d9e97b299a9,moveis_decoracao,53,1750,3,2800.0,105.0,3.0,70.0
c7c99e372ec2f873701c20e3a00ff29c,telefonia,53,1440,3,100.0,18.0,6.0,11.0
5758144640044883abcfc4569f97b5ee,telefonia,57,880,3,100.0,18.0,6.0,11.0
13c68a908e3ec61b48544be41a74e8cd,variedades,,,,6050.0,50.0,18.0,40.0
a996a4fecaea5e7e2638d2c5078ebf4b,moveis_decoracao,64,69,11,1050.0,42.0,11.0,35.0
148f68f014d7729ff8193dd7fefd1c7c,informatica_acessorios,41,244,1,600.0,23.0,16.0,16.0
75f32a954f5bb6bde77612be80c9293d,moveis_decoracao,57,416,1,950.0,16.0,25.0,20.0
4757a525c7f6a182f4c63e23686a092d,consoles_games,50,1220,4,900.0,30.0,15.0,22.0
5aa0d6ed4e6c0995d62090cd82cde89a,artes_e_artesanato,29,654,3,200.0,16.0,6.0,16.0
839ae04dfa2580c962dbbf9613c3e6f9,moveis_decoracao,36,687,3,1950.0,85.0,9.0,20.0
55d139324dfb785b405ef1e11f119adc,casa_construcao,46,1330,1,738.0,23.0,16.0,20.0
21edbdf0b0622b2ed89051c88ae8d43c,moveis_sala,35,565,5,1500.0,74.0,13.0,18.0
a1b5a3e2a2233424b6c4ce31f31aa8db,moveis_escritorio,41,1215,1,9675.0,42.0,47.0,33.0
6435be64ad92f52631170f9a92718a99,moveis_decoracao,35,1047,7,1200.0,50.0,8.0,14.0
74ae869eb82594d9cbe6e934cf143e0c,telefonia,60,751,3,150.0,17.0,4.0,12.0
ace151a1240f7d1645965f9a9ea6c7e0,beleza_saude,34,2243,5,950.0,43.0,9.0,23.0
2d2294e3367e0514a129389d9da68670,artigos_casa,29,2113,8,27050.0,90.0,20.0,90.0
1270b3f789c8c851abd05611751512f0,market_place,54,1023,2,200.0,18.0,8.0,18.0
05317e90a20f490f4749cd92d33e0fbb,moveis_decoracao,30,716,2,9900.0,50.0,32.0,37.0
aba488672db0eba4413872b0f51e06aa,papelaria,53,205,2,450.0,18.0,10.0,11.0
0f87a012d70771e94374b5a1a037f1d8,informatica_acessorios,45,499,3,250.0,19.0,4.0,14.0
8b6c7a1576a913518e4085451e978bf9,esporte_lazer,44,1219,1,867.0,21.0,18.0,16.0
0a904457e165bf24b90921754b4a5888,esporte_lazer,49,3823,1,1350.0,31.0,33.0,31.0
9806189f9cb679bcd5326b460c2b9073,eletrodomesticos,56,901,4,2000.0,17.0,29.0,17.0
7ef3a40a669c333563b5db14510333d3,esporte_lazer,43,251,1,150.0,19.0,5.0,16.0
385eab549097bb2081464eab661ba575,utilidades_domesticas,38,412,1,700.0,38.0,7.0,11.0
2b50a33b93e3b489f648b9166a62e13d,moveis_decoracao,63,199,6,1100.0,31.0,11.0,26.0
1f0faca592be013ccc1cd6cc5517eef7,beleza_saude,55,1593,3,850.0,16.0,35.0,11.0
416cdbd855fe5e217167a1405a70fa4a,papelaria,53,377,3,1300.0,17.0,7.0,12.0
a8d2af10596b8acd5f45c720fe9745aa,artigos_casa,46,208,1,500.0,16.0,10.0,16.0
f16129eac8470e4e6d0e40033ebc5250,artigos_casa,59,470,1,683.0,35.0,14.0,21.0
08462528607b71ea62cbc019d91b001e,beleza_saude,31,591,2,650.0,16.0,10.0,11.0
69474edea9d9def8b68de248373f1ad4,perfumaria,52,177,4,200.0,16.0,5.0,15.0
63ae63c279f3ccd864bc7756f81bec2a,artigos_casa,56,230,1,1825.0,40.0,14.0,33.0
0df2a7a1ee25a81b032358dbb083319b,moveis_decoracao,42,1931,3,3800.0,70.0,4.0,55.0
80c8ac047ca651a5672b8a7973085640,esporte_lazer,42,1469,2,4450.0,34.0,29.0,11.0
8f5501bc2a52a32cb42e220c855cd589,pet_shop,58,2357,6,2350.0,42.0,22.0,32.0
f9ebdbca177cfdb1be1ea462e9dacb82,utilidades_domesticas,28,854,4,800.0,23.0,10.0,23.0
a25d948ddec359c8d80978d139a4db83,brinquedos,43,1784,2,900.0,38.0,24.0,38.0
d296d7996d75ec35fcfc75b3a06cae63,artigos_casa,54,561,1,600.0,16.0,10.0,16.0
98e5d3ce2fa01b7829c3e1b1ae40646a,informatica_acessorios,55,490,1,150.0,16.0,18.0,16.0
8448ca0891d431bffa57301b7dd2ad04,relogios_presentes,47,760,2,300.0,16.0,13.0,13.0
6c0eabd1040cec18d5de037e3534780d,fashion_bolsas_e_acessorios,59,443,5,150.0,16.0,5.0,11.0
f3a2a401af00f8a3fa7e234ac66bea84,eletronicos,47,740,1,327.0,18.0,8.0,10.0
37d007abbb05d792773dcf090208e077,market_place,50,1334,3,1175.0,54.0,10.0,33.0
59166cb25207e97d04951200086920b3,audio,55,1506,2,150.0,20.0,10.0,11.0
77e1d1347bf761294a7158e1b0b536d5,fashion_bolsas_e_acessorios,22,309,2,100.0,16.0,9.0,12.0
33ab88b1e48538d846cd26ea55d34108,eletronicos,54,336,1,200.0,43.0,9.0,16.0
e15ba46909cf94625dfd772166a27e68,brinquedos,59,760,3,650.0,33.0,6.0,22.0
9f3d5786e5d1ed02ec2d0a91849f64a5,brinquedos,58,716,2,150.0,16.0,3.0,15.0
b9a90f1fc4d536d191445c068ef514c4,seguranca,58,1254,5,9450.0,105.0,17.0,14.0
bf84efc59aa20236fc3cb0d7a9e7ca44,informatica_acessorios,48,1761,2,300.0,16.0,4.0,18.0
750dcfda0a9788bba89c94bb82a322db,utilidades_domesticas,48,197,1,7350.0,25.0,62.0,25.0
15fdd6032f35d4add5066fb90be28630,relogios_presentes,60,718,5,950.0,16.0,2.0,20.0
20d99367bb5820e9d15aef657b83b5a2,automotivo,44,187,1,250.0,40.0,4.0,30.0
0134eb6b933b7ebc0f9e24ae5abefaa0,eletrodomesticos,58,290,1,1150.0,55.0,19.0,46.0
9b199d3982e566889a35509682da2435,papelaria,58,490,6,400.0,21.0,7.0,15.0
e933ff96119efc4dd8bdd1b71e73f60c,moveis_decoracao,53,1263,1,1600.0,54.0,8.0,20.0
3831462c36ead78cff9e8fb704dbb879,papelaria,60,313,6,7200.0,60.0,20.0,29.0
0043d1a25ef08fb6f41b8fa6f91742ab,ferramentas_construcao,59,1691,1,20400.0,30.0,30.0,30.0
37f05006248fc8b0d04270ef02d24406,fashion_bolsas_e_acessorios,50,572,5,50.0,18.0,18.0,12.0
152d9634a0dd1eccbd43fcd7c3512a14,beleza_saude,52,1293,1,2350.0,16.0,22.0,30.0
9af9da5cd0200f1ebd194aead2184c66,esporte_lazer,44,712,1,2950.0,32.0,24.0,22.0
501c8cd285f4f2ed96efffbb3c697d0b,ferramentas_construcao,44,339,1,450.0,19.0,5.0,13.0
3f65341957930c6c7cb9b880151dea7e,utilidades_domesticas,58,481,1,585.0,17.0,14.0,17.0
ff9dfd2acec3dff6be51b4d28bed8768,eletrodomesticos,58,255,1,500.0,20.0,13.0,15.0
a836767158b2c4fdca1d178b8e4e6165,malas_acessorios,43,236,2,150.0,20.0,20.0,20.0
9668ae227893ed924319574e98f60c7d,artigos_casa,43,582,1,1350.0,35.0,19.0,45.0
540a6b4600d6620f58aaff20eba82574,fashion_underwear_e_moda_praia,33,1107,2,300.0,22.0,10.0,15.0
faf1ee0011431f48e299fe92491a14c2,beleza_saude,31,707,1,700.0,26.0,5.0,15.0
2ec8497962cc5f7730756635a5cbbf16,ferramentas_jardim,60,959,2,1100.0,25.0,5.0,13.0
3d3cecc4a794792dd7331c57580747a1,automotivo,51,937,3,1900.0,87.0,3.0,42.0
c0681a586716a6b03826f9d15d4bc830,eletrodomesticos,51,138,1,200.0,34.0,13.0,12.0
c0bb1cdf039d4b769e4d773de2240799,eletrodomesticos,59,414,1,14850.0,35.0,46.0,35.0
90a4e360b368cf4f42028b8ed1d99d41,automotivo,54,181,1,3150.0,23.0,4.0,21.0
c327898dd247165a50bd1d6a2a38347b,bebes,55,2325,3,1600.0,40.0,20.0,40.0
19040720293c3389f764e7b18f9395ac,moveis_decoracao,37,436,1,3100.0,30.0,30.0,25.0
33c93d38230e17498ab3fcfdbeb98b34,moveis_decoracao,59,1663,5,750.0,30.0,8.0,20.0
b3b0236137a276a847e6ee84c1a997b6,telefonia,37,346,1,200.0,19.0,6.0,15.0
c2a7775e16b4ac0e1e9d78c9e8c9e825,utilidades_domesticas,54,3831,1,350.0,21.0,21.0,15.0
88cb48d5db69a7413a20a707e25ec2d6,esporte_lazer,55,1170,1,850.0,40.0,28.0,25.0
32b9c3230a57c4312a9419c44a2e45ef,esporte_lazer,48,596,6,1600.0,95.0,16.0,16.0
266bc9a69487d12f125e4af1b5da3d32,utilidades_domesticas,56,613,1,6800.0,40.0,19.0,35.0
ebc2160765952857f3bec4d6d76673e8,eletrodomesticos,44,1519,3,21800.0,53.0,44.0,53.0
2fcd5f747ee88ffce15493b3cf70d8d2,fashion_underwear_e_moda_praia,63,3140,11,600.0,16.0,5.0,11.0
2ddbeb76f134690c05636162f2558594,variedades,,,,1400.0,35.0,10.0,35.0
30fe9c818bb5746a839886f256329d5e,brinquedos,33,189,1,5400.0,70.0,32.0,18.0
02032c15ca85744c99aa99583e824a90,papelaria,46,129,1,100.0,16.0,5.0,16.0
24d1e0447bc0f9b43af49837d0a4efd8,utilidades_domesticas,58,828,1,1150.0,16.0,30.0,12.0
1b7384e0f9f5e4cb914cd3f5535a4cab,variedades,,,,200.0,16.0,3.0,12.0
3c59055b72a9160589590ca99611487e,variedades,,,,150.0,16.0,16.0,16.0
a4e285285691cfbcc14df9e2d85bd337,market_place,56,1101,1,3500.0,17.0,28.0,24.0
f034637ce06bb3a527488a37a59e522d,relogios_presentes,44,549,1,400.0,23.0,15.0,19.0
46e5995ddd4728e50343ef6bdb45b75f,telefonia,43,2949,3,800.0,18.0,22.0,18.0
0c22c51625fc11357a8356efa31fe89f,artigos_casa,51,747,2,11400.0,16.0,2.0,11.0
74d70f0700daedecb18089fa693f5ca2,artigos_casa,59,305,2,4000.0,45.0,15.0,35.0
73c0537a6f1d148275c69a114b2d8bf3,automotivo,59,605,1,450.0,27.0,10.0,17.0
5b4ef54978cc6c1a6b6d1dbd5d7611b3,automotivo,59,1224,3,150.0,20.0,20.0,20.0
ed6905f4a4a9728bc20da105c7099120,climatizacao,41,504,3,5100.0,26.0,26.0,46.0
0b6f7f321aeac91ef72512bbae664b13,esporte_lazer,57,938,4,5400.0,16.0,50.0,16.0
6875b883a18364bf04f16698a335df55,papelaria,45,319,2,1500.0,18.0,35.0,29.0
89045cfdb97f8a26621954162a34462d,beleza_saude,57,200,4,433.0,24.0,13.0,17.0
ee9bbf77fd02094848375de9fe61807c,utilidades_domesticas,60,1281,3,1000.0,23.0,13.0,23.0
22c051b01971f34702857840a0e03fab,instrumentos_musicais,55,684,1,950.0,22.0,9.0,57.0
58133902386a146205b7686ac63d6ed0,esporte_lazer,55,1889,4,550.0,32.0,11.0,22.0
641444946fe3a839d726c32804cd1aff,artigos_casa,57,369,3,3900.0,45.0,15.0,35.0
7f880e0dc3777afaf5fe4f21b0ce0279,artigos_casa,59,497,2,900.0,50.0,11.0,11.0
f1c4f26f118642564253b47188f05ccc,pet_shop,47,1621,2,150.0,16.0,20.0,16.0
57a0cb306bbd11620b9bbb927748b043,fashion_bolsas_e_acessorios,35,833,1,450.0,19.0,27.0,27.0
3e845176ca89939bffd10efd3467a090,moveis_decoracao,35,313,1,1550.0,37.0,10.0,20.0
dfc9d9ea4c2fbabe7abb0066097d9905,artigos_casa,54,797,1,3300.0,19.0,35.0,31.0
405b91eb4d099e9985d4c2342381e919,perfumaria,41,909,1,383.0,21.0,16.0,22.0
82f0d5f5a4d52cf6ca68a2080bdd0d02,artigos_casa,54,609,1,1625.0,40.0,5.0,30.0
ce3d2ab7d0a7cc9fed5c2a66901c06d6,brinquedos,34,434,2,760.0,26.0,16.0,20.0
bcf28e2680bbdb599383f24b32d8d5f2,bebes,47,728,7,6650.0,34.0,50.0,30.0
2072d4792ab7893ddbfc178948e0eb86,artigos_casa,60,429,1,1800.0,35.0,8.0,30.0
6d6b0f6705c1acf1128ecf19d57d5444,variedades,63,253,7,50.0,16.0,5.0,11.0
99a4ae1a9ff32f696460a9295533d2e2,esporte_lazer,60,765,2,550.0,90.0,15.0,15.0
b56d02094e37315ad2f6fdf09991cac4,moveis_decoracao,54,478,5,9500.0,50.0,42.0,32.0
9648b0bf87f29f78dd9fcbfe58d0e6a6,brinquedos,53,882,1,6300.0,30.0,30.0,30.0
46d6fa3170df63d5372aa59928ba33dd,esporte_lazer,56,244,2,1000.0,60.0,15.0,15.0
7dddc9aac98dd159ea9e9c1f68654649,beleza_saude,59,1085,1,2667.0,25.0,27.0,23.0
fe1ba35c47a4b599f34ce8ad2aa2c42b,audiovisual,45,605,1,200.0,20.0,2.0,14.0
9680867d27bf4f20ac82adbe4dbae9ec,beleza_saude,60,1089,1,1100.0,16.0,19.0,15.0
c36f564e4c2baa5ed9d7bfa1a111c29c,artes_e_artesanato,20,604,1,1025.0,21.0,9.0,21.0
c1ed7eeb2ac3e40d069da245ac1d3492,artigos_casa,53,502,1,2250.0,25.0,25.0,25.0
30e94ff4a3c0019755fd01e2a9c35d4a,instrumentos_musicais,60,135,1,200.0,16.0,4.0,11.0
544f4b7ff50d0cfa47e70a27458c8d95,beleza_saude,52,2492,1,150.0,16.0,6.0,11.0
7e11ae887246415c90fed7132bda6876,informatica_acessorios,47,433,2,250.0,19.0,5.0,13.0
68e3ddebebde61d68a6a35c3734bfb0f,esporte_lazer,57,880,3,400.0,16.0,10.0,11.0
013cc658e88b36989b48b2bd5f7add59,esporte_lazer,55,2871,1,1050.0,30.0,25.0,25.0
4fe644d766c7566dbc46fb851363cb3b,artes_e_artesanato,48,1232,1,1700.0,65.0,6.0,50.0
170e27ee183ac140aa68a86bacd2a6dc,relogios_presentes,54,483,2,1100.0,30.0,10.0,25.0
42d1fff9f30ad3e2fada37eb95868fe6,ferramentas_jardim,52,528,4,1100.0,18.0,8.0,13.0
229c012e97328ba74fd0f4a1c29f8e51,brinquedos,39,725,1,2450.0,38.0,34.0,34.0
aa280150a33dde34c7f568bbc25d5122,automotivo,35,1242,6,200.0,20.0,20.0,20.0
8c4ab7a3aaeb4de7eb2743401f66f986,bebes,60,1732,1,28350.0,55.0,55.0,45.0
9ceac7c9fb2a8689bdba0978375b86ed,artigos_casa,51,748,1,550.0,16.0,10.0,16.0
74985eecf05f5ef2d7e4c59156454e2c,automotivo,59,1657,3,525.0,18.0,13.0,17.0
30b159b653b87754d7a38446c7ef4669,fashion_bolsas_e_acessorios,49,1398,1,200.0,16.0,2.0,11.0
6480f3f31b23d41c1b8ad051c201b244,beleza_saude,54,1859,1,3500.0,32.0,22.0,32.0
31e3a259123f3ba71c572f0bc08d9e5b,relogios_presentes,56,781,3,150.0,16.0,2.0,11.0
d8a77723111124b921fd73b3914e8cbb,moveis_decoracao,56,258,1,900.0,40.0,3.0,30.0
f56e93f8bec270456dd5ec3272bd42f3,moveis_decoracao,63,1700,1,700.0,60.0,11.0,20.0
4874eb71b65dc197fb705bc999eb41bb,pet_shop,57,966,4,2000.0,28.0,20.0,20.0
a009f7437fb17cbfa796d4f55a13c14c,moveis_decoracao,51,513,4,2200.0,16.0,43.0,26.0
9d7acafdb1af47f7a77980febab19f7c,esporte_lazer,43,127,2,1000.0,26.0,14.0,16.0
26b175faaed70e44d60762d36438e361,moveis_decoracao,60,875,1,1700.0,65.0,6.0,48.0
41b821274ec513636f9144375c9f9031,brinquedos,44,429,6,400.0,20.0,10.0,20.0
e706d603c40437249cea9606699273a7,brinquedos,59,667,2,1000.0,32.0,30.0,16.0
89dbb0d774a327e28e7b298f6202a42b,brinquedos,53,1145,5,1260.0,47.0,39.0,38.0
3733ab31371499cdb860660de819a97f,ferramentas_jardim,57,1038,1,2450.0,23.0,9.0,29.0
8e80199142878e6d9c9ab17de67eba98,ferramentas_jardim,29,927,1,483.0,15.0,16.0,13.0
cba349479be1ad9d22de887037ac57ca,eletronicos,38,84,1,800.0,16.0,45.0,35.0
d1a57f4402dbfe2cb1c271ad0da64311,beleza_saude,58,509,2,650.0,22.0,12.0,22.0
d143bf43abb18593fa8ed20cc990ae84,informatica_acessorios,42,245,1,500.0,16.0,15.0,15.0
174475fe56700001a3361e525374c907,informatica_acessorios,49,167,1,100.0,16.0,8.0,11.0
512a1d3b016cbc85a8359c3fc99b4abb,esporte_lazer,45,3191,1,3127.0,41.0,35.0,32.0
3beef4346c92eb0b4ad0b7d025dfe15b,artigos_casa,58,218,1,717.0,30.0,8.0,28.0
5b7c32f42abb2937624d6a8452edae3b,utilidades_domesticas,34,250,2,1550.0,45.0,10.0,35.0
0a3d0e8c9d5c6e92b034ab390cda4a48,esporte_lazer,58,976,1,750.0,30.0,30.0,30.0
72456858d4955f13f90c494ceba52999,pet_shop,57,2497,4,1600.0,30.0,20.0,20.0
c60e25a5b45431b1c12be4d04bc9a7fa,variedades,,,,8050.0,50.0,25.0,37.0
0c7dc9fcaa503c2df26419c747b39fd0,utilidades_domesticas,60,446,5,8350.0,40.0,28.0,40.0
bfd4d65a528678737bcb523e5a3c5f58,ferramentas_jardim,44,586,4,2500.0,22.0,14.0,22.0
66fc767a58575873dad11a4c717727dc,utilidades_domesticas,47,476,5,1550.0,35.0,14.0,27.0
e87c9809c13acca4246dfb2fdcaebbe1,papelaria,35,189,1,733.0,43.0,31.0,28.0
f8ddde5f054858a4316860ee89414db1,artigos_casa,58,617,2,350.0,47.0,4.0,35.0
a336b0ac7335c30f4117c4b824332a7e,eletronicos,55,104,1,650.0,19.0,23.0,20.0
f9f6774998bd81c81d3ee6fe9f7e9368,utilidades_domesticas,35,872,1,24850.0,50.0,60.0,40.0
8108bd323f83c37e82b2f8ff9263da19,variedades,57,330,1,2000.0,35.0,45.0,19.0
230383f11d18c87d4fe706850bfbd3ab,brinquedos,58,612,3,2300.0,40.0,8.0,40.0
32ae70a1e852f24cddc353ef7d38ed0a,moveis_decoracao,63,678,2,600.0,38.0,2.0,20.0
8d98dedc3c19de17f1a090195e85d6b6,brinquedos,40,617,4,300.0,16.0,7.0,20.0
48d4c64d5e5feb93683c4298fc62790f,beleza_saude,40,707,2,250.0,18.0,9.0,12.0
eff33b4f1723920cf70e2d493a7a5e49,beleza_saude,37,1377,1,2638.0,23.0,25.0,22.0
02934e6f6fe473ea19f3e42b9deb9b59,utilidades_domesticas,53,908,3,435.0,16.0,35.0,11.0
3a0a670620f51d9287a85a9d81474dc0,utilidades_domesticas,46,829,3,1250.0,32.0,18.0,32.0
05c723fd782f0208b09b7c86f5220a5b,moveis_decoracao,63,254,1,1650.0,41.0,9.0,34.0
38f2d4b26820d63dc2675d6fbfafe1bb,brinquedos,59,318,2,355.0,22.0,13.0,17.0
17eaf73dce768e344cb5d1210bea1da2,automotivo,58,555,3,1000.0,60.0,8.0,40.0
50fd03b40421e61bdca95c14fff60e3b,papelaria,60,416,7,700.0,30.0,10.0,20.0
3045ecc5fd45098150531f70e7358256,automotivo,57,1352,1,7500.0,30.0,30.0,40.0
046cf43a5b63303b3c3c4ba076d1d732,beleza_saude,48,1648,2,350.0,24.0,5.0,21.0
102b1fe1f933799b59ec8fd2ae89d7e6,esporte_lazer,48,1141,1,1200.0,16.0,25.0,16.0
459c346252ef503ee7b5d4d6e886a4e2,pet_shop,59,882,5,650.0,16.0,54.0,15.0
77b22dbf8c7b5ba7b64f212c1344f7a9,artigos_casa,60,1299,1,3000.0,40.0,25.0,25.0
e9f5d10b74f0589a7d327eff4bdd6b04,relogios_presentes,57,682,1,400.0,20.0,13.0,13.0
306d69bdf4ce0d89bad3e622e443cf47,relogios_presentes,60,121,3,200.0,16.0,2.0,11.0
1a008efb54e4b407c1e6fe472199b7dc,automotivo,38,618,1,8200.0,30.0,30.0,30.0
ffa1ce7f2a287ca5e369673bd77d43de,variedades,52,690,1,1000.0,29.0,14.0,14.0
608b018a4443a457a5cd1e58de213cb2,moveis_decoracao,35,688,1,300.0,22.0,4.0,11.0
ea4f6504cf603bc9b3233999c4ba4ff8,beleza_saude,39,789,3,400.0,40.0,7.0,18.0
f32941d7c00c56b8d7a3723c8ebb4be5,esporte_lazer,33,1277,1,22700.0,32.0,40.0,54.0
cf9c82111d3dd8f6e1b67d7844f1a1c5,automotivo,60,703,6,5650.0,47.0,19.0,23.0
146ee97f86e3d0487f410ffc9896de9a,perfumaria,47,424,1,200.0,18.0,4.0,13.0
59c8342a739963404bfe66f292329b15,fashion_bolsas_e_acessorios,42,35,2,700.0,43.0,30.0,48.0
aaf4f2ad395544757d78d885c303085b,eletronicos,41,77,1,450.0,16.0,35.0,25.0
de751fbe7256ab7f3b6378573c86f227,esporte_lazer,46,3570,1,4600.0,26.0,22.0,22.0
d277575e1037433ac436acc7b8ec4ecb,utilidades_domesticas,42,885,3,600.0,20.0,16.0,16.0
a630cc320a8c872f9de830cf121661a3,automotivo,59,1274,2,150.0,16.0,6.0,11.0
a538728fe0b4975180a3818c6d0db331,informatica_acessorios,41,499,1,300.0,18.0,9.0,16.0
efeae7f900647c4d4e71943638b8c2d3,fashion_bolsas_e_acessorios,58,348,5,500.0,16.0,9.0,11.0
162e010af9fe224d35fd8496a273fb02,moveis_decoracao,60,2901,3,1800.0,105.0,8.0,35.0
94dc79036088835c91a1608825b3207d,utilidades_domesticas,35,626,1,17050.0,44.0,44.0,25.0
0a32970769398151da435910bce405e4,esporte_lazer,32,617,1,608.0,22.0,15.0,18.0
57de1d67d6badffc863b651c74e59dd0,papelaria,52,280,2,1800.0,18.0,45.0,32.0
566d84921b4311ddfda6ea8b04a2678f,utilidades_domesticas,41,350,3,500.0,20.0,15.0,15.0
7152e6cb147a800b37e853d1f16c7ea7,automotivo,45,3728,1,850.0,16.0,10.0,16.0
79b43b8b16a6d58932c558b2aae57033,esporte_lazer,55,703,3,411.0,22.0,15.0,20.0
340e3e28357bb29f7612c86c13d9729a,beleza_saude,59,895,1,200.0,20.0,15.0,15.0
62934ff6ef7f25516705459fedd35d20,ferramentas_jardim,46,394,7,1250.0,22.0,21.0,16.0
c3f7eb8e0fbdf18288a87f5f2f1c0501,utilidades_domesticas,55,1446,1,2200.0,30.0,40.0,30.0
45ee3ca82eaea35e1e304f83871ffca4,iluminacao,31,359,1,1350.0,36.0,10.0,36.0
cd6d8b8b983f406dd1b95e3c1bf8a8a5,artigos_casa,53,547,1,1050.0,34.0,10.0,29.0
39ed944861999a8283f213a8c0ee366f,moveis_sala,20,351,1,4700.0,32.0,32.0,17.0
a4d8943cfb74fde740be042b8a042d8d,ferramentas_jardim,57,1123,1,2700.0,34.0,37.0,12.0
8d4e92265a16e69a1e1d76e67e46d72f,instrumentos_musicais,45,422,5,30000.0,80.0,75.0,36.0
2c5e4da8e3be80f83a331e18901cebc1,perfumaria,51,453,1,50.0,16.0,3.0,11.0
55729c65a6d4638ba2d0fabc0ad9e571,esporte_lazer,57,670,4,886.0,26.0,18.0,19.0
9fff1ad31dc8486b6b4e8c37e45df3e7,automotivo,54,1209,4,2200.0,30.0,30.0,30.0
e1588225be877a34df36d7665d1d0173,automotivo,57,431,4,150.0,16.0,19.0,15.0
94b0bb57e5cc458656fd7ae6b806f5a7,telefonia,50,679,3,400.0,21.0,11.0,13.0
d6e1705d3021546bd1e175f3f8dfe5b1,perfumaria,45,598,3,1100.0,33.0,13.0,22.0
36826c711e5778c8d88a7311cc29c446,artigos_casa,54,297,1,5450.0,20.0,20.0,20.0
9275e1f75faf1d3d1f54e4cb63d12a36,automotivo,51,375,2,166.0,22.0,7.0,14.0
888c70e66e6ead36f2269484a6813212,utilidades_domesticas,49,963,1,1100.0,16.0,26.0,12.0
765828bfddc553298bd28c90187d5aaa,beleza_saude,57,1343,1,2300.0,25.0,25.0,25.0
9748aa1679e2f9a2655318636b08e3a7,beleza_saude,52,1006,1,5700.0,20.0,85.0,20.0
e3b7ea73578fb43461cad7899a007f7c,moveis_decoracao,58,1941,4,2600.0,105.0,3.0,70.0
a125c009beb210be2ad9db7aa9f8bca3,fashion_bolsas_e_acessorios,44,127,1,100.0,16.0,10.0,15.0
315b901783dd3c3e52c017268cade89a,moveis_decoracao,63,1545,6,900.0,36.0,6.0,26.0
d83ccbce75276ea1da5ca97cc4d800d9,esporte_lazer,40,442,1,1000.0,25.0,35.0,30.0
c6976aecdc5f7b5964f18b71ebf12978,malas_acessorios,44,216,1,700.0,45.0,10.0,32.0
3471ed8114d798dfbb0ed5f85349f695,variedades,42,342,2,5100.0,13.0,76.0,41.0
1f67ce45ef6e16a7f2f56674dabd5f40,utilidades_domesticas,25,580,3,700.0,16.0,12.0,12.0
c10d842a54be2035918ad421a74d46c2,esporte_lazer,48,1323,1,500.0,18.0,7.0,12.0
a6f97b352687ce4c26c75e81b5f2773b,fashion_bolsas_e_acessorios,60,849,2,3100.0,62.0,20.0,40.0
872e6a0048c42c52c5bf50c2780a706f,moveis_decoracao,40,242,4,5200.0,52.0,6.0,52.0
afad7a4420a4348d41da23ed8d0902dd,moveis_decoracao,37,768,2,7000.0,43.0,35.0,50.0
cfc9c664a619052e66f93ce4c67bbbd5,utilidades_domesticas,31,479,1,350.0,30.0,5.0,20.0
b5e25515cf9731c33a3d7287fe66f98f,automotivo,60,865,3,900.0,17.0,7.0,14.0
781afe929e3016a667f5f439afd55fce,esporte_lazer,42,590,1,400.0,18.0,18.0,18.0
e3ecd1ee80239ece6f0cf6e93664933a,papelaria,55,437,3,650.0,24.0,6.0,21.0
d0b1ecfae93aa9d505e6528b70740de4,esporte_lazer,28,1694,1,2200.0,16.0,16.0,16.0
70ee18fa7f4c08a0d334497bf8969f59,eletronicos,52,476,3,200.0,23.0,5.0,18.0
3c5b21c421b047cc64c31c3a2517b1de,informatica_acessorios,33,1080,2,250.0,41.0,2.0,29.0
2f3d6a007ef7d13bbfc3ac66894cf2e0,ferramentas_jardim,27,758,2,1000.0,25.0,9.0,27.0
f6241aa97cebce38a380a1ac3358c379,bebes,37,796,1,650.0,20.0,13.0,19.0
8f40c3bee77ffbb385d04600d0948d47,perfumaria,33,339,2,200.0,18.0,14.0,12.0
3335339c7311da7d9efe5f8efb6fb00a,esporte_lazer,64,209,4,1500.0,26.0,26.0,26.0
2190082493d586e315bfbb93762ab3e3,consoles_games,53,855,1,140.0,19.0,10.0,16.0
a1d7fd9726f3447e898828befde19e11,moveis_decoracao,48,1750,3,2550.0,105.0,3.0,70.0
be62243c73473ddb40dca0d1cf38bc87,esporte_lazer,59,626,2,600.0,16.0,10.0,12.0
7f7b2d6dd176f1687e88f04590fe149e,moveis_decoracao,60,461,2,433.0,47.0,4.0,35.0
4025ee582ef6b8c478af3b44cf89054b,artigos_casa,60,58,1,200.0,20.0,2.0,15.0
cedf309ce95b4a69d153dd219dd1cef8,informatica_acessorios,58,955,3,1300.0,30.0,5.0,22.0
a221cf5ea20b48bbbfbbfd4376fabc8f,automotivo,56,452,1,650.0,25.0,18.0,22.0
4eaa9539b7777049d7b8451cf44fd967,informatica_acessorios,29,859,3,150.0,16.0,12.0,15.0
f73d1f2d7bcbf613000d643e7ec9d528,beleza_saude,52,1649,1,200.0,22.0,5.0,15.0
ee5f76ffc21d34eee5edae9c8408082a,climatizacao,62,542,1,3200.0,40.0,15.0,20.0
e0f30020e1d9b677c57f5e0b797b9f29,consoles_games,43,1338,2,700.0,18.0,12.0,18.0
d83de24a6ee5b9754bdb4df748e529af,fashion_bolsas_e_acessorios,58,398,1,50.0,16.0,3.0,12.0
4befae07dba4384f6d8237ad1e7f8294,musica,33,3853,2,900.0,18.0,18.0,18.0
38dcc7ebcf99d1af723e3151875ba1c7,automotivo,60,91,2,250.0,30.0,10.0,16.0
456e335c5d854e2e4be306f7029cfe75,telefonia,53,513,1,100.0,16.0,6.0,15.0
7f25a88de92ce0d01e61202ade958bee,casa_construcao,57,519,2,2200.0,40.0,20.0,22.0
87fea1879b20c9db733785f3e95e66fa,automotivo,58,2263,2,150.0,22.0,22.0,22.0
5d10b3779b68d58be0fcc46a1ee79689,automotivo,59,857,7,880.0,49.0,25.0,46.0
49d903c17a37b3c53641d530c31f039b,variedades,53,284,4,900.0,34.0,10.0,27.0
dc6040ee940ab73a2fdb3b90c6513ed9,informatica_acessorios,34,588,4,1213.0,50.0,18.0,23.0
74abbd4c45937617ba2dd47ec1f7b581,utilidades_domesticas,50,372,3,490.0,19.0,15.0,15.0
0a5ddeb81c96fe4e5065466ee8756ffa,telefonia,59,506,3,100.0,19.0,3.0,11.0
7ae8d9b8eca8a6daf066e53ddc7034d3,eletronicos,43,430,1,150.0,23.0,8.0,12.0
0afc71d24fa8b225307f8794e157204a,eletronicos,50,346,3,10575.0,20.0,18.0,16.0
5de871daae99423d3fcb04edcb6dd1aa,perfumaria,60,591,2,600.0,19.0,17.0,19.0
a12d9f996527844ba7beaa1abe2bcfcb,fashion_bolsas_e_acessorios,34,358,1,50.0,17.0,3.0,12.0
d76e09e3182a68025076542af2726322,relogios_presentes,49,648,2,250.0,16.0,11.0,11.0
0fbbab2c9572a69294f4cd0f59ba4a4e,eletrodomesticos,60,161,1,1800.0,65.0,8.0,38.0
9c6db8c47fae241469bec6c43c674bce,malas_acessorios,57,885,3,6965.0,36.0,38.0,36.0
0a6cff78b203b5224378cf8db2dff5a6,bebes,49,1056,3,400.0,35.0,6.0,26.0
fb01a5fc09b9b9563c2ee41a22f07d54,consoles_games,33,912,2,1500.0,33.0,25.0,11.0
2f3138b357c7b8278e5ecd81dba7aeb6,telefonia,51,439,1,200.0,20.0,20.0,20.0
a412a4cce5810a2d4fc9ce36664a929b,automotivo,54,563,1,5000.0,61.0,34.0,36.0
f1136b963c743b647b6c0b3d86effe08,moveis_sala,58,256,1,5500.0,62.0,17.0,27.0
ba55945d930e34e802e5dd2e5cffdcc8,instrumentos_musicais,49,3407,5,2375.0,48.0,14.0,25.0
c901d0a681fff9a4cb6ca99d25a3cf08,artigos_casa,35,147,1,900.0,40.0,4.0,30.0
4fb651ace30be388c0e95f48f3308e5a,variedades,50,412,1,2725.0,43.0,50.0,28.0
ff81cd23251a357a120054397a01849f,variedades,54,268,4,700.0,34.0,10.0,27.0
a3f56e065e4c60c0600f98a3fa89be2a,esporte_lazer,39,657,1,441.0,21.0,20.0,16.0
7e5fd19172dd777a98503a8fbb66fa04,malas_acessorios,46,1470,2,900.0,25.0,50.0,30.0
60495adb1f1a49c8aea75e5e56a47a48,beleza_saude,54,2736,1,150.0,19.0,7.0,12.0
0cbeda603059c985268afd35128be303,papelaria,57,320,2,1450.0,38.0,30.0,28.0
9f2d380101b20c5fb31454776800c445,esporte_lazer,63,929,3,1300.0,80.0,8.0,15.0
be6d51a5cb1162496a37597c412538df,instrumentos_musicais,60,238,2,2000.0,40.0,5.0,39.0
25a69adae1b354beb056d4b740e841cd,artigos_casa,50,762,2,900.0,30.0,4.0,20.0
542ad0ab955876d25ddf09684a3b3c5e,artigos_casa,58,660,1,500.0,43.0,12.0,16.0
79ccb1aca8fcf379a6ed2412fba0480e,moveis_decoracao,60,423,1,8050.0,52.0,18.0,35.0
208eaf2a4764834fb8da989159a30a20,artigos_casa,57,289,1,925.0,36.0,6.0,39.0
22f799df8d5495f40f6ed3cc8b18b712,utilidades_domesticas,49,481,4,700.0,27.0,9.0,19.0
39774ab6b55af4ca99782e23935a97a4,moveis_escritorio,43,1363,1,12050.0,57.0,54.0,22.0
75cd6bf033fa32fbdb357d28b65798b1,utilidades_domesticas,50,571,1,1000.0,16.0,30.0,27.0
11ae52c87d8eb9c9c9ce5ed52b8efbbe,beleza_saude,39,2192,1,100.0,16.0,5.0,17.0
658bcede7062d5688cfc91d0e81f570e,automotivo,43,679,1,2600.0,35.0,20.0,20.0
100e8441d08795468a34832962d2eaf6,moveis_decoracao,63,200,4,950.0,20.0,5.0,20.0
bf6c420d93ff5c0a5d8fd3b6c975dbd5,moveis_decoracao,63,525,2,700.0,80.0,10.0,60.0
5636b7f13454e8499fa797687f2f6038,informatica_acessorios,43,726,3,150.0,16.0,12.0,15.0
f727305c90ca9b9c36d4e84a817bc01d,fashion_bolsas_e_acessorios,46,622,6,200.0,16.0,9.0,11.0
6169cdc0468023121be6baa425e3bc6f,variedades,33,659,1,1250.0,40.0,40.0,30.0
66bec13b9ebe0d45e2589d18e9b160a4,esporte_lazer,39,244,2,900.0,60.0,15.0,15.0
42e81d5b55c06ce473ee24c7e5d1d1f4,artigos_casa,57,1901,1,1100.0,28.0,10.0,28.0
c2de790268dabb07806f2c71097277cc,papelaria,39,321,1,100.0,16.0,6.0,11.0
b172c068c89df3cff72554d77bf05a0f,esporte_lazer,51,411,1,200.0,30.0,20.0,30.0
97bb088389e83ef547d4f736067ada7c,esporte_lazer,38,319,1,850.0,35.0,15.0,30.0
711f03c825e58b95be1c0b429f7dda1b,informatica_acessorios,44,2188,1,2034.0,50.0,22.0,30.0
a99174c837d1b8203f4122716c1d2d1a,automotivo,60,1403,2,200.0,20.0,4.0,16.0
c11485ba18bc927ccd486e58eaea6ef0,moveis_cozinha_area_de_servico_jantar_e_jardim,53,220,3,1000.0,20.0,30.0,20.0
4dda033e39cdc37ce2932b7ba6e8a0f7,artigos_casa,51,362,1,2300.0,45.0,16.0,45.0
a38e6346616a8f362c328b9537b1ca4d,fashion_esporte,38,220,2,250.0,18.0,12.0,12.0
d23750d75ff07de540c45749fbd8de45,pet_shop,50,1104,2,500.0,20.0,18.0,20.0
2001ae82f374f0f76db97ad0b37231da,papelaria,55,926,3,1500.0,50.0,20.0,50.0
8c19dcc6a7f4c4259c45514b974b6441,perfumaria,48,1094,1,550.0,22.0,12.0,17.0
b846c1b90a30689a98f530aa20edd424,esporte_lazer,28,1567,4,13300.0,64.0,35.0,35.0
b019860899267d0fac1c4f9da4301bc5,automotivo,58,684,2,1600.0,20.0,20.0,20.0
708281087dc97b0e50baa8891e741d8f,utilidades_domesticas,42,333,1,1000.0,21.0,23.0,20.0
24ef70f010919148b022e66b05862778,automotivo,60,824,5,1100.0,18.0,15.0,15.0
74292882eb4c7736c0fff087e62768f8,artigos_casa,17,284,2,1250.0,45.0,10.0,15.0
8a69fc3b5330f7b77ca1a290dfafb133,utilidades_domesticas,38,570,1,1600.0,20.0,29.0,37.0
baba1ceb37487865e4b4b2589292d258,utilidades_domesticas,59,743,1,24400.0,44.0,93.0,30.0
45d0bf74166b507caa830564130b5ba0,variedades,,,,200.0,16.0,2.0,11.0
1c99a6128a79a5fb5a34c1c6b3be9067,fashion_calcados,54,404,4,900.0,22.0,12.0,33.0
aed5fffd2ace4156544a1571316b8bc8,beleza_saude,19,1833,1,200.0,16.0,5.0,17.0
7e07a8d0f0ea4d119dae448cf1b595ec,pet_shop,47,444,2,300.0,17.0,12.0,14.0
312284b6c3b1c1b36b46db2bcdfb150a,eletrodomesticos,60,1917,4,8000.0,30.0,30.0,20.0
ecf4224a061a867a5dd5ffc39cdcaf35,informatica_acessorios,28,517,1,775.0,25.0,20.0,14.0
0fa8853b873ba06e7d27385fbb1411ca,moveis_escritorio,52,1501,4,16250.0,57.0,55.0,22.0
4dc6f66680ed2f883632bcf4e039256c,moveis_escritorio,41,1361,1,9550.0,57.0,54.0,22.0
4b7528d093f5acaec2a072366a4106bc,artigos_casa,34,304,2,1100.0,33.0,9.0,38.0
6fd226a10216de446ea64b67ebc6d8cc,informatica_acessorios,58,423,3,300.0,20.0,20.0,20.0
4e0946aebc8e1d7521219ec1e7380aed,brinquedos,48,485,1,5470.0,48.0,27.0,42.0
ccf62ee5ee151b8c5ce49beda185a66e,moveis_decoracao,63,455,6,18950.0,85.0,7.0,85.0
d33f1be367bc59207ebc488a28635827,artigos_casa,53,207,1,600.0,16.0,10.0,16.0
a16c7e7425c24fdb94f76f2ed4291de7,esporte_lazer,59,2322,1,300.0,20.0,20.0,20.0
17e7128a33dae59e32be411b7b4921b5,variedades,,,,200.0,20.0,10.0,16.0
eac8b9e1c1eaa41a41acc9f41d1287e5,artigos_casa,42,319,1,350.0,37.0,5.0,30.0
f46098048d1a0c30ce1495246b8fd752,esporte_lazer,43,3306,6,700.0,18.0,34.0,14.0
4eb3e07a4b54437a7f63eeb577ebf73a,pet_shop,63,1515,2,850.0,19.0,15.0,18.0
6ebb63a07bf2ac2ba7a17b0e8a4acc3d,relogios_presentes,60,601,1,500.0,16.0,11.0,11.0
4d78abeaa9c097b5d6ee602bd5986128,seguranca,59,669,3,290.0,18.0,12.0,15.0
9e95726c7b2d65513b9f33958026cd1b,moveis_decoracao,63,438,1,300.0,45.0,15.0,35.0
83c3d4602324544954d73486c1a47455,informatica_acessorios,49,1980,2,900.0,26.0,7.0,17.0
fb5652834b0fb807ee5c4767e303e4eb,esporte_lazer,59,813,1,22850.0,19.0,16.0,19.0
8d05b2c8739a97a9b912b206eed6a0aa,papelaria,56,683,2,250.0,16.0,5.0,30.0
81b6c7c058add831803fcbba6dcc1df2,artigos_casa,60,235,1,1400.0,34.0,7.0,32.0
b3527dfb6edff14e475198b5c8bdf85e,brinquedos,33,141,1,300.0,16.0,17.0,11.0
bf00630db939d773babccfe2449e9075,moveis_decoracao,47,186,2,2500.0,38.0,16.0,33.0
1b5b6bd531d2e0b1650bbabac62fa352,utilidades_domesticas,50,364,1,7900.0,62.0,28.0,28.0
e9b03e53bc8b774eeaebb8ffe5990483,utilidades_domesticas,48,469,1,8050.0,22.0,52.0,42.0
30469bb5ea377eae7121981e2f0778e4,esporte_lazer,57,574,4,5950.0,20.0,30.0,80.0
d363e421b1d15376b299089946fed127,moveis_sala,58,1146,3,3200.0,30.0,11.0,30.0
4b633d15945d2ad44c91f29920d2e75b,eletronicos,60,273,1,133.0,19.0,13.0,14.0
68ead07b01fb0fc4ddd54fa20341416b,market_place,59,451,1,750.0,25.0,35.0,25.0
4188f6b5c399401a9e9d7ebd18c9d983,papelaria,55,679,2,250.0,16.0,6.0,11.0
69898c1a5e170da88769a92f466dac8f,telefonia,44,233,3,200.0,25.0,5.0,16.0
e4366034fc8fd74e6db36502e0166259,livros_interesse_geral,43,685,3,650.0,18.0,25.0,11.0
c4ac3cc6a0553682784fe2a569e3df4f,artigos_casa,47,116,1,350.0,40.0,4.0,30.0
1ff0bca5b9068c1855e89ec8a9bb6382,variedades,52,165,1,3200.0,48.0,19.0,19.0
c1d6298abf132c4391d57e81599d415c,telefonia,52,818,1,100.0,18.0,6.0,11.0
e962f892a82b3e301fc363a94cb2f521,telefonia,60,1010,2,150.0,19.0,3.0,11.0
eb2dc4f9478b65dc24f0f770d6bf3eb6,utilidades_domesticas,28,292,2,500.0,36.0,4.0,28.0
6f66cd4cccc35d354547bca296581197,relogios_presentes,46,640,1,400.0,19.0,10.0,15.0
914c9e9af640dd56f48764a225b00f89,moveis_escritorio,47,1047,1,7463.0,56.0,64.0,35.0
05928363cd16fb2d20ccad40992105aa,fashion_bolsas_e_acessorios,53,612,3,250.0,16.0,16.0,13.0
591afedd45ae097827bf674a8491ea21,eletronicos,32,268,1,7900.0,60.0,10.0,60.0
bb1378aaa2d6f539069001a8dfda9a58,brinquedos,32,473,1,400.0,23.0,18.0,16.0
816f6efbb3598f798900557f628e8a56,relogios_presentes,48,1940,3,354.0,19.0,13.0,15.0
54e5063e43f27f747d592eb24e913150,industria_comercio_e_negocios,51,1136,3,3950.0,16.0,103.0,25.0
03552ec45033c8658713c541f6af9f05,beleza_saude,52,1168,1,250.0,35.0,3.0,12.0
72331bc45c5e8665ee12999363bc9186,brinquedos,50,1207,2,350.0,16.0,10.0,12.0
cfa9c98a148ace270ebd4a856316c227,telefonia,58,274,2,200.0,19.0,4.0,11.0
362e37b5c8826ef516a607cb5f99b8f1,esporte_lazer,50,1037,5,13350.0,35.0,20.0,95.0
482e0a72b19df54bba7ca208726a3241,brinquedos,35,910,2,1050.0,28.0,35.0,16.0
e0d64dcfaa3b6db5c54ca298ae101d05,relogios_presentes,35,514,2,4338.0,17.0,12.0,14.0
111d8a7b2ef16e6e8c71a069075f8771,telefonia,40,928,3,100.0,18.0,18.0,18.0
49454c6dad93119e2815c43df82b2f57,telefonia,48,1440,2,100.0,18.0,6.0,11.0
060890b1af8cc031e9dde49cf544f884,automotivo,57,662,1,2900.0,61.0,8.0,61.0
e31cf1512c0473f66814000fbc9ad337,esporte_lazer,26,418,1,975.0,32.0,15.0,36.0
dac2eb7c1ddae28171b16e13c80a9730,consoles_games,31,713,4,580.0,20.0,9.0,19.0
80be9ceee6b3290d8a41e98cf7d44454,eletronicos,52,1224,3,233.0,16.0,15.0,9.0
0009406fd7479715e4bef61dd91f2462,artigos_casa,50,266,2,300.0,45.0,15.0,35.0
1277ea8bc2cac6f6e5738a15f8d90e8a,esporte_lazer,46,734,1,1150.0,21.0,18.0,15.0
b7d8104067b422204524dcd4706894b1,moveis_cozinha_area_de_servico_jantar_e_jardim,59,1248,4,10950.0,16.0,82.0,50.0
0c8b321d3fd08377fe038cc6257d64e9,pet_shop,58,322,3,1025.0,19.0,15.0,16.0
feb94d995efca232513a7baffff772b8,esporte_lazer,63,738,1,400.0,16.0,5.0,16.0
aa829330d8c41c82f96b3252043c6791,utilidades_domesticas,48,210,1,2700.0,37.0,18.0,28.0
8b52af498478ac72226c6bdaa89f27de,bebes,60,924,7,800.0,25.0,10.0,25.0
6eea749bfe9c1ab74295bad84d786e06,relogios_presentes,56,273,1,900.0,18.0,12.0,15.0
b1cd1b18e50f570382f52a55898e8987,brinquedos,31,754,1,5350.0,35.0,43.0,23.0
c36a269550e11c349965d2c033470074,relogios_presentes,40,397,1,283.0,17.0,13.0,13.0
b74e417edb66c4c82499151729219c36,fashion_bolsas_e_acessorios,55,952,2,200.0,16.0,6.0,13.0
c89226b8a795ae3d6bca9d90b20dbf04,agro_industria_e_comercio,57,2353,2,400.0,17.0,8.0,12.0
2d7a8b0a6a788d4dfaf9094bf36254c9,utilidades_domesticas,51,729,4,10050.0,45.0,15.0,30.0
f5631d616c09c9460e248cb5d27909b0,utilidades_domesticas,57,972,1,3350.0,34.0,12.0,26.0
82cf0461be800ca238f5237df3a39ab3,informatica_acessorios,49,495,1,7750.0,23.0,39.0,16.0
ef23a80c3e7f9c63e9956f6f54b1cf15,perfumaria,40,3863,1,150.0,16.0,8.0,20.0
72a6b7b5ef0cfdf2477f484e2dabfee4,relogios_presentes,56,680,1,500.0,21.0,14.0,14.0
b0e3993f15923db74f7aea09b8043717,ferramentas_construcao,44,960,10,16400.0,52.0,53.0,35.0
a790e7dec58b8a74e3644ed9426b74e5,moveis_decoracao,57,87,1,1000.0,40.0,7.0,34.0
2d9034164be45fea72a91641a3874c33,ferramentas_construcao,51,187,5,10500.0,60.0,20.0,40.0
4583e308182e4e78d5b71b5af1804def,bebes,41,565,1,450.0,16.0,12.0,13.0
dd927d4f29ebb0702657ffc71c17c2d4,moveis_decoracao,60,839,1,4367.0,38.0,60.0,66.0
1ea233affdd668b45c809f65711ccd37,seguranca,55,226,4,200.0,26.0,4.0,19.0
32bcf7ca75070a7d951264d40b28d90d,artigos_casa,47,184,1,650.0,40.0,2.0,30.0
2691bad4b1d8eb94ea5f2ccbbd582fca,variedades,59,589,1,550.0,16.0,2.0,11.0
c74e157255c4861775b6885cc14a1ced,brinquedos,59,2412,4,401.0,19.0,8.0,16.0
ee7cb55a3fb6c3f091ecbfcdc46359c6,fashion_bolsas_e_acessorios,52,112,5,350.0,16.0,2.0,11.0
961d02e19e9ade3ba8aa028c87b0d8f7,informatica_acessorios,57,1086,4,350.0,16.0,4.0,11.0
c2441af97dc659059897209bd93bfc3e,automotivo,58,956,2,50.0,17.0,4.0,17.0
a42680488264322b4082817cfb32d64d,informatica_acessorios,52,294,1,150.0,17.0,2.0,11.0
213875479a90df7b399cee17003be95c,telefonia,36,1340,2,800.0,23.0,6.0,23.0
e5094db34f0aa5153f620cf2f1b22dad,papelaria,46,99,4,900.0,25.0,60.0,35.0
e7de92113851425d54d16c4ab9a4cb5c,automotivo,49,1062,3,100.0,25.0,3.0,14.0
0606451146029c2f85c958b9cce49735,relogios_presentes,56,738,4,450.0,16.0,11.0,12.0
e9a69340883a438c3f91739d14d3a56d,utilidades_domesticas,60,1912,5,3000.0,33.0,12.0,34.0
7e6c4a0bf900e259f50ba63331fd2785,relogios_presentes,59,755,2,250.0,16.0,2.0,11.0
ebd127d25e3b326ac93b992dfd4d2e0b,ferramentas_jardim,58,324,3,150.0,19.0,7.0,27.0
7eddc981ef745d0883e134473160234d,moveis_decoracao,45,244,4,3200.0,80.0,4.0,22.0
829002c1d5f40820ebbc6ecd4bcdf3ab,casa_construcao,59,664,1,5150.0,30.0,35.0,30.0
3d4609bbecb3db49babe621f46b1b8fb,utilidades_domesticas,41,1181,3,300.0,25.0,10.0,15.0
e6dda41a730b1ce01b8c9add1d89317d,perfumaria,47,1749,2,250.0,16.0,14.0,16.0
be4f6fe1a36e3a7abc3c966be0925070,moveis_decoracao,57,472,2,300.0,80.0,10.0,60.0
d706b383dcd20613f06ed5af5412b4d7,artigos_casa,45,444,2,700.0,50.0,16.0,16.0
acd87806fdeb28ef871e3a33bddd93a8,automotivo,57,833,2,100.0,16.0,3.0,11.0
4a4cfb3b649bf26a6ce05ce0069c8b6e,beleza_saude,56,886,1,500.0,19.0,12.0,13.0
236c8998f9a6e6150cdfb75fed83c15d,esporte_lazer,39,2055,1,300.0,20.0,10.0,15.0
d77a8e6d209905ea7a93e4f38a0b8a18,ferramentas_construcao,58,1346,3,3500.0,19.0,89.0,36.0
8ffd466b40896e663ba44b70e6b70e34,informatica_acessorios,49,414,2,300.0,19.0,5.0,13.0
30ccf4724f5227265f837e9ba0246278,malas_acessorios,52,573,1,1450.0,49.0,10.0,33.0
108f543335771c62fd62bef0dfc035bb,utilidades_domesticas,58,639,1,1350.0,30.0,30.0,30.0
f2343d71cb5ff4e6ff456dd9b544b84a,telefonia,64,668,3,300.0,17.0,8.0,13.0
e42fc145ca9138f0ccc52d9a8d99e7c8,esporte_lazer,59,724,6,500.0,23.0,12.0,12.0
23845f8d570efe1e44d1ed2f533ab4ee,telefonia,60,296,3,267.0,17.0,5.0,13.0
de5c4482bfccca5800ac0075c9ea799a,automotivo,58,951,5,150.0,16.0,4.0,11.0
f1c44a4cc70e40d42dd98ac28b60d08b,alimentos_bebidas,57,1835,3,140.0,23.0,14.0,15.0
9ef6f9077917003875323be25c28c7c5,moveis_decoracao,34,257,2,8450.0,30.0,45.0,40.0
20317fb1b6bc61c03c53d595462f4e96,artigos_casa,59,140,1,2100.0,36.0,8.0,27.0
47a465cc5e0ae0b5cfa55a76909639a3,esporte_lazer,49,499,4,525.0,17.0,14.0,16.0
93e71b4d65b8153468c4f210b90342a1,informatica_acessorios,41,500,1,200.0,18.0,9.0,16.0
b7605b5b483063d12bd90a772bff9d21,artigos_casa,45,437,2,550.0,40.0,7.0,50.0
c07d367dd7b78b0558e7a3e1e1a975c8,artigos_casa,58,293,1,12850.0,60.0,20.0,40.0
2328b70112728ace35ac8d11bf4d90f6,automotivo,52,683,3,1200.0,20.0,20.0,20.0
e62d582ddb7630168d7227ca1f9edbd2,perfumaria,52,977,1,450.0,32.0,12.0,17.0
55a48e6b72c24fe47eaf37b6eb999e90,artigos_casa,54,524,1,850.0,16.0,10.0,16.0
c05aabbc0dbb2f3569cb54fe92fee96d,consoles_games,45,881,4,400.0,20.0,30.0,20.0
eecc2c78b528d8073b4f1c4bddf92aae,informatica_acessorios,36,377,1,600.0,36.0,11.0,14.0
1a053f9619cbdb4a83c0f61a68d01211,esporte_lazer,54,1417,2,150.0,20.0,10.0,15.0
1033f9821d88262baf13892e285de798,moveis_sala,42,566,4,950.0,61.0,13.0,25.0
f7f7a305e9312614a635f453cf6be7a8,beleza_saude,53,1687,4,1400.0,16.0,35.0,11.0
d41322ce7da20b675c1d9b927da128ef,telefonia,60,733,5,300.0,17.0,4.0,12.0
3f94f864742e33fc293053063b7783fa,perfumaria,21,452,1,500.0,21.0,14.0,15.0
13900a14a66366f79faa0ff07fe354ef,utilidades_domesticas,40,748,1,1150.0,23.0,30.0,23.0
d0fec025748a38a25d8f8adc72e874de,variedades,,,,1100.0,26.0,10.0,20.0
8f2c653ee228a29eaef0db9f8b83ee79,brinquedos,50,1286,3,800.0,18.0,18.0,18.0
081088b5ca67de215fa103434690cedc,consoles_games,47,3947,1,300.0,18.0,4.0,13.0
ba01ca5c2982cedf05294014427c6afe,relogios_presentes,54,878,1,513.0,15.0,11.0,11.0
d46169ff14ef99286a176b5391a7a1c8,malas_acessorios,33,1193,1,22600.0,37.0,80.0,60.0
645ba02735d4bf831d9b72ac169c867e,papelaria,39,169,2,650.0,36.0,6.0,29.0
e59f9160ef2e37fd48efdb84a4c30126,moveis_decoracao,42,993,1,1050.0,17.0,27.0,17.0
7b35be468d9795a7529f65c50ec87668,relogios_presentes,35,765,3,4381.0,18.0,14.0,14.0
9394a725ee7e3f1da0d6b22b046cc8d4,brinquedos,41,807,1,1860.0,45.0,20.0,43.0
f9379f60154525fc7b7aab43e4f14651,telefonia,55,1311,2,50.0,18.0,6.0,11.0
0ad10ec3dc489499e5d7cd19b5181ffe,esporte_lazer,53,1048,1,21300.0,19.0,40.0,19.0
cac8035fdb858496d8e1b60ba8907d24,consoles_games,63,1099,2,4700.0,40.0,30.0,30.0
04e4e5d3a78ebbd1a943769293829c68,livros_tecnicos,39,1876,1,900.0,25.0,3.0,18.0
bebd15f906a87f7a83e9dc66896ff00a,informatica_acessorios,54,815,4,4000.0,22.0,12.0,22.0
bb9b2da4f8ff24846eb34e2bd128d5b4,moveis_decoracao,49,718,1,300.0,16.0,16.0,16.0
12485f9cdebb6ca179826ede539554ad,climatizacao,56,1001,4,7300.0,26.0,26.0,56.0
c81fba3eddbbb1ea8c6300e880673021,artigos_casa,53,294,1,2200.0,35.0,10.0,35.0
f8337291f99ac7dfa9937942984d653d,pet_shop,54,535,3,200.0,27.0,9.0,27.0
72031b4bf33aa4f09c67e884dea3873c,consoles_games,43,620,3,800.0,26.0,17.0,26.0
e347b95d594c79460b23b2f850655f68,eletrodomesticos,45,61,1,14150.0,35.0,46.0,35.0
6000cda32a1e7f6919ae1fcdf1d6259a,eletronicos,43,203,1,150.0,22.0,6.0,16.0
d5b0f0bd1d874e5770ecb90e112356d5,brinquedos,48,1214,5,1400.0,50.0,30.0,30.0
ba3a1ee42fbee80933b0d24a275827f0,utilidades_domesticas,55,341,3,15250.0,80.0,20.0,33.0
0d13a341a2916308175bc9e89bdafb73,moveis_decoracao,41,1673,2,550.0,52.0,11.0,11.0
d538285bd15e067ff40beb6f988b794d,pet_shop,50,1301,3,500.0,13.0,10.0,10.0
6f6f3b1a96452e2fbad0cd4f7082765b,variedades,,,,2600.0,35.0,33.0,16.0
5c77339ada5044e33450d5c2660692e0,esporte_lazer,33,2146,1,150.0,16.0,16.0,11.0
af3ec22cce878225aae6d9eb6c7a78eb,variedades,38,840,1,1600.0,40.0,24.0,30.0
22731e85c06982660a09c2ceb576ede6,papelaria,47,181,1,200.0,21.0,14.0,18.0
96d2a150ac4532d4d55c554d309bbc59,telefonia,59,500,2,100.0,17.0,4.0,12.0
67f36b3689147d882d2b298fd0715d80,variedades,,,,1200.0,105.0,10.0,20.0
137463a11feed96cfc9fbdd97d4e2403,utilidades_domesticas,19,592,1,250.0,16.0,2.0,11.0
605050407239c811cf987c99fbabaf4d,brinquedos,60,562,2,700.0,24.0,6.0,19.0
bc297f26ff9d18614a6243eaeeb6ef9b,automotivo,55,855,5,5550.0,44.0,17.0,30.0
e3c46f9bda3b7060a8d3b9515bffc639,perfumaria,60,447,2,400.0,16.0,16.0,22.0
eff955ba97941dc6837a770367d66944,moveis_decoracao,41,717,4,1100.0,32.0,11.0,27.0
be4e205f4a7283ce05c3b9365d283adc,esporte_lazer,51,278,1,275.0,32.0,20.0,33.0
3570caaeaa3f5a1ae76392bb2b4155f9,esporte_lazer,31,492,3,1550.0,62.0,18.0,15.0
0fdd1ea79f0f2ec81697ccd021d6d992,informatica_acessorios,42,271,1,490.0,23.0,10.0,22.0
f2610c932aaabc3eb24c3512b498a838,ferramentas_jardim,41,1099,1,1200.0,16.0,6.0,11.0
e7d728118de5526bed85eb0b2ad26216,casa_construcao,25,491,1,400.0,35.0,10.0,25.0
6919241018b4c410a2e1e4f7fd9ff224,utilidades_domesticas,34,845,1,650.0,28.0,11.0,19.0
b1bd4278cdf42ce07b61d1a19d1aed07,telefonia,53,879,1,83.0,18.0,5.0,11.0
972362b8b232932af39c3b4b03b3bda2,papelaria,42,115,1,17750.0,50.0,18.0,34.0
404c8cfeddf854a0f667cc175bfaec1b,automotivo,51,350,1,800.0,30.0,30.0,30.0
9e0873e9ac04b12f282b81af5daebd2e,ferramentas_jardim,25,432,1,2825.0,29.0,29.0,29.0
6f726a6d8634ffddcb69ceba5314edf3,beleza_saude,56,1173,1,2650.0,26.0,11.0,23.0
26028d8fc5ad4bb87ebc3675d49b2ae9,esporte_lazer,55,1677,5,29750.0,16.0,40.0,50.0
1cb19e405562e1d623ff6401565de70c,moveis_decoracao,50,610,2,3700.0,50.0,30.0,30.0
aeb4d384616f8c5017174084bf6c0ac6,utilidades_domesticas,59,653,5,3900.0,20.0,15.0,30.0
4039be757013ccb66cb41d683261dece,utilidades_domesticas,64,320,1,3000.0,85.0,10.0,50.0
3468c85c5c4de55707fd08e4f5b665dd,brinquedos,18,629,1,350.0,29.0,18.0,20.0
24c9d329963373e2fccaa3f3204db19e,consoles_games,58,601,2,100.0,21.0,24.0,23.0
1b9b88f6c9d3025e9d3e581758e1e807,beleza_saude,47,870,4,550.0,30.0,12.0,15.0
b47246a2d424fae0bb3e352ef204496a,automotivo,42,398,1,600.0,16.0,6.0,11.0
d3ffe9c4be46e47d76545011a7b37a05,moveis_decoracao,33,1575,1,400.0,35.0,10.0,25.0
1d092cf4f9b3ea4bed6ec6566b38ad45,papelaria,49,129,1,300.0,25.0,16.0,16.0
8a1e1c6e48f0d275628e3c626d57257f,beleza_saude,34,480,2,400.0,30.0,6.0,12.0
41b43381a92451746dc1374dbbd4c43e,moveis_escritorio,56,1287,1,10025.0,57.0,55.0,22.0
8d4dac6177fb8134f26fb4c5cc6c0aff,beleza_saude,52,1649,1,250.0,22.0,5.0,15.0
524cace8752843f12129d6ecfae9c7cb,bebes,37,1322,10,900.0,20.0,11.0,16.0
126289ccc36b3b564a105f620f48747e,automotivo,58,289,1,550.0,25.0,25.0,25.0
d1dae3e210576b5698e7847df9c3e1a3,alimentos_bebidas,43,975,1,1000.0,16.0,20.0,16.0
0eef510ccdaf8a53cefc1a8f035f681a,casa_construcao,54,290,1,2600.0,24.0,24.0,27.0
801cbc289593826559bed08171034485,fashion_roupa_masculina,48,541,2,350.0,40.0,10.0,40.0
ac06fe86362d2401d00a5a03a1e693ac,perfumaria,40,315,1,550.0,20.0,20.0,20.0
9df7c1b358350fe845b77ee08c49600e,informatica_acessorios,42,417,1,825.0,32.0,14.0,16.0
06016387c52742ed3e0a128e0ffb6b47,utilidades_domesticas,55,531,1,7650.0,23.0,8.0,13.0
fc43d4931ce7b45c01dcf5289927dc01,papelaria,59,1382,1,803.0,25.0,17.0,20.0
e234eae4942d981320ad580a66c287ce,automotivo,59,703,6,4700.0,47.0,19.0,23.0
98f867248b7d5c7262dea39dfe1d74bb,utilidades_domesticas,57,931,1,10900.0,43.0,35.0,38.0
0f4dbfe93fbadcce71e1edce3a3e30f0,variedades,,,,153.0,17.0,14.0,13.0
23bd5dc8d3c4cbe16e947b54fc22b3fb,relogios_presentes,43,525,1,400.0,20.0,11.0,15.0
646ce272adff96b1ace27e81c9bdf29d,malas_acessorios,51,275,1,1500.0,18.0,53.0,30.0
a9ec19466c5c3b0d4093edf74e2ab806,automotivo,56,703,6,4750.0,47.0,19.0,23.0
4e1617edd232ad8e0108ecc9bff047df,relogios_presentes,37,909,2,250.0,20.0,10.0,18.0
d8b8d1f52d47dbbb51aa6990c3942402,telefonia,52,401,11,100.0,19.0,3.0,11.0
2bf749803c44ed8670283404d3c2140b,industria_comercio_e_negocios,49,572,1,10750.0,52.0,12.0,32.0
b09cd20111b8c27705b617c3b5af7608,artigos_casa,59,497,2,1100.0,50.0,11.0,11.0
5e3555ed62835dd67704d40a72678cfd,bebes,31,644,1,300.0,16.0,16.0,16.0
be4271765ed350485cd8861c951500dc,fashion_bolsas_e_acessorios,56,560,3,300.0,22.0,14.0,22.0
8b5a6c234469d41bbd08bffea91feb3e,variedades,40,269,1,600.0,40.0,5.0,30.0
b2775a101dfacb48184ed1c1cb4a278b,utilidades_domesticas,35,2098,4,5950.0,40.0,40.0,40.0
0f3288619c16188d156acc3ba91f36ab,esporte_lazer,55,266,5,300.0,20.0,15.0,15.0
3117effa9f933a3805a309706e949af3,beleza_saude,60,246,1,1300.0,30.0,15.0,30.0
fd1976772549ed5b4aed965293122ac8,perfumaria,35,629,1,458.0,18.0,18.0,17.0
9b5020f2bc3043b993be2559c465e380,variedades,52,748,4,450.0,30.0,6.0,30.0
9b7d6830b132073397821e52d0e66294,automotivo,57,96,1,500.0,30.0,15.0,20.0
9d97c3a4538b02f9310eefcce83c7e74,esporte_lazer,63,893,1,400.0,30.0,20.0,21.0
5ca6364f727e63db88d3d2aed16d7be8,moveis_decoracao,30,601,1,5275.0,37.0,41.0,37.0
fb9840b7c9aa168ac9555999557fdf26,esporte_lazer,28,452,1,400.0,18.0,18.0,17.0
b809b20fb6e5f42bd6d7744bad9f1a20,telefonia,58,486,1,100.0,16.0,6.0,12.0
0dbda89985ac97cc36d9239d67a1172b,informatica_acessorios,59,401,5,4800.0,18.0,26.0,19.0
c039bfc3873f620fa1dea96f79530522,fashion_bolsas_e_acessorios,48,131,3,200.0,16.0,8.0,11.0
f7c7bd3105bd26ce0de4072af7159f84,variedades,,,,890.0,32.0,32.0,32.0
e213c5845d92a69640660dfc8e9a987c,bebes,58,87,1,1350.0,37.0,7.0,30.0
01f76c07f91a533acd46cc6ab989be23,fashion_calcados,57,404,4,750.0,22.0,12.0,33.0
256711bf66dcd14111581476d6cca1aa,pet_shop,60,501,3,1150.0,33.0,4.0,28.0
f4b3b257580c1430e51d71dd731273c2,moveis_colchao_e_estofado,48,809,1,28300.0,40.0,46.0,35.0
bb8f914d581c74f2ce85ce38ee07e3f4,relogios_presentes,52,777,1,400.0,28.0,10.0,18.0
05fca08b4d54ab5d1d371db7d5534136,informatica_acessorios,47,1009,4,300.0,20.0,6.0,13.0
401b500ac0cf49fd24047ba60015a7ae,ferramentas_jardim,45,899,1,1680.0,29.0,24.0,35.0
967ec52b0c55fe9ccde964df30cef64e,utilidades_domesticas,35,741,4,500.0,19.0,12.0,12.0
c3b01b2e86b6fef991c30e470d191d44,esporte_lazer,24,171,1,6600.0,23.0,4.0,23.0
48c4ce43e9ae76b92039ed23beaca543,utilidades_domesticas,39,975,3,350.0,20.0,12.0,12.0
feae5109d8485def8ad124f0653a59a7,brinquedos,45,777,4,3100.0,16.0,40.0,23.0
466c3d5cdc2189e98333b68c00a1c756,artigos_casa,35,444,1,650.0,30.0,3.0,19.0
55b0c08f98075107c8b7d4ccded44f05,fashion_bolsas_e_acessorios,38,158,5,150.0,16.0,9.0,20.0
8d8fb201f4475a184e799a7f9989cff6,artigos_casa,50,193,1,2100.0,45.0,15.0,35.0
e427056593d3dd66f0eac1ddbb808f22,moveis_decoracao,13,613,2,1100.0,42.0,3.0,32.0
52fd348f16b17dd9cd619bd0bec3dede,livros_interesse_geral,33,1337,1,500.0,18.0,27.0,11.0
f8c6a76085bd3b4341cccb774b554c82,fashion_roupa_masculina,40,624,3,850.0,45.0,10.0,35.0
87b7dd1206b94ab75b6d45bbe487b24c,perfumaria,50,1038,2,500.0,22.0,16.0,16.0
410d5b211dce5611e7a6412bf0cc30fa,telefonia,42,379,1,100.0,19.0,3.0,11.0
7d04c7dea507d3f66a22b0997525b0ad,moveis_decoracao,30,615,1,23700.0,66.0,42.0,66.0
b21d15a36944649914d5bbffafc09d9e,brinquedos,46,2032,1,300.0,16.0,7.0,21.0
932a7e18ea9bb845420c70707362e0f7,utilidades_domesticas,43,513,2,200.0,28.0,29.0,19.0
1871f846d88e6b0632e1058b61d35964,telefonia,53,320,1,117.0,19.0,4.0,14.0
7e8c9cebda42cbe9ae5ae912f81db940,beleza_saude,51,1974,2,200.0,17.0,13.0,13.0
5a4ec7366f4a5fddd269c4d9a047c6c3,informatica_acessorios,43,205,1,200.0,16.0,2.0,11.0
7b7a748518a1e2236ae04e2f97c492d2,brinquedos,38,1500,2,1600.0,36.0,28.0,27.0
750d887c4fb151156b3c0dec3041549c,jardinagem,57,1214,1,4550.0,53.0,36.0,15.0
d3c3a9ea27f69d8137ff129a53ec4740,ferramentas_construcao,60,339,1,1450.0,20.0,8.0,20.0
bbc3a3f2596e849548463e3a46d833f0,variedades,55,409,2,1150.0,36.0,16.0,24.0
473d9986dc7298e4adccafc4e81e02b8,automotivo,55,927,1,2600.0,30.0,70.0,20.0
34e4f6bc7f4c44bdc0581b78aba124e1,informatica_acessorios,47,884,3,150.0,16.0,5.0,11.0
a16485b933e24a0ee5f137fec64c48d2,brinquedos,60,999,2,1094.0,26.0,18.0,29.0
d442e913f0c7f40f97261d76f4e943ef,moveis_decoracao,45,721,15,23100.0,47.0,74.0,47.0
142c74d091a42c178b1c582535dcfabc,fashion_bolsas_e_acessorios,36,352,3,150.0,16.0,9.0,11.0
cfc8387fba4e6ae4b53d099e98fc095a,moveis_sala,32,478,2,4450.0,30.0,16.0,30.0
46e477d89da734ac9f6b12073503711a,artigos_casa,53,386,1,700.0,16.0,10.0,16.0
e025f288e09da35a510433c3180b10f1,ferramentas_construcao,51,531,1,470.0,21.0,14.0,18.0
2ef9d434efcd0544c16be36a03c7652a,perfumaria,39,525,2,418.0,19.0,14.0,16.0
d5157c07fad9d63463fda055f91da324,esporte_lazer,59,803,6,1699.0,22.0,11.0,15.0
ca4e831ef4aa332fb22de74fd2580285,telefonia,60,1238,4,300.0,20.0,15.0,15.0
839321c2db7b3b3eaff4944c3b052ecd,utilidades_domesticas,37,570,1,1291.0,23.0,23.0,20.0
2f494871e1d55c5161e63a5cc3f3e983,beleza_saude,35,875,1,530.0,21.0,16.0,18.0
530989bc6eff4420c49a84214ab1eb51,telefonia,58,423,2,600.0,23.0,7.0,15.0
e1300b5f677ce8eba14ab147080d6a68,moveis_decoracao,30,332,2,4300.0,25.0,90.0,45.0
c59a1dc190f9bfe826a1b40edb7593e8,beleza_saude,59,1082,3,574.0,18.0,8.0,16.0
40a13d0a09a3d1334e8537ce3194f0ec,esporte_lazer,45,1771,1,550.0,20.0,20.0,20.0
75d29df6618d4aed0c7860c0be80ebe5,moveis_decoracao,59,2130,2,300.0,69.0,11.0,11.0
0c3e039a06ef40bce9a30c05a247f77e,moveis_decoracao,53,208,1,575.0,26.0,16.0,14.0
ac44def10e24998cdee20a208d691127,artigos_casa,55,1208,1,1175.0,45.0,7.0,35.0
e3b71b54330e59e2e4ce7f1052813a08,beleza_saude,23,1426,1,750.0,27.0,9.0,18.0
c8d117f618f6ab7f02274705025bdbda,utilidades_domesticas,48,518,1,1000.0,25.0,32.0,25.0
c144fdb6fc3bda28fb58900cdb37247c,moveis_decoracao,40,243,2,6950.0,72.0,6.0,72.0
65ce839c7967ed73e05471cbd4cb2ec1,informatica_acessorios,59,359,4,900.0,31.0,13.0,26.0
71d2e375cd7ae542240f5f335894448a,bebes,52,740,7,2350.0,35.0,35.0,30.0
e5897f494af72d083f3899808f341659,artigos_casa,51,275,1,1100.0,41.0,13.0,13.0
11b906b2a09fb80668f4478dd3f9c324,utilidades_domesticas,42,963,1,750.0,16.0,30.0,11.0
f88d1685109f08578f9cc5a9cd4c770a,brinquedos,45,437,2,761.0,48.0,13.0,48.0
9707e3409376d631f1044f987d63bdc7,artigos_casa,54,207,1,450.0,40.0,8.0,23.0
c98758f52b522bc5fb31ab10715553e2,esporte_lazer,36,574,1,350.0,20.0,7.0,14.0
a868dfef572cedc4008920c09417cbbc,ferramentas_jardim,39,1571,8,350.0,20.0,6.0,11.0
d86963242e7dda7eed04f57e492ed655,brinquedos,47,453,1,1100.0,43.0,6.0,30.0
d48e56be99464cbf285a9da17f618165,moveis_decoracao,54,584,1,1200.0,33.0,8.0,23.0
7cda56607ef8d61eb1573d80f1b57ae3,brinquedos,32,346,1,700.0,40.0,16.0,26.0
7c0a2a31bc479e366fe9fee1f5bc62b3,beleza_saude,56,1388,1,2200.0,25.0,27.0,9.0
c6eea384e62b799e78267eaeea987eaa,bebes,60,1443,6,30000.0,84.0,54.0,45.0
ebf9bc6cd600eadd681384e3116fda85,artigos_casa,37,86,2,1300.0,50.0,9.0,41.0
52218df62a3f5f88049701f0c460122a,automotivo,48,283,1,500.0,25.0,25.0,25.0
b781cf30a200b5eff2787c2074d67045,moveis_escritorio,49,1290,1,9650.0,57.0,55.0,22.0
68ad45d48d69404aeb71ce87e1b2c948,livros_importados,37,452,1,850.0,33.0,2.0,23.0
45af78e8f5b2d214adf9b3023f2a5bbf,ferramentas_jardim,41,1749,5,2500.0,28.0,9.0,23.0
44483ca1c9223756ee0ee71c0676d3a3,variedades,,,,1300.0,18.0,28.0,18.0
06a47d0ecd4561565deab3dfd7d3c0ff,esporte_lazer,60,592,2,400.0,30.0,20.0,20.0
46d66b9ad911a2cea5e3c9127aa7fac5,climatizacao,50,295,2,3342.0,39.0,26.0,21.0
c49543f64e565e811a038b0b637df478,esporte_lazer,59,806,1,200.0,16.0,11.0,11.0
2cbb8082b18fef3194e081fef415ce0f,telefonia,43,1858,1,100.0,18.0,6.0,11.0
1b06c90f0a31f14d0f505323b5723a80,ferramentas_jardim,58,747,4,650.0,19.0,17.0,19.0
7755707fe561ddbc56cefcce33c97945,artigos_casa,53,457,1,19100.0,62.0,47.0,47.0
07c892834f576948885b91255a310002,artigos_casa,46,383,1,1200.0,37.0,9.0,30.0
415c42d82ead424bfd3f256565bc5dae,informatica_acessorios,59,185,1,813.0,28.0,14.0,21.0
275bbd43a9fdb71853216091565522ac,moveis_cozinha_area_de_servico_jantar_e_jardim,33,513,2,9800.0,50.0,65.0,35.0
a4ea9c0ad9f13236720b9027254545a8,moveis_decoracao,53,371,1,850.0,40.0,5.0,11.0
01593b27eef404f592e6a3f1174493bf,variedades,51,594,1,2000.0,50.0,40.0,30.0
583f23b0484747654c01a98021608a89,papelaria,58,267,1,1300.0,24.0,47.0,39.0
021d39ee869e87d5288f4e731df4a90e,utilidades_domesticas,44,663,4,10350.0,102.0,15.0,40.0
8fd57e95e8bf639d562620356071bc23,relogios_presentes,43,585,1,381.0,17.0,12.0,13.0
df3a9e7f7f59298a2bf47cc0917dae1d,variedades,,,,800.0,23.0,5.0,31.0
2cc9fe0726e28bee40b04417a8971b53,esporte_lazer,46,1071,1,2600.0,30.0,30.0,20.0
c1678c7353738f1698430b8ea0d6a488,artigos_casa,59,124,1,6100.0,20.0,50.0,50.0
c4ccc1c24eca33f056b233bb1d73a536,ferramentas_jardim,27,749,1,1250.0,50.0,50.0,50.0
7b66dd141e94feae8c845e69fa60ac9f,esporte_lazer,57,752,1,1200.0,25.0,20.0,20.0
4acecc563402664291309d5f9d5cafc7,variedades,33,825,1,900.0,40.0,40.0,30.0
7c09ac0ca5900bf6f957121ebfc338e3,pet_shop,34,350,1,107.0,17.0,9.0,14.0
a4b4c6dda9b745b87b23da10dd2af1b7,pet_shop,44,430,2,250.0,16.0,7.0,11.0
b1e099942b15d8851265f7fb2de457cf,esporte_lazer,41,1190,1,550.0,19.0,16.0,16.0
e225e558548f7df6a4f4f1d5ee449ff8,beleza_saude,54,2137,1,400.0,16.0,16.0,20.0
9fef57f37ae72292952e73ff9a7a3fee,moveis_cozinha_area_de_servico_jantar_e_jardim,59,634,5,27150.0,100.0,25.0,65.0
2dbad6cd56b73cfd7f1885d112d9b96b,beleza_saude,31,3532,1,500.0,20.0,9.0,12.0
e039dcab487fb6c6901fcc65bfa82593,esporte_lazer,63,1332,8,900.0,25.0,40.0,15.0
f626e57d2526d92edf8379a00670f11e,ferramentas_construcao,46,157,1,250.0,38.0,10.0,38.0
008b51e6be49ee039854b5e35c331b02,relogios_presentes,57,676,2,633.0,19.0,12.0,17.0
5d6ca82705d3ac21992545a918642070,brinquedos,50,1335,1,1100.0,32.0,32.0,12.0
ef0c5d08ef672e2e8beffeac308625b2,artigos_casa,44,232,1,1450.0,38.0,7.0,31.0
f8ca22f13e0b58c30e9a8822f20d9ba9,moveis_decoracao,59,601,3,12200.0,51.0,56.0,36.0
da8faea5f69f03fce4dfc01ceee4f1dd,fashion_esporte,47,562,6,300.0,29.0,7.0,16.0
276d4fcbcec8b8cdb8c373d5ee67e9db,beleza_saude,30,673,2,575.0,18.0,11.0,16.0
3262a0950995f2a891ec1fdfe6f5a133,artes_e_artesanato,59,216,1,500.0,62.0,12.0,50.0
7e93d6b6ef018d488da72952ce48fb9a,esporte_lazer,53,735,2,2800.0,36.0,20.0,29.0
81fe5f62dd11842a1e35be193402e289,brinquedos,60,535,3,350.0,20.0,20.0,21.0
db3ba840cdd9eee2918e3b1080a135e1,artigos_casa,53,204,1,600.0,16.0,10.0,16.0
70eb8ec63fd4f2a0bf8607712407727c,moveis_decoracao,29,188,1,2050.0,20.0,15.0,20.0
97296954e343ef67dcda940ec8e2a0d4,informatica_acessorios,53,147,1,200.0,16.0,8.0,11.0
48e501c433fdd2f8b2622bb9c658ffe3,ferramentas_jardim,41,3547,1,12100.0,100.0,30.0,30.0
0f3547f2b32d5660a50961768fe2d929,brinquedos,59,1491,2,250.0,18.0,18.0,35.0
30bbdf80d68d281c9cefcb26becdc8ae,perfumaria,49,425,1,488.0,24.0,15.0,20.0
2a5e8a686fea7f74cb246f729a53e650,moveis_decoracao,58,454,3,2150.0,36.0,31.0,19.0
26abb7e42cded69ba9b3736643ebeb39,relogios_presentes,43,378,2,867.0,20.0,7.0,14.0
479d5974c7824b584a62c88885c957b4,moveis_decoracao,49,534,1,600.0,65.0,2.0,13.0
77f11bb30ec0116ada15b3ff106b744d,telefonia,53,880,1,200.0,18.0,5.0,12.0
2b87ded5c8c2c971d4d5a2e4bd7b85bc,brinquedos,55,699,6,233.0,17.0,10.0,19.0
1e771d5cef909641314a6b1544656a8d,variedades,46,677,1,1400.0,40.0,40.0,30.0
2016dc27f7cc30f18815b34170e0ce98,beleza_saude,46,1343,3,3267.0,31.0,25.0,23.0
f986e5c01ed6b09ea37c158942eb8d12,telefonia,60,3385,5,250.0,22.0,12.0,16.0
9493c042ad7ecfd2c0123733b2c310ff,automotivo,56,708,3,1700.0,30.0,30.0,30.0
ff40459ce8252a72f01615a9aca8b877,utilidades_domesticas,38,816,1,1300.0,16.0,31.0,29.0
218bdd5d01fa000018c777fcc2bbfebd,eletronicos,51,1384,2,14850.0,34.0,57.0,53.0
176b54e1ca47c0ec2bc2e298a76adf9a,beleza_saude,56,1000,2,200.0,20.0,5.0,15.0
8aa6223e400af9c97b07c75993142721,bebes,54,830,4,5000.0,40.0,10.0,40.0
e7d9d7787c96a30e0f418993c1555633,malas_acessorios,48,225,1,1000.0,45.0,10.0,31.0
9bf39940ea9c92c0036e06c6cd577cbd,esporte_lazer,60,1457,1,2450.0,32.0,22.0,22.0
baa06ab558aa0e88f3cb7bc0bf263c7a,consoles_games,60,901,4,500.0,20.0,12.0,16.0
badc98cb4b92b5452a49c1a9e7406b51,artigos_casa,46,362,1,250.0,25.0,15.0,25.0
f1f47f712d19a52644c70a297ee0e27c,moveis_decoracao,63,438,1,100.0,40.0,15.0,35.0
9ad536de496ccba6e4a9ac7be933ad9d,beleza_saude,52,927,1,1200.0,22.0,13.0,22.0
33f6041c8435ede933165b29f240531c,automotivo,37,45,2,1000.0,102.0,38.0,27.0
1e61aac3bf6242ac8330c5e7a2d98d3e,utilidades_domesticas,22,670,4,400.0,20.0,11.0,11.0
d338536d3bfc9f482ee40f08bc22cce2,informatica_acessorios,54,706,1,1100.0,32.0,19.0,11.0
d8bec459af8ceb11a8177037828ad1a2,fashion_bolsas_e_acessorios,50,142,1,200.0,16.0,7.0,15.0
199a6bb74fd406310616fda54aa93a80,alimentos_bebidas,48,917,2,800.0,20.0,20.0,20.0
38c88a38a170097d9e923d66baec7e0f,automotivo,59,651,5,4875.0,73.0,5.0,41.0
a9418952bd0aee716d44d25d706561b0,moveis_decoracao,48,480,2,2300.0,95.0,5.0,65.0
0906a34d45f9f37ebc1f2aa5ad4582c4,artigos_casa,52,372,1,650.0,16.0,10.0,16.0
ee232674616de808d98d869168d6217f,esporte_lazer,53,897,1,300.0,16.0,16.0,16.0
332795c0c3303ebda469c7945fe1a1a7,brinquedos,51,390,2,600.0,36.0,12.0,37.0
b1d69027dcf7fec05464c24c1e197dde,perfumaria,47,565,1,675.0,19.0,13.0,13.0
58bf858007e80985449672d0ce53a060,informatica_acessorios,55,480,2,925.0,24.0,19.0,13.0
4907ffcd08e217fc8e169a8e9584abc4,automotivo,37,791,1,300.0,20.0,15.0,15.0
53b0b6e69e80935440712605cd5699c2,perfumaria,32,1288,3,75.0,23.0,16.0,16.0
94ccb89a02c3b16a593d8034a5acbb94,papelaria,42,177,2,288.0,20.0,19.0,17.0
b3821db2024af98844b6381cc25651c8,ferramentas_jardim,44,1843,4,1450.0,32.0,15.0,25.0
c81cd71a00c2928c93e3f91cabd99582,esporte_lazer,38,3760,1,2100.0,31.0,36.0,31.0
477aa9a85d7002688bae2cbbd93198f8,artigos_casa,60,613,1,600.0,16.0,10.0,16.0
5f8d452952e14aea06671fcc55e9b3f2,artigos_casa,34,278,1,6800.0,45.0,36.0,19.0
7b2048b31748f29c4909d1d69540340b,esporte_lazer,60,888,2,300.0,20.0,10.0,15.0
14a0471af2a7bc596532fc8a6f29b1f8,relogios_presentes,57,180,4,250.0,16.0,2.0,11.0
092efe1dbcc1a4752b17a19fb6de36dc,moveis_escritorio,33,1217,1,14925.0,53.0,54.0,18.0
b730365b62134e629a014f00f0b74904,telefonia,33,291,3,183.0,18.0,4.0,11.0
eefc086ab9cdb9fbf8e27f2541049e3b,utilidades_domesticas,47,894,1,20150.0,55.0,29.0,28.0
b757b5acc84c75c5805a931c70605106,market_place,36,537,3,1925.0,31.0,9.0,33.0
8fa67e5cb309b9cd7b4438e15948bdb2,alimentos_bebidas,43,839,1,333.0,17.0,16.0,16.0
4ee8c9943111595b7dfc4d9031854a21,variedades,57,934,1,2100.0,42.0,25.0,15.0
9cb854ba582f5a6b7832b86553c0b8ab,bebes,64,882,6,250.0,17.0,7.0,24.0
a014ce59dca05d6160b0a995600511b1,beleza_saude,60,586,1,200.0,16.0,6.0,11.0
e05fc6d940189fe74d87ba8091afbdb6,utilidades_domesticas,11,335,1,1000.0,31.0,13.0,13.0
419cb1b441eda9b92ebd1a1b96090c26,telefonia,60,777,6,350.0,17.0,4.0,12.0
f17919cd5c50df5ea6b11d9665a0eb2f,esporte_lazer,44,951,1,1150.0,31.0,29.0,29.0
afd22faefd9584467a374bf7a50f0996,esporte_lazer,59,681,3,150.0,24.0,5.0,16.0
f71e81166f65ac9b5174e4630ab20615,ferramentas_jardim,60,3920,3,7900.0,55.0,40.0,55.0
63b1e1149e547163e18adba529c9cb5d,beleza_saude,58,696,1,650.0,16.0,2.0,11.0
60d60857503b0e721781320f4fa28acf,moveis_cozinha_area_de_servico_jantar_e_jardim,47,880,3,11850.0,64.0,12.0,37.0
e45ba6ba3c6ee4fa2c62e6a6a587717e,brinquedos,45,780,2,2733.0,37.0,61.0,29.0
408e5a84e3b1333dc8be734b100ba3d2,bebes,33,746,4,9717.0,40.0,74.0,25.0
4a0d1ccdddf9a6fda274fad13550f595,brinquedos,41,388,5,400.0,22.0,12.0,22.0
e2dbf7712dcef4577bfee8f58eea55d1,papelaria,47,686,1,100.0,18.0,2.0,11.0
acdcfb0e41f8091492386a014aa8d57d,relogios_presentes,34,1162,1,522.0,20.0,13.0,16.0
6ef30104ba621f56c4fa8e27d54b9d0e,esporte_lazer,48,213,5,500.0,25.0,15.0,20.0
21025aea6e634ed0ab9709a4fa5fb69c,utilidades_domesticas,59,1871,5,450.0,20.0,15.0,15.0
5ea82867217c7a9ce7069f6f0225da1b,automotivo,57,651,5,2450.0,72.0,4.0,44.0
94f3e056fe4489bd919679e1bb343edb,artigos_casa,36,508,1,2975.0,60.0,25.0,28.0
798d1d2a6eb63c4a6a4d2febdd4a0050,eletronicos,52,1887,3,700.0,28.0,6.0,23.0
efd037bbacbb4bbf39f4ecb8ba8714cf,alimentos_bebidas,58,1050,1,2400.0,35.0,36.0,40.0
b7e5e565cf760233e922ed01e122ca8b,relogios_presentes,55,502,2,250.0,16.0,11.0,11.0
c233a2dd158de2f5877ef680906a2c33,artigos_casa,59,238,1,2250.0,37.0,10.0,37.0
5183344b5357029cfd88c7f511ed876d,instrumentos_musicais,57,1837,6,4125.0,33.0,13.0,16.0
b0a12a9dc0ed09cc161a586c1e948890,bebes,55,174,4,400.0,30.0,11.0,23.0
6902c1962dd19d540807d0ab8fade5c6,relogios_presentes,53,1773,2,800.0,16.0,11.0,11.0
a1c4bbc86f12628bb57430973e680129,perfumaria,28,552,1,550.0,20.0,20.0,30.0
bba0d9c4f470ff541dba7f02d791a4f3,relogios_presentes,59,679,1,400.0,16.0,11.0,11.0
9b6a64c03d07faddf8a5c905e61d608c,automotivo,17,288,4,500.0,25.0,16.0,20.0
5a88e7d9d1beebd07d6d9e9e6eaf71c5,moveis_decoracao,53,371,1,800.0,40.0,5.0,11.0
37f582e625d4301ab2d6b200238405d1,fashion_bolsas_e_acessorios,24,503,5,150.0,16.0,14.0,11.0
bdcec8e22b04a8f4241d87bcfe9ea877,moveis_decoracao,64,946,3,500.0,40.0,12.0,25.0
7f4b1b38659d1ee551f9bb8f959da24a,artigos_casa,52,423,3,1050.0,91.0,15.0,21.0
c4aa0ceec0529a29290c24f2bb490b3d,telefonia,49,2200,1,100.0,19.0,4.0,11.0
3193a48de17d955edc655009bfd530e3,bebes,31,1174,3,7698.0,41.0,39.0,46.0
8e6774f213b2625176287ad6c3d38be6,artigos_casa,54,382,1,10800.0,40.0,25.0,25.0
7a34f99ab879393a03b9541739cf50cd,eletronicos,53,1057,2,488.0,22.0,21.0,15.0
d1ea91b8c54f9200cfee8d6a1d1fc5e7,artigos_casa,38,246,1,1533.0,41.0,16.0,37.0
da686d15de3ee88de081bd159b031e47,informatica_acessorios,59,229,1,300.0,50.0,5.0,20.0
cb6c9dde377d5b512d251e5b115c0b97,beleza_saude,25,684,1,200.0,20.0,15.0,15.0
4c8105db34ad803d251bdd2b08ee0c24,papelaria,46,286,3,50.0,16.0,5.0,16.0
2b29170916b7bbc58fd9078f0f4e7234,variedades,,,,300.0,50.0,4.0,40.0
06cef71c232a9f86d77f004878df253c,beleza_saude,45,1614,2,900.0,20.0,33.0,16.0
31fa8a1e88207a7ca942495d88e590c2,beleza_saude,29,925,1,2200.0,28.0,23.0,16.0
a1ea5e26e19ed2e16b30866fb40735a7,informatica_acessorios,44,455,1,464.0,23.0,13.0,26.0
43e9543be42b2a2db9d44f3ab4ddd8b7,informatica_acessorios,56,419,1,950.0,45.0,15.0,25.0
b6075e028451d1426b276da0441684d3,beleza_saude,38,249,2,1300.0,20.0,7.0,20.0
719209778e234849fba1ae72146ec2f3,papelaria,37,153,2,1500.0,60.0,20.0,29.0
ea17b2137544a3b0a3eaf107887472d9,utilidades_domesticas,47,822,3,1500.0,17.0,20.0,17.0
7594c5fa74bceda1c2540003533a6e02,automotivo,50,777,3,400.0,18.0,8.0,12.0
891fda5230e6e284e5430ded76eebcd7,eletronicos,50,285,1,100.0,25.0,7.0,16.0
3cc10293fcaadd63730fc96e8d136710,variedades,,,,500.0,20.0,35.0,35.0
4e5a27d8bad6e3f21c8b1ce4c8269885,pet_shop,47,1023,1,3400.0,44.0,15.0,27.0
be03e34a55f76b77a89d16d72ee6c53b,automotivo,56,643,5,1350.0,68.0,9.0,35.0
f516d692e2bf83614119de3286a12fca,moveis_decoracao,44,192,2,400.0,18.0,10.0,20.0
5b457a0222eba04e6066025115952773,esporte_lazer,45,1541,1,450.0,33.0,20.0,20.0
47fafa6908e75ae62b8a36a9eb3b9234,pet_shop,49,335,2,1650.0,48.0,31.0,26.0
d6a6fc54f6c78f3ac3d583da2fbf598b,artigos_casa,59,570,1,783.0,23.0,6.0,16.0
f541764c0e99f1a821dc9d5bb1143a88,beleza_saude,42,1091,1,275.0,25.0,20.0,25.0
33fca9d59532dd4c191217a979346ab9,perfumaria,51,750,1,431.0,20.0,11.0,13.0
d99e1e07cdfcb6400db4c4eef7b0b15b,variedades,,,,200.0,18.0,6.0,11.0
d48c8d7a322bda722704d0ba7506e9a1,automotivo,48,1290,1,2950.0,42.0,19.0,25.0
cf8c83ef74f69705d1bec196473b1b45,artigos_casa,36,183,1,600.0,20.0,40.0,30.0
d7e407589b859c99b1df9088674c20e3,perfumaria,53,438,3,7150.0,35.0,35.0,35.0
037c68f178aefdd7a880a951dedc04d1,brinquedos,36,113,1,9567.0,41.0,51.0,47.0
f58bb9f12b0ca10029de2df4585a353f,brinquedos,18,232,2,1400.0,25.0,36.0,25.0
b84f38d9e0124bc0aa4429a79dc3f96e,artigos_casa,54,273,1,3100.0,45.0,19.0,35.0
9b37a918bcf2c8e1064e867cf1df4637,eletronicos,57,1710,6,1207.0,20.0,10.0,20.0
e54bc4114d8749028b07927e8e550200,automotivo,57,1143,2,250.0,20.0,4.0,16.0
3b068029db5363533440150014d95d9b,bebes,50,376,1,450.0,35.0,2.0,25.0
0a4ba15b3af571ef5d215be341f90fc3,automotivo,60,703,6,9275.0,56.0,11.0,32.0
5aea35fa2cc43f29f85b3ee4db24c3cd,esporte_lazer,42,663,1,150.0,16.0,20.0,11.0
5cca3efb9521cc1d7099d610d4a12017,brinquedos,60,176,3,5700.0,39.0,30.0,29.0
a0b940038a7c1b3af0958334fdbf3212,telefonia,52,511,1,100.0,20.0,20.0,20.0
27e3854e1414d1775e2cf19047da0c55,moveis_quarto,52,541,3,11200.0,93.0,2.0,98.0
65266b2da20d04dbe00c5c2d3bb7859e,papelaria,38,316,4,250.0,51.0,15.0,15.0
1767ed23966ac4d3539720b11beeacd1,relogios_presentes,53,667,3,300.0,23.0,15.0,19.0
a05ed2eb565616b13f6d58a44cf7097a,automotivo,58,640,3,150.0,16.0,6.0,14.0
1d7099ae41da8738fa29e4c51a5a492b,ferramentas_jardim,57,734,5,14500.0,45.0,45.0,40.0
596b0cef604a108a6ccf68e439d39fbb,ferramentas_construcao,36,2457,1,550.0,26.0,17.0,17.0
4c2c252ccca76d23a1ebdb3aa61e69d6,variedades,55,940,1,2000.0,42.0,25.0,15.0
9a81ff03e62cb56207c77fc1e718a4c4,esporte_lazer,52,507,1,1150.0,34.0,15.0,15.0
d7bdb9dcdcc2e07bbfac14d061624557,brinquedos,40,124,1,300.0,20.0,15.0,13.0
fba0d8ee4c9aa479a86833c83892e589,bebes,57,2057,1,550.0,68.0,8.0,13.0
6f1ba20b6411eca7f07ac5cf26381d80,utilidades_domesticas,51,403,1,8700.0,36.0,44.0,27.0
ed559580d7be0449d8211dc4addc4108,esporte_lazer,43,2161,3,2700.0,30.0,25.0,25.0
90eda8c813935dfe3841ad5119a92a32,ferramentas_jardim,49,164,1,2130.0,25.0,19.0,24.0
7b8d9c8c0d923944798fd521f6d0a1af,ferramentas_construcao,56,1287,2,1250.0,47.0,11.0,25.0
64187b994e1b15e6a59a6f72688fbea8,eletronicos,55,460,2,208.0,18.0,11.0,17.0
4e1d66c3236bdab451c67f91432035ee,informatica_acessorios,38,338,1,888.0,20.0,15.0,13.0
69ac97e466e0d1329784803bb0d3319e,automotivo,35,1216,1,10500.0,38.0,31.0,16.0
b8ca27a8b7658a95a8040f0a9489c952,artigos_casa,59,577,2,10300.0,51.0,21.0,51.0
23bb156d1ade824158d1b0c799f9a641,variedades,46,978,5,1000.0,50.0,20.0,20.0
f4f67ccaece962d013a4e1d7dc3a61f7,automotivo,52,603,1,7625.0,61.0,14.0,61.0
de26d4014234181730a1143f75dad0e7,beleza_saude,58,288,1,100.0,39.0,14.0,11.0
bf645249c207bf3357cff89ac355a15e,fashion_bolsas_e_acessorios,32,408,3,75.0,18.0,20.0,12.0
d9fcf1be6830bf510f03d9e6c979e4df,malas_acessorios,41,370,4,18050.0,60.0,40.0,40.0
1168ebbaa08c1f416c8c880dd470171c,variedades,52,874,1,1100.0,42.0,25.0,15.0
b853b073ca63585ef3afd79a4ab97ef1,fashion_calcados,49,375,6,400.0,29.0,7.0,16.0
83d3876282836456f2994589e1e39cd5,bebes,46,468,1,600.0,27.0,22.0,47.0
17c8d9777ad1009a904230d2728fa412,beleza_saude,56,184,1,300.0,19.0,7.0,12.0
3fd11c8df5b2569660e2613c1bf20f3b,esporte_lazer,47,638,4,1771.0,29.0,22.0,30.0
176faef125e3675b4eeaa6083ada61e1,bebes,47,1024,2,150.0,19.0,9.0,12.0
11ad873e7f5b2a8fe696997ba983e2d1,variedades,60,811,5,16100.0,82.0,77.0,15.0
f41a6dc6692a3c5c21769881b158de3e,beleza_saude,40,434,1,200.0,19.0,17.0,15.0
4c84f53b7bc2ec06da784fda591018b4,eletronicos,38,297,2,2500.0,15.0,29.0,30.0
3514eab1c90b91adfa20380eb471816a,utilidades_domesticas,52,699,1,4000.0,50.0,12.0,35.0
5f21301936c11698db6aee5444190da0,perfumaria,57,397,1,367.0,23.0,12.0,16.0
c69a909c359c635a647fb23aff17b362,esporte_lazer,60,531,5,700.0,100.0,19.0,19.0
534f3427412169450d7a63330dc968e7,esporte_lazer,48,223,3,400.0,25.0,25.0,25.0
713e3211939d8fda094596afb61a2337,fashion_bolsas_e_acessorios,42,104,6,150.0,16.0,9.0,11.0
6670f250c92cd5a678aea84ab6a19dd5,moveis_decoracao,55,1476,3,950.0,36.0,30.0,19.0
50847e645fcb3d38dee50e39e4c68c22,perfumaria,55,591,3,16050.0,70.0,102.0,12.0
4353ed67630d4924986005ed5d058c44,utilidades_domesticas,37,324,4,316.0,19.0,14.0,18.0
780eca5ccab605bd724e8e141f32d3b2,livros_interesse_geral,46,673,1,1200.0,24.0,5.0,17.0
a36f2cdee6906fae885c6258e824308c,livros_interesse_geral,29,437,1,600.0,23.0,2.0,16.0
8fbf9021a217075b130d33b3485e8fb3,beleza_saude,24,581,1,1000.0,16.0,16.0,14.0
16c4e87b98a9370a9cbc3a4658a3f45b,instrumentos_musicais,53,1935,1,18000.0,105.0,30.0,40.0
97b788c43a70403f7a9646d778ecc9c9,artigos_casa,60,597,1,6550.0,30.0,30.0,30.0
f0f9486bd96130088e93b7a3b3c08ebc,livros_interesse_geral,48,1255,1,110.0,33.0,6.0,22.0
dcecb611ba878d5d8c7853585b285c12,informatica_acessorios,52,589,1,100.0,16.0,19.0,16.0
e939d1e099a84143323ac0e7e90992de,brinquedos,54,527,2,1100.0,30.0,21.0,32.0
9ce6c37f9df63de67692c3f7d4d209f1,moveis_decoracao,53,194,11,1100.0,31.0,11.0,26.0
baf6f4106306b138b83c32152d1e03de,pet_shop,63,644,1,200.0,20.0,20.0,20.0
381fea04c0d7c8bdbcb05f03727a1c07,automotivo,36,929,2,600.0,16.0,28.0,14.0
3b4a72dd3f5ecc82d97d6a54725952ec,utilidades_domesticas,55,395,2,10150.0,41.0,56.0,26.0
2293f7375b46e963e55be5b56d3b77b0,pet_shop,63,1451,3,950.0,30.0,20.0,40.0
2bea2a1842158b9363c4092b11314267,beleza_saude,22,632,1,469.0,18.0,12.0,17.0
8f983b383c2d3e409d71cfd12dbc7a42,bebes,50,1217,3,4300.0,21.0,41.0,57.0
6d83b30a8dcfb49e62c0a31eb22521fe,moveis_decoracao,42,497,3,1500.0,36.0,18.0,17.0
5c134d92a99c77b568ae488b28a04c45,seguranca,59,1812,4,200.0,16.0,16.0,16.0
ee08e2b1f2f38ce754c804780c6a048c,ferramentas_jardim,51,1076,2,150.0,20.0,11.0,14.0
003c0b8f6580c850bd2e32044d2ac307,moveis_cozinha_area_de_servico_jantar_e_jardim,55,705,2,21100.0,100.0,20.0,60.0
6f73c23e03c7942e89e30a63994cb9b3,fashion_bolsas_e_acessorios,51,221,2,200.0,24.0,4.0,34.0
e0008615ba33119a5e115eb63bd3e29c,utilidades_domesticas,28,134,1,13900.0,40.0,40.0,40.0
47a83ac845f953b889154d9963dbc1f8,moveis_decoracao,53,608,2,100.0,30.0,4.0,20.0
0c9a1721e65cea1561c531b0e166cb1e,livros_tecnicos,23,1328,1,350.0,21.0,2.0,14.0
a4c7e73a8ce075149b5f6592fdd29367,informatica_acessorios,56,195,1,200.0,20.0,20.0,20.0
86f8507285c074360ac0969d4a664895,fashion_bolsas_e_acessorios,59,409,3,150.0,16.0,9.0,20.0
9879169b145e0626f5e30e5b5ef9f938,bebes,49,223,3,300.0,30.0,30.0,20.0
16ec3cff48acf77c13de21217bcc8af0,variedades,53,1071,5,3463.0,59.0,27.0,32.0
1e356d1f0d01ec859c4458956d2b577b,brinquedos,60,1235,3,1100.0,28.0,13.0,21.0
e518b28b071fde92b9d68d1ad51dcdb5,moveis_decoracao,55,133,1,1450.0,35.0,6.0,28.0
382132cf96c88a277a65226833af5f61,informatica_acessorios,49,664,3,680.0,47.0,7.0,18.0
b2e7c39bb137bb4b3651862c6b611468,informatica_acessorios,42,721,2,100.0,36.0,9.0,20.0
091107484dd7172f5dcfed173e4a960e,perfumaria,50,260,2,183.0,16.0,8.0,13.0
1a69b9ec6d25d7656d024ad51f55c0ec,artigos_casa,57,795,1,2950.0,19.0,35.0,31.0
104b9503ee57d0aa2cd3a6448f242636,jardinagem,35,717,1,3567.0,24.0,24.0,21.0
3e5047976e9d805d4cb72a96649f9b11,beleza_saude,43,1385,1,200.0,24.0,9.0,14.0
90147b75b794b38e8a6e69b3657430fd,artigos_casa,60,3834,6,7500.0,55.0,17.0,48.0
1fbeaaa01377d3f600de52f455ef578c,artigos_casa,55,664,1,2800.0,44.0,10.0,34.0
98001b51c21b1efa6530623ecb0c20fe,moveis_quarto,59,437,1,9400.0,31.0,58.0,31.0
62d2cada321a3e5d770d62425a82a6e0,livros_interesse_geral,16,1155,1,500.0,23.0,2.0,16.0
1d1415f17f1a93060326d6c3e223aa3c,brinquedos,56,1223,1,400.0,17.0,12.0,12.0
55b22991373bc1fc844500be10faf60d,esporte_lazer,32,1068,1,1900.0,23.0,32.0,23.0
98726ea9354f3bcf072e3a03dc5e5503,automotivo,54,703,6,7675.0,56.0,11.0,32.0
23206e13f48ea61c1ce141465951d74f,artigos_casa,52,125,1,1700.0,45.0,25.0,35.0
0d629cd382c4987f7faf67956dfd103e,beleza_saude,57,1299,1,650.0,19.0,17.0,15.0
316f27506e0f2a39700f801e859576eb,esporte_lazer,41,229,2,700.0,60.0,15.0,15.0
4931c278377ca00652dec3734798fd7f,artigos_casa,45,172,2,300.0,60.0,10.0,40.0
5bd7e57735a44e529bf066fee83a9c60,artigos_casa,56,684,1,1250.0,19.0,17.0,23.0
999f8a403c25d68c828a6915e13e89d9,telefonia,40,393,3,100.0,19.0,3.0,11.0
43df79876ad10b1a273644d9e177da75,beleza_saude,35,1115,1,200.0,30.0,30.0,30.0
32fc01a89995915738a923b16bb5a2a1,utilidades_domesticas,57,353,1,600.0,38.0,15.0,29.0
904df51afc994cd2a7bce1ec3ff5d9fe,papelaria,43,216,2,150.0,24.0,7.0,14.0
49cd6408393770922f19ca2925832dcd,beleza_saude,63,1890,1,1300.0,16.0,16.0,15.0
2ad2f5e9d792e5c06603614f2f681c26,industria_comercio_e_negocios,41,727,1,1900.0,30.0,15.0,28.0
b1d1dedf9404cb40c2cb575270828994,moveis_decoracao,57,707,1,7700.0,45.0,40.0,45.0
83834e0b46caaf58fbceba67c0ecb843,fashion_bolsas_e_acessorios,30,366,3,500.0,16.0,9.0,11.0
58a96ae04b90563cde5becdf0ee2e823,moveis_decoracao,38,445,2,24100.0,60.0,40.0,60.0
192371c441aec10766ea14ff29fef66c,beleza_saude,48,1667,1,400.0,22.0,9.0,15.0
1f5b481884bcb937cc06892b7419eaf8,beleza_saude,53,1003,1,500.0,26.0,6.0,21.0
24c03f6980d5f778bcf41785abe25533,eletrodomesticos,60,190,1,1200.0,65.0,7.0,38.0
f6ba4f9e6851627ea2d5ec8b06d471d2,automotivo,49,572,3,100.0,24.0,2.0,17.0
419ad775cb3c503c2ef135826f81065d,moveis_decoracao,60,463,3,550.0,33.0,16.0,16.0
04d70d184a7c12c93cecd9c0d8b5ad69,beleza_saude,60,918,1,150.0,22.0,3.0,15.0
c1803577315d1501dae3033b5cfa3993,artigos_casa,59,295,1,2200.0,60.0,10.0,40.0
a75142054d1e335a68625bb7f3c2f130,artigos_casa,47,382,1,2900.0,47.0,21.0,41.0
f8cfb63e323be2e1c4172f255d61843d,artigos_casa,51,437,2,550.0,50.0,9.0,60.0
2e7c89106453cfffae2446ab3f7c31a5,variedades,54,794,2,1500.0,42.0,25.0,15.0
e3c0fe9e5a36dc645cee4e5a2ec95f60,esporte_lazer,58,516,1,2450.0,29.0,25.0,16.0
bded2bc068525f00b659bd2e7268b4c1,esporte_lazer,54,597,1,200.0,19.0,13.0,16.0
e7e03e8b1be7be77130e8f6e719fae5f,consoles_games,44,180,1,500.0,30.0,7.0,25.0
a89e5c817a0c1fd1487d78cba0714a4d,utilidades_domesticas,38,1225,1,1400.0,16.0,16.0,16.0
1f40cca568a44eb6405b017e2418f53c,eletronicos,47,306,1,200.0,21.0,7.0,14.0
87c8fb5d5bb43fd06e54c78f6fa45836,automotivo,48,727,5,2325.0,37.0,26.0,22.0
9aac694a7dea5e7fe19c5c65ecd0058e,informatica_acessorios,36,246,1,200.0,60.0,16.0,11.0
142edaf86e4eb5d0f928534667ab63f7,utilidades_domesticas,55,595,1,1300.0,30.0,30.0,30.0
9dce898d78474a67041fb052e56b1a58,perfumaria,31,140,1,200.0,22.0,7.0,16.0
d883ab699ca4e0634bb63174ec2cfdea,eletronicos,52,868,3,400.0,17.0,10.0,11.0
24f5af2b789d02450459312d48fc840f,alimentos_bebidas,56,863,1,575.0,17.0,7.0,14.0
c06b0271681be1b35ce57c3fc66a9e53,seguranca,56,1502,3,750.0,20.0,20.0,20.0
39d927da9853bc98764f42316d02351f,esporte_lazer,49,1060,1,2100.0,33.0,25.0,28.0
264a81631a296a509b3c2e047a4ad652,bebes,59,1072,3,500.0,29.0,10.0,18.0
423b4247c8b7aebba33787ceb34103ae,automotivo,50,1063,3,150.0,25.0,3.0,14.0
cc514b7c628e44d19db432762a00942e,relogios_presentes,50,465,1,350.0,19.0,13.0,19.0
bd089e9fe06981d16b0daf6f97bef3bc,relogios_presentes,47,557,1,150.0,20.0,5.0,15.0
2d345ff10108fba24af9fb50ba534bc0,telefonia,52,401,10,100.0,19.0,3.0,11.0
00baba5b58e274d0332a0c8a0a66f877,perfumaria,27,406,4,200.0,18.0,7.0,12.0
ccb4503d9d43d245d3b295d0544f988b,livros_interesse_geral,51,489,2,611.0,22.0,22.0,23.0
b74d57e3377dd78aace6d070fc48cc88,artigos_casa,55,556,1,675.0,40.0,18.0,35.0
e8822c8d359010a65c7901cd7656459e,telefonia,59,382,3,100.0,20.0,5.0,15.0
c30302f36e15f43c1b85c9cb002028d5,variedades,,,,300.0,18.0,15.0,14.0
8ca5d414f750bd92cedf636c6f5bd355,beleza_saude,60,528,6,350.0,25.0,15.0,15.0
3b9e62775f31381472828246e899ee22,informatica_acessorios,31,396,3,3700.0,28.0,9.0,25.0
ddb9d7913729b57995fa4b279dc0dcf3,moveis_decoracao,60,431,3,850.0,30.0,20.0,30.0
7b31b39ebebeb8282009c48e5587b1d0,bebes,52,1608,4,1900.0,42.0,25.0,15.0
d8a3475446775b8e52583329eaebd38a,telefonia,60,2579,3,303.0,17.0,14.0,16.0
2e7980421ad7946eab8a71b637955704,utilidades_domesticas,60,463,1,2300.0,59.0,9.0,42.0
ac6b10125f0c3f3faca61891ff70077f,perfumaria,36,1285,4,700.0,16.0,8.0,11.0
595eb3cbe3aa85770efe80cf86a6a079,automotivo,45,459,1,2398.0,65.0,37.0,44.0
22e5bd0a94fa88bf9fd09b2fca94afa4,relogios_presentes,47,384,1,800.0,28.0,9.0,28.0
ba03e6c239904dbc13631313f7ba9d07,esporte_lazer,55,891,1,16150.0,28.0,15.0,15.0
018ca97302e4293050cc41413194bb19,agro_industria_e_comercio,45,266,1,2467.0,28.0,26.0,24.0
f69c0a81b54c02376872d8bab620c55c,variedades,57,2066,1,5700.0,33.0,44.0,19.0
043424c9047266b778d9f440c63dc349,ferramentas_construcao,60,327,1,9075.0,34.0,12.0,34.0
4d3f50f2d92dba9a93f38260dceb9838,moveis_decoracao,53,214,4,650.0,19.0,20.0,15.0
1f4a5027e72750aea66afd594f9dc10b,eletronicos,57,427,1,13800.0,50.0,37.0,37.0
672e757f331900b9deea127a2a7b79fd,agro_industria_e_comercio,39,383,1,2650.0,30.0,30.0,20.0
c8e98656b0bfc1efbadc25aa3fb9640e,beleza_saude,60,1256,1,683.0,18.0,14.0,15.0
f5c3f6159135311269c45b2b88f67464,artigos_casa,60,298,1,2350.0,33.0,7.0,37.0
faa268ecc8a8434cb4ebee091b3222d6,eletronicos,48,2276,4,1800.0,55.0,20.0,45.0
f7c3fc384cd3ac71650982c2c6fcbe77,artigos_casa,52,206,1,600.0,16.0,10.0,16.0
c3b74fec36efec92f2c1b2d46c8cb316,perfumaria,51,618,1,625.0,19.0,16.0,16.0
31d25e931b760ea779cf29eb3c57c87b,brinquedos,27,609,2,550.0,37.0,31.0,11.0
b6264435ec20a635b17b56fb4ce65bc0,utilidades_domesticas,57,1291,1,500.0,16.0,25.0,14.0
a2ac160db30aac7da9de55d381d376c4,automotivo,37,2613,1,324.0,17.0,12.0,13.0
efdd9c83779dc22fdcbfdce64ffef671,variedades,55,364,1,178.0,17.0,9.0,13.0
8988d11aace15e3c9e25763c6d87dcf5,fashion_roupa_masculina,23,183,1,200.0,19.0,27.0,27.0
33b9801fec06f14bb7d33af01769bb3f,utilidades_domesticas,55,214,1,700.0,60.0,8.0,20.0
6c0d548acd149f30331671548dda66e8,esporte_lazer,63,406,2,1400.0,80.0,8.0,15.0
624b5655a9d76b5a0e7d780dc4733887,telefonia,53,264,2,200.0,19.0,4.0,11.0
08a60a2b8d7362c5da1b6bc61f7d1191,instrumentos_musicais,57,999,10,5400.0,50.0,17.0,38.0
3581206bcfdc0f2611c3d1e8edb87719,esporte_lazer,28,829,1,2300.0,23.0,11.0,11.0
dc0289c8cd78fb2f6c41bb8be865cbec,informatica_acessorios,57,596,1,100.0,18.0,11.0,12.0
5e7f8e7aeb1f57dd83aae171dec38a73,moveis_decoracao,48,1950,3,6900.0,95.0,4.0,55.0
788f25ce10487e2a8bf8080d2d10b27c,telefonia,60,1197,4,400.0,21.0,11.0,13.0
47a3fbd41bb53db64dacc4562ba3aa52,artigos_casa,40,702,1,1000.0,50.0,12.0,12.0
56bfaec92c3cbd30ef16904cff16b42f,moveis_decoracao,57,650,2,775.0,34.0,9.0,33.0
775cbb352638cb5e59cea1637da006cc,fashion_bolsas_e_acessorios,37,825,1,100.0,16.0,5.0,16.0
7d7cb1699744aa881c5a06f79cf072ff,beleza_saude,46,925,1,750.0,27.0,10.0,17.0
cf43916f0ba449bea875425d18c8815b,fashion_calcados,58,2375,5,1350.0,33.0,13.0,20.0
a9008450835cd38eabdf07eb6dd04bdd,perfumaria,37,813,2,526.0,22.0,15.0,17.0
b77ac7c9a13af7627089df0a46b54211,esporte_lazer,52,517,1,600.0,16.0,10.0,12.0
7568957dce72f6fb33a53aff8b978ebb,brinquedos,43,525,4,1100.0,19.0,6.0,12.0
e57ef623983cba8948397a3d7d52adc4,artigos_casa,40,583,1,1450.0,35.0,19.0,45.0
daa528ea6aa4a90c32c4a2ce98ee3a9e,casa_construcao,57,1024,7,800.0,16.0,27.0,16.0
06f0e85c7892d5df893f332706340af1,papelaria,57,301,3,9850.0,30.0,19.0,60.0
c660a57acadc9b699411b907a7b8d1c9,telefonia,28,142,1,250.0,19.0,4.0,20.0
9d6fc8e7b56702efaf2e2eef7fede2d5,telefonia,31,890,1,100.0,17.0,2.0,11.0
8acbb05460d726307368e3fd43470285,casa_construcao,60,907,4,9950.0,52.0,22.0,52.0
edd268662f0b2a4f131cf4690ca6cbc8,papelaria,57,737,1,1279.0,32.0,35.0,36.0
57e7f9befd08f9e14bc4545abf760d0e,ferramentas_jardim,47,1017,1,700.0,25.0,11.0,11.0
45c6a146b3386b75159f74dce2524e02,ferramentas_jardim,43,623,1,9600.0,45.0,29.0,44.0
cdd63834cc3da0f9225cc20f494dc137,variedades,,,,700.0,25.0,5.0,19.0
33ac889bc3af4ddede9c14fc789a3743,ferramentas_jardim,28,682,1,1700.0,30.0,5.0,30.0
7097e685b988cf5b54211dbea82fb80a,beleza_saude,13,781,2,150.0,16.0,2.0,20.0
044f05bc9de36e8a693a83e4bc79dd0d,telefonia,59,734,4,300.0,17.0,4.0,12.0
34aec6c5358dee4e71cbaefc14935c5e,beleza_saude,60,733,1,150.0,20.0,10.0,20.0
9a32fb6f525729129e08953ed6cfd069,pet_shop,36,1538,1,500.0,26.0,10.0,13.0
5716717fcac28d7783b530d6678cecca,utilidades_domesticas,49,85,1,1000.0,25.0,15.0,20.0
e8316a4667e5870c85e906b1f062bde1,moveis_escritorio,58,1135,1,9200.0,53.0,52.0,17.0
664d6e6b4227a0fc34582be4a6cc6448,moveis_decoracao,58,573,1,1650.0,30.0,35.0,30.0
9b169f20f1b0ad0cd0d53d6d5f12e20f,moveis_decoracao,63,338,2,250.0,16.0,5.0,11.0
1caf2267e1334b93a9220b1a26db262d,ferramentas_construcao,39,2445,1,650.0,26.0,17.0,17.0
9ae313787aac6da72ff95077f3465ea7,industria_comercio_e_negocios,57,1058,1,6600.0,40.0,20.0,40.0
9e732d38cfd6517373ef04c130323aa6,casa_construcao,50,907,4,13550.0,52.0,22.0,52.0
04433a8021475a2002663f94203c88da,ferramentas_construcao,59,1476,2,1111.0,29.0,10.0,14.0
2959ca8d7fbed9fd95b119eb7171fbfc,esporte_lazer,46,210,2,150.0,20.0,4.0,15.0
49fdcc44b6df2e779bdeffeb68244fe1,ferramentas_jardim,56,374,5,500.0,43.0,3.0,13.0
571e2f5577f9e5ac24fc2a1daee8924d,moveis_decoracao,63,910,2,15600.0,26.0,18.0,86.0
02ca56d6ca8d517a067869b6b6543ded,pet_shop,59,265,1,7300.0,20.0,40.0,60.0
63940cd00d32f9443e5371765ffc4d6a,brinquedos,44,174,3,750.0,26.0,15.0,26.0
f5b952758d88a5995ae5c8208a63b913,utilidades_domesticas,30,235,1,3750.0,45.0,25.0,20.0
0b8eaa48559710f4dd234b9c7918dd43,utilidades_domesticas,38,413,1,2000.0,25.0,65.0,25.0
bfbce14d1a7118b0c233a35617ec2830,fashion_roupa_feminina,30,590,6,400.0,29.0,7.0,16.0
733e17885851114e4f6f5f0d929fb9f6,moveis_decoracao,60,281,2,900.0,30.0,5.0,45.0
173581ced381362760c476bec9de53ff,moveis_decoracao,63,254,2,2200.0,49.0,13.0,41.0
f6af530ddbadf0aaa7203f45880d760d,esporte_lazer,49,832,1,600.0,18.0,18.0,18.0
f9b178c9fdc90bbcfbd6c6b49ed47d4c,moveis_decoracao,47,894,1,1850.0,30.0,30.0,30.0
c75c215de0f9ab2c103fc57fb82f47ad,bebes,57,1368,4,30000.0,84.0,54.0,45.0
2483416c14aa8d93dad96745a9230bfa,beleza_saude,57,2104,1,500.0,40.0,20.0,30.0
da98518441170ed0b0afcc0b471806ee,artigos_casa,57,300,1,1700.0,38.0,8.0,28.0
9e2d5ef1b9d71f1d1d7168dd7a042878,telefonia,37,605,1,413.0,18.0,10.0,14.0
f4d450a6163f21cf9db8bcdf8c7e50f8,moveis_escritorio,37,92,2,12125.0,41.0,58.0,41.0
5ff6f5d729e40306d114d501700a838b,papelaria,52,339,1,300.0,25.0,5.0,22.0
2fa5da96109ea94cc9fb50cc589ed65e,relogios_presentes,54,424,2,1850.0,23.0,2.0,26.0
b7f9e962dba31973edd059ada998d699,moveis_decoracao,31,215,1,1200.0,21.0,28.0,21.0
edc8415b709fb70b465f80301ad0a9fe,livros_interesse_geral,53,1258,6,640.0,15.0,21.0,18.0
edc9d1ff2bc5d9610f292c313d5c861c,relogios_presentes,57,679,2,200.0,16.0,11.0,11.0
62edd494805524014c3ca693a51c4d53,telefonia,56,167,3,400.0,24.0,8.0,18.0
446a60562915e8223780cd142b8dc26d,artigos_casa,52,244,1,4050.0,45.0,15.0,35.0
0e56431285bc62af798b89f6650d23f9,beleza_saude,58,896,3,1900.0,33.0,17.0,13.0
eafcf8d34ca443153c06cf1f6ee22d0f,informatica_acessorios,50,144,2,100.0,16.0,8.0,11.0
462106d3353d7ae3a8a4561f10833aad,beleza_saude,39,1178,1,2350.0,16.0,35.0,16.0
addf53f490d0af749ce30a53568479e9,utilidades_domesticas,48,282,5,1100.0,25.0,23.0,25.0
c6f208a57dcc1f0a7bd262cd2e604194,consoles_games,35,807,3,600.0,33.0,28.0,41.0
12877fc7456089310c5e6c441e696886,esporte_lazer,38,1137,1,4900.0,20.0,26.0,20.0
02475368dfb38934fe55f574024fe1d7,relogios_presentes,55,569,5,250.0,16.0,2.0,11.0
1cac29154057b66c1cfcb6ff58e2fdbf,utilidades_domesticas,52,1232,2,1200.0,29.0,33.0,29.0
e84e2fd4fd9f8789bd8cb6deaca58d30,audiovisual,60,1226,5,625.0,43.0,13.0,13.0
06e8f81c88ce9a6b0dd0d279769f9f68,variedades,55,1009,1,1300.0,42.0,25.0,15.0
5fea1628f3d9680db59c20a4d80c221f,beleza_saude,48,2718,1,400.0,19.0,11.0,12.0
7a272663a1f95d11561f03ec3e76c141,utilidades_domesticas,57,491,5,1300.0,28.0,20.0,28.0
c17abb4b4009c10138dec784ec61ba63,variedades,,,,600.0,18.0,16.0,20.0
7b1f89874277e47ac905f072ea8bc2fa,esporte_lazer,37,237,1,2000.0,28.0,26.0,23.0
e80a0c4b0bb3f2f171f0fe8360513d90,fashion_roupa_masculina,34,185,1,225.0,19.0,27.0,27.0
f75eb66dc82bccecabd706bd441cfd3a,malas_acessorios,49,767,1,800.0,20.0,51.0,34.0
4dcb49b9ca7e48d2f108d40caa77caa2,pet_shop,63,1541,2,850.0,24.0,20.0,24.0
d9279101bd9bcdf95aa06a8081b24367,bebes,61,915,2,12600.0,25.0,47.0,64.0
6bb340ddddf26fad46161b199d171cdd,telefonia,51,2113,1,529.0,21.0,15.0,23.0
916374202158056c771887d99dfef212,artigos_casa,59,351,1,450.0,30.0,5.0,20.0
0538b3ea14af3cc3ee6bdaf940367cee,variedades,,,,150.0,20.0,4.0,20.0
49dbea290802d8ca27cfebececcaa1a2,variedades,33,658,1,1350.0,42.0,25.0,15.0
b168aba36b2d14860fd17a038f77d100,brinquedos,41,1354,1,2100.0,55.0,13.0,20.0
ac86050d1e979b8f28958a52deee6cec,telefonia,41,810,2,600.0,16.0,9.0,13.0
875fb9ce8ae73f00dff3c9e0f710fe84,esporte_lazer,60,1147,1,710.0,16.0,15.0,14.0
bf2748a809c70af53394e915c95c9963,artigos_casa,57,763,2,7650.0,50.0,40.0,43.0
59d6e6082548af8b6dbabaceb115c676,papelaria,52,59,1,100.0,16.0,5.0,16.0
908071e6f99433fe356fcfaa41fd1d1e,moveis_decoracao,53,957,3,500.0,28.0,10.0,18.0
bd43ce19089eb3d0631afdc559a57b3e,variedades,58,791,4,7900.0,79.0,3.0,63.0
f227e2d44f10f7dad30fb4dfa839e7a2,moveis_sala,51,795,1,30000.0,70.0,60.0,70.0
24cedfce5dc5fe3e0695de06ee56d9c5,ferramentas_jardim,55,1581,1,2650.0,26.0,8.0,26.0
50b671fa06a05828948cd518088eba27,bebes,39,542,2,200.0,33.0,10.0,32.0
a7e5875c2fdf2682ee0e6ae1bdb5b137,papelaria,43,730,2,200.0,21.0,7.0,15.0
9d04b62c69bd020f5b68d1f887b7c930,eletronicos,60,262,1,100.0,19.0,13.0,15.0
81ea712c5f76a3b1c0e4c3dbc5126404,ferramentas_jardim,52,791,1,300.0,23.0,8.0,16.0
d3cf7fe35b7cc7ebaa5609b58b469d2f,eletronicos,52,632,3,900.0,70.0,20.0,20.0
6610dc3cac3b77009d969495cc2d7037,artigos_casa,44,388,2,1250.0,30.0,10.0,55.0
4bd0fb9aacc02728b9c082f154011d3f,artigos_casa,51,362,1,500.0,25.0,15.0,25.0
11de130b38213ed7f93d2af1e91bb771,artigos_casa,54,382,1,300.0,16.0,10.0,16.0
f9912baa2dc6e701cce5431f13339b4e,esporte_lazer,55,946,1,500.0,20.0,20.0,20.0
1f3c4e3bcb3d2d1c4da4692dbf20de5a,perfumaria,58,686,1,277.0,17.0,13.0,12.0
8cce4274f3868305ba6a25454b9cb2fd,perfumaria,34,314,2,450.0,20.0,12.0,14.0
fb614bd62b359254bbf6f7c28b34e65c,fashion_bolsas_e_acessorios,44,478,1,1200.0,39.0,13.0,30.0
f6a4dc24146fe1030460898ff26ed0af,telefonia,59,325,2,150.0,21.0,7.0,14.0
94ecc3aaf1c1a63135ba686ac00264c0,fashion_roupa_masculina,43,1189,2,850.0,28.0,22.0,33.0
0bcea5a4f4ff3bac5da77d1563e846d0,automotivo,56,405,1,1200.0,45.0,16.0,20.0
1b3b11f766f6efa38c3a7ab54b956a49,brinquedos,33,928,3,300.0,30.0,30.0,15.0
671ac7a60d975bd4ca2d7f7c77070210,fashion_calcados,57,404,4,1500.0,22.0,12.0,33.0
809cefda77a61d43df3d1b32f6ecfd92,pet_shop,36,607,1,6500.0,60.0,11.0,34.0
3b762a9e09456347d19b0e824ddf033a,variedades,50,1034,3,2200.0,99.0,5.0,47.0
c0293bb52f87cea29cbf4cfa3fa873bc,artigos_casa,51,635,1,1100.0,16.0,10.0,16.0
38c56c5c5b16958d95bf8254498ad555,relogios_presentes,58,786,2,500.0,16.0,11.0,11.0
c9dbe2eec19a8093cb5ac57486531c18,artigos_casa,55,124,1,1375.0,30.0,6.0,22.0
521e6ee10253492c99b97a77007036a0,malas_acessorios,50,528,4,1200.0,40.0,31.0,31.0
368ab9ae54053acc2a79f2e9f5fb4cbf,artigos_casa,54,385,1,1800.0,45.0,15.0,35.0
c7caa8b7b6e51a771b10a6565125b0f4,relogios_presentes,60,601,2,267.0,16.0,12.0,14.0
52e8a106f98ffb19f0efe15cbbe115f5,utilidades_domesticas,40,95,2,500.0,20.0,20.0,20.0
d122ad26c4f3f21e0167a6ccc55fe9fe,papelaria,41,103,1,300.0,19.0,4.0,15.0
f90781e8e990b7e051be89afa85ee625,ferramentas_construcao,57,224,6,11100.0,44.0,35.0,33.0
5605e265607c01c1242a18219d7e396e,variedades,,,,2900.0,70.0,15.0,50.0
064f1ab0fbfe1fffb87fbf1acb5d4af7,artigos_casa,56,188,1,1800.0,46.0,3.0,34.0
fcb72602e3e6f59e5fdb5c3a4a3de410,variedades,,,,8750.0,36.0,27.0,54.0
24aa84ad039acc24fc761324362f7622,automotivo,56,551,1,100.0,18.0,2.0,12.0
cdbda59a8f5cbd6a8020e6e2289b9960,utilidades_domesticas,41,1020,1,300.0,25.0,15.0,20.0
589f959f5ff55283c59dd9b27bb1ba78,variedades,55,466,4,300.0,25.0,5.0,25.0
d3abd6fb1e0f4add4d6f466dc32accc8,esporte_lazer,56,549,5,900.0,16.0,7.0,11.0
124ce940a0950f162eecf1c7f3db5a53,instrumentos_musicais,57,433,1,200.0,16.0,9.0,11.0
805e46e794f114d8800f55296251f907,fashion_calcados,53,408,5,1400.0,22.0,12.0,33.0
1d3ecbda18167c766a3381fd16108e4a,esporte_lazer,42,636,1,1700.0,41.0,10.0,35.0
c5e93f42eccbe45b7eda897d5a26fb78,malas_acessorios,50,449,1,1450.0,55.0,32.0,35.0
bd2128c3d2188ccb151b12d129ee264a,utilidades_domesticas,55,1589,4,1700.0,35.0,15.0,29.0
a298a105818dce6878b787e4af6cff7d,bebes,55,1158,2,400.0,30.0,10.0,30.0
81f6e31d9c9f06fc5beb564d6c632cac,esporte_lazer,46,677,2,250.0,25.0,10.0,15.0
9aed412277ca4485a7bf6e0c53e65786,informatica_acessorios,63,292,3,100.0,25.0,2.0,16.0
f81d6d7097c75414e1b030de345ed740,artigos_casa,53,588,1,1925.0,20.0,11.0,43.0
93399fcfc1e2c0a01ea544754fddeed0,telefonia,63,249,6,200.0,19.0,3.0,11.0
d2797d29d3fe4ed73ad93ecbca2ce7c8,utilidades_domesticas,40,373,2,1300.0,20.0,25.0,20.0
16b4473e98422039c388f144a0b16f55,beleza_saude,57,1293,1,2350.0,28.0,10.0,16.0
4cd623b0731519cf74354784255b2b37,relogios_presentes,56,784,2,350.0,22.0,12.0,19.0
9169f70b7ce1138ac35678432d1e5ff2,esporte_lazer,25,1018,3,300.0,20.0,10.0,20.0
63b32c8deb3da0b2420e52ddb3a3dfe4,fashion_bolsas_e_acessorios,58,351,3,200.0,43.0,16.0,27.0
23e44bcf966914b366c7e28f13327dfe,ferramentas_jardim,46,1075,1,4600.0,16.0,25.0,11.0
084217a15ddf5366ce6bd914570ae8fb,bebes,55,1000,7,6050.0,45.0,20.0,40.0
722dc14e0848efdb771dca6de2929c41,beleza_saude,32,397,2,250.0,16.0,16.0,11.0
45ae343d4991cc21e7ec0a775239402f,bebes,48,279,1,200.0,16.0,20.0,12.0
0c1d0960b623420908c75911c93d8615,papelaria,49,192,1,500.0,16.0,28.0,16.0
bc0dee8ab8bd6c9ab3c941ee5980acf8,automotivo,56,1001,3,450.0,16.0,10.0,12.0
5f4a2dd6b0e07a858c761e41abc8ec8c,esporte_lazer,60,920,4,1100.0,20.0,10.0,20.0
ad80a47aabd6cc2b47dbc6be05e5bdf7,esporte_lazer,41,1322,2,500.0,26.0,16.0,21.0
522269a832b7c65930e8f0b0fd08e9e8,telefonia,58,818,6,350.0,17.0,4.0,12.0
50805a148492a9e871186240363cd2e8,artigos_casa,55,702,1,2146.0,42.0,11.0,36.0
06edb72f1e0c64b14c5b79353f7abea3,artigos_casa,39,161,2,350.0,25.0,8.0,19.0
7e31015e42f00d4170f63e2c37d55818,artigos_casa,60,216,3,2400.0,30.0,20.0,30.0
dcd590f679e692420391bbd2c7ae22e2,variedades,20,444,1,333.0,19.0,11.0,15.0
953107f6a9859bfebd242f5f03fe1585,pet_shop,54,555,3,15200.0,52.0,53.0,38.0
b321301cb912a05624a28cb29c6566a7,esporte_lazer,41,258,2,1150.0,60.0,15.0,15.0
9351b1e4334769dc0abe871ee3c7abc3,beleza_saude,56,329,2,350.0,19.0,17.0,15.0
1c4de4dd53a801716c8a3a2cf51f35fa,relogios_presentes,60,521,4,300.0,16.0,2.0,11.0
c149a47db56b0bc5cd24808bcb35e318,automotivo,31,391,1,350.0,30.0,14.0,11.0
f8985495629bbaca7ad2f49299480dfa,automotivo,56,931,5,1100.0,32.0,6.0,29.0
e82b2c6e34cf0e72cd9dd14734dfb607,beleza_saude,47,1811,5,1600.0,22.0,8.0,16.0
86f024d3bdcdb9b54c9fffd92be39f54,moveis_decoracao,56,618,2,450.0,47.0,4.0,35.0
d25939c0074d27039e0e544878f12372,artigos_casa,59,289,1,2290.0,34.0,9.0,33.0
e70b02b0b99965f2ff4341de50a35c5d,moveis_decoracao,55,575,2,4850.0,30.0,30.0,20.0
e4ca6d365353547c923882d980d401c0,casa_construcao,53,1190,1,6200.0,62.0,12.0,35.0
96627b65a0070635b620d07f97e63347,audiovisual,57,385,1,550.0,23.0,21.0,21.0
1349d35861565f14ad2d162ef37ddc34,eletronicos,44,221,1,5800.0,26.0,30.0,32.0
26e3b00d7184f12c31e955199660692d,moveis_decoracao,40,630,3,8750.0,52.0,23.0,41.0
6b120063aeece762b2ef81da00c75ab9,brinquedos,53,650,2,600.0,40.0,20.0,30.0
40d15612d42ca57c3ed3266dafdaf5b0,perfumaria,54,354,1,400.0,26.0,10.0,16.0
a6f1c622ba2df1146e04690cb9622288,papelaria,21,286,1,150.0,35.0,27.0,27.0
aa4383b373c6aca5d8797843e5594415,automotivo,46,232,1,420.0,24.0,19.0,21.0
96fd15ccf6e358a9fb700ae2fbf66500,automotivo,40,347,1,5050.0,40.0,20.0,30.0
067c68a19be5d218b092cf260bfbd9cb,perfumaria,46,359,1,440.0,19.0,13.0,21.0
db6612711588e8be758dc6cb66d031d2,variedades,47,905,4,250.0,18.0,7.0,14.0
c9fa6a0dbc5b979d8c99f38c3c9c912f,consoles_games,50,481,4,100.0,16.0,3.0,13.0
df3655ac9aa8c6cbfa63bdd8d3b09c50,telefonia,58,549,3,300.0,17.0,4.0,12.0
c7eeed24894444cf7553d212de7a3290,ferramentas_construcao,59,405,1,200.0,20.0,5.0,20.0
759c85bda80286f647f1f71b847c6457,utilidades_domesticas,59,790,2,450.0,24.0,7.0,12.0
1058e78d49ac73bc388e05633c15f47b,beleza_saude,53,1509,1,100.0,16.0,8.0,15.0
eac691ff8062bb3ed4f465466245accd,artigos_casa,57,232,1,8875.0,48.0,43.0,53.0
488445f08d5b536d6aaa8dfe5c06a3db,beleza_saude,53,821,1,3500.0,35.0,15.0,15.0
b4f3117dee543fec86ebc7bdbc0e2404,brinquedos,60,1235,3,1200.0,28.0,13.0,21.0
accbae01c370247dd0aa8d735f9ff675,perfumaria,32,1001,2,441.0,19.0,13.0,16.0
cd31f128f4df5c5d396bd9125bff346f,esporte_lazer,35,581,1,12700.0,40.0,11.0,15.0
58e3dad74a022a8e41571be503143e5b,instrumentos_musicais,46,1107,5,2500.0,44.0,10.0,32.0
205ff90a4060e651110a277efa4633fd,beleza_saude,52,703,1,150.0,20.0,10.0,20.0
a851e7dc032482e1670b2b0720ec44a1,utilidades_domesticas,51,193,1,1600.0,42.0,5.0,32.0
bfb42d0b9ef73eda575552be54ef53e1,papelaria,24,32,4,250.0,16.0,2.0,18.0
0d8aaee3e75a9529a387b2e0e52615f5,moveis_decoracao,37,212,1,8050.0,62.0,9.0,62.0
0c66624528bd676dbe410f6f07ec32b0,papelaria,54,664,1,538.0,21.0,13.0,16.0
9fff2c7eb7b525394603ee6bbecc9e4b,alimentos_bebidas,60,603,1,1900.0,21.0,34.0,21.0
688f41cea8b772c6901d723e73b74579,malas_acessorios,53,252,1,600.0,20.0,49.0,39.0
35c22f2ce4b0627c44c10feec4d02c4d,esporte_lazer,20,198,4,1850.0,16.0,4.0,11.0
4c283386efa95fcc42ce7a7000afb0df,perfumaria,54,3272,2,450.0,21.0,7.0,15.0
06b68710c4befc588c863ea38c7e4145,moveis_decoracao,52,1950,3,2600.0,65.0,5.0,45.0
9b5db368c0daee4e693aa981f17d0010,moveis_decoracao,54,589,1,400.0,17.0,8.0,17.0
2b6aba96aca0f3f5f28779c8a4395f42,esporte_lazer,32,503,1,2700.0,85.0,16.0,26.0
a042f8bfc21bceff9db6313d2f98aefc,relogios_presentes,33,247,1,900.0,20.0,10.0,17.0
515bd603359b578cf72ec3524f57be73,telefonia,63,265,6,200.0,19.0,5.0,20.0
827be1443393caa95c4a035b2f4f74b5,fashion_bolsas_e_acessorios,40,802,6,100.0,16.0,18.0,12.0
2988acfdcc0351677a6a53f4f51b24cf,utilidades_domesticas,55,1332,1,1200.0,25.0,32.0,25.0
ae7d28dfad9876194f728695f1a51283,beleza_saude,60,918,1,150.0,22.0,3.0,15.0
e6609e94d7b022fd6abf6142401618f9,fashion_bolsas_e_acessorios,56,119,1,150.0,16.0,2.0,11.0
dc363002c653f0cdc77f9d0be45fa103,papelaria,59,149,1,650.0,35.0,14.0,26.0
9549dccca71c7bb806cd4acf82c456b5,automotivo,49,643,1,277.0,19.0,22.0,13.0
0c8f0c812fc251d15b60a261676d32a5,livros_interesse_geral,38,1162,1,1200.0,24.0,5.0,17.0
774e21c631ca26cba7b5606bdca7460f,esporte_lazer,57,898,1,300.0,20.0,4.0,21.0
418d8bb517562fb8e8a2f1c5de0afa70,informatica_acessorios,30,271,2,400.0,23.0,10.0,19.0
e5215437680ffc2cfdb0ce9088870176,fashion_calcados,59,1757,2,500.0,30.0,5.0,12.0
dcea59ebbc38fcdee1974bbe56dc3755,variedades,,,,1350.0,28.0,12.0,28.0
29a6e18f17f36ac05a93d24c2c0e7146,instrumentos_musicais,42,585,1,300.0,17.0,5.0,13.0
6b8cf2f4f294dd4b50037f061f230fba,instrumentos_musicais,58,620,3,250.0,16.0,16.0,11.0
61e8bddb5e00dffe8bfbf972cf3fdf18,malas_acessorios,53,473,4,1050.0,30.0,15.0,15.0
49e25af5dc73ad7ac3fefae03aea3e61,esporte_lazer,59,186,1,1000.0,17.0,105.0,17.0
8ba12b254c2fbb3c2dda9bf44da89d18,variedades,47,776,1,3000.0,82.0,82.0,13.0
c21d0cfb10ff3cef881d63e1be43f260,esporte_lazer,41,1332,1,118.0,17.0,8.0,13.0
237d6339b1e2d4dbc411287b5178a27d,consoles_games,56,365,2,200.0,17.0,2.0,12.0
8fde43429d45d1608e0cc39cfc12f133,beleza_saude,53,695,1,600.0,26.0,6.0,21.0
72d4a1fccf33a998eb237a97be04c032,moveis_decoracao,63,360,3,2200.0,30.0,12.0,32.0
d52dd3c4961c3508d6003c37a1b08a7d,artigos_casa,39,130,1,700.0,38.0,8.0,30.0
1b97621fc0e6ac58cfb272d5ccf8c15b,fashion_roupa_masculina,55,1241,2,1000.0,16.0,2.0,11.0
969c37a70b5e0bec58e389978297e72f,jardinagem,57,525,1,1800.0,22.0,19.0,12.0
f8e7dd70e57e37ce842cf20160e56df5,moveis_decoracao,22,183,1,300.0,26.0,18.0,14.0
5bf143472b353eb9135f9eb9c2154497,telefonia,52,2458,1,1466.0,30.0,10.0,26.0
d8aead84c0ff5356cacb9ac841ec3a5f,utilidades_domesticas,28,203,2,600.0,39.0,21.0,11.0
05c6133a109016f9fc73aea25cb1f5c0,automotivo,56,830,1,2450.0,28.0,5.0,30.0
52b61d8fa6874704f2c8e96ea62d5535,perfumaria,56,1718,1,250.0,16.0,16.0,15.0
2442a59b08910404b77c87210a0757b5,telefonia,49,559,1,75.0,19.0,5.0,11.0
09b72772aef83d207e149857fc22dbd3,papelaria,53,288,1,1500.0,20.0,50.0,40.0
3c8403a4f7135ffcb0e050a81764088f,artigos_casa,35,457,2,700.0,40.0,14.0,30.0
d10a774b4598f38e0313d45db68008eb,eletronicos,44,599,1,350.0,19.0,12.0,15.0
e64fc38d9e0040126742405519bdea19,automotivo,59,695,6,3900.0,47.0,19.0,23.0
a1b6b22c8c1e02e979fa25529704fec4,brinquedos,28,635,10,200.0,16.0,6.0,11.0
059344baebbeaa42fa9f2bbe11b1583e,iluminacao,55,1548,4,1400.0,24.0,15.0,38.0
ae4361f806c49f85066cc8be1370c91e,automotivo,59,499,1,4000.0,27.0,12.0,22.0
2dd91cf063cf57cb0eebef072746daab,beleza_saude,60,919,1,200.0,22.0,3.0,15.0
9d3b6b0d02e4aded7c5a803aaa8ea443,relogios_presentes,35,519,3,750.0,48.0,16.0,35.0
1cdfaf0cc5abd6063d3a10ae3318f345,artigos_casa,60,298,1,2350.0,33.0,7.0,39.0
21eec44e96af78db0af3e283c61b5200,artigos_casa,47,1197,1,1475.0,50.0,10.0,30.0
8e6530e49c89cea1759a5876a193a777,esporte_lazer,57,471,2,550.0,16.0,20.0,15.0
44c06ea2624ec11360ccb3267b46d528,utilidades_domesticas,52,1026,1,1400.0,35.0,12.0,12.0
f26687a556d96d5ba708b2ae3db5fbed,telefonia,35,538,1,100.0,16.0,6.0,15.0
48109ec66664d0980876acb3f06a8521,moveis_decoracao,55,444,1,300.0,35.0,10.0,20.0
4674759b11e82598564a3e47d0d8261d,brinquedos,44,1131,2,10200.0,100.0,25.0,20.0
bee114927325f4d47e180a4a6ca7c214,consoles_games,48,1341,2,600.0,20.0,15.0,20.0
02d7f60ee640c8218aab6a668bbd2c56,seguranca,56,1857,3,150.0,17.0,7.0,17.0
06ead9c0b05b368667d858c09148af03,consoles_games,41,235,1,467.0,23.0,11.0,18.0
6c50c87e36d8641d67fbcceed5cfec5e,relogios_presentes,57,266,3,200.0,16.0,2.0,20.0
d34e5bf81263409f116d93ea7c9eda15,brinquedos,37,798,3,225.0,18.0,19.0,16.0
eaaedcf6f1fee559b27b286e16afdf88,informatica_acessorios,43,1300,4,400.0,16.0,7.0,11.0
ed9d81a5043f74cbe0e3db315770af45,consoles_games,50,2020,2,1300.0,30.0,13.0,20.0
c5b8815ee43b843ac97d093df96bb8b1,artigos_casa,50,115,1,6600.0,45.0,25.0,35.0
3b4d34dcf6c8a7fd6733db2a5fadf5e5,artigos_casa,43,491,2,1200.0,16.0,50.0,16.0
33734acdf5673ba08a01d187f6f4a087,eletrodomesticos,50,281,1,500.0,35.0,46.0,35.0
9d5cb049d3a927647b8c105a67bce2ef,perfumaria,44,404,3,50.0,20.0,20.0,20.0
102cdda7fcf3cb71b5f9d6d2a3e56b58,perfumaria,50,1504,2,700.0,20.0,20.0,20.0
1e492320adb9484da91d2c8476fc0d5a,fashion_bolsas_e_acessorios,48,382,5,150.0,16.0,9.0,11.0
6ca5428af5edb5066b1966ad58501b60,perfumaria,53,172,1,600.0,18.0,8.0,12.0
73c4efa86252b055fd99142e4c718043,utilidades_domesticas,37,93,1,2813.0,19.0,28.0,24.0
b0141fc41043ae23a16677f3a7e282b3,utilidades_domesticas,51,300,3,10900.0,68.0,30.0,32.0
5c56c44b239f8887ebbfe552540ae3e8,papelaria,34,128,1,850.0,20.0,5.0,51.0
39e3d246a3edd7b9ceba203155c1542c,artigos_casa,56,517,1,1050.0,16.0,10.0,16.0
8218c41b07f96e9465fdc0931fb81faf,utilidades_domesticas,50,607,1,1100.0,25.0,25.0,35.0
65284011bab065bc5b417bfa30625349,moveis_decoracao,56,296,3,900.0,100.0,7.0,12.0
88a82488ded06b62a95df35c384cabfb,esporte_lazer,52,680,1,100.0,16.0,7.0,17.0
31fd02b02c33827cbde22902cf80338c,utilidades_domesticas,51,1224,2,200.0,26.0,3.0,21.0
c50d3caa214edb26f1000f949b5e46e4,utilidades_domesticas,60,1956,3,800.0,40.0,15.0,20.0
f47e9f620b8d76081a0b6ef6ffd5481b,esporte_lazer,52,602,1,1100.0,22.0,22.0,22.0
7df167607566e25a712e446b80e7081d,utilidades_domesticas,34,303,3,625.0,53.0,21.0,16.0
995f41643437250fce96885e56dd05d3,telefonia,57,3923,4,150.0,20.0,10.0,15.0
0c46b8ef03f8b4da7c2813be4287a281,artigos_casa,54,382,1,6600.0,40.0,25.0,25.0
f3ae4ce1b63810f2921ff353ddbec67d,moveis_decoracao,52,198,5,850.0,25.0,23.0,25.0
376450070f391460f4b67e13166cae60,telefonia,54,276,1,275.0,22.0,3.0,16.0
c4b925e40f11289063a854c47aaef129,eletronicos,39,286,3,100.0,20.0,20.0,20.0
c58674d8eb9e41cef68b0d62be2cf843,eletrodomesticos,60,133,1,400.0,27.0,13.0,17.0
9818832859d572545cee5a86ff7f4a3b,beleza_saude,50,2436,1,400.0,20.0,16.0,16.0
371aee0c62742638ecc8c56910184dc8,esporte_lazer,23,130,1,350.0,16.0,14.0,16.0
bf7caf1a1caf9c42b0aac2e68e019945,moveis_decoracao,61,314,1,900.0,40.0,5.0,30.0
cd4e24746b06eb6c6f01501e8c92b623,beleza_saude,52,642,1,250.0,18.0,16.0,14.0
bb4f8cfc76a66cb770208b2c1d2c6269,esporte_lazer,55,1987,1,1400.0,20.0,32.0,20.0
a5bb3dccb1334216320e482f44fd428b,esporte_lazer,36,827,1,1150.0,16.0,16.0,16.0
3591b4602bb8316dd178c98a97c29454,utilidades_domesticas,28,308,2,1650.0,35.0,30.0,15.0
048c45eaa9b885243959f59ddf2b21f4,moveis_decoracao,20,1703,2,600.0,30.0,15.0,15.0
a05b734b423527efdc1917e441f19234,pet_shop,51,752,2,1750.0,41.0,26.0,22.0
d8d04b94572126180be57d08fddb186a,moveis_escritorio,62,1171,2,9200.0,52.0,50.0,16.0
3517fcc20a0c09017c875560c2d150f7,artigos_de_festas,37,212,1,500.0,16.0,10.0,11.0
14dffa241a078aeaebaef48a49e807ca,bebes,43,746,4,250.0,16.0,7.0,11.0
d7a3cfa08519494aa1ad181e803617ec,brinquedos,37,512,1,400.0,20.0,11.0,16.0
3498d7bf6679faec5a2e7d2b2e45443a,bebes,36,254,1,350.0,23.0,3.0,23.0
8af8282e0fc19e99f70830c67f51b415,utilidades_domesticas,43,786,2,1150.0,30.0,19.0,29.0
f05cd18872164e75d946139c27cc9844,artigos_casa,50,956,2,675.0,33.0,7.0,30.0
76e855b70f3c3b10b9cb7ac8f19c2ed0,esporte_lazer,45,893,2,1200.0,30.0,30.0,30.0
a671b5c0b737258c5a3262826e3dd9c5,pet_shop,63,1451,3,925.0,40.0,20.0,40.0
6ca54e191592a843087a042b0665d7ef,moveis_decoracao,52,250,1,2200.0,55.0,5.0,100.0
f21799537eed0668347f55d5c1dfda03,automotivo,58,695,6,5000.0,47.0,19.0,23.0
c7843df62cbb199241a00e90a988aac2,artigos_casa,54,123,2,250.0,70.0,8.0,45.0
468d6fdab42957c139bf99947659098e,utilidades_domesticas,60,606,1,7850.0,55.0,21.0,60.0
416c4340800aa9bce887e000e96390a9,utilidades_domesticas,50,751,1,6050.0,30.0,30.0,40.0
2eb72d11643aaae8f92fafc9296674c8,esporte_lazer,53,484,1,200.0,21.0,21.0,21.0
7ae1a5d0600076501c7ff50c63938b48,ferramentas_construcao,56,1973,6,1900.0,26.0,32.0,13.0
ff7c7524d5f9a8386ab27088ec03c1fb,artigos_casa,44,510,2,1000.0,40.0,10.0,30.0
0ae7a3cd926fa82531a24891c2647b0b,esporte_lazer,50,1234,1,15850.0,105.0,65.0,25.0
45bb3dc2bad11474b99f167b3e95fd02,relogios_presentes,41,517,1,300.0,19.0,10.0,15.0
02044dc95cf33aaf55e03bde1b042539,informatica_acessorios,52,123,2,150.0,31.0,8.0,11.0
0bc9537c77fb84d081077c24714c8506,informatica_acessorios,41,702,3,400.0,16.0,16.0,13.0
048bb098a0e194ddc3d0287b954bc9d8,papelaria,36,73,1,950.0,20.0,5.0,51.0
b38b25d838ae0b8385e8cc68b9017644,beleza_saude,59,1153,4,200.0,18.0,3.0,20.0
fda95fe26bc353f8a0cc05c8d109d453,telefonia,56,509,3,125.0,19.0,4.0,11.0
9e24c718d40f018498c6b5db74bf9dc9,informatica_acessorios,59,2382,3,50.0,16.0,8.0,16.0
ff7824d83aca56224fa3e3b524748ec5,esporte_lazer,27,383,3,600.0,28.0,25.0,25.0
3258acb04d37e2f91f76c9250f3b80a0,beleza_saude,60,919,1,200.0,22.0,3.0,15.0
af9e48cebe89ff658db6f0daee3d8057,telefonia,42,1440,2,150.0,18.0,6.0,11.0
8dbda6c822af5f5d051491f845a96276,utilidades_domesticas,40,163,2,2200.0,18.0,31.0,19.0
9d0bb30eed80184666c8acad23921283,livros_interesse_geral,26,2857,1,500.0,20.0,22.0,15.0
935f558c04547a5f298f32c65d665c23,artigos_casa,58,444,2,1350.0,50.0,16.0,16.0
eb58ba0cc905a32c0d7235fc459b0b39,automotivo,59,703,6,5650.0,47.0,19.0,23.0
e3d17cced20767fb24db3fb6a6a67b2d,moveis_decoracao,54,468,5,800.0,22.0,9.0,16.0
28153a494455c0488b2afa71fa6ea98e,automotivo,56,1068,4,900.0,28.0,3.0,12.0
773d43a287d64831b05013a73a33f229,beleza_saude,55,451,1,30000.0,55.0,75.0,61.0
ea3be87c5c6c69043c9eb7836199c200,artigos_casa,59,367,2,600.0,60.0,9.0,50.0
b72e2daf4a916d46eb0076071027d05b,variedades,,,,150.0,16.0,2.0,11.0
7c4625a299889fb920765a0cac740045,esporte_lazer,52,753,1,1350.0,35.0,25.0,25.0
1ef8a6296ad9dd22ff1a386b57709314,beleza_saude,36,280,1,1362.0,21.0,21.0,21.0
3a63f38267d980e6107579e72c2f1c51,pet_shop,56,322,2,850.0,16.0,16.0,16.0
0e7216b12328bd161cda08ff05c857a4,livros_interesse_geral,53,1876,5,1000.0,18.0,25.0,11.0
9f26fe364fa748644f0953c2172522fb,brinquedos,40,478,1,200.0,18.0,11.0,14.0
c7c4e24200f7071aecf4a052fadb9473,utilidades_domesticas,42,927,1,1100.0,21.0,34.0,34.0
b393557cfddb0818ae60d6aba7a82822,papelaria,59,543,6,500.0,21.0,7.0,13.0
9e4520c295c53cf0655289aeabb6d701,ferramentas_construcao,59,416,1,550.0,26.0,14.0,14.0
7b891eb61a8d750ec200483059eecfe8,moveis_decoracao,63,516,2,600.0,80.0,10.0,60.0
abbc95531363652998acab718776a759,perfumaria,20,609,1,200.0,17.0,6.0,12.0
0a079e8cdc5ac7cd10e60923a7889546,utilidades_domesticas,32,224,1,500.0,25.0,15.0,20.0
e4782ca6e59722999a1b22f350c28ddb,esporte_lazer,30,815,1,1092.0,27.0,27.0,23.0
6ee79a827c36202118501870afb17875,moveis_decoracao,60,1683,1,600.0,62.0,12.0,12.0
e1da02256dce4dee2207c36853547c7b,variedades,,,,7100.0,27.0,28.0,35.0
cdea4f41e1d54465e44bbe45a31fc69b,instrumentos_musicais,53,413,1,50.0,16.0,2.0,12.0
ced87016b816472a7e668e311d127ae0,artigos_casa,58,1242,1,1800.0,28.0,10.0,24.0
87ceed33e1f7fe39fa06b69c9fdf9e53,informatica_acessorios,43,608,2,50.0,23.0,12.0,19.0
b0b7beef8fa67d157bf514f3ee1ad5d3,beleza_saude,58,710,1,217.0,17.0,9.0,14.0
7a5d0e89d069c89b2112e9da539343c2,utilidades_domesticas,60,1018,2,2250.0,22.0,22.0,22.0
42a5c4d918ca01a2dcb5baf385d64200,artigos_casa,49,729,1,6600.0,20.0,30.0,30.0
4ea626d476d64c8230844ea3ae17c3b9,artigos_casa,55,2523,4,2555.0,55.0,17.0,48.0
bc7fdbdc97ad60aa677ad4cdd630f6ad,automotivo,50,1464,3,875.0,21.0,19.0,18.0
495f9290868e1bde785d3c372608ad54,utilidades_domesticas,45,1455,3,5250.0,62.0,5.0,32.0
6097eebec473cdb11826ddc1b331058e,automotivo,59,865,4,900.0,35.0,10.0,35.0
ad0bce7600c071e450d162970917de7d,artigos_casa,53,444,2,750.0,50.0,16.0,16.0
84259efff65083245b85e488d3a30d4c,eletrodomesticos,24,96,1,1400.0,35.0,35.0,40.0
7bf085cb634a5038e227ea40490c3beb,variedades,56,694,7,8200.0,58.0,17.0,48.0
0e6e9a3510d7c927145921c00077a726,beleza_saude,27,259,4,200.0,16.0,2.0,11.0
e4ac25e3b504e9dea6a4a06b82256951,utilidades_domesticas,54,1273,1,1575.0,39.0,32.0,44.0
7167a194119e3d3b0da13963e0417c8e,esporte_lazer,56,3280,1,3400.0,23.0,22.0,21.0
bf271f3f6ac5e62b4235e39ef187e80e,utilidades_domesticas,33,186,4,450.0,35.0,20.0,20.0
5e24c1972fa0093e3ea96de1107ac733,relogios_presentes,59,705,1,400.0,20.0,13.0,13.0
17f95aad17a906d34d051b58f2488943,utilidades_domesticas,60,1168,1,350.0,22.0,20.0,27.0
e9728f36e661801abf1730782e00a0f3,utilidades_domesticas,24,209,3,350.0,32.0,5.0,22.0
57a1b8771e227c7730164db309106c98,telefonia,59,737,1,688.0,30.0,18.0,21.0
2cd21984c5d25eacc22b5b6d9e6396e3,relogios_presentes,47,481,1,283.0,17.0,10.0,12.0
50147c350ddbaff0646aeac455c7473e,artigos_casa,58,2331,6,4200.0,56.0,37.0,49.0
79ea753b9ec382b3bf6b03d449ac9b3b,automotivo,63,1864,6,4600.0,105.0,16.0,18.0
1abacc695f40d21534ff1c657daed7c4,automotivo,60,493,2,850.0,35.0,10.0,35.0
f1800c2171d139e7a2a8ea2fed324eaf,telefonia,60,423,1,117.0,18.0,4.0,11.0
cf31f1d61bc63d8a11875302f38263bc,moveis_decoracao,37,1148,1,7200.0,52.0,52.0,17.0
e2613182a3d5b61459d52f24823134fb,variedades,,,,1900.0,20.0,6.0,11.0
0e92dcf7b03df1de4e9349af065f8e63,moveis_decoracao,47,372,1,400.0,37.0,15.0,27.0
4e58e4bd671d463cef30fa0bab322f9a,informatica_acessorios,60,971,1,105.0,16.0,11.0,11.0
2bc88b31190908684ebece09e5358592,variedades,40,2066,1,1650.0,33.0,44.0,19.0
f5ea2987f3303da7ac961ca96223909b,telefonia,63,608,5,150.0,17.0,4.0,12.0
44dcb08478450d530b70de0c5c7c5f4a,variedades,,,,1450.0,40.0,20.0,20.0
74d392f9be63b94cd5e4917571242898,brinquedos,46,109,2,550.0,23.0,39.0,30.0
acff82f566da3a3d6e33d770bfbe9ce2,artigos_casa,50,118,1,1300.0,45.0,25.0,35.0
d0ebd9098ec2b2b0c93cc1dfdb4865cf,casa_construcao,56,655,1,5300.0,30.0,35.0,30.0
7c1b31947e5d43e0a96efe80554c809d,artigos_casa,59,305,2,1400.0,45.0,15.0,35.0
b044508a133779eb79ef64f5d5a2eac7,bebes,56,912,1,1167.0,27.0,19.0,21.0
5da61f03fa61bb3e2d965b98aa102ad7,relogios_presentes,59,437,3,250.0,16.0,2.0,20.0
03706dca83513062fe74967a71b5fc78,variedades,,,,400.0,25.0,8.0,11.0
9d240cb98df035e3ef147117b92aa0e7,automotivo,57,150,1,100.0,16.0,15.0,16.0
331b7c485fafc244f0b033bba8ac5578,eletrodomesticos,59,567,1,12050.0,35.0,46.0,35.0
7c6bd3a931081382d987f4b7cdd4d472,automotivo,48,189,1,50.0,16.0,5.0,11.0
b803bade7b2c0dcdcf77208103ab29f1,bebes,54,1189,3,2300.0,42.0,25.0,15.0
674eb10c95caa2b4df48609bf38cab7d,brinquedos,31,791,3,950.0,36.0,11.0,25.0
48e169d7e70bdfd06b008415e0f072e3,ferramentas_construcao,59,1112,1,250.0,25.0,15.0,23.0
212b9c1a73834eeae7694906e168edc6,variedades,,,,450.0,26.0,7.0,12.0
41bbc4286da4cd2380514863440e9a9d,ferramentas_jardim,63,477,1,9400.0,64.0,16.0,52.0
fe0caf78250528cec991a2462326f574,utilidades_domesticas,58,797,1,1900.0,26.0,26.0,25.0
41840148302aa7f0c86e7c3f875c6f08,esporte_lazer,53,661,1,713.0,29.0,12.0,21.0
20ae7c024ede613f47e0d2f23f461493,telefonia,25,455,1,330.0,17.0,11.0,9.0
21f8d380f12105e9b35b919553d70380,papelaria,27,329,1,400.0,25.0,14.0,20.0
705895ae466f145b942a941a8474c3f6,automotivo,53,744,1,2450.0,23.0,5.0,25.0
c1b973e587fd6f4e5aa1fa2c01fc6e59,telefonia,60,600,3,650.0,23.0,18.0,18.0
2eba7c676996a5bcb75367c497b42a17,bebes,47,513,1,8050.0,62.0,35.0,52.0
ae410a493a61c3073fae7d006ba0cc8d,beleza_saude,49,1023,2,1700.0,30.0,3.0,30.0
15b5d9fcf84c060e00b0883def7d10e6,automotivo,58,237,1,50.0,16.0,10.0,16.0
285c450e91b164b1586e1441413fbba5,automotivo,27,59,3,200.0,16.0,12.0,16.0
736dbfee5f7255179bdc8327bf1e38e0,fashion_bolsas_e_acessorios,60,1180,15,5300.0,18.0,17.0,15.0
86743ff92eee3d16b7df59cddd583b8c,beleza_saude,60,527,1,540.0,19.0,15.0,14.0
42af75da4dff5f8f6be029c5bdd5f08f,malas_acessorios,52,391,3,17450.0,29.0,57.0,40.0
a787d9cee40e9de33b13d740c32359e8,artigos_casa,59,297,1,2500.0,35.0,10.0,35.0
a285f1c6ce025a045e87b7cf90df1a1a,utilidades_domesticas,44,922,1,800.0,25.0,22.0,22.0
00efb9a8ce0cf3b2f37892ab003edc10,esporte_lazer,49,753,4,2217.0,49.0,35.0,47.0
e71589252b1fc69c5a7931ee5028ecf6,brinquedos,42,795,1,200.0,17.0,12.0,12.0
9c0d8d05fcd611d2273338e7fe0d8085,papelaria,57,306,4,300.0,20.0,25.0,11.0
9dc742d39f778e41ce3a88753f280d40,bebes,57,339,2,13500.0,55.0,30.0,55.0
64473a39b66923a81252bb7150b63663,utilidades_domesticas,45,747,3,525.0,67.0,15.0,14.0
ad6cb6097e3d27661b789a84ec7cc9aa,fashion_calcados,54,451,5,1700.0,36.0,37.0,16.0
5dd65915a87e9031993b18e481a3cbe5,esporte_lazer,44,2080,2,100.0,25.0,6.0,25.0
35bb9bb34081e700884cfbc67daceb12,moveis_decoracao,60,420,1,8000.0,52.0,18.0,33.0
9f1330d9d3ea820ad8e4d0d58b7f08cd,eletronicos,45,219,2,50.0,16.0,8.0,11.0
12e3d9b67368b8d1563127a8b3407f79,automotivo,54,680,1,13700.0,35.0,20.0,20.0
a1f1aaa22f634ff796e9acad925c346d,ferramentas_jardim,50,1006,1,6025.0,45.0,50.0,40.0
b95366fcf5a371ace4acfe7d720b07d9,eletrodomesticos,56,124,2,100.0,18.0,8.0,13.0
7764215b7e09bfc5d5d1c8fe89eef727,esporte_lazer,46,380,3,500.0,20.0,20.0,20.0
19f2a215792dd5e7cfdffacd9f3d2361,fashion_bolsas_e_acessorios,34,358,1,50.0,17.0,3.0,12.0
268feec11ba1349f37164ab1b833aae8,informatica_acessorios,29,1322,2,100.0,20.0,7.0,17.0
dbdbf17a51049bf883b4d622a357b75b,automotivo,58,97,1,250.0,20.0,8.0,18.0
15d9c7e1411ece24a0053b1e876e4d4c,telefonia,56,856,1,289.0,17.0,9.0,18.0
a1412569d6d8b10733d218dac1ab86ec,moveis_decoracao,54,1871,5,800.0,34.0,8.0,44.0
cc711d05cc2a7eaabf0629dbda239e5b,livros_interesse_geral,49,983,1,300.0,17.0,22.0,11.0
bfdd5b3ebd8caed3cbd037fd900ac21c,moveis_decoracao,62,669,9,1200.0,40.0,15.0,28.0
ec4e57291d338e3c8aa867c384d1be68,artigos_de_festas,32,247,1,450.0,16.0,20.0,11.0
5f2bbb2425de4f4853839fd12fc87d6e,esporte_lazer,55,1666,3,725.0,51.0,11.0,34.0
233b276631735c2cd04a89d01bdd8a58,automotivo,55,133,1,1475.0,28.0,18.0,15.0
d69e906470f99256b16bee14a0268fd1,instrumentos_musicais,55,996,3,150.0,17.0,17.0,14.0
ebf24ee072330cc6f6ff44a74185d716,artigos_casa,56,555,2,483.0,44.0,6.0,33.0
cc1180a16524617866588df758c49ec7,informatica_acessorios,54,1307,3,200.0,18.0,16.0,13.0
27af179c53bb244ebe3a62f66549beb3,esporte_lazer,52,334,3,3900.0,80.0,21.0,17.0
5d978726f875efd5fc81fcd39174d18c,esporte_lazer,58,576,1,2450.0,38.0,24.0,22.0
f293394c72c9b5fafd7023301fc21fc2,moveis_decoracao,41,754,3,1800.0,32.0,6.0,28.0
964011954f788aa4bd0dcf7b04056d81,telefonia,33,303,1,50.0,19.0,3.0,11.0
262855d4dd5b0d39f786a3c86c285c6a,alimentos_bebidas,28,808,1,1700.0,25.0,25.0,25.0
9eca2336e05ce3b44072af92fe661a3a,malas_acessorios,56,1911,2,700.0,28.0,9.0,14.0
a29c32ba19cb3a3a0a8184fd9f8cb6b7,papelaria,52,290,3,200.0,16.0,10.0,11.0
80d702d8e2231e25bee9d145c2c86b6f,perfumaria,51,544,1,450.0,20.0,20.0,20.0
c3d5a66bdd6bd3a9c7b3b53a46adc4d7,telefonia,54,2201,2,175.0,18.0,5.0,12.0
edf3fcc4ffbf81855bbf404a5274ceee,industria_comercio_e_negocios,59,1058,1,850.0,30.0,20.0,30.0
7a33dd7b3c419e24dc196f7381b49f32,fashion_bolsas_e_acessorios,36,1356,4,150.0,16.0,6.0,11.0
b5f0fcccccb9b8be8914e92fd322804f,eletrodomesticos,47,388,1,15950.0,75.0,18.0,65.0
ce750e0c764699fb4564a06b4b8c295b,relogios_presentes,44,525,3,500.0,23.0,15.0,19.0
3ef8d885129ad51b20838faba23825a3,livros_interesse_geral,45,510,1,550.0,25.0,5.0,18.0
d82a90d0f172a50138e2a54daa510e8b,moveis_decoracao,58,2070,1,3000.0,69.0,11.0,11.0
8af4a717d0442a5fbe332dc587583296,moveis_cozinha_area_de_servico_jantar_e_jardim,17,540,1,17500.0,97.0,24.0,45.0
c8de91ccb69dc89ba37b9dde15843aa9,automotivo,39,687,1,11450.0,60.0,60.0,19.0
5d0b0b39cb1a1afc63583475015c43ee,utilidades_domesticas,42,680,1,2000.0,23.0,13.0,23.0
bb4dc25bd765b4b6beb85469e9b4bc55,beleza_saude,56,1611,1,970.0,17.0,18.0,15.0
29b5add9129fe45fb3854c50cbd2765c,automotivo,60,589,3,230.0,17.0,13.0,15.0
16cc7a098d176187b6d8e9519fa81585,informatica_acessorios,56,599,2,350.0,16.0,22.0,17.0
4f4c375e79a2f5b62000807e99d85407,bebes,57,324,1,5700.0,65.0,35.0,55.0
b47865eeb745bcbfca95513b46bd977d,moveis_escritorio,56,1112,1,8633.0,42.0,64.0,43.0
540362999eae1bdce87657c3cc633805,ferramentas_jardim,23,605,2,700.0,30.0,23.0,20.0
855b12ca88fe958e9076503d8c716c4e,malas_acessorios,44,224,1,800.0,41.0,10.0,30.0
6f93544fde1ccc299aa371217cb2afa4,fashion_underwear_e_moda_praia,52,579,1,550.0,42.0,4.0,14.0
0437850bd55b9b2b9cf104b59a611666,papelaria,59,244,7,350.0,18.0,2.0,20.0
b6c1e56a27659fd3ff8d352d7a24457e,beleza_saude,48,97,2,300.0,16.0,16.0,16.0
8d991c2f0c5075b7a88c07d1453ac80f,utilidades_domesticas,54,577,6,250.0,16.0,12.0,12.0
d46fd2913d3e97327005905cb5eda90b,relogios_presentes,42,728,2,400.0,16.0,2.0,16.0
35c7e6723b080a78be6fc25d81eff5ea,artigos_casa,54,216,1,1350.0,45.0,15.0,35.0
bfe971134cd80983396db76ee3c9d79d,esporte_lazer,42,1249,1,4600.0,20.0,26.0,20.0
ea588d45372c3d1b99f7761e35c2952f,beleza_saude,26,864,1,2550.0,31.0,16.0,21.0
4e11734666acc305a4649de43f0bd181,pcs,56,3542,1,12650.0,52.0,26.0,52.0
e449c89deefdb41bb888e3cc5f59ef46,utilidades_domesticas,48,374,1,600.0,20.0,23.0,18.0
c878f779306161bdbc043977329a9082,informatica_acessorios,44,263,1,100.0,16.0,3.0,14.0
8366b2d52a690d2d4665824069db5d9e,papelaria,50,219,10,450.0,30.0,42.0,20.0
7320ebe51211feb87fcabba5e645353a,utilidades_domesticas,57,182,1,400.0,23.0,22.0,15.0
e98a500a671ec3eea9a498507b0154fa,fashion_bolsas_e_acessorios,36,336,5,150.0,16.0,5.0,20.0
e003753295c13f3c5e1cff06d3728fd4,brinquedos,46,289,2,250.0,34.0,4.0,32.0
083ffd30820b592e294de7ed668ff975,informatica_acessorios,49,944,3,300.0,23.0,8.0,19.0
332842d24e84234cd91299a225de76ab,relogios_presentes,58,1209,1,1750.0,50.0,6.0,19.0
7d773ad4450782f8ee7f88a7ff94f03d,beleza_saude,58,809,2,350.0,22.0,12.0,17.0
a6883f92891e256b926bf8b9c40fbe9f,pet_shop,32,633,1,129.0,18.0,11.0,14.0
f893b82f0fc3ba3686ca2d65eaed5a00,utilidades_domesticas,48,984,1,500.0,25.0,15.0,20.0
1f305b83cff66e6473d13aa6c64e5a20,esporte_lazer,48,554,1,2400.0,90.0,16.0,26.0
e91f88846bc20e4ae032b9bacecaa625,utilidades_domesticas,19,388,3,425.0,23.0,23.0,23.0
21dda9c8f188955446cf905038acd22a,ferramentas_jardim,56,452,1,5850.0,59.0,23.0,29.0
576b0f2b5001819adda7c2512b9f69b9,moveis_escritorio,51,404,1,8400.0,53.0,53.0,15.0
7174375d5bea2b7612929eae33df48d1,beleza_saude,42,784,1,500.0,16.0,12.0,12.0
6ef77c360c5206f18e444f0d170a3a01,beleza_saude,59,1011,2,583.0,32.0,17.0,15.0
6d12af216c3a452ad40ca5ccb6f15929,artigos_casa,60,124,3,1000.0,22.0,13.0,17.0
cc1829caca1897ee76144ef20a32330f,esporte_lazer,34,1297,8,7900.0,100.0,20.0,30.0
1d723e2d139a9fd6feb67aff90081bbd,beleza_saude,46,803,1,150.0,22.0,3.0,15.0
235458528f907463ec55ebb1e16b69f0,papelaria,38,224,1,1200.0,16.0,49.0,32.0
a625d8205ad01304707512ca72762a6c,relogios_presentes,41,629,1,725.0,19.0,10.0,15.0
8a12254c44b230303e05d8e1cb4be350,moveis_decoracao,38,672,3,2850.0,104.0,9.0,20.0
4c7288d0bf8ea00b7e9de295598d13a5,beleza_saude,48,648,4,2950.0,18.0,26.0,28.0
805cb130b4477536c829664a9858aba2,papelaria,41,699,1,300.0,27.0,5.0,17.0
0530063c4be8e898dd6dac7d6bceff24,moveis_escritorio,40,1192,1,11800.0,53.0,54.0,18.0
591f4f7c62c8baf1117e1cedbbe77f0e,ferramentas_construcao,59,1007,2,400.0,31.0,5.0,16.0
3c8a9bd8e4b9ba22a468ffc658c71786,brinquedos,46,228,1,600.0,45.0,15.0,35.0
113f80f12c8892f0c59206f70b862b40,artigos_casa,52,170,1,250.0,16.0,10.0,16.0
784e39ab037dd49f0ba988ce328336a6,esporte_lazer,51,705,2,400.0,16.0,14.0,12.0
c40115486002b7890dc20f64f849accf,beleza_saude,37,1300,1,1417.0,17.0,25.0,17.0
90e7f883fbd53dbb43ea8c32eb63ebe9,ferramentas_construcao,60,3119,3,4250.0,16.0,13.0,12.0
bdae940812284709dd5e300831735f64,alimentos_bebidas,13,414,1,4200.0,30.0,25.0,25.0
191f3eac7d624242f8eec11e472b877a,moveis_decoracao,38,504,1,5900.0,47.0,37.0,38.0
c747d118db61a1c79977309b0ca33ddc,brinquedos,46,961,1,480.0,19.0,10.0,12.0
a547aeb39f6f0fef5699c4417e90b0d6,utilidades_domesticas,53,303,2,3700.0,30.0,40.0,40.0
0602bc6086443c4e9b9e5ba88119ce08,perfumaria,32,219,1,133.0,21.0,12.0,19.0
33716d3b89a37449be72f5e5180caa00,pet_shop,19,1082,1,250.0,20.0,16.0,16.0
e59b26893f9b5f06776e1df1b334faa3,relogios_presentes,41,375,1,463.0,19.0,14.0,14.0
67031f1b5ba68a9997efb630e43ada88,esporte_lazer,35,907,1,288.0,19.0,15.0,16.0
e9e8ec421793c31261cde20786e9ff16,malas_acessorios,27,512,6,5000.0,50.0,45.0,25.0
f3b82a9bd4330abce1d6fc15a966e6d7,beleza_saude,52,1070,1,675.0,26.0,20.0,23.0
5cd07c84a1c25575ac2fc3fa73f1d952,brinquedos,63,2873,8,1200.0,39.0,22.0,14.0
a00cd7752fb98e0a8382def60ecc0b17,telefonia,51,597,2,200.0,18.0,4.0,16.0
879b84c7cf2433c4fa8f416a780109a8,brinquedos,47,909,3,200.0,20.0,25.0,25.0
6962734c72522e70e852a2a77d21a730,variedades,,,,10050.0,62.0,6.0,62.0
290fe6a59ac3768d3e263654cf43a3ef,casa_construcao,54,1648,2,1024.0,26.0,22.0,21.0
4610f9bc86835033aab4160bcb1c3d27,moveis_decoracao,34,252,1,400.0,16.0,34.0,34.0
afb52012e0c69e1b6af6c48d2a62f760,beleza_saude,60,851,1,2000.0,30.0,12.0,16.0
286095c794e49a9fe92fd5082c1360b1,utilidades_domesticas,58,211,7,400.0,16.0,12.0,12.0
2a0bfe6be429db305a3573662ae96f2d,beleza_saude,50,212,1,300.0,16.0,7.0,14.0
a9410f6e58948e056b9eae0653aa0c75,esporte_lazer,35,964,1,253.0,16.0,11.0,13.0
68f2b86d618f20c45d7a0db6db2cc664,beleza_saude,37,382,1,767.0,25.0,13.0,16.0
15d43d4703185739abdf015897e34974,telefonia,31,330,1,275.0,18.0,3.0,12.0
e527af42fb2b8d253e47fdb6e7af7db9,esporte_lazer,54,1281,1,640.0,18.0,20.0,16.0
3b94e26edc496743bbce82c42f0a9903,moveis_decoracao,53,1013,4,400.0,50.0,3.0,25.0
53466539c80d0960583e3d74d250ae38,pet_shop,35,396,1,250.0,23.0,13.0,21.0
1de0af19bfefbea493eb82ef59bb2433,utilidades_domesticas,12,417,1,18800.0,65.0,35.0,38.0
920840f7899b13c467d223950c89e9e9,bebes,26,655,1,250.0,23.0,14.0,28.0
348ddc765722b7885d765f63eed52eed,esporte_lazer,56,2981,1,2600.0,40.0,24.0,35.0
677d8ace413e0060fa8686cde56eaf10,relogios_presentes,54,619,1,303.0,19.0,11.0,16.0
eafe7084b1d20c58faacfe86983c73ad,esporte_lazer,58,1039,1,18000.0,97.0,14.0,28.0
15de022edf1005363381e66bed514528,moveis_decoracao,52,361,2,100.0,16.0,3.0,23.0
f713c90e84b1bf2e157637d63fe09a68,variedades,48,495,2,200.0,16.0,11.0,11.0
e66c00a9093ec6803dc123140914b5e5,variedades,23,178,5,700.0,25.0,25.0,25.0
501c6da13fd2e5d497c42b29eeddc95d,moveis_decoracao,51,486,2,200.0,20.0,85.0,30.0
9c60e93e03989cf6e4a7da214723920d,brinquedos,46,510,5,3675.0,37.0,30.0,18.0
4dba4de4cd67ba2191c34468ac2ca841,pet_shop,64,600,6,13250.0,55.0,36.0,40.0
457cd0a99cfa977993e4eb6d98d95abb,telefonia,59,777,6,350.0,17.0,4.0,12.0
a1a3ba5db44e0714148c89186c04c01d,artigos_casa,48,115,1,1400.0,45.0,25.0,35.0
fb8848eaa1d50492a9c1e8424a86b316,papelaria,37,899,2,600.0,27.0,7.0,22.0
aced2206d8778eefdbef4de3c38ae916,variedades,53,289,1,1550.0,30.0,30.0,16.0
f27782bee7a6ae6435305c7b46e5f44b,alimentos_bebidas,50,1984,1,550.0,20.0,20.0,20.0
9712e67c33f564648b46afc6505db72a,artigos_casa,56,131,2,900.0,50.0,5.0,50.0
d373a9b9079c251371e94cacf40c1fe7,moveis_quarto,42,507,4,10850.0,60.0,10.0,40.0
7a616bfbac44458edd9a29e9278014c3,relogios_presentes,35,211,1,400.0,18.0,12.0,12.0
f03db1ea02e265f0f1a5ae2a5e0984a7,artigos_casa,48,729,1,1200.0,20.0,30.0,30.0
6f66ef344e1db8560c3d036ee214f355,utilidades_domesticas,27,374,4,2100.0,50.0,4.0,35.0
d02b36afa0f4b273bb31f9e54c693531,automotivo,58,855,6,2100.0,30.0,25.0,30.0
b0645512783cc56c9510f08e90a40ede,variedades,,,,300.0,20.0,5.0,25.0
1aa290cdf7d94d625562f35575218444,beleza_saude,56,787,1,1650.0,23.0,17.0,16.0
2ad27953852ba0daa0de1213686b7cec,ferramentas_construcao,42,208,1,400.0,17.0,2.0,11.0
b7d8ee5cdbf5e7844a13e8e93ba81195,eletronicos,49,74,1,700.0,16.0,35.0,25.0
0bc4d2de176747bbc8b5e680bfdb66b6,esporte_lazer,55,1007,2,4750.0,20.0,20.0,20.0
5a6e53c3b4e8684b13388d6aa4afdf12,utilidades_domesticas,45,176,2,200.0,19.0,9.0,12.0
8af72bbf3875865c7fc23509cf49682e,brinquedos,40,324,2,650.0,33.0,22.0,19.0
2d3a6bdc41b55fc4a14a6e70621940d7,moveis_decoracao,49,284,2,6200.0,35.0,35.0,35.0
d966b3fb4175fb014b8c120ac820a41d,artigos_casa,57,125,2,1200.0,50.0,8.0,50.0
bc68b4f9aacf4761a51fe96ac9cb6d62,telefonia,20,296,3,200.0,19.0,3.0,11.0
08732e5164f3bd37bb941e5ae9710e6e,perfumaria,36,631,1,570.0,19.0,15.0,17.0
56bf569283c7e75dbd7bd5ebaf6339e4,artigos_casa,59,184,2,600.0,70.0,10.0,50.0
271a7b6b19c824b39c44b59aef7c4135,automotivo,58,1102,2,1800.0,34.0,40.0,19.0
bb4897b0f38441dd61ee8d77a392fbb6,automotivo,57,986,2,250.0,26.0,10.0,35.0
5ab02ca028398131a5ae91401eb49788,esporte_lazer,33,1322,2,700.0,26.0,16.0,21.0
4309ccdfa6ebf5b4d35871c2b4d26fab,relogios_presentes,55,285,3,300.0,16.0,8.0,11.0
560d9dfbf91783d36e00581a288fc86b,esporte_lazer,48,727,2,1350.0,40.0,20.0,30.0
cd59f488cef311feb633141ad1e8563d,alimentos_bebidas,40,911,1,450.0,16.0,14.0,14.0
ff6caf9340512b8bf6d2a2a6df032cfa,variedades,,,,200.0,16.0,5.0,12.0
f497ba62f1d6b4f6a3a3266fa8623ad3,beleza_saude,45,1276,1,83.0,13.0,8.0,12.0
a69c0be573a2ba8f96b7650dbc0bbf87,informatica_acessorios,57,246,1,250.0,50.0,5.0,20.0
4e713bc697d239a8d8e01cb5209cd89b,utilidades_domesticas,54,224,1,2500.0,40.0,25.0,30.0
00d2fa6f2a87633084c8e0400d41a65a,artigos_casa,41,312,1,18550.0,54.0,35.0,45.0
7fcf94eac206f052689149415c84663e,utilidades_domesticas,45,486,1,350.0,20.0,9.0,17.0
53796f826946f6d820d4cf700e2047ef,automotivo,36,725,1,1900.0,17.0,27.0,17.0
9b4b2b6707ec9a606fff27daa71047b0,telefonia,59,477,6,300.0,17.0,8.0,14.0
0ef37d421045fdf87dba29f9bbfda772,informatica_acessorios,60,261,1,1823.0,37.0,22.0,19.0
755bf675d1b9d60401eed72669e2513e,brinquedos,20,421,1,600.0,23.0,25.0,11.0
a8075987f7074b1a91395a74e4eb9215,eletrodomesticos,45,1011,6,8000.0,65.0,23.0,35.0
1729e3ddaf29904f44575844e62cbdce,esporte_lazer,55,292,2,1750.0,60.0,15.0,15.0
076e4ce53c8914382e7ff3732511b17e,beleza_saude,22,363,2,633.0,26.0,9.0,22.0
a208b8f91710996b4d3de5d3ee103efb,beleza_saude,32,899,1,650.0,45.0,16.0,16.0
53713c210da42f7fd172e7853020ddf6,artigos_casa,35,132,1,800.0,40.0,4.0,30.0
1533438056d9a9bcb1295afd304e36df,moveis_decoracao,52,485,2,500.0,35.0,8.0,35.0
363218ba55c610b750224f90bdd34be1,artigos_casa,46,279,1,1813.0,67.0,12.0,47.0
e049c7f13358a63cf7f6ceb45a067a81,ferramentas_jardim,54,385,1,1625.0,21.0,17.0,29.0
0e13a44cd53f64403d91654786b6adcf,utilidades_domesticas,41,976,1,620.0,26.0,24.0,28.0
7cfb84c1323fb861a17478de42b1839f,artigos_casa,59,291,3,1450.0,37.0,23.0,35.0
ce50ce6bd3918bddcce75a3014b560f6,malas_acessorios,29,1011,5,1383.0,40.0,23.0,37.0
927a7ee2d74e3a1123047f40b42fcc09,brinquedos,50,161,1,1350.0,27.0,25.0,27.0
cdf0c921e5025a7ad81c1708b27393e0,beleza_saude,56,489,1,6400.0,24.0,15.0,17.0
804f35d5834309996feeeb8a7ac361cd,pet_shop,56,837,1,1000.0,60.0,11.0,50.0
833cc08f39d51d324d7c702707535e4f,automotivo,52,666,2,17400.0,65.0,25.0,25.0
015e04445dedbd5da301ef29cbb03f83,artigos_casa,52,183,2,550.0,70.0,10.0,40.0
2916f36c18811cafe280f15b803be0eb,variedades,43,853,2,1200.0,20.0,30.0,25.0
749d3e9ac43e769ce6245a97630f6543,artes_e_artesanato,54,902,2,1150.0,16.0,6.0,11.0
0f92f397b79607d4226672220bd7a291,esporte_lazer,58,482,1,975.0,35.0,19.0,16.0
d41a2d62b53242957d8f2107d2e82e51,audio,63,1639,4,200.0,16.0,16.0,16.0
c629f814c92825a1e5ec157ce8a25bd9,informatica_acessorios,43,280,3,200.0,20.0,20.0,20.0
94b8c08d077273b9896ca6461d4e6e1e,esporte_lazer,45,1566,4,100.0,80.0,9.0,23.0
ca16f79f5392d53aa17b906d345d2e7c,utilidades_domesticas,53,734,12,11450.0,35.0,55.0,35.0
71191d3e8768745afc1c290c63f6241e,telefonia,58,467,2,150.0,17.0,8.0,14.0
dc3ecc737589882b0318d38cf8b3efaf,moveis_cozinha_area_de_servico_jantar_e_jardim,47,729,4,14650.0,51.0,44.0,45.0
c7b3b8509e06ae21abdd78b541215cda,perfumaria,51,504,2,317.0,19.0,15.0,17.0
ed01ede241c5149867b22ad7f03cba44,casa_construcao,60,899,4,400.0,29.0,35.0,23.0
a8b0dd2c57b49b649373ff5a495a697e,informatica_acessorios,54,3675,4,350.0,17.0,7.0,13.0
8060b4a1aeecf25a9ada1fc0f6e142dc,moveis_decoracao,41,94,5,200.0,16.0,5.0,20.0
3a6a9e7379724852b2f023734de7870d,eletronicos,55,350,1,75.0,23.0,2.0,15.0
719845ce971819fd01ef5e1e9441390b,brinquedos,49,494,2,237.0,26.0,29.0,19.0
6432d844f2be41bb6f2fd279e23415da,telefonia,57,734,6,300.0,17.0,4.0,12.0
1a640115fd96b578625ee5e51e55877e,esporte_lazer,58,671,1,26100.0,33.0,10.0,11.0
4047f50df2141e2ab6c747b16b6a7bf6,utilidades_domesticas,40,564,3,30000.0,90.0,30.0,80.0
282d6e7d6d123206300fc97fb779d569,seguranca,53,2156,2,200.0,17.0,4.0,13.0
26d7ac00b95e35c6592f0c0b289179f6,moveis_decoracao,60,585,1,500.0,24.0,2.0,24.0
7344630ca6c1a4917e55f35c729baa7d,telefonia,57,592,1,200.0,19.0,4.0,11.0
4e12e2e91e984c0410e9bfe6ce28ba30,automotivo,59,422,3,800.0,36.0,16.0,16.0
ee15827f0aa0a837f8edc88de60b7850,casa_construcao,58,1047,2,150.0,100.0,6.0,14.0
beb1cc5b34dcd5fb5c3214a3564b7fdd,informatica_acessorios,59,1251,1,200.0,21.0,5.0,15.0
7dac8901a50cf3317d5372cbd3186ecd,relogios_presentes,60,167,2,300.0,16.0,2.0,11.0
c261f239575a146a38e4d4c72b58f403,moveis_decoracao,63,1285,11,10300.0,70.0,25.0,55.0
4c6aedb2bfbcb47f59db757dfc22c607,artes_e_artesanato,55,2021,7,700.0,19.0,5.0,20.0
0e259b36666420c6032de273ef47cdc7,telefonia,49,351,1,200.0,19.0,4.0,11.0
63f4d40c05db6ade462cecef857eec34,beleza_saude,57,1277,1,1200.0,16.0,30.0,16.0
51d646c5c93e0f1de543528d0e24eadc,beleza_saude,46,1305,1,1400.0,27.0,10.0,17.0
a73f8a8294cb767f0823d21c2b1dba6f,papelaria,54,181,3,800.0,25.0,55.0,35.0
f71156bb4025fc2944b25e8b6f0efec8,automotivo,47,112,1,700.0,26.0,8.0,14.0
a37c4dc2fd88e896e19c74a6b60a0e84,casa_construcao,26,1069,1,450.0,16.0,11.0,14.0
d12318481f2561883aa76eadb93f798c,beleza_saude,58,184,1,1100.0,20.0,12.0,13.0
584c6fe37bfcd52c63fac43e26c71b83,esporte_lazer,57,2214,1,2150.0,16.0,5.0,16.0
0d8a610fba87a613abc873be8d164bb7,artigos_casa,58,663,1,2000.0,29.0,8.0,38.0
fef11bcb9bda869da356243b240c07b7,artes_e_artesanato,49,888,1,300.0,16.0,5.0,11.0
eb45e95b37dfceebc7b740688cff3686,bebes,52,1547,1,1100.0,20.0,16.0,20.0
b61befc73bfdefaa0acb8c376f125eed,utilidades_domesticas,53,205,1,350.0,25.0,18.0,18.0
a57dc9d4116721da16363e4b30b40f45,automotivo,59,352,2,3200.0,46.0,10.0,11.0
d3518f8ee8c8bf28b6a1304145b50219,variedades,,,,1100.0,17.0,18.0,19.0
81d879a43537a2803762ce12282ccbc9,eletronicos,56,113,1,200.0,16.0,35.0,25.0
8adc1d29aa4fd4d758a91ef997c8a0a2,brinquedos,46,303,1,1450.0,28.0,25.0,29.0
9bcb9de1c0d270b98bd46b4ff7161808,moveis_escritorio,41,1277,1,11275.0,75.0,66.0,27.0
4608a449f45011c89095f36265e75ec3,eletrodomesticos,58,1257,1,450.0,16.0,20.0,16.0
10a3a969b9e7d03b0dc2384ebbcad6ef,automotivo,48,670,5,23350.0,64.0,64.0,51.0
054f9a8859dc532322504741c66d799f,artigos_de_festas,56,688,8,600.0,30.0,11.0,20.0
c9ebe753fbd9c87520f80b50fd3baa40,automotivo,58,850,1,9400.0,40.0,30.0,40.0
62984ea1bba7fcea1f5b57084d3bf885,esporte_lazer,42,190,1,1092.0,30.0,26.0,22.0
410fdf98ab61894c35ffe4e1f76e204b,artigos_casa,60,216,1,850.0,36.0,14.0,26.0
4a1a97d058036c89da35d3e66bcaa5d7,artigos_casa,54,1036,1,2450.0,43.0,12.0,34.0
97fd40ea17a0e785880ce09373b2900a,moveis_decoracao,46,1246,1,1200.0,54.0,8.0,11.0
011967a30ceeaa86acb72e79664544ad,esporte_lazer,55,468,1,4100.0,17.0,105.0,12.0
539cf9fd268552759c133043a1dcc5f8,artigos_casa,53,401,1,700.0,16.0,10.0,16.0
958cf0f5527f413e08d0cde6bfdbdde2,automotivo,54,1189,4,5600.0,20.0,12.0,20.0
c3da218d508e5f56c8b7f9e254ef8cef,artigos_casa,50,272,1,500.0,25.0,10.0,20.0
b095c6b329584cdf2a7e0986de9f3898,casa_construcao,52,746,1,333.0,17.0,13.0,14.0
9648ccc952b91091691f47c63d06394d,fashion_bolsas_e_acessorios,31,829,1,100.0,16.0,5.0,16.0
b8355aca8662d7e0c913ed67412d8ecc,artigos_casa,60,207,1,750.0,50.0,11.0,40.0
a7d06b7704b157e36c45b898fa555dd5,utilidades_domesticas,33,715,3,450.0,21.0,12.0,12.0
e947043dd2e144a9039d6b8841200c9b,utilidades_domesticas,57,1081,1,5000.0,40.0,40.0,40.0
af50df7cc2a72931baf406b123a313ee,informatica_acessorios,38,791,3,1000.0,20.0,30.0,20.0
c68307fcc510fdd70015276ba94cf5b7,beleza_saude,49,225,1,500.0,18.0,6.0,11.0
e6326d48c2537adda078aedd30909982,eletronicos,55,837,1,150.0,21.0,9.0,14.0
fbcd62530875b193a5e21728242d77a4,relogios_presentes,53,582,2,100.0,20.0,7.0,15.0
d0da0345df589654ca7d8b18cef53324,esporte_lazer,59,475,1,500.0,46.0,8.0,44.0
9e4ea25a61f57a8b8f48bb28bc7118ab,papelaria,50,72,1,1000.0,45.0,16.0,30.0
dcd7a14115098925c83dd54daab99cbd,papelaria,43,131,2,200.0,22.0,9.0,15.0
b804bd070b03e990e6db597e36634cdd,telefonia,58,550,2,200.0,24.0,6.0,13.0
c57b94c82ebde2f6789cc52101988d19,moveis_decoracao,59,196,7,2100.0,36.0,11.0,26.0
3e1fdf945aae119091586c0d20212562,papelaria,47,231,1,900.0,46.0,10.0,33.0
8d37ee446981d3790967d0268d6cfc81,artigos_casa,60,640,1,1100.0,16.0,10.0,16.0
ceaaba49ab70be78825371ede54f32b4,perfumaria,44,99,1,600.0,20.0,20.0,20.0
b01d34f6d2545269d348181768eca049,relogios_presentes,59,112,2,150.0,16.0,2.0,11.0
8268f227748ea57889478c74ca12d151,artigos_casa,59,323,2,14550.0,50.0,14.0,70.0
d800be06cad2262f48d1c2982fd31189,artigos_casa,35,307,1,1950.0,58.0,15.0,46.0
382d28bfa85a9857cd10bfdb1b8b7f80,moveis_decoracao,26,190,1,3300.0,23.0,16.0,23.0
820a71c6cab9c9f8c9089394c667ecfd,automotivo,56,1595,1,8000.0,40.0,25.0,30.0
6341aca5b02d00d80b6f4dead6816435,eletrodomesticos,43,373,1,400.0,60.0,20.0,20.0
9257d3f01cd400076c63470f92434c7e,variedades,41,349,3,500.0,16.0,11.0,11.0
22ad84a8542945d56593a32b34abe336,brinquedos,48,332,3,1950.0,35.0,10.0,22.0
193d170dd2f6849cf0cb92791a6a623b,telefonia,45,437,1,476.0,21.0,15.0,17.0
cdc67f292e1e8ca492ec7b16ab5bf299,artigos_casa,55,117,2,800.0,60.0,8.0,60.0
cbb702235ad267cca951499fa8475606,beleza_saude,52,2238,6,433.0,29.0,8.0,25.0
0a69d717eddde56680a2f9af307f2b05,beleza_saude,18,824,2,440.0,18.0,16.0,16.0
43d08d005661de0f514987971512b9fd,artigos_casa,54,297,1,200.0,16.0,40.0,30.0
8bba571a200eafc25322c17a89ee24b0,ferramentas_jardim,59,220,2,9150.0,39.0,39.0,36.0
13f1ff85fb63cd1bcbf6ef78959328e9,pet_shop,56,720,1,1700.0,50.0,30.0,33.0
59764cf344119ff76a19a0ec02400b8f,informatica_acessorios,26,581,1,200.0,16.0,4.0,11.0
18692fdc7adb29c885d8cb84eb68a97e,fashion_roupa_masculina,27,575,2,850.0,45.0,10.0,35.0
63a033b030ff3da0b4b4eb3043c503d1,fashion_calcados,54,480,2,600.0,30.0,10.0,15.0
e2a874b1b8340b4038172b1925afd914,utilidades_domesticas,54,208,2,4700.0,35.0,16.0,25.0
b802f976da6557a6c3354618c2056d18,moveis_decoracao,30,374,3,350.0,22.0,3.0,19.0
70c9ac8c8391f7aaf375c752eb40d265,brinquedos,53,1593,10,1300.0,20.0,16.0,20.0
271267c730bcc8b1f657e6c0bfbe058c,artigos_casa,56,461,2,750.0,70.0,10.0,20.0
2196812e80b905c7071389c10ad035d3,moveis_decoracao,59,2010,2,1500.0,69.0,11.0,11.0
0c787112ac1b5dce38f58d7feb8c23d7,livros_importados,45,1211,1,500.0,33.0,6.0,22.0
2015986e064ebba656b2c86e34a64f5c,informatica_acessorios,46,285,1,100.0,16.0,5.0,16.0
e8aa7bbd775831bc6bdc900a9bf5d75a,industria_comercio_e_negocios,49,219,2,400.0,23.0,5.0,17.0
97868e08c02c9f4f6b49ebe5a4d4dfec,relogios_presentes,52,333,1,349.0,19.0,14.0,14.0
4e6b5b56a9001b46647ece05cef25465,esporte_lazer,56,2072,6,1100.0,80.0,8.0,15.0
96e5e61e0d12e5a00d818f9d6e7f3670,esporte_lazer,47,452,3,16700.0,55.0,70.0,15.0
f739e9151702508b18f796c53005e5e9,moveis_decoracao,44,533,2,1000.0,69.0,11.0,11.0
23db0ed96c4c3278cd56fc70e4798742,bebes,34,377,1,175.0,17.0,10.0,13.0
383390bacab031887058eccc2e994879,papelaria,54,1763,1,400.0,30.0,16.0,20.0
f08e8a22fd29fbb0b2b09c220758575f,beleza_saude,41,479,4,50.0,25.0,15.0,15.0
d4cbb6517d22b1d8114cb1dcbd40cb25,artigos_casa,46,491,2,700.0,50.0,16.0,16.0
b5aebb467d9a92162173cbd234e00d99,agro_industria_e_comercio,60,1843,3,550.0,16.0,16.0,16.0
b9c941066a5b61862d712489ed544aee,bebes,58,801,1,2150.0,31.0,43.0,21.0
59f45392c714ab32c9902fd909411e3e,artigos_casa,51,684,1,1550.0,40.0,15.0,32.0
2e0c6cc9589cfc1c8eb99242ac6e15ce,telefonia,48,598,3,500.0,16.0,5.0,11.0
9a2e821cfc513051382e27606ab3325c,papelaria,58,205,2,6000.0,60.0,20.0,29.0
ea7372593696ba29709de6d6d3092f48,moveis_decoracao,34,1918,3,8100.0,80.0,4.0,55.0
4fffe01ed3a51b4d770387d00c4d1d64,livros_tecnicos,26,1016,1,200.0,21.0,2.0,14.0
8aa87bc5f3053b4df2b05a2d3059790b,artigos_casa,42,599,9,1400.0,16.0,15.0,15.0
ae28fd7a149b08a60309551e235d56f4,beleza_saude,57,2204,1,783.0,16.0,21.0,13.0
8c1a5e441246c7e3cd415ea468c4cc3e,jardinagem,52,1160,1,550.0,16.0,16.0,16.0
6f544a62e85efa4d7a5e135482b31d79,pet_shop,52,1026,1,3300.0,72.0,12.0,55.0
558180406ec5ec2f77e01f2807180c20,beleza_saude,41,1568,1,725.0,23.0,10.0,15.0
db06e3f64ff47ef36a46f8530d002fa5,variedades,,,,1300.0,17.0,19.0,20.0
d3c395bcfed8dcf4539f11fbc4094527,variedades,48,1482,3,2650.0,30.0,40.0,28.0
005030ef108f58b46b78116f754d8d38,perfumaria,54,942,1,50.0,16.0,5.0,11.0
12d03720e39cc210547b854d2132c2e3,papelaria,59,219,5,2200.0,25.0,25.0,25.0
e24c96c234ee0f2b0947bd394ec402ca,malas_acessorios,55,956,1,1900.0,48.0,10.0,33.0
6811d911869c98aed7eadc3478bebe72,alimentos_bebidas,57,2298,1,500.0,20.0,20.0,20.0
10f2fea49b203930a1f4c0a3a892d960,alimentos_bebidas,50,568,1,400.0,33.0,21.0,27.0
86df1e9a07c3d463f6a6c3f776051e9d,utilidades_domesticas,55,322,1,1550.0,30.0,6.0,30.0
f3088483fe1dfd4715e320d1b8324b88,livros_importados,42,157,1,250.0,33.0,2.0,23.0
d45ce2e6ad33390b80c9be599c02ae05,consoles_games,56,377,1,200.0,25.0,5.0,15.0
fbe581b34ee461c334f769e1422eb1de,variedades,52,330,1,1650.0,33.0,44.0,19.0
1a7864db936b730688248bda816f1ce2,relogios_presentes,41,558,2,700.0,15.0,10.0,13.0
b3589656bf8ff7b7b31fb5de73b641ac,fashion_bolsas_e_acessorios,49,26,1,250.0,16.0,2.0,11.0
c3c47cc2c109b294de98015792804e64,artigos_casa,52,321,1,1525.0,33.0,10.0,21.0
6818237fc018fd5890c9095624a12182,fashion_bolsas_e_acessorios,55,753,4,200.0,17.0,9.0,17.0
f1384e935826c44865aa6b0483711048,papelaria,56,278,3,2400.0,31.0,7.0,22.0
65c5f70a0cc1d74c36cb5e8de51582e7,brinquedos,44,227,1,650.0,45.0,15.0,35.0
d2c23cb5ca229e1539b7937ae3817b82,automotivo,58,525,6,100.0,24.0,2.0,17.0
88d524b8b5576da63abf7b16bef48a39,informatica_acessorios,29,692,1,300.0,16.0,2.0,11.0
5aa94fb8e895c82912cf9b8bea8fdff5,variedades,32,563,1,9500.0,31.0,80.0,54.0
860d51f23d7ca3111d26ee05bf1aa355,variedades,24,243,5,250.0,24.0,15.0,16.0
b0acce29b45d9b1236d4787813058afd,beleza_saude,48,1248,3,1150.0,20.0,10.0,20.0
3cde861149cd37e780afa34c3122518e,alimentos_bebidas,57,858,3,100.0,23.0,16.0,16.0
702a14f9c5a93130c3346c4de901d864,esporte_lazer,54,270,1,250.0,28.0,28.0,28.0
b9900407a55cb2b306ae612415c3340e,livros_interesse_geral,45,646,1,400.0,26.0,6.0,36.0
a6a89796253a9c3777bf7ed7ebb5d9d4,ferramentas_construcao,60,205,2,200.0,16.0,11.0,11.0
563bbe0d8473acb99ec159079a8352f1,artigos_casa,59,323,1,2200.0,45.0,15.0,35.0
b952d6773e9a3a9b86c9faded9ec3c86,informatica_acessorios,41,713,1,150.0,39.0,9.0,11.0
c5e9693041e519fd6e2ebde0d76cc1ad,eletronicos,39,535,2,14800.0,60.0,40.0,40.0
33caaf7b2444ac27388cc2908a0413b4,utilidades_domesticas,60,836,2,1197.0,24.0,36.0,29.0
040088789b98987ea1df150fd7fabfd7,telefonia,42,224,4,140.0,16.0,10.0,14.0
64ebd99011a464d8ad8c12e9587038f6,ferramentas_construcao,59,946,3,500.0,31.0,4.0,16.0
a3d101bfee6cd242a56008611f7c1335,informatica_acessorios,60,171,1,300.0,50.0,5.0,20.0
ea74c867ca62f47d2c6bb8f14bdd34df,utilidades_domesticas,58,1216,5,1450.0,20.0,66.0,20.0
d65a8b442d5ca2ebc7ccd31732257bbd,relogios_presentes,44,349,1,500.0,20.0,14.0,18.0
6557070af155fe4cc5820b0e123ecdf8,brinquedos,40,523,4,6350.0,55.0,33.0,30.0
ddac8798e257a6963618501954448fd9,utilidades_domesticas,45,178,5,875.0,21.0,14.0,13.0
b0db5c7b3cdf07d5d6de413ad86bc1d1,automotivo,58,500,1,550.0,30.0,20.0,20.0
81fad99d75a97d6ea46263987cc218a9,moveis_decoracao,54,553,1,900.0,35.0,9.0,25.0
e4c814546f8a6ca2ff74d7a7bf8896de,consoles_games,50,816,1,350.0,21.0,11.0,13.0
50fcba527cde578e212f114ba5cfdfef,variedades,54,874,1,1000.0,42.0,25.0,15.0
b3e99300a2d0481e7b1d7ce484d498cf,fashion_bolsas_e_acessorios,47,395,4,300.0,16.0,9.0,11.0
c9c95f9e62d83a9d190792abc83f6811,brinquedos,15,467,1,460.0,21.0,13.0,16.0
71d22271ee986bf5a46a2c199da0265b,artigos_casa,51,875,4,850.0,35.0,10.0,25.0
256a9c364b75753b97bee410c9491ad8,utilidades_domesticas,59,649,1,25250.0,68.0,66.0,66.0
1d51c52f849033c63a9ee3250a3c1267,automotivo,58,264,1,20000.0,28.0,5.0,30.0
715de93e3ca2fa3b11430ae2914d2203,pet_shop,49,1212,1,1125.0,25.0,15.0,18.0
63ee501f72520d5ec54cef5fd3a21a20,esporte_lazer,60,437,3,1093.0,20.0,14.0,18.0
ddb67d084003da7eb28d3e2992a5971c,ferramentas_jardim,58,955,2,1450.0,30.0,23.0,20.0
452f66a0f164cac57802e2cea93188ac,ferramentas_construcao,43,1009,4,350.0,16.0,61.0,16.0
aba4ddea6c5ac1d37fd10898ac1e8bf4,artigos_casa,39,463,1,1550.0,47.0,12.0,37.0
ef66e63137bdd1b2e44aa968646fc1e3,moveis_decoracao,41,789,1,750.0,20.0,35.0,20.0
f573344a8a4030dcba9a21e9c51829c1,esporte_lazer,44,254,1,400.0,22.0,15.0,22.0
ceb8943f1e828dc9b58eeb0d0c83a377,esporte_lazer,46,1360,1,3300.0,25.0,8.0,25.0
fe0be6df56c891975ff729be49fd2e17,perfumaria,48,435,3,318.0,19.0,10.0,12.0
5c5396ff3a1b3d492a2aa04730b25904,eletrodomesticos,50,1304,1,500.0,16.0,10.0,18.0
fe3d99587f58ad918a2241f5c7dfa274,esporte_lazer,55,3120,1,3700.0,33.0,36.0,33.0
7931c305032ec48bb0ed7bd63539aeec,ferramentas_construcao,60,721,4,5200.0,49.0,13.0,39.0
6df23f718baba6b30c0f3a6a516ae0bf,automotivo,39,381,1,700.0,21.0,9.0,12.0
c7b775d0318ecc1285014d8a068f9090,ferramentas_jardim,41,428,1,305.0,16.0,21.0,12.0
10c0e80fdc9bcd975fe45e75af61b256,utilidades_domesticas,47,313,1,5475.0,26.0,37.0,40.0
58996344af284b05e0909b85f26dee46,moveis_decoracao,50,1878,3,2550.0,104.0,4.0,68.0
4b7460bb7ecdf2e9177bdf7bec466a4a,fashion_bolsas_e_acessorios,31,246,4,225.0,23.0,23.0,16.0
d116d7f4aa44ed3793cce65c2aca77ba,fashion_bolsas_e_acessorios,58,348,5,100.0,16.0,9.0,11.0
2b849e71ada03a262ef4338a7abd8b79,utilidades_domesticas,56,786,6,1700.0,20.0,10.0,14.0
acffe5d7cd56e6b564cf6841486644ff,beleza_saude,58,356,1,200.0,19.0,4.0,11.0
1ee989a922dba7ff11c8c530b439ec2b,jardinagem,43,2031,1,825.0,17.0,16.0,13.0
1c6e92bf485313aa98f50dbfd2586f95,brinquedos,46,676,3,600.0,22.0,18.0,26.0
95e25af33821b9d231e06f1e7cd34d4e,moveis_decoracao,5,267,1,2600.0,18.0,40.0,13.0
79161ecc0839d5d58374918d289ee6c7,beleza_saude,36,551,1,125.0,17.0,7.0,12.0
fc276546b539ea9ad62827c2a5e2ae42,moveis_decoracao,47,504,1,550.0,25.0,25.0,25.0
a96d7b91547c9d381eef6793af2c639e,ferramentas_jardim,52,768,2,2900.0,30.0,20.0,16.0
d5ad2be418dec48e9d0c4745e431c384,informatica_acessorios,43,893,1,150.0,21.0,11.0,12.0
ea650c84a7d5aaf2a2c5f1b108de8f7c,telefonia,45,56,1,50.0,16.0,14.0,15.0
cc041329dc20f1f8c48eb9861c6084dd,variedades,42,296,4,2100.0,62.0,80.0,12.0
ca8df6d98683f15986ab0d2e2d6f0939,esporte_lazer,44,912,1,470.0,19.0,17.0,15.0
a71d0bc0c279b81bda788ecaca585ca5,artigos_casa,52,365,1,9300.0,45.0,15.0,35.0
0ff5724c5f19f85ca8e95529a6340c3e,automotivo,35,350,1,21100.0,27.0,27.0,27.0
b665d6299c02572404ef4ee1741140a3,moveis_escritorio,47,2412,1,10850.0,58.0,20.0,58.0
baf7a75881d1a6704d6341161009a0cd,consoles_games,50,555,2,600.0,20.0,15.0,20.0
6743e2040ded41c39d0df37e1ab6667f,artigos_casa,60,146,2,3000.0,34.0,8.0,41.0
34a4076cd057a823247a5a44e84872d8,variedades,,,,1900.0,40.0,40.0,30.0
4f94048af0c7f18f55a5ea8d09d88ef3,variedades,56,1050,1,2350.0,42.0,25.0,15.0
8dc068efed6312b226cb8f74127314c9,moveis_decoracao,45,275,1,500.0,23.0,9.0,23.0
74c5ce32712cad35780e4da885dff757,utilidades_domesticas,49,254,1,825.0,27.0,18.0,20.0
60dfe129ad287ca8cd2656a8151138ad,moveis_decoracao,54,1750,3,2450.0,105.0,3.0,70.0
1b7c03297b91c3accb749dfadbac7bbe,moveis_decoracao,59,646,1,300.0,16.0,30.0,20.0
1ac94144a305b4bc370804ca0d290490,beleza_saude,53,389,3,100.0,16.0,3.0,12.0
d45f43af9b205b51568f78314d3057a6,esporte_lazer,49,1096,3,3050.0,20.0,20.0,20.0
e8c2065927de366ef9622dbee0bb7b63,informatica_acessorios,48,647,1,1280.0,35.0,14.0,19.0
a5e537da8376b8623758e0186bfa400f,eletronicos,44,860,3,895.0,24.0,14.0,15.0
c4760efe81b34457c00f5ebf9af1104d,alimentos_bebidas,43,532,1,1450.0,16.0,40.0,16.0
c5fff00bf5f821911d676badbb286675,artigos_casa,59,425,1,1550.0,35.0,9.0,36.0
40540b68d7fd077e46c33308fb59c2f5,artigos_casa,29,296,1,900.0,60.0,15.0,50.0
4c9073fdec69bd1812b35ff1a3472aa8,beleza_saude,56,940,2,1717.0,34.0,6.0,34.0
b746f0f77468910428130facb2ee2d1f,informatica_acessorios,42,207,3,100.0,40.0,2.0,24.0
c4f892b889113bc53371317bd975a168,telefonia,57,406,4,200.0,20.0,9.0,14.0
fad824f446c61e0e6e1e8644c17a9f59,utilidades_domesticas,50,251,2,700.0,30.0,30.0,40.0
c505337344cd0e2eac331aaf4d348743,moveis_decoracao,26,577,1,4950.0,36.0,41.0,36.0
177793be904f7c1a1ca04c64ce05a68a,consoles_games,25,751,5,300.0,20.0,2.0,14.0
895fc53d66ecb6c1afc40138dbc2a73c,artigos_casa,48,330,3,600.0,41.0,14.0,14.0
88fd73c5f2f64f47bec495c5137929ea,variedades,57,2489,4,600.0,16.0,18.0,25.0
00cc15e0cef551848c797ab75ba904b1,relogios_presentes,47,596,1,300.0,19.0,10.0,15.0
1b11571a0535a643bb18db34b84b7334,variedades,53,686,3,550.0,21.0,15.0,25.0
ed6bc7b0fbc4062bfcb009b1c080dca8,informatica_acessorios,49,210,1,200.0,31.0,16.0,16.0
dc881ef926ca402063ea142afc83874c,variedades,51,863,4,2100.0,23.0,40.0,16.0
18d79c2b73a6d9e34208eaf182edd13d,moveis_decoracao,49,1918,3,7900.0,99.0,4.0,50.0
c6a988c762b18da642d772a1f1ddb782,utilidades_domesticas,40,396,1,600.0,30.0,30.0,20.0
dff7fe87b6455dba4be604aa1d2938fa,informatica_acessorios,45,263,3,1042.0,36.0,18.0,33.0
ee1bcbbf391346d60af2af0fb84ed1c6,telefonia,22,45,1,125.0,17.0,17.0,17.0
a9d28bf666feccc924dd16f0a19cb70b,beleza_saude,45,3091,1,150.0,24.0,5.0,11.0
b820acf9bf8fde90adc0b03e82045f77,moveis_decoracao,55,2095,5,30000.0,80.0,10.0,50.0
d320834f42a07dcc3cf09805bc8c7001,utilidades_domesticas,50,196,1,7875.0,60.0,31.0,31.0
928e52a9ad53a294fdcc91bcf59d1751,utilidades_domesticas,34,1031,6,1600.0,20.0,60.0,20.0
1631c9e1ec508b76a2a0615751e73405,brinquedos,54,1205,1,400.0,25.0,13.0,20.0
718fd998840023f0abc77f4ea97e6018,moveis_decoracao,48,855,1,700.0,17.0,17.0,17.0
99b5252f661c113b53ca9fbaae9dd3fd,beleza_saude,56,561,5,350.0,16.0,25.0,16.0
7d37c36ca8a92b8e5f136a640d2b4816,perfumaria,50,899,3,400.0,20.0,20.0,20.0
c9316b04fcac70510dfc554e184e35f8,audiovisual,49,899,1,200.0,20.0,2.0,14.0
f63623e4b513b69f115a2b34b9667938,eletronicos,41,292,1,100.0,22.0,8.0,12.0
4c2a4ab2efb349db80f195f4b122eb6b,artigos_casa,49,1004,1,550.0,30.0,8.0,26.0
8fbd0b7f20c851cff57ffa74ebac3ec2,utilidades_domesticas,60,588,1,550.0,34.0,20.0,25.0
9a9a9db03d984059e843b4f3cb5688d0,brinquedos,63,499,3,1400.0,17.0,21.0,37.0
cf8f54285cd7068ecc0f6956d1dc311b,variedades,55,675,2,450.0,16.0,5.0,21.0
681953ccd5c33207d75571a4bfbe127d,beleza_saude,60,1209,3,150.0,18.0,6.0,13.0
db135cb6b62b43f71eda83dc6daff2fc,papelaria,32,241,2,700.0,20.0,46.0,35.0
b69bcfc7cfd1e1a53b1d754ddad08417,informatica_acessorios,53,445,1,350.0,28.0,6.0,13.0
3de0f67a3747dbf94f485e9f5843b02d,beleza_saude,54,797,2,200.0,20.0,10.0,15.0
0030e635639c898b323826589761cf23,ferramentas_jardim,40,437,1,1550.0,26.0,6.0,20.0
56a46955ecaf11d037f22e3f11b903d7,artigos_casa,59,590,1,5350.0,16.0,50.0,40.0
1fd570765d10abc088a6e78a8a75a7d4,relogios_presentes,45,300,1,425.0,21.0,15.0,16.0
3d9a059cad84dedd0c4cdec92570bf52,beleza_saude,51,392,1,1250.0,30.0,12.0,16.0
1114429023023d2546ff428bfda1abcc,brinquedos,40,130,1,650.0,30.0,16.0,25.0
d7fde05be73032f8b6764298d1f40b4d,esporte_lazer,30,391,2,900.0,28.0,25.0,25.0
13b4ff901d43edec666e3253b14b3a8f,artigos_casa,59,264,1,23450.0,16.0,10.0,16.0
0c40401eba358c9ef2ff2df80b6eab52,variedades,,,,500.0,16.0,15.0,15.0
a92e80a616f43e92e581a60fa5b30dfb,esporte_lazer,59,1617,1,500.0,16.0,16.0,16.0
d249623077b8906276b8d77ced95f8c4,fashion_bolsas_e_acessorios,29,40,6,150.0,16.0,2.0,11.0
a03e40dea3abae7cadf374eda9afc2c3,perfumaria,54,575,6,2300.0,26.0,26.0,35.0
c32b1155b886162db8e1ec114699a799,artigos_casa,53,381,1,825.0,25.0,18.0,40.0
aecb90cb7f3c1fd62e50a51ce73659f3,informatica_acessorios,32,483,1,800.0,28.0,18.0,23.0
88646c24f1972c70b1da7ab8ff378d8f,artigos_casa,53,279,1,850.0,40.0,20.0,20.0
f70a5d9b1b6d4fac3e2b7da556700b33,pet_shop,56,1143,2,7700.0,50.0,20.0,40.0
fd1d81ca3e323dfc0b3f48e0225e4bbf,esporte_lazer,58,1423,2,6500.0,20.0,20.0,20.0
9b3d7d1f427df3cf9a6e4fa9a3cba6f9,esporte_lazer,60,1006,1,200.0,16.0,5.0,11.0
7686fe49c98ae1c537b5cc51992f5d20,bebes,38,798,1,600.0,22.0,18.0,19.0
04f9ba792a88dcfa0a4ecadb4d0ad913,esporte_lazer,43,357,2,500.0,17.0,31.0,18.0
f1e60c5b5f15ae0c91d490abe6c03bf2,malas_acessorios,59,244,1,600.0,34.0,6.0,24.0
e4d34d3dbd367b0021e5d65105870180,ferramentas_jardim,41,288,2,1372.0,28.0,12.0,26.0
888bc229e8f4a4bb412bdea51c650a49,informatica_acessorios,60,187,1,200.0,25.0,2.0,16.0
c2f3c9eafccd7ee6ea11f24d3e3b7366,automotivo,53,575,5,1100.0,33.0,27.0,26.0
a565c2e7c2af3eaf353b14a2e82daa53,artigos_casa,57,293,1,2150.0,40.0,10.0,30.0
994ab76f0da3349fffcfe5d598e9babb,beleza_saude,51,2979,1,150.0,16.0,2.0,20.0
cbc12130f2e546a8888db10826f56f52,moveis_decoracao,33,149,3,7050.0,100.0,20.0,20.0
249da6972f14b13495be6a75239e9a91,artigos_casa,56,186,1,750.0,30.0,5.0,26.0
23f26aad5e170be72892a841fb2b0ab8,brinquedos,40,172,1,500.0,17.0,13.0,12.0
60b84165fc418389757838f274b728e6,utilidades_domesticas,44,1096,1,13000.0,30.0,32.0,30.0
0acad8a389d9ac863b63a5bd91d18697,brinquedos,43,1223,1,400.0,17.0,12.0,12.0
33bb7da523efcdef6cd2996cbf72d081,moveis_decoracao,57,1972,2,1150.0,69.0,11.0,11.0
4e1de4e68983a0bb4f3ac7d20d651e85,moveis_decoracao,59,638,2,50.0,16.0,3.0,11.0
eb10fbd5bb2b14db2c080b7fec381b52,beleza_saude,44,478,1,450.0,16.0,16.0,16.0
08e9cbdf0ec7e3f5a265ebba500bcc73,moveis_decoracao,33,838,1,6700.0,51.0,63.0,34.0
94f584e1a1158e97314c59b190dfb899,artigos_casa,58,216,3,9650.0,50.0,20.0,40.0
b3bd55bb626fd2657bbb08dd016a0cde,bebes,50,329,1,6700.0,57.0,40.0,25.0
8a2f1c6da9f976b4ff0a6f7ef012e4b5,brinquedos,60,996,4,1400.0,40.0,30.0,25.0
99977819f93de86edd087f696bc75e57,moveis_decoracao,37,600,2,810.0,21.0,28.0,41.0
00ffe57f0110d73fd84d162252b2c784,utilidades_domesticas,56,1877,1,16000.0,16.0,2.0,11.0
660cde3831902f7c7054cda45716d948,relogios_presentes,46,438,1,450.0,18.0,12.0,14.0
643f86cfb81c8ef89293524c5cd78435,pet_shop,52,896,2,600.0,36.0,6.0,25.0
f995f36cecde1f56edd98fc83b2b0b41,relogios_presentes,59,700,2,550.0,25.0,12.0,19.0
19629b1460e380638d4b9263bd31547a,eletronicos,52,1681,1,10900.0,75.0,18.0,70.0
46f920b1c8a089ebc671e32f5353cf01,utilidades_domesticas,50,571,8,250.0,30.0,11.0,20.0
ac5b95f5dc30a0bb558f9b6edbcaab5c,perfumaria,37,377,2,8200.0,38.0,18.0,22.0
70e0c10acc3dd72e17f2136ddb027317,variedades,57,1003,4,200.0,30.0,20.0,40.0
537795846d3155fd59b4eb12545b1b2f,perfumaria,54,937,1,50.0,16.0,5.0,11.0
da721f960c721a863e6bd3ccf8ebb4de,informatica_acessorios,33,70,1,180.0,60.0,11.0,11.0
549eff3b8a1a37069310736110a92939,fashion_bolsas_e_acessorios,47,240,1,100.0,16.0,5.0,11.0
11acb40fe03811a7bc40babe5d11c752,relogios_presentes,53,481,1,400.0,19.0,13.0,13.0
5570e58fb62fc2a83e5bda3974e35be5,artigos_casa,55,273,1,1050.0,38.0,10.0,38.0
d90d7857e8369bf261bcbaeb9731b64e,perfumaria,51,1526,2,850.0,26.0,10.0,26.0
17455fdde89549b744a53cffa8eb67f9,ferramentas_construcao,49,2202,1,50.0,75.0,11.0,11.0
e7e04378fa044f94470c5486c6896ed5,esporte_lazer,55,194,1,150.0,22.0,17.0,14.0
03e1c946c0ddfc58724ff262aef08dff,utilidades_domesticas,46,465,1,550.0,16.0,22.0,12.0
a7caf970fe61b23afec3d2d0ba545eb8,variedades,33,1445,2,800.0,34.0,10.0,22.0
abe664b73da592b7d5d0e5ef9b2789d6,automotivo,59,2637,1,6900.0,60.0,20.0,60.0
24c9dc6efe88a1c3e794968ab1dd2a38,utilidades_domesticas,55,530,1,800.0,30.0,15.0,25.0
a1c7fa36b9e213f7dca9ab73b0c923c7,brinquedos,59,519,1,425.0,25.0,16.0,20.0
574a84e6ebd42413eb6d2a7e97f04612,beleza_saude,51,1764,1,2000.0,26.0,17.0,19.0
2022aa748485ad1226fc9519906cfcf1,consoles_games,34,168,2,355.0,18.0,17.0,14.0
7d00a7c029fe3cf2bddc1e8e0484c2c1,seguranca,55,1393,1,450.0,16.0,11.0,16.0
64e054669023deb2bfa82f61a2829404,artigos_casa,55,270,1,1550.0,38.0,10.0,38.0
1c27515baa5bece76d41e2353efcdd8e,utilidades_domesticas,56,358,1,900.0,71.0,13.0,11.0
8b9c8e85433275b6ff2beec69943e2c3,artigos_casa,56,555,2,563.0,44.0,8.0,35.0
9cb67ae6cec5627ef21cbadcdb357054,perfumaria,57,483,1,350.0,17.0,13.0,12.0
4cd6ba4ea3112de8fc238307c4dc6307,artigos_casa,43,506,3,1000.0,35.0,8.0,25.0
407e01944d78001dbd21da4c2059b8dc,telefonia,51,1570,1,300.0,16.0,4.0,11.0
0f1685e5c1430054df6d76621c2a0f8c,variedades,54,1263,4,100.0,17.0,6.0,20.0
c9e2166d65e4f9986c1ed219bb5f8606,artigos_casa,54,209,1,5210.0,60.0,23.0,54.0
e0714d4d2e52b1fbc8e851dac210333a,flores,56,1650,3,550.0,16.0,25.0,16.0
4da69617724180dc2e4aedddd7ef938b,brinquedos,45,217,1,450.0,45.0,15.0,35.0
92d9e76c3678dc402b5d1a49f1ccc7f2,artigos_casa,60,624,1,2550.0,45.0,13.0,35.0
1522a5bd5aab30ceb119c8fb8ec5a8f0,esporte_lazer,32,682,1,190.0,22.0,5.0,15.0
3b99375795409600e7924e00452855c0,beleza_saude,32,3329,1,400.0,20.0,11.0,12.0
10262dd1d69315c5a855b40812520578,artigos_casa,50,525,1,800.0,50.0,16.0,44.0
315c6373ff469f7b7f60bbb36c319f7b,artigos_casa,56,105,1,550.0,20.0,10.0,15.0
67d1732a904be023de826d53879c3534,artigos_casa,56,134,2,650.0,50.0,5.0,50.0
aafa97a9b1e2b3eff1702a24f1d058e9,moveis_decoracao,59,211,1,200.0,25.0,2.0,17.0
a512b45196335938ab8e8efd63bc7d2b,informatica_acessorios,32,450,1,150.0,16.0,5.0,20.0
e7a7e6b2b4959a39ac5ca07aa21e09ea,eletronicos,57,1583,5,400.0,20.0,4.0,13.0
2b5bed5ddd304876b5d0c3eca2b6cbce,moveis_decoracao,53,553,1,1400.0,35.0,9.0,25.0
066313d5479246299d9c2a117f55d0a3,fashion_underwear_e_moda_praia,33,1107,2,300.0,22.0,10.0,15.0
87700264f353c44d18c38c328d1fcd25,automotivo,60,1659,3,450.0,16.0,21.0,18.0
9562542703cb9359fa625418f190b920,automotivo,49,455,1,100.0,16.0,10.0,15.0
8fdce6f1db3b75b035989f673164487e,artigos_casa,54,524,1,900.0,16.0,16.0,16.0
f4e71b15e74938b15ecb9d15874ba227,utilidades_domesticas,44,168,1,150.0,18.0,18.0,18.0
f02d2666e92bec1257a6b1ebe94274ea,moveis_decoracao,30,381,4,100.0,28.0,16.0,16.0
348b10ae8463b0ee175ad03103e59f83,brinquedos,63,327,5,1000.0,18.0,23.0,20.0
3ed1acff2a294f6e314f95ffdd76002c,automotivo,49,677,1,2600.0,35.0,20.0,20.0
e5ea77a1575b40961598bca64f081976,artigos_casa,54,187,3,1500.0,45.0,15.0,35.0
b70722d88b1dddd6ecbb159db90faf61,utilidades_domesticas,43,578,3,250.0,25.0,15.0,25.0
fc5db2fc460f284583971cf23f3fc75e,artigos_casa,49,120,1,650.0,34.0,18.0,44.0
809b8a01c27dc36ebb039c6550c300ce,automotivo,51,1236,1,250.0,20.0,6.0,17.0
0130c4375ccbe30dbfa676abd076a056,utilidades_domesticas,59,1687,3,1038.0,40.0,36.0,13.0
856b55eef75569bf5ec655e857bf84f7,beleza_saude,57,1186,5,550.0,29.0,7.0,22.0
9064f7e4f4d596604b5df8265fdcc8e1,utilidades_domesticas,50,96,5,200.0,18.0,4.0,12.0
4d2c3ee422e4c891e4b715c4ede15ca6,moveis_decoracao,53,743,6,7150.0,105.0,5.0,65.0
d3a735e40a3d006beb83b9b0594d3765,relogios_presentes,52,1352,3,500.0,16.0,11.0,12.0
8e070d077d43019c6ab43765f69d8401,artigos_casa,49,1904,1,1200.0,60.0,15.0,40.0
c0affe12cfb270f60fdfd2eef4905a2f,automotivo,50,970,5,1375.0,32.0,29.0,29.0
9d65ba102eeefb2ee2284de1fdc3964d,automotivo,55,2075,1,3550.0,42.0,19.0,27.0
d982791b03ad95faaa03fc746ad04672,informatica_acessorios,35,1543,3,2300.0,42.0,29.0,28.0
fad5712458efaf9fff0c29431c558b07,relogios_presentes,59,559,2,325.0,19.0,13.0,19.0
7858ef2bdbf08f635dedbe5cd1dc966e,esporte_lazer,58,568,4,1500.0,35.0,20.0,15.0
d8b8e82856a488b2cf5bcf21407efa8d,fashion_bolsas_e_acessorios,34,67,3,100.0,17.0,7.0,12.0
4f88323d03ffaf090b8fb0116b33c95e,artigos_casa,56,255,1,1700.0,30.0,5.0,30.0
071f9a2b7591f2e8a2a59a50ecc5a297,bebes,59,224,2,7150.0,75.0,15.0,50.0
8e0aa05a387182c8ef3cd13b6131e60f,moveis_decoracao,56,231,1,1800.0,44.0,14.0,33.0
ed739dfa91e2c770354726fe0bf9cc72,utilidades_domesticas,48,798,6,250.0,22.0,5.0,14.0
68e8aa2107082a035abf076c50bff4fa,bebes,48,1244,1,8200.0,40.0,35.0,35.0
679d1a26cc192f14e7e30ae397f8b089,beleza_saude,27,1310,2,350.0,20.0,10.0,15.0
878a891a2694570ec7602c80e45d323a,informatica_acessorios,60,1171,1,1510.0,34.0,23.0,19.0
3af323a3bb29406e22d5e400787167b7,fashion_bolsas_e_acessorios,57,224,2,100.0,16.0,6.0,13.0
46444262c3cb20869d7f96985fc0b08a,esporte_lazer,60,1353,7,4750.0,102.0,10.0,22.0
23a8c3849cf3f25b1962e056d459deb7,brinquedos,60,486,6,1150.0,30.0,22.0,22.0
208e1df130afb08c59c387b356bc149a,moveis_escritorio,58,1317,1,7000.0,52.0,52.0,17.0
3c40f1198e8e92e3c84c84bf8a8e1f0e,artigos_casa,44,112,1,450.0,40.0,4.0,30.0
c2f370a2ed4594086e73404c0fb63db9,moveis_decoracao,50,633,1,700.0,70.0,8.0,70.0
22d4437444eadc9f1c695f24d3f1aac5,artigos_casa,52,852,2,5200.0,31.0,43.0,21.0
78514b0a0cec96621010b7b6a2bfd6c6,moveis_decoracao,55,1518,3,450.0,50.0,3.0,25.0
3b7d1b901fe011eddf729f636ed0f861,utilidades_domesticas,47,758,3,15400.0,49.0,39.0,17.0
c89e8c067337f726514a8ef42a523811,moveis_decoracao,60,479,1,100.0,16.0,88.0,16.0
76397820b3556e99a4a2e3056eca24e5,artes_e_artesanato,57,734,2,1700.0,32.0,4.0,32.0
06f18114503e7543d81252fd61a53df8,utilidades_domesticas,35,2816,1,1250.0,22.0,24.0,24.0
527b0d563a8729f44d5ffb437100931f,perfumaria,29,824,1,650.0,21.0,17.0,14.0
ff8b5a5f01bf21afd7d49b4688ca6d1f,brinquedos,36,422,1,300.0,20.0,2.0,20.0
eb9cd977eb3e9530f59495b4a93e173e,beleza_saude,53,522,1,300.0,19.0,12.0,13.0
6401d2f82d6e6c52998ce626fe4eda24,fashion_roupa_masculina,30,51,1,300.0,30.0,40.0,11.0
5c5fe6db8a848392322c5f525ef10ce1,automotivo,59,1657,3,500.0,16.0,21.0,18.0
794510bcdbf5a73420b5c9e51022d003,telefonia,58,462,2,200.0,19.0,3.0,11.0
fb2631932085fc37d651d3408aa65a8c,esporte_lazer,40,1343,4,800.0,23.0,23.0,23.0
d2e131d6f19ae0d665fc1a6c420b4f4c,relogios_presentes,32,352,1,660.0,19.0,14.0,16.0
ffd259a48b9b073c942884d0f3659566,fashion_roupa_masculina,30,273,1,400.0,40.0,5.0,20.0
b2873f8b24fbe611a16afb61dba34edd,eletrodomesticos,60,187,1,150.0,20.0,14.0,12.0
37246960437c4a40a03c40f0ea2e957c,artigos_casa,55,246,1,1800.0,38.0,10.0,38.0
f649a2fc406930962c1cd7b147497a79,ferramentas_jardim,50,905,4,400.0,35.0,10.0,26.0
dc405c97a6bb6f7d86222f2160540b02,moveis_sala,43,1552,1,2500.0,31.0,11.0,20.0
67bd6a1598204895a42b0b3071a398e0,ferramentas_jardim,41,148,1,500.0,16.0,2.0,11.0
bcf64c2356ded745b81b4348a8a763e1,pet_shop,48,1561,1,1000.0,19.0,15.0,18.0
67a1e52f1184a4ffecff3b0a80d00889,moveis_decoracao,30,166,1,8500.0,52.0,15.0,52.0
83ad269665a5be4f1e69a2f13ab39553,pet_shop,34,791,2,900.0,31.0,19.0,22.0
7488482ecdc1096af0d1f23338dbdb4d,artigos_casa,59,81,1,650.0,20.0,2.0,15.0
368e069951582162e3d1d2151051e978,livros_tecnicos,41,2089,1,1200.0,40.0,2.0,17.0
a171b306b69fe67a7bb0873d02e9cb98,perfumaria,58,605,3,250.0,43.0,16.0,27.0
7bd42138fcc3aec6e8a0494f5a34bd25,consoles_games,34,869,1,300.0,20.0,10.0,13.0
05a75cd320865bee3f3b69014ba5bddc,automotivo,57,192,2,100.0,16.0,10.0,15.0
8c7442b088dc69fece3db05b53234860,automotivo,54,810,1,2700.0,38.0,4.0,38.0
861f715fc920b62d0bbd75b605a9827d,brinquedos,56,958,2,583.0,36.0,7.0,35.0
a1cb53bba48d0f315aed0019db5365fd,fashion_bolsas_e_acessorios,58,849,1,3150.0,62.0,20.0,40.0
24cdea192c5e345910d4fda8580576bd,informatica_acessorios,56,1284,1,300.0,16.0,13.0,14.0
b3716b1e3576d3f2f246139d80c67d6a,brinquedos,45,215,1,200.0,45.0,15.0,35.0
542d8fcc4a81cd455526d35b556437b7,automotivo,51,925,2,3900.0,65.0,25.0,25.0
3b43f7794dc5da533ffd74ebfeccf539,esporte_lazer,42,696,1,467.0,22.0,26.0,22.0
d472d40a9bd1540640ccc224d6d84319,telefonia,50,1311,2,50.0,18.0,6.0,11.0
5895e5cc058d6773e63c7084c7f6e636,esporte_lazer,58,734,1,375.0,17.0,12.0,17.0
408a59367613a62d59b6e3ca5ed58631,moveis_escritorio,56,1119,1,6400.0,18.0,53.0,51.0
49366a8fab2e191239a143647474e7fc,esporte_lazer,52,2238,2,374.0,22.0,14.0,14.0
dd2ab8097e36b7a1f348e87f9b22d09b,esporte_lazer,26,1152,2,2541.0,60.0,21.0,19.0
af71eaa0649e29ecc95cf394f03f76be,utilidades_domesticas,50,354,1,1800.0,30.0,20.0,30.0
4ee0872b98a6a08ce8c8b65e2502842d,fashion_bolsas_e_acessorios,37,558,1,100.0,17.0,3.0,12.0
ea012826f2cb04c6fd08522ca179302f,papelaria,58,640,4,500.0,26.0,32.0,26.0
0176bf7839ab4e611dc01cdc3ef6f4e4,variedades,49,330,1,1600.0,33.0,44.0,19.0
7c36efeb84ad73bad896d3b2c7a21e3d,fashion_bolsas_e_acessorios,59,225,3,300.0,16.0,2.0,11.0
e8545000ce984caa603de4cfa1e0c5a6,artigos_casa,49,496,1,720.0,32.0,4.0,26.0
76265fc5cc76fc5f09534fb307605c10,ferramentas_jardim,58,1698,4,1000.0,36.0,24.0,24.0
0cb9f521598f339ad6e6b41e34a1b169,telefonia,59,348,2,220.0,20.0,12.0,17.0
f6c22e9bdcafd5297ab3b143e9a5a19f,relogios_presentes,39,559,1,1317.0,26.0,29.0,31.0
3e13b2ef84dd5351ce75832722d8a1e2,artigos_casa,41,316,1,350.0,37.0,5.0,30.0
c1d14f1a3879495b9df24a6c48880642,beleza_saude,46,1873,1,1538.0,18.0,19.0,18.0
9f2f03a7cc35b7c27e588388fa1e2252,perfumaria,50,543,2,467.0,22.0,14.0,17.0
af8cad177ab4d05030a2c575aa8a36a2,telefonia,45,627,1,167.0,18.0,4.0,11.0
f67d6f74c4699f7ccf3bd1c0786901c8,ferramentas_jardim,40,187,1,1000.0,55.0,3.0,11.0
6a2961a3f5c85026ed1b3406a9ac27cd,papelaria,50,226,2,10950.0,60.0,20.0,17.0
4b7690d7352318e41ae9594241ac4789,ferramentas_jardim,39,672,1,1000.0,20.0,12.0,21.0
2cc7c90e4f016e696c34e817f09e658f,variedades,58,1210,3,1000.0,41.0,30.0,30.0
4aa9d80ccc87b67668f804143617c43e,papelaria,58,384,6,150.0,16.0,9.0,11.0
9a00058f48982cd587fccba20c2bdaf7,automotivo,60,703,2,600.0,29.0,10.0,13.0
57f202d5e0ed7a3a2d75e479e1579cfe,papelaria,53,215,2,600.0,38.0,30.0,28.0
f59ff3f667dc8dc2b42117736585c1ba,automotivo,44,424,5,100.0,16.0,9.0,11.0
da98cf62c7fe9452761e782902ad71a2,eletrodomesticos,58,173,1,100.0,27.0,13.0,17.0
6e5505d60c1782977e099a8c0339a7b5,pet_shop,42,848,1,1200.0,20.0,15.0,15.0
335cea5bb277be8db0461ab24dea8268,telefonia,59,413,1,100.0,16.0,6.0,11.0
b665e36bb9b15abafbf0559d818c3da1,eletrodomesticos,54,1349,2,6350.0,44.0,43.0,37.0
7eb96ea641252f20b26fd6878d009a1d,utilidades_domesticas,46,1742,6,350.0,21.0,9.0,13.0
8d2acb5eb701be18bccec69a070fd23d,informatica_acessorios,57,811,1,1100.0,23.0,13.0,26.0
4c809e61a89993ebeb2ad634b8af3c15,ferramentas_construcao,57,1889,3,650.0,16.0,20.0,11.0
a99b48b5e48dad4129ce5bb0cd079153,artigos_casa,52,289,1,2550.0,35.0,9.0,33.0
c6bc6e6265a9e3e202b0e843c983e77f,artigos_casa,53,205,1,950.0,16.0,10.0,16.0
af3c32ffb86784d96ad53372364b9d3d,telefonia,47,174,2,150.0,20.0,5.0,12.0
eb2d962076aa9c2485ef20775d7ca6b0,brinquedos,57,197,2,200.0,16.0,16.0,16.0
5db9185f3c52c4c488fd8a8dcea629f1,esporte_lazer,46,858,1,1350.0,30.0,30.0,35.0
3868f82bc773d8de017afc65aa1fd803,beleza_saude,58,1235,1,933.0,17.0,12.0,14.0
33d572fab2a1a7c217d8831ade7d9357,pet_shop,37,964,3,25950.0,60.0,36.0,42.0
517d4955ffcf9fbd2bb0beb193c81a42,variedades,54,871,6,900.0,45.0,15.0,16.0
2f774e1d1ee6937ae8294771c662066d,ferramentas_jardim,46,372,1,800.0,40.0,6.0,15.0
987a74846f2e12df204ceae9e59953fc,pet_shop,36,369,1,8675.0,50.0,29.0,51.0
448f8f85f231f7f33be46c1a972b6c8d,telefonia,41,1055,2,443.0,16.0,17.0,14.0
9ac1378f05cd222b3fb34a3cccc626c7,beleza_saude,31,1406,1,1075.0,21.0,19.0,19.0
242e1933d9cb1c789d3c6a3f2d083ba0,brinquedos,51,606,1,8975.0,60.0,48.0,17.0
f6ded594ada4d7ad32d68d6c57dcb417,perfumaria,47,764,6,300.0,16.0,16.0,16.0
b588bcc7b2fc3ee01e37f8ad715d831e,seguranca,59,2007,3,350.0,17.0,7.0,17.0
b1acb7e8152c90c9619897753a75c973,beleza_saude,56,575,1,200.0,20.0,15.0,15.0
48cd33248ca35fac04a3b751ac966810,artigos_casa,34,154,1,350.0,20.0,10.0,20.0
704ef15ed43a28d6d37bf70617ec06ba,seguranca,58,444,1,100.0,20.0,20.0,30.0
5a09313e3a42d69ab0b9fe5cb5e45341,telefonia,50,329,5,200.0,21.0,2.0,15.0
e89982d4c99a33861236cb1b4f996dec,fashion_bolsas_e_acessorios,60,917,8,1150.0,20.0,12.0,15.0
c95e9ae597964b2c2e37ed5c5fc378fc,informatica_acessorios,31,164,1,1100.0,25.0,15.0,15.0
b3af6df8f36460eadc69ee2310a440d0,ferramentas_construcao,60,327,1,22350.0,41.0,13.0,41.0
c77dfb9c5aa26053afa89e2f78e09719,fashion_bolsas_e_acessorios,27,184,4,150.0,18.0,9.0,11.0
983a67406e3e74f6b7b27168cf61d6d8,esporte_lazer,51,419,4,467.0,46.0,11.0,14.0
154696c4f8e96ed48f0c191eb09c0683,moveis_decoracao,53,890,1,150.0,19.0,5.0,25.0
1259895e918d39e5226aeabf332434b8,fashion_bolsas_e_acessorios,47,278,1,300.0,30.0,30.0,20.0
3f884cbd108b288036c2e707bac1a5cb,esporte_lazer,56,150,1,1300.0,60.0,11.0,23.0
f9549e7746c357cc4228720985abbab2,utilidades_domesticas,59,1209,5,10250.0,43.0,43.0,37.0
c33af1c0bec994ff07664ab6dcae7a86,moveis_decoracao,52,212,1,800.0,23.0,3.0,23.0
3fb4a7a71f6e781489ced64b438c055f,relogios_presentes,46,263,1,600.0,16.0,27.0,17.0
7535f3518e1009b17aa6e3fa553e82bc,brinquedos,41,1100,3,15400.0,105.0,48.0,18.0
451482edc91f59c001a5a3a0e4d594bf,moveis_sala,58,690,1,16400.0,105.0,15.0,43.0
1addcc38627084ba4a99fe3efca1c65b,telefonia,59,421,2,161.0,17.0,14.0,19.0
4be2adcd3d80c43a90cb97d7efbeedc4,moveis_decoracao,39,1405,3,150.0,35.0,2.0,25.0
c3d27ee9725d9bb6e585039665b36443,perfumaria,51,396,2,575.0,18.0,12.0,15.0
cb606ee58d4f11da0e4b813f87f6fd46,automotivo,57,302,1,150.0,24.0,2.0,17.0
d29e5a0b39b09b0f48f685968cf4f833,artigos_casa,59,123,2,300.0,40.0,8.0,30.0
321cea6c65a44a9abde31f677f976c63,artigos_casa,33,247,1,1450.0,38.0,18.0,29.0
88f723b1cc87199862c31b071276b0f5,informatica_acessorios,52,1340,1,800.0,26.0,17.0,17.0
b89d5de215883aede36ee1988dd754ab,automotivo,38,471,4,1700.0,37.0,30.0,27.0
f5d8f4fbc70ca2a0038b9a0010ed5cb0,fashion_bolsas_e_acessorios,64,1710,1,200.0,16.0,2.0,11.0
41f6fd456756328fcd5fe7c04bf8e335,utilidades_domesticas,38,418,1,250.0,28.0,6.0,12.0
dc0e42a3f768716a158834ab59694650,fashion_calcados,57,404,4,1400.0,22.0,12.0,33.0
1c56f826f3a1fdf255e3fb5fa7637d3e,perfumaria,37,674,1,225.0,16.0,7.0,12.0
448f0791c4d2fc5d250a401edfc208d4,perfumaria,53,732,1,438.0,19.0,10.0,16.0
3ced865c94d3396f990864fa7aef9104,telefonia,58,584,6,225.0,18.0,4.0,12.0
9c3e26b41db239c14312aeaeb1e2abc9,fashion_bolsas_e_acessorios,41,202,2,200.0,25.0,15.0,20.0
26d45aeb865b8800989ec3c0dc33b229,ferramentas_jardim,47,777,1,1400.0,35.0,22.0,24.0
8c0c378bf3515c9c2543766389a5532c,esporte_lazer,28,1102,1,170.0,22.0,14.0,19.0
7be864c6decdcc486fdcd720b1a721c0,automotivo,63,763,3,200.0,17.0,3.0,11.0
43bce2c11df17f5e6e50fbb914fd13ea,relogios_presentes,58,499,1,200.0,16.0,11.0,11.0
ea3da91e6ba865972f9344cb9265296b,moveis_decoracao,19,262,1,10500.0,36.0,47.0,36.0
9ede4fa4d396a0b47c8b5524103436fb,esporte_lazer,48,255,1,450.0,16.0,12.0,12.0
113691e29d92130f086ef9c9a463db10,beleza_saude,58,2167,6,900.0,27.0,4.0,11.0
7c8e2b381bb0fcba5b368961d7823cd2,pcs,55,1131,1,12050.0,27.0,50.0,53.0
7e33f4a1c59f89da30a335b2dc2de187,eletronicos,51,381,3,1075.0,22.0,5.0,7.0
8340594577e768fdc5ceb3c3973a064b,moveis_decoracao,48,219,3,450.0,16.0,5.0,20.0
6dc18860905adba3a2d55fc1298f1701,artigos_casa,59,95,1,600.0,20.0,10.0,15.0
0cc13a424dc207f8c4d3b26ea1cd384c,moveis_decoracao,43,862,1,5300.0,27.0,47.0,27.0
65d7a1724c5c7fd77ac36c80f241ba6a,automotivo,59,211,4,600.0,25.0,10.0,15.0
f999054b306fee895e8d378522bf5c80,moveis_decoracao,54,2075,2,550.0,68.0,8.0,13.0
8e382dedd9ae71943f9a70f6725b748f,utilidades_domesticas,54,1161,1,650.0,20.0,12.0,43.0
c5038055690911ed8e218cceb07acdf8,esporte_lazer,59,995,4,3500.0,86.0,26.0,18.0
bd4b8ef786f95b66ded2f483293318ea,artigos_casa,52,269,1,2200.0,45.0,15.0,35.0
0878701fe7102eb1ba7f0f00229b7944,esporte_lazer,44,312,2,950.0,17.0,5.0,14.0
efe51826ab4363ada69569a61c5a23b1,ferramentas_construcao,55,222,2,150.0,20.0,4.0,20.0
61d4de5bc97fe391e6a42d7520a3551f,pet_shop,60,913,1,300.0,19.0,19.0,19.0
ff7aa48b8bc68495866b40c4010d58c9,artigos_casa,52,854,2,1800.0,30.0,15.0,30.0
0bd5c2b2dd207f23739a694f006d63e6,moveis_decoracao,28,1209,2,2000.0,80.0,20.0,20.0
49f19939bc5c8639e06c36d3bf01ee98,brinquedos,45,842,2,213.0,16.0,13.0,14.0
e178e8610a35f4d6c9b0934fb5e20e85,beleza_saude,33,577,1,929.0,24.0,16.0,20.0
a8bf9a06bef0fe4106c1fc0df21a5eb6,moveis_decoracao,59,438,1,1100.0,30.0,4.0,20.0
df8951356a3ac20689379dffca179561,informatica_acessorios,51,418,1,813.0,29.0,16.0,16.0
95b5038cce133b8c926678c768012103,moveis_decoracao,56,2116,2,2550.0,69.0,11.0,11.0
0d93dbf32345927755c936fe02d5776b,informatica_acessorios,48,493,1,200.0,18.0,9.0,16.0
5840dc6e051b1a6974ff206c4c454afc,beleza_saude,31,1748,2,357.0,16.0,17.0,17.0
e116e213716b7b91f8a320c37939ed17,utilidades_domesticas,57,311,1,250.0,25.0,10.0,15.0
dc556db3ce4879d098cc5479d44beb13,malas_acessorios,58,859,2,3850.0,30.0,10.0,49.0
c852654d4c3cd30c5582bc69d5e456ef,jardinagem,27,1398,2,2900.0,85.0,16.0,50.0
5bfc7506459ae2a7b4b573fe557a58e1,artigos_casa,57,535,1,800.0,45.0,15.0,35.0
86f0b0b5933fa905e9c2184449cfb634,utilidades_domesticas,31,161,1,800.0,68.0,5.0,14.0
24b73bfbbae23b718cea4e1efb2a76af,brinquedos,57,1283,3,800.0,32.0,5.0,24.0
40263263ca0cba325e7d97ada30b8dc6,pet_shop,57,1109,3,150.0,16.0,20.0,20.0
d74cff293606b10cc488bf29afb368ed,moveis_decoracao,59,196,8,1050.0,31.0,11.0,26.0
8f3e68cbfd56c030ceed9696c2e78620,moveis_decoracao,59,388,3,16650.0,55.0,50.0,55.0
f536371e47a14910aeaa783edff843c6,automotivo,57,327,1,1200.0,20.0,15.0,20.0
b907ce62cef95401ecb7606178afd705,ferramentas_jardim,57,330,4,100.0,17.0,5.0,14.0
30011d8ee44c9842921cbc7c1445544e,fashion_underwear_e_moda_praia,60,336,2,400.0,19.0,9.0,27.0
c475e0af586d200a52fcfa1dee11d1b2,informatica_acessorios,58,223,1,100.0,40.0,2.0,24.0
612e4aedc946db0cf1a5b9e1f2f81272,ferramentas_jardim,54,822,3,250.0,17.0,7.0,12.0
c075b8e131353552218860f1c421e4ef,moveis_cozinha_area_de_servico_jantar_e_jardim,30,1565,4,1750.0,20.0,16.0,30.0
55cbb9dbf16b1061448359e18094e75b,esporte_lazer,60,1865,1,200.0,20.0,20.0,20.0
776c13784f928afbe46070ae0151cf01,utilidades_domesticas,29,690,2,350.0,30.0,11.0,17.0
0ff06f670421802f36a7082dc962c6fb,artigos_casa,57,295,1,5700.0,60.0,20.0,40.0
61d01171a3784bab50137290350e5332,utilidades_domesticas,24,49,4,500.0,25.0,15.0,15.0
1c47e837f2780378d8485d04ab83a45d,beleza_saude,55,1683,1,375.0,23.0,18.0,23.0
bd4007f3a50676aa56e2696897f4a706,esporte_lazer,49,613,4,3900.0,30.0,80.0,20.0
98935aea5a6ca26c5d8cd205a97c98d1,papelaria,56,945,10,1550.0,32.0,52.0,19.0
27f0ec8644d62c85b25674aaa6d1124c,variedades,,,,1000.0,40.0,11.0,15.0
b182ae89270d77dd4a99aa1c72e40480,artigos_casa,57,542,2,17450.0,40.0,20.0,30.0
66122b7ff167774803377cb2b1af7799,moveis_escritorio,57,1282,1,7575.0,52.0,52.0,17.0
b06d5dec7517b66a8142338d38bf9c69,utilidades_domesticas,58,276,3,8150.0,33.0,23.0,22.0
56677610baf20ec5c96361f374b46153,utilidades_domesticas,34,487,4,440.0,17.0,14.0,14.0
0aabfb375647d9738ad0f7b4ea3653b1,consoles_games,49,100,4,150.0,16.0,12.0,12.0
c73d2f4d891ae57d20c788f4628d88b9,eletrodomesticos,58,995,1,550.0,16.0,32.0,11.0
4f25e5c4706d43e04c34566bfec175df,fashion_bolsas_e_acessorios,57,501,4,700.0,43.0,16.0,27.0
29a0f402bfb08e1e4602102eea060d04,artigos_casa,54,123,2,400.0,50.0,8.0,35.0
be1e5f5f774bd9ff91582239f038600e,esporte_lazer,44,584,1,4525.0,65.0,16.0,40.0
122bedead6e7541d311e6e0ab3cf248f,variedades,50,2676,1,1200.0,24.0,9.0,17.0
ef7939a961d77a1dc60ee5b933fec5ec,beleza_saude,59,940,1,1017.0,27.0,13.0,20.0
c997c21dbbcb609d50e418f73437eae5,esporte_lazer,55,562,3,600.0,40.0,15.0,11.0
8f3a1c2358138bedfb98645db449110c,relogios_presentes,50,584,2,297.0,18.0,11.0,18.0
3cf8d7db7dbaeb28f077151adfc59340,automotivo,54,905,1,717.0,24.0,14.0,21.0
65ab7c6f0a27faa074489b102323639a,moveis_decoracao,52,744,3,15200.0,40.0,60.0,40.0
4e3f399366b0047a572b6682f9bb166e,livros_tecnicos,28,1313,1,300.0,23.0,2.0,16.0
5aed6af9bb6c3f903bef12b8c56e235b,perfumaria,34,370,2,475.0,20.0,12.0,14.0
71eb412501d048544056785e00b1889a,artigos_casa,50,310,2,13250.0,50.0,40.0,55.0
8bd822c04ee6a8292a7b0debc3dbd74a,seguranca,58,1062,4,200.0,16.0,2.0,11.0
f67ad6b3366ae186b8d29087e6d5ebd0,automotivo,55,998,2,100.0,17.0,4.0,17.0
5ad10e52cf040b4a6fe4f0c0d513d3cc,esporte_lazer,52,326,2,400.0,45.0,15.0,16.0
ccb28ec14bd00f54ea07dcfdeb39e78e,esporte_lazer,41,580,1,3600.0,31.0,37.0,31.0
ae056fa650b078942afc7d9afc3199c1,perfumaria,55,182,1,150.0,20.0,20.0,30.0
832902ab7d497317f2cde8924f05af66,brinquedos,50,1156,1,300.0,17.0,10.0,12.0
4027c03e4b0afe1963877d2d164f880b,perfumaria,51,538,1,500.0,23.0,8.0,15.0
b09790edda54333116f9cf1decc580a1,artigos_casa,50,148,1,400.0,40.0,4.0,30.0
101db7b4f26cc560363660d06fe980cd,fashion_bolsas_e_acessorios,58,749,2,200.0,16.0,2.0,11.0
6217dab6fce05a4924116e90d7f301c1,informatica_acessorios,54,309,1,1000.0,36.0,22.0,25.0
59a5c66f3c04b01ccdb9362174f6ecdf,informatica_acessorios,58,1538,5,650.0,17.0,11.0,11.0
5c3aca5c078a343b3b873362e7ac2fcc,relogios_presentes,33,307,1,600.0,16.0,2.0,11.0
d349b106eb0af8ebe0b821baf7705208,automotivo,46,1138,2,5400.0,20.0,14.0,20.0
3ac29f1f25166dcc60b97e65d9a5885c,esporte_lazer,60,1493,2,1050.0,80.0,8.0,15.0
67817dbbb200f7f623c75ac106b07808,relogios_presentes,55,430,2,200.0,16.0,2.0,11.0
e9b2560544c293e02f2b966041e10f24,esporte_lazer,51,639,1,1143.0,24.0,22.0,19.0
2b86ffeae831b59e4fb849565cdc28ca,brinquedos,28,842,4,400.0,25.0,20.0,20.0
aeecb1d0e5d4d5ccc3fcfe6fe91103b6,telefonia,50,1425,5,2100.0,30.0,30.0,20.0
05649d71cdf7d7ec2bbd7a717179de0f,beleza_saude,58,482,4,350.0,25.0,15.0,15.0
c2bcdb759a32342591497db4153af052,variedades,51,1987,10,700.0,16.0,8.0,13.0
ac9416f3547c7cd86408fb5e3bca2d3e,eletrodomesticos,45,1670,3,18450.0,46.0,60.0,36.0
822935b19e0d2a75de435a84fb302d58,esporte_lazer,60,974,5,250.0,30.0,8.0,20.0
3609e71ee429fe986330f9709564fdfe,artigos_casa,53,183,1,1200.0,29.0,8.0,38.0
8ec2aeacda2a58c1e118e8c1ea90c605,informatica_acessorios,40,866,1,150.0,16.0,16.0,16.0
96b8d103618f7027896ce54a576b9f41,utilidades_domesticas,56,710,1,725.0,16.0,38.0,25.0
813a30050677eb6996e12eea9ad400bf,beleza_saude,59,1726,5,12000.0,65.0,30.0,40.0
291c4f64b5862ed36fdec5f3df710613,informatica_acessorios,37,312,1,833.0,23.0,14.0,14.0
9f4a55260fae788c26fcbb2b934ffa52,artigos_casa,57,192,1,1400.0,46.0,2.0,36.0
f86ab7cb275f6f3343848966310160e3,artigos_casa,56,609,1,650.0,16.0,10.0,16.0
15360bd9d521956ac6fe8b4b8d6fe08c,utilidades_domesticas,53,242,1,1200.0,30.0,21.0,26.0
6d9bbcfa5f0e5aeef4157f4e6b0047c3,variedades,44,495,1,2200.0,50.0,5.0,50.0
e4fe462cce9f36e312b869418a86bc3a,automotivo,41,126,1,9650.0,60.0,60.0,16.0
897839cf4f8719dfc89308893a53781a,esporte_lazer,56,765,3,3200.0,40.0,30.0,25.0
164979bae3a9db1859e725b3a793f4d2,informatica_acessorios,58,191,3,400.0,50.0,15.0,25.0
f906dbac60e535e0e5c313eaf7c5bfce,telefonia,56,316,1,150.0,19.0,4.0,11.0
a6a4a3de57effbbec7c478c6a03fa074,fashion_bolsas_e_acessorios,41,589,1,300.0,21.0,9.0,13.0
35b951a4450662e330e5a1cb60fa11ff,telefonia,57,653,3,200.0,20.0,12.0,16.0
80fb011fd54fa5e1911a2f80c0fc878d,brinquedos,45,1347,1,400.0,20.0,20.0,20.0
0fdfe56a4dfd7aab5a321fe89f7fc63d,artigos_casa,54,190,1,1350.0,35.0,15.0,25.0
13b6735a82ec831943957f19fe66f71e,artigos_casa,58,301,1,1500.0,38.0,8.0,28.0
a5a0e71a81ae65aa335e71c06261e260,utilidades_domesticas,57,698,3,705.0,34.0,22.0,28.0
22914988306f1235a3e5fff32403d205,automotivo,41,1146,1,4000.0,65.0,25.0,25.0
10ee3576fcc55c71728a897eed8d2f95,ferramentas_jardim,31,227,2,1450.0,68.0,3.0,48.0
64315bd8c0c47303179dd2e25b579d00,brinquedos,55,889,1,4267.0,46.0,39.0,22.0
8681c71d24e694aaa4c582760736dd00,fashion_bolsas_e_acessorios,53,568,6,700.0,16.0,9.0,11.0
55b1754d4763895e5340e8bd8cb83946,esporte_lazer,28,698,1,5700.0,28.0,11.0,11.0
a4d56f9d3619387639fec0567bc4693d,automotivo,34,230,1,350.0,40.0,4.0,30.0
d32f22e03fb01595aa10383f4364d303,ferramentas_construcao,39,452,4,8650.0,43.0,13.0,40.0
abf31c4162c38c15d44f1c62de528fc2,esporte_lazer,55,202,3,100.0,20.0,4.0,13.0
dfc090f5e254f365893c76a73809d9f7,telefonia,54,319,2,200.0,16.0,14.0,15.0
e6b314a2236c162ede1a879f1075430f,informatica_acessorios,47,284,1,167.0,24.0,14.0,11.0
12e1e59e227d4d5da8efc0dd17831a3b,beleza_saude,42,397,3,250.0,25.0,15.0,15.0
c1e4bd7e1144f99ac576aedc324a5cb3,ferramentas_jardim,58,331,1,30000.0,43.0,102.0,30.0
16f7c25c950c1c3f123fdc4a6cc390e0,telefonia,47,693,1,200.0,24.0,10.0,24.0
f2ee381460f893efb6f459e95cd57695,fashion_bolsas_e_acessorios,50,180,1,200.0,16.0,8.0,11.0
d485889158fd6345611d5a386a0b77d2,variedades,47,410,5,3500.0,52.0,7.0,55.0
be5353e2c543ba4f67831f95d3775420,beleza_saude,58,1121,3,150.0,43.0,11.0,18.0
23a294bd54227d94b276523d3ebf9c6b,papelaria,58,237,2,3300.0,28.0,55.0,37.0
7c90d1f92845f3f2b566c81b55daf369,informatica_acessorios,59,111,1,300.0,50.0,5.0,20.0
d4dccae17c83ffbaafc50d763503e9eb,utilidades_domesticas,59,474,1,3070.0,32.0,11.0,29.0
1029c7348ca63cafc3b859dec2d705d3,moveis_decoracao,31,217,2,925.0,35.0,7.0,33.0
89d49f6d10ff422902b2c2cb05da7f1c,informatica_acessorios,50,528,1,850.0,18.0,16.0,18.0
fb18a209851c75740dc49860261492b6,automotivo,48,1459,3,225.0,17.0,15.0,15.0
de533fe5b9448ea9792195806938dbf5,moveis_decoracao,51,676,1,1650.0,35.0,23.0,35.0
220936209904d02af36d9aabe5343c8a,esporte_lazer,54,350,1,550.0,21.0,21.0,19.0
f813e301b61b001b6baac3a54b9acfe2,alimentos_bebidas,54,724,2,550.0,23.0,16.0,16.0
b60704f84087891432bf27f3dd5fd003,bebes,47,704,4,7500.0,60.0,20.0,50.0
a69f9b04d1e45bb3ee9f544c91a23b29,variedades,59,831,3,800.0,16.0,16.0,16.0
0c159d7ce798ebc726ad977f9ade848a,ferramentas_jardim,46,356,1,250.0,35.0,7.0,11.0
7f9fb61955b696d843259a8cbdb2261d,informatica_acessorios,54,366,2,725.0,18.0,5.0,11.0
7d49a5410d8c53d37ad9167e32e65e1c,utilidades_domesticas,60,240,1,2350.0,40.0,10.0,35.0
a963b6b0ba2dd73f51cb8f84855094fc,moveis_decoracao,56,314,1,500.0,40.0,15.0,40.0
213df31f080d32e31dff225207c354a3,automotivo,45,292,3,150.0,16.0,5.0,11.0
cd2c32309d7b8b42e045c6701ffcffb9,esporte_lazer,29,647,1,630.0,19.0,21.0,19.0
ce2c8e8fb6241fbc08bbed5a8c6e92cc,esporte_lazer,60,929,4,150.0,20.0,10.0,15.0
ebb7abe5ebd35c40595ab16a4ada5c9d,livros_tecnicos,32,3408,1,550.0,23.0,2.0,16.0
1ed5f2a2e075f5f245029c6b61420dae,esporte_lazer,57,1413,1,300.0,25.0,25.0,25.0
062364f1fb1943481de879618fc37cdb,beleza_saude,29,1412,1,1225.0,19.0,23.0,16.0
f3db6d0af0fba45a583881e07a903bf4,ferramentas_jardim,57,393,6,300.0,20.0,15.0,20.0
75d1ab6d99d81ab64103dcd85552dd28,pet_shop,58,1483,4,6700.0,30.0,20.0,40.0
59c5e6e108b88212fb98525c9000ecfb,moveis_escritorio,54,954,1,8217.0,52.0,52.0,17.0
94c6d48c2462a85429fcc3b6bde00c4a,variedades,53,549,2,14700.0,42.0,55.0,38.0
3713c1ed7f99a240189778a1ef65d6d8,utilidades_domesticas,45,221,1,205.0,21.0,15.0,16.0
2d78dc9b1f4a5d1ceb28287b82d85b86,moveis_decoracao,56,296,3,1150.0,100.0,7.0,12.0
5e7b701349598f3728a3eb624c6570dc,brinquedos,44,259,1,1000.0,22.0,13.0,17.0
6a29caa68d4bc5536b4447c25de4c937,automotivo,59,1018,2,100.0,16.0,8.0,11.0
a322cb898d31adbe4a4de692f4bc0276,esporte_lazer,50,623,1,1200.0,19.0,18.0,16.0
86517efa74fb6e1a5ca3d3f2a88261c8,seguranca,56,864,1,300.0,16.0,16.0,16.0
37ca4ae4320cdda8a0ef625049f4cb88,artigos_casa,51,690,1,1900.0,30.0,20.0,70.0
31959c80177d03b7e67c88baffa71d6e,moveis_decoracao,53,284,2,7350.0,35.0,35.0,35.0
c950e249236ca11aa3353e291793a3e1,beleza_saude,54,3452,1,300.0,30.0,15.0,15.0
f6f3ed4a8a7846316a1295a5a1f531c3,artigos_casa,50,352,2,400.0,50.0,11.0,11.0
a3daee3915d4fb98376e039ede6bdea6,moveis_decoracao,45,264,1,6450.0,35.0,30.0,35.0
e37522e3e9aaee5f8831b244b3efd218,seguranca,56,1966,3,350.0,16.0,11.0,11.0
2c7d6cb2b1eeccd3ecadf62d0e60b90b,beleza_saude,49,1434,1,2800.0,18.0,19.0,18.0
6fc983af1a5229efebcc40ab26d6226c,moveis_decoracao,48,219,3,750.0,16.0,5.0,20.0
124f74f703e88efe001a10bfa718b6ff,variedades,,,,250.0,15.0,8.0,20.0
884544808d4c1b6c5051646a85330fa5,telefonia,60,606,2,150.0,16.0,5.0,11.0
19732aba12eb262beb9140786ec093ce,utilidades_domesticas,57,1043,1,9250.0,40.0,29.0,40.0
66f77845fb39203dd0b4321693f19874,brinquedos,54,273,3,200.0,20.0,10.0,16.0
73932133f40320ca7c542cba422a6461,utilidades_domesticas,51,625,8,650.0,16.0,16.0,16.0
660b87fab65fb4b8b123e0e4e98d7174,brinquedos,27,909,1,400.0,27.0,10.0,21.0
fc956e40e1a0ca9889d2e182aa6fddd3,moveis_sala,39,373,2,5050.0,62.0,6.0,55.0
1dc9d2804c35122e2f168a135f8a56c2,bebes,51,131,3,700.0,35.0,30.0,35.0
746191562977a60292922c316e21720b,automotivo,46,851,2,700.0,21.0,13.0,20.0
6156141755987eaf93bc9b959601db45,bebes,50,331,1,13800.0,65.0,35.0,55.0
8c9fade80dfe6522d111aa9bbcde35bd,artigos_casa,58,217,3,15100.0,60.0,30.0,50.0
1befaea8015cdb5fc2890a23ddf60cc0,telefonia,60,1440,2,200.0,18.0,6.0,20.0
100c85a71d709c9f00d0381b88853c35,moveis_decoracao,63,473,2,850.0,80.0,10.0,60.0
0c64fefac4191aa99cb7007bb10c6c77,esporte_lazer,39,1156,1,10200.0,100.0,20.0,25.0
8064566a6062566058808b3815d7defa,variedades,59,989,1,2100.0,40.0,30.0,20.0
eb9b44e05684527fbfdfd0ff5cb86250,beleza_saude,20,873,3,400.0,18.0,9.0,28.0
297b1803f900002706c8de3e0a77d217,esporte_lazer,50,1354,1,6600.0,30.0,30.0,30.0
361d8cb449a8b6a7c58b4a0c8ef23888,utilidades_domesticas,44,322,2,700.0,23.0,8.0,15.0
a822f75b08133d32f99d68448e2fcedc,esporte_lazer,57,1288,3,950.0,37.0,20.0,17.0
3dee4915c4189291d7c8b79da897ca3a,moveis_decoracao,58,756,1,2200.0,37.0,25.0,36.0
f2263585f626f9ca5b825e449f583f3b,livros_interesse_geral,51,674,1,400.0,21.0,2.0,14.0
821989139f3c663402b835436a9d5639,bebes,43,1688,2,250.0,16.0,16.0,11.0
e092a755ac13354974ebdaeddf39deb0,esporte_lazer,42,411,3,375.0,23.0,23.0,23.0
edd087ed331c3ce178ec3489b9ecf117,livros_tecnicos,55,2138,1,2450.0,20.0,30.0,22.0
881218c6167982e1dd94cb98a085cbb9,eletrodomesticos,48,55,1,550.0,36.0,15.0,25.0
cec29a60285cd686caa31318b3ad3671,beleza_saude,47,696,1,692.0,15.0,12.0,14.0
565a133f9141f4a8a1b51562afdf4c1e,artigos_casa,59,600,4,3500.0,40.0,15.0,30.0
b93bf8293a1acfbbfba6c026b16bcef4,automotivo,56,695,6,2525.0,56.0,11.0,32.0
74903af00140072f48c7da1cd4984f88,fashion_bolsas_e_acessorios,53,135,6,300.0,16.0,2.0,11.0
26a2bba56daa3e3b02eca0780176efd2,fashion_bolsas_e_acessorios,46,257,2,400.0,16.0,8.0,11.0
255ccdfcc84f0e16699f0916b72758e3,livros_interesse_geral,39,1099,1,450.0,25.0,3.0,18.0
d5ae57e54de86eef671f21694b080cb8,instrumentos_musicais,58,817,2,9500.0,50.0,50.0,50.0
6e6871e43a893c9ae57beb404ec02067,artigos_casa,34,121,1,1600.0,28.0,6.0,28.0
f3bde27c919cb7c36862e42cd52773f1,brinquedos,57,595,3,1000.0,32.0,27.0,39.0
4328139cbe9adde0aac493ca9871eab3,artigos_casa,60,289,2,1150.0,30.0,10.0,30.0
cb0c2c97fb2fca149a11c2f14027895d,telefonia,56,734,3,350.0,17.0,4.0,12.0
22efa53845d9cebeb7e16978645797ad,utilidades_domesticas,59,470,7,441.0,16.0,16.0,12.0
49c5279cc2c4e8ee09dd2871bed03114,variedades,54,349,1,10750.0,60.0,34.0,31.0
27761f21b03a32be1aad6ebaebddd747,moveis_decoracao,52,624,2,13000.0,70.0,60.0,60.0
abf7c583f35ff13ce82c05debdef8ef0,artigos_casa,33,548,2,650.0,35.0,5.0,25.0
f9182a0ca4e95b38186deff41198a333,variedades,51,1634,5,2900.0,50.0,20.0,20.0
bca0f349419cdf328a4fd6be5e99aa63,utilidades_domesticas,57,1184,1,8300.0,50.0,30.0,33.0
00ab8a8b9fe219511dc3f178c6d79698,variedades,,,,2100.0,50.0,30.0,30.0
e07cf6c8c490ceac43740740459d87ff,telefonia,28,251,1,150.0,18.0,10.0,11.0
1a37e4949edc3f7d9b77a37fb84f4697,relogios_presentes,44,788,1,325.0,17.0,10.0,12.0
907578486a0740d13bf3a595047b3549,brinquedos,16,594,1,750.0,35.0,20.0,25.0
c0fc1b0ec16005c9a01f5795e23235c2,artigos_casa,33,146,1,400.0,40.0,4.0,30.0
d466e01b668c15dcefe2e800e1557ab5,artigos_casa,42,873,5,800.0,40.0,10.0,30.0
049ac5dce8536884a652ce73c58022ab,artigos_casa,44,505,1,250.0,26.0,6.0,20.0
406e74c47b79bafda070b3b2d20ddf01,beleza_saude,34,933,3,745.0,27.0,12.0,16.0
1ca44bcd8ec3cca1bc2080d3c63c16b8,utilidades_domesticas,58,249,2,550.0,20.0,20.0,20.0
f54cd09fa7e3c0f502187f200eb84084,beleza_saude,41,424,1,2000.0,30.0,12.0,16.0
f961683d82cf9021acfcd05a6c9e38d0,esporte_lazer,48,997,1,3025.0,35.0,22.0,17.0
7b684ac132685356b4aac29a21abb803,utilidades_domesticas,54,542,3,600.0,24.0,12.0,15.0
1bc861b90a53405f92c18482e45e897c,malas_acessorios,45,225,1,600.0,47.0,10.0,34.0
da7e1b2f8c91cbf61a22b55e8cd49bcd,utilidades_domesticas,57,1339,1,2300.0,50.0,22.0,24.0
7b7827f65a44cb0a2a5a1021757fd119,pet_shop,39,744,1,50.0,18.0,14.0,14.0
c0db539123a403f670c50237d970b215,ferramentas_jardim,56,1313,2,850.0,20.0,20.0,20.0
8db00478f9801fc2f1a125d1dc78d3f1,moveis_decoracao,49,868,1,900.0,40.0,8.0,40.0
b2f15c23f560da3b247e1090d9d12be7,utilidades_domesticas,60,608,4,200.0,16.0,6.0,12.0
6639a238ead6779d6ef0b3eea56f9f86,fashion_bolsas_e_acessorios,48,357,5,150.0,16.0,9.0,11.0
2b284ca976943311c427da3bba8f47ff,esporte_lazer,47,524,3,750.0,23.0,28.0,38.0
eee2fb3dceb9ffd8a99dd4bc4b7e860a,informatica_acessorios,40,363,1,100.0,75.0,11.0,11.0
d6c084a3a3efeccb338446b39dd37316,moveis_decoracao,55,984,2,200.0,18.0,9.0,14.0
e6e2f011de12dc9071763c2baed69a2c,bebes,54,737,1,500.0,32.0,18.0,21.0
ea5e798481ff9bb1edc6823d98d83634,artigos_casa,58,700,1,650.0,20.0,16.0,20.0
681e1525258578dd8a22a3c249509bf5,malas_acessorios,32,43,5,200.0,16.0,5.0,45.0
dfdb2655c564597331d2197ac771b2c0,perfumaria,44,206,1,120.0,16.0,16.0,16.0
2c39101923cb753b75088d8b5d5e1c3f,bebes,37,378,1,1050.0,29.0,12.0,32.0
987639aa04642e107c6781b619539a9e,fashion_roupa_masculina,31,322,1,1000.0,20.0,20.0,20.0
c51234c38add00d71bd95eb1dfa8c31e,relogios_presentes,49,950,2,375.0,17.0,14.0,16.0
21fd3b391a97c2fedab9d0efdd183a93,utilidades_domesticas,57,983,2,2650.0,53.0,15.0,13.0
964c5f7cd701d923e2350137a4715bb1,beleza_saude,44,1653,2,75.0,23.0,7.0,14.0
551ae6a7d21ef0eea7b844dac0cc9de8,variedades,31,437,4,3700.0,27.0,43.0,22.0
69f0f3b1c89b4e731e0b691e00bfbded,alimentos_bebidas,45,1796,4,300.0,16.0,16.0,16.0
933e747b4512a8047e809f90b98d5eae,livros_tecnicos,59,919,1,1000.0,25.0,5.0,20.0
85337022853da10b8f5fd7d1ef180421,consoles_games,37,238,1,200.0,25.0,5.0,15.0
be6ae1b41a4ba652f1947e0fae960d44,automotivo,43,702,6,2150.0,55.0,15.0,45.0
46805be02f14add01c364b5ca18959ec,utilidades_domesticas,47,633,3,1500.0,25.0,35.0,25.0
29ed7e120478b8a6ab3aeb253c6c7220,utilidades_domesticas,15,362,1,242.0,25.0,8.0,12.0
c25174e1e4fd7fe5c3420869d61fe2a6,brinquedos,56,77,2,600.0,39.0,30.0,29.0
1332f9dadde087afb818a88c72db05f1,automotivo,53,394,3,75.0,20.0,2.0,15.0
496fb4187952616c8f21a127c1dd1c4e,fashion_bolsas_e_acessorios,40,287,3,419.0,25.0,6.0,16.0
7ac92e616265ecb6de1477bd80277509,automotivo,39,212,2,1000.0,19.0,19.0,14.0
dbb30c7e02f55cd884ff1b7c3be53d83,eletronicos,57,180,1,3900.0,32.0,37.0,22.0
609fbd406d12c21df437041d36421dbb,moveis_decoracao,56,721,1,1600.0,47.0,6.0,41.0
1042c4a6f451ec0825e8accbd9486349,moveis_decoracao,51,498,1,3600.0,30.0,30.0,30.0
56c221c4c1a4a98293895c4563cdc6bf,seguranca,43,188,2,673.0,18.0,13.0,15.0
85ec69dc21ef2674bd946f3a6adc01b3,utilidades_domesticas,49,1276,4,1500.0,32.0,5.0,25.0
754f40b9fb2a09e92a82207a8b6873c6,casa_construcao,44,912,6,1150.0,16.0,27.0,16.0
fd40f3ef9c7fb9c550619a88af47a5de,seguranca,52,513,2,22550.0,85.0,85.0,26.0
3d92028223ae14160bf1938a522de2b8,brinquedos,40,673,2,3225.0,31.0,31.0,28.0
b6a1a729d84991c54d232ed0fb0b8deb,automotivo,56,1436,4,6900.0,40.0,20.0,40.0
37be426992f83a0fe7922c694f0d6947,papelaria,57,322,3,600.0,25.0,7.0,24.0
ceda8168fb181a91487d6e924f42334f,variedades,,,,2600.0,43.0,27.0,29.0
f3ef6902655917c2db06698cc2d765a0,variedades,33,386,2,50.0,20.0,6.0,15.0
733162823b9a1dbc958b0988d32229da,artigos_de_festas,46,459,1,1350.0,23.0,17.0,18.0
951aee2eea1136dd1f2cb63241c90ab7,beleza_saude,43,1744,1,11100.0,35.0,30.0,40.0
1d994f3116c393f22021e72f17ab5af5,alimentos_bebidas,58,798,1,200.0,31.0,15.0,26.0
e7ffaa35a5caaca3366f5cc5705b5fb2,beleza_saude,40,428,2,1000.0,18.0,9.0,27.0
7ea49f9a853882a4a3b2f6a4bf47c11f,alimentos_bebidas,58,3938,5,450.0,24.0,17.0,17.0
e9cb5c8cc2d24f0967c0725cb73c2536,utilidades_domesticas,53,595,1,1300.0,30.0,30.0,30.0
2e646100c09716fb079573d7ee979c19,utilidades_domesticas,29,559,3,300.0,40.0,5.0,40.0
36975c1f4448337cdf6e23093b943fb5,ferramentas_construcao,43,620,1,1637.0,27.0,22.0,23.0
28b5fef7b6d63771e9784bc68c783793,eletrodomesticos,60,564,1,1500.0,65.0,8.0,38.0
afab5f7ab5c82f92ddcdc46c4cd85fbc,fashion_bolsas_e_acessorios,36,95,6,150.0,16.0,9.0,11.0
023a60ac6b3484afe23d788ce2444df0,artigos_casa,66,503,1,14300.0,45.0,15.0,35.0
f5bef3f1d42ac5eaaa1b7050d911732e,beleza_saude,53,631,2,200.0,20.0,10.0,15.0
4f0b70b7cd4e112df87e7ebaeaefc66b,pet_shop,39,1310,1,425.0,16.0,18.0,18.0
a9ccb9dca11ae8ca804b47417d0411f2,utilidades_domesticas,46,1021,1,8600.0,45.0,35.0,35.0
02357c69f595e004b50ba115b3f88d63,variedades,43,775,6,4000.0,43.0,35.0,18.0
7ddb76f2c7237acc852358b95e7946a8,papelaria,49,1048,2,2.0,11.0,11.0,52.0
9c3225fb1d3bb4943cf7be6afa4b4246,industria_comercio_e_negocios,56,638,3,9225.0,61.0,61.0,30.0
6f9771652ad5ec58e58f50475d6bfe0e,moveis_decoracao,58,288,3,1200.0,39.0,30.0,39.0
973b82b1eed5902879aa90864b5e340d,eletrodomesticos,58,146,1,950.0,32.0,37.0,22.0
8c2705cda70ae24bf545dc9f2077fd6a,automotivo,60,703,6,6075.0,56.0,11.0,32.0
a94815f2cf6c4c938f0223373e7b88f6,automotivo,57,651,5,5400.0,78.0,4.0,47.0
2f847fc77fbaaf89e242abf6da368f1c,informatica_acessorios,60,926,1,550.0,19.0,4.0,15.0
846145e9b8d412bd1c9bb478a52ab4a0,variedades,55,444,2,200.0,16.0,8.0,14.0
05c8eb0ae68c09cae5b68d673652e7f8,eletronicos,50,315,1,200.0,21.0,7.0,14.0
6943351f36278481ceb06a2e182a03d7,utilidades_domesticas,59,261,6,7800.0,45.0,20.0,45.0
c9ea06f7fd4bd778e96031f46f60dfb9,brinquedos,56,670,1,840.0,33.0,13.0,26.0
938e036a795cdacb18ed3c5a598f6cf0,eletrodomesticos,59,1584,5,4925.0,43.0,15.0,32.0
083d6108def7421be9778dd0ecd11fa6,instrumentos_musicais,58,952,1,2000.0,35.0,10.0,82.0
f293514e0176006f3af40d473cf24a1e,informatica_acessorios,60,630,1,188.0,16.0,11.0,12.0
5118d39afe332258d1428a98db06e8c8,esporte_lazer,58,318,3,1800.0,55.0,10.0,14.0
a8ff25458ebfd0278f8ad25199450fed,consoles_games,56,1239,3,313.0,17.0,12.0,15.0
185c58d7437197ced6450e5cada41d35,automotivo,60,821,1,2850.0,28.0,5.0,30.0
21fecd254a3103704126b28478ea7980,ferramentas_jardim,38,499,1,7400.0,43.0,14.0,33.0
4ac50dbde931c0a5ed8c33d3dc047351,beleza_saude,33,1087,1,600.0,28.0,11.0,26.0
e00c537178247f52d3e9fe9612a8b518,moveis_decoracao,54,508,2,2900.0,35.0,30.0,35.0
292339442aafc77526bf025a199db898,artigos_casa,57,332,2,12100.0,56.0,21.0,59.0
c3debb9f3fb28192343a8f757fd3dc0c,esporte_lazer,47,569,1,400.0,16.0,10.0,11.0
1b06001e6b541c7e43a5a0339129a3ea,utilidades_domesticas,50,430,2,1400.0,30.0,15.0,20.0
c556dfe03a2efef617497a3de58cb44d,relogios_presentes,38,558,1,500.0,20.0,11.0,15.0
d41e71b34a15f8bc2c7ed84561ebb600,informatica_acessorios,44,870,2,900.0,30.0,6.0,23.0
f5a7d79f27ac4b76ffb13c8ee63d4f07,automotivo,41,707,2,1150.0,20.0,20.0,20.0
1d0f7339adddb21ecab3c4170865ffdf,ferramentas_jardim,53,228,1,1700.0,31.0,11.0,11.0
15f47d3a8c0c553dc9aba3d2d5dc88c3,fashion_bolsas_e_acessorios,35,462,4,1400.0,45.0,11.0,35.0
fd979b0722a18a4fb9dfe333eefeead2,moveis_decoracao,28,431,5,1150.0,29.0,15.0,49.0
76ac1907588ea63f562f0851bd5a4289,papelaria,41,791,4,4000.0,40.0,50.0,20.0
609092e5b5c4a202878eb9ba03b47793,brinquedos,29,507,2,500.0,20.0,18.0,18.0
38da2dd3fddf4b5eda6d46d781fde41b,artigos_casa,40,698,1,1150.0,29.0,15.0,15.0
7e7b779b89f4a8db5303391167c0377e,artigos_casa,55,638,1,1150.0,32.0,5.0,30.0
aca2eb7d00ea1a7b8ebd4e68314663af,moveis_decoracao,44,903,6,2600.0,50.0,10.0,30.0
799e525b4327b03a6d4a325e68c6cad1,beleza_saude,50,708,2,800.0,26.0,18.0,11.0
f42b6d7b1de09b0216895a6dd9621c79,esporte_lazer,49,279,3,900.0,22.0,5.0,50.0
6987398dff454a3138231540e2a6ec61,informatica_acessorios,38,209,1,1033.0,31.0,17.0,22.0
7bdcf3299ac200059488f72043f6c3df,automotivo,48,550,5,200.0,18.0,10.0,18.0
cfbd417c9c7f510b60243124a6489883,telefonia,59,636,2,225.0,17.0,4.0,12.0
8dc0f5aed3861b07012b5ec0bec6ca4c,perfumaria,30,975,1,100.0,16.0,4.0,16.0
e5063ce7fff1cf7cd528dc4c1e7dcba8,esporte_lazer,57,611,4,600.0,47.0,13.0,13.0
d272d0921188b0bd91542d704b21404e,eletronicos,36,420,1,150.0,25.0,7.0,16.0
44053ed0088d0655ed338810cd2d4d51,artigos_casa,49,275,1,6900.0,64.0,17.0,53.0
9c7c72948a0e56fdaa07985b71dffe18,utilidades_domesticas,50,96,5,150.0,18.0,4.0,12.0
f567d4c09e85e4faf20f896b363fb827,esporte_lazer,52,2032,1,200.0,16.0,7.0,21.0
a82a1fcaf427ceabe9df656409d7acdb,fashion_bolsas_e_acessorios,52,819,1,100.0,16.0,5.0,16.0
ef7352a2d8b4adc975b83c8e8c23da5c,esporte_lazer,49,1485,2,210.0,17.0,13.0,16.0
c1617123e66d2491ca93ceadfd36203e,artigos_casa,54,687,2,1050.0,32.0,5.0,30.0
72051794ce762053e191b35035073fd6,moveis_decoracao,29,644,1,2600.0,100.0,6.0,31.0
54bdcedc88ea391aef4f35cc5f54342d,esporte_lazer,60,3570,1,200.0,16.0,16.0,16.0
b520b78a494cbd6e36d7a1c64cdffe0b,utilidades_domesticas,31,1383,1,2467.0,38.0,15.0,24.0
abba23912bdeb1990bd1efa30d888384,relogios_presentes,56,723,2,200.0,16.0,11.0,11.0
cb17b798ba889575385281b7ec2fc22b,automotivo,49,1208,4,1300.0,20.0,20.0,20.0
b72a070441e70976c37e27df8a2a664e,utilidades_domesticas,54,1296,2,1050.0,53.0,5.0,13.0
628b17449083fb34688b2959b80bdecd,automotivo,59,2222,1,4800.0,42.0,19.0,27.0
6e6bc9eb53618579e6184f84ae04dba9,beleza_saude,60,918,1,150.0,22.0,3.0,15.0
0be487faac01dd57fd7ed17cfbdf2dee,artigos_casa,48,117,1,300.0,40.0,4.0,30.0
3186cedd4e2b68aabc3aed94ab1ea91b,telefonia,52,1440,3,100.0,18.0,6.0,11.0
ee97db3ef647a016f3bb7376f8a3ffcd,utilidades_domesticas,58,832,4,200.0,18.0,8.0,14.0
defce8530200d29d2c50f4ca66400e06,papelaria,53,890,3,8000.0,50.0,9.0,16.0
e6e3140cdd035e915d6d4a9eae2ccead,automotivo,60,163,1,50.0,16.0,15.0,16.0
068a754dc2d079d7bcd6f254b9a978e2,livros_interesse_geral,38,1348,1,600.0,24.0,3.0,17.0
0728762c24ff18a068967202e803eb07,alimentos_bebidas,51,2853,1,1300.0,24.0,24.0,24.0
7d222dee34c6ec0f7562241d7e16d7c2,utilidades_domesticas,51,1353,3,600.0,28.0,4.0,36.0
09014e6cd3dd8882e42dcf4dd4f5e305,bebes,40,854,1,50.0,17.0,6.0,13.0
4dc44f95ece9249f0e50d10542ca6c03,relogios_presentes,59,731,2,350.0,16.0,11.0,11.0
c6551980937d526509d73caffd222a1b,artigos_casa,53,256,2,650.0,30.0,10.0,20.0
0dc157babdb4785891879bc375256724,utilidades_domesticas,44,300,2,950.0,25.0,23.0,25.0
7e6ab9f0f7c16f237ee8479c904f3aa6,beleza_saude,59,285,1,600.0,20.0,30.0,20.0
158566f2cfb3fd58a3770bc26f530f41,bebes,54,134,1,822.0,35.0,6.0,31.0
5d229e90894c7754249b4f15b550bbc6,utilidades_domesticas,46,231,1,625.0,23.0,23.0,33.0
1913e11c70ce94032c05b17bbded599a,variedades,,,,400.0,21.0,21.0,18.0
84de44e3c2ce8920c251f5d48aac6132,moveis_decoracao,49,962,1,2050.0,25.0,77.0,15.0
24d95adbf4d5909e2353d0256eb3ab4f,utilidades_domesticas,56,536,1,800.0,30.0,15.0,25.0
2368785994f057897f1ae269bb9743ef,brinquedos,34,382,4,1400.0,25.0,80.0,25.0
7bb755757b4b21a1abc9cc6e9991a8ad,bebes,60,275,1,320.0,36.0,7.0,23.0
9da54631950d8fea8be981f7c7a42f96,fashion_bolsas_e_acessorios,38,161,6,200.0,16.0,9.0,11.0
2e77d6fda1a0aabe317689c9f6c74266,ferramentas_construcao,59,906,2,500.0,30.0,30.0,30.0
d4e4531d0c111ac55f30c23fdc69ed77,ferramentas_jardim,51,501,2,650.0,30.0,10.0,12.0
8994980b6420059104bb47e2cb680e0a,eletronicos,59,204,1,60.0,16.0,9.0,13.0
2724371c000f2c0cd3f891af1862cd1b,automotivo,58,861,1,250.0,20.0,15.0,15.0
a668879a637b097eb47536fdb31d3ce1,industria_comercio_e_negocios,56,2083,7,800.0,40.0,30.0,30.0
ba63a82a6a467d4d29dfba52bfeb064a,relogios_presentes,44,1748,2,450.0,21.0,14.0,14.0
79d5da4087dedefe5ef7086bf68e6408,utilidades_domesticas,43,1709,1,1150.0,41.0,20.0,27.0
968439b7a7310e1a62e2b36d7a581403,artigos_casa,52,558,1,2250.0,25.0,25.0,25.0
8c89b3cebb0a18a89a173e79375b44bf,artigos_casa,54,304,1,9350.0,45.0,40.0,40.0
46292acbc08d49b95138891146f7287b,pet_shop,40,961,1,158.0,18.0,6.0,13.0
b46df49597c48fda458171cd058059c4,utilidades_domesticas,60,1566,2,2000.0,32.0,31.0,26.0
fb06535ba5dfc8f3e07fd0edc7c770fb,telefonia,40,361,2,100.0,19.0,3.0,11.0
085860688be9891f26e36a6ebc27cf6d,pet_shop,42,536,5,1400.0,50.0,30.0,40.0
18ca3438371b0b52c505b34d768b7fb4,papelaria,38,141,4,200.0,23.0,7.0,15.0
2ac901d0db36c8db956047843482ae65,esporte_lazer,31,1318,1,400.0,34.0,16.0,16.0
cbc1321327e4846330530a9abcc13841,esporte_lazer,53,185,2,850.0,60.0,15.0,15.0
f30a908aadfed5d9edd5619eef796819,artigos_casa,51,215,1,1650.0,40.0,6.0,29.0
4bdceb4d305fae441dc42d7788a57f75,esporte_lazer,38,2833,1,350.0,20.0,18.0,18.0
a25b58b67aac0bfa8888a3b7582ea77c,moveis_decoracao,60,955,7,5250.0,90.0,12.0,30.0
2efa6045e8d94172a5502d33e578656d,esporte_lazer,33,833,2,275.0,21.0,8.0,17.0
e282624d8c82e04983f125e167eb4521,telefonia,45,343,2,117.0,18.0,4.0,11.0
926da363bc2ff4e30e0ee93403af0a44,papelaria,43,249,1,4700.0,30.0,30.0,20.0
37c1807e0414c64365b34aac29e0d186,artigos_casa,54,236,1,900.0,34.0,7.0,32.0
3742ea63675dd01004c7dd8a3cd46d48,informatica_acessorios,38,1346,1,900.0,31.0,13.0,11.0
468f9e86ce85d599b7f48ddab25f1b42,utilidades_domesticas,53,817,1,1750.0,30.0,30.0,30.0
199f076c011ea5e8b546bff05d4f2477,moveis_decoracao,47,616,3,1300.0,105.0,15.0,15.0
0335b2f76fdeed85180abe8c6c444aa4,moveis_escritorio,57,1203,1,7300.0,53.0,51.0,18.0
1c0c0093a48f13ba70d0c6b0a9157cb7,moveis_decoracao,49,300,1,2500.0,47.0,21.0,41.0
fd6d9e3d204e6e693f4edd48ac33487e,moveis_decoracao,56,2059,3,3000.0,69.0,11.0,11.0
93f7388e80dcc16be349c47fc83f56d0,livros_tecnicos,59,866,1,700.0,27.0,4.0,19.0
d727c091d4ce7f59b5e690ce0b58b1ea,artes_e_artesanato,54,798,1,1100.0,22.0,16.0,21.0
a4167d08b603cb1a06a87a41c9f3adbd,esporte_lazer,35,463,1,500.0,16.0,14.0,14.0
99d1e072c4cb670c31fb43d9a3753598,beleza_saude,52,1381,2,800.0,20.0,15.0,15.0
e0b3d910304c5bfc94fc7fac4b6b4540,informatica_acessorios,47,517,3,950.0,38.0,12.0,28.0
b3da35152fd4ba6d1e3a536235e7a494,pet_shop,37,393,1,1200.0,23.0,21.0,12.0
3ab6b17b74dc2a05eb17feba84a363df,telefonia,59,1842,1,100.0,21.0,6.0,14.0
782309e2b81eee24bab8da196e8a82be,bebes,57,518,3,631.0,27.0,12.0,19.0
a779813bc20484d25e7dddbacab940a7,beleza_saude,33,776,1,700.0,30.0,12.0,16.0
8705992a02b96945da8236fe126feca8,esporte_lazer,52,2371,1,1300.0,20.0,30.0,20.0
674479daa617984023f920fb23b7de94,moveis_decoracao,41,94,5,400.0,16.0,5.0,20.0
6e893462529821f68777de295cd56d70,instrumentos_musicais,48,291,5,600.0,16.0,30.0,16.0
abf445725a52caebfb3c1cdb75dd2de4,moveis_decoracao,35,1181,2,500.0,53.0,8.0,11.0
61c9ce380f22395eecde18d76d118c47,eletronicos,30,879,2,200.0,22.0,16.0,22.0
9bbe6c774ab3a4f9c5a0385e78c9641c,brinquedos,53,559,1,900.0,29.0,30.0,23.0
06601c3059e35a3bf65e72f2fd2ac626,alimentos_bebidas,60,523,4,750.0,28.0,11.0,13.0
c6c4ba8c85c4f5ffa22b732272a0e99d,esporte_lazer,58,1897,4,321.0,17.0,13.0,15.0
20c958f2273adb5449e7c2f644d27805,bebes,34,501,1,900.0,40.0,25.0,30.0
fcdb929c70287379ce31deed3f733d72,artigos_casa,53,231,1,1625.0,41.0,30.0,33.0
4c9d4ba4d612c9cb5c7180d711077d33,artigos_casa,55,410,1,1800.0,40.0,8.0,35.0
c8ac52c5751a7b2501c476a3bd9e24dd,market_place,31,746,2,200.0,22.0,2.0,16.0
8be128ce3f51211048f4b891e9303381,variedades,,,,3300.0,28.0,20.0,40.0
e8c68ed99b73a85e2c22388f4a702bc0,fashion_roupa_masculina,33,54,1,500.0,30.0,40.0,11.0
5d0b3bded37ffeb1e67b324f3301ccb6,perfumaria,41,120,1,450.0,30.0,30.0,30.0
19f9a0f38a553e626086e4f0dee261c9,papelaria,50,105,2,450.0,20.0,30.0,20.0
781145cd898909ed4389dc1a21192426,fashion_roupa_feminina,26,225,2,400.0,16.0,2.0,11.0
844db1c4faa883826f99972c1ce3895d,artigos_casa,57,718,1,650.0,30.0,10.0,25.0
ea46ff82e4202c95577e055ee7c9b620,artigos_de_festas,52,312,1,100.0,16.0,6.0,11.0
beefd66ae7d857b9c50868bb14473a86,utilidades_domesticas,46,1471,2,2900.0,19.0,54.0,28.0
f576b52ac16acd49c1c3dc82ca1e792e,malas_acessorios,42,299,1,500.0,18.0,48.0,34.0
60aee8f4bd3599ab0fcd1dcf285c9852,relogios_presentes,49,463,2,195.0,18.0,11.0,17.0
c68252426f70e1434cf6e465d7cae869,malas_acessorios,53,1289,2,450.0,16.0,40.0,25.0
33ca6f53f303d370a64975dc0e2c86e9,brinquedos,48,762,2,2925.0,46.0,23.0,24.0
18e070c7509fe7f18504054fb17b4180,automotivo,59,676,2,850.0,60.0,8.0,33.0
b14becd90b0c2fe7819c324c6a41168d,automotivo,31,1165,3,350.0,20.0,16.0,16.0
a6509ce76da01c1027fea6d7aae4099d,artigos_casa,58,587,1,2250.0,25.0,25.0,25.0
0d954479e7991c06d35202c130844b57,informatica_acessorios,39,1105,1,600.0,16.0,18.0,17.0
706a5e521711344bfd262cb3f2a77a78,bebes,49,223,3,283.0,37.0,20.0,40.0
31c50827b6b5d0f51d61c8b2aa98f6e6,variedades,33,805,2,1500.0,40.0,40.0,30.0
a133d679c63597e416572ee64d9d6436,variedades,,,,400.0,16.0,92.0,16.0
1bc5770761d1aaac6f2c831ac8f59708,telefonia,57,1009,1,150.0,18.0,6.0,12.0
61bb78313bc87f6637f26b39d8008ea7,eletronicos,55,1631,2,300.0,16.0,3.0,15.0
3d13b6c4a341d28974fbf776957250b0,utilidades_domesticas,46,454,1,1000.0,25.0,25.0,25.0
3ed88583f131691a34dbc2b4e4f83f2e,brinquedos,46,1389,2,1100.0,28.0,10.0,28.0
6be1dff0cf8ff6e347589c05db1394d9,bebes,35,1623,2,700.0,27.0,15.0,25.0
94b67faa1e06c405396b019aadf24618,perfumaria,30,138,1,100.0,20.0,5.0,20.0
49cb84851ad1487be5bf70a42bb954dd,utilidades_domesticas,60,422,3,400.0,16.0,2.0,11.0
3a002b488f85e2b30838e413c9241f18,utilidades_domesticas,38,1016,1,400.0,25.0,15.0,20.0
ea5708a5c7124ed181b770fe811ec775,papelaria,60,501,6,550.0,22.0,7.0,15.0
3c9196215083130155392c4e138fd7fc,beleza_saude,33,611,1,300.0,16.0,11.0,11.0
4dac30b28142fc71237ff0892e7f29c1,informatica_acessorios,57,308,1,2300.0,20.0,17.0,20.0
cc5004d18b1b9d795cb5043c2d75f66c,esporte_lazer,39,362,1,1400.0,105.0,10.0,20.0
f0640b4a03b7e2ea8a99b656dc8421ef,esporte_lazer,49,1360,1,4100.0,28.0,18.0,18.0
0e5c138ca746633922f8ed55b2c3d005,alimentos_bebidas,19,303,1,1400.0,17.0,33.0,19.0
c43ab4269cbf91b373263db4c2973cad,variedades,59,734,4,650.0,33.0,18.0,27.0
9b887ea9c5de0f08367e5bd0e48a4c0f,pet_shop,54,1043,1,680.0,32.0,29.0,22.0
1c5bd6a742367ec4d654a0859523e880,bebes,45,821,4,4550.0,40.0,10.0,40.0
793b8fa20a40b4b14c94ab9681bf13b5,moveis_decoracao,57,448,3,700.0,18.0,24.0,18.0
dd113cb02b2af9c8e5787e8f1f0722f6,esporte_lazer,51,1511,1,8000.0,55.0,25.0,45.0
52b4432d5f2efc197d3e792329b38cec,informatica_acessorios,60,658,1,241.0,14.0,15.0,17.0
62c7230e65fd9da6326284606ee1b197,perfumaria,35,424,2,472.0,19.0,13.0,15.0
310d46301bad5f6b27b3638b81d9cc99,automotivo,42,1307,6,2200.0,40.0,35.0,20.0
c388dd6e3dccf434053adacfc3b5108d,moveis_quarto,49,740,2,30000.0,90.0,46.0,46.0
f045db2493d42bb131ef8e37c3aef061,artigos_casa,49,1305,1,5600.0,35.0,35.0,35.0
05f97ad4ce078ed1de8882e1824eb07f,brinquedos,46,641,6,800.0,41.0,15.0,24.0
39aa98469aa7460a9764311b3f8efb12,artigos_casa,47,161,2,350.0,25.0,8.0,19.0
c985e917daf44dfe2779833209017098,utilidades_domesticas,55,882,1,200.0,19.0,5.0,25.0
2a2d22ae30e026f1893083c8405ca522,artigos_casa,60,744,2,8350.0,50.0,27.0,38.0
313b2b462b7ebd82e290eb54b10e8a69,papelaria,56,684,3,500.0,28.0,32.0,20.0
b623b7cb05ee3248fbe4a6ecbeed79a4,brinquedos,41,673,1,3008.0,32.0,45.0,32.0
420921e97463577fd5cc62c687d90bca,telefonia,47,1258,4,450.0,23.0,7.0,16.0
089a01980b4c58c4183de3b75bd42363,variedades,41,2428,4,2650.0,36.0,14.0,30.0
a2a0ecb37f7e027a81081a34fd1cce4d,informatica_acessorios,51,1040,3,470.0,14.0,17.0,14.0
f1101904aa253b3812582e5df6cc09ee,artigos_casa,59,497,2,1250.0,50.0,11.0,11.0
fad007abeaab6b8b9089a12497105ad6,bebes,52,233,1,11000.0,41.0,40.0,40.0
fc3d0f0efacfaae58292fed1ab69fd47,esporte_lazer,34,486,1,450.0,25.0,15.0,11.0
b8d682ed9fe73be0d13a38e716573f79,consoles_games,39,2030,2,1200.0,50.0,11.0,40.0
8c0935536ddc382900163bdbbd1975ff,esporte_lazer,37,751,2,1300.0,85.0,6.0,23.0
43c78a3f875907bf2e94679f591c4724,artigos_casa,49,184,1,900.0,40.0,2.0,30.0
ff50a7795bf14586aeb06610fae49095,artigos_casa,59,295,1,2100.0,60.0,10.0,40.0
2433506ade95efcd559a351c7bc682a0,automotivo,60,72,1,200.0,24.0,5.0,16.0
8d4e4bf855847314fb47989bf2f78aa8,esporte_lazer,63,605,2,1300.0,66.0,9.0,16.0
6a25cafd9048b9e5c75635e17545bff6,moveis_decoracao,63,454,2,8050.0,80.0,10.0,60.0
91a5ae441d12befb1c62c19c4ffc940e,ferramentas_jardim,56,472,2,6950.0,56.0,14.0,56.0
546ec29050b44fb370bb27656052faae,utilidades_domesticas,45,1849,5,1400.0,25.0,30.0,25.0
ea0342e49437a3633a3a35c326aa1e46,artigos_casa,32,212,3,940.0,35.0,20.0,48.0
20dfc860c4bf533f00053ad778d01a66,artigos_casa,56,357,2,5175.0,54.0,31.0,46.0
1d2498694abb5754d2a497801dc4900e,telefonia,58,776,6,150.0,17.0,4.0,12.0
69fef0f440d7a4d03f5d883264132dc2,informatica_acessorios,58,3212,3,7400.0,23.0,12.0,15.0
5f141d2c6058727659960a250aa940f6,seguranca,52,2082,8,1100.0,33.0,13.0,20.0
132069c6f99d20d9e0ea2b5b1143ec66,esporte_lazer,45,805,3,697.0,17.0,23.0,17.0
f5878588566e438fc92fbe0cc38d4cac,artigos_casa,56,275,1,5850.0,56.0,17.0,51.0
1c9c1e9c68e2311f81258433b7e0092b,moveis_decoracao,43,3438,1,1000.0,41.0,23.0,25.0
8eadb15da16b50dbda472cd6a95565e3,automotivo,58,644,5,2000.0,68.0,9.0,35.0
d75fe2da6eb275eafad5535fff7a2005,moveis_cozinha_area_de_servico_jantar_e_jardim,41,1450,2,2000.0,24.0,11.0,31.0
62e4ff589b6e84c797971a89d7e55eea,utilidades_domesticas,36,341,3,1200.0,25.0,25.0,25.0
f124ac8aa094e07c961869a91b771c27,ferramentas_jardim,57,1739,5,600.0,21.0,7.0,20.0
eaa57ef2c6f400e0ca6fabc628ea1cf0,telefonia,47,1440,2,150.0,18.0,6.0,11.0
ac413be47178c1bf6215fb3619166103,bebes,37,1432,3,700.0,20.0,9.0,14.0
027bb42a4ef22da4c7a80ecf9c60ba0c,telefonia,60,357,4,300.0,16.0,6.0,11.0
bc83bb240a0c72948a58aba146de3fda,utilidades_domesticas,42,373,6,300.0,30.0,15.0,20.0
63cec29ad7647672c20955844b3a212e,beleza_saude,35,2115,1,300.0,17.0,20.0,12.0
f04c24eaa43e9192315d3aa0b3f00c1c,moveis_decoracao,54,492,1,1200.0,25.0,25.0,25.0
9c8d68903b5106018c797e0e862ae55d,eletronicos,34,453,1,200.0,25.0,7.0,25.0
ad1363e145be3de4efec013051b14322,informatica_acessorios,60,300,3,150.0,16.0,2.0,16.0
d25142f887810041ec819fbabafa8c76,informatica_acessorios,43,382,1,350.0,21.0,9.0,17.0
5f416bfe77190b2f1c9de649d926e56a,brinquedos,37,851,2,1150.0,21.0,34.0,29.0
0f461354af6a2189ef983f8e7a3390b5,esporte_lazer,45,192,1,167.0,19.0,11.0,13.0
5e859617339eaa62e0e154eaea05447b,utilidades_domesticas,53,480,4,5400.0,45.0,16.0,35.0
d56781dd9e632e4460c10d95167e5840,esporte_lazer,60,633,1,1500.0,30.0,40.0,40.0
47ce15bd790ba2e089ce44e95c9f1c1d,esporte_lazer,36,917,4,1009.0,17.0,14.0,13.0
db85e6ed7169848f3ab8eea3a7baa569,automotivo,56,1170,3,100.0,16.0,4.0,12.0
01b25153516d822621a92f9ce0b03e17,utilidades_domesticas,50,215,3,650.0,18.0,20.0,17.0
19a0eb757150fef64875b476f86095d9,beleza_saude,46,914,1,1250.0,19.0,28.0,17.0
78f03f51ef7a8e468dfe807ab205c9e5,utilidades_domesticas,58,454,1,850.0,20.0,20.0,20.0
6931796bb4e63c4dd0919290c8cb699e,artigos_casa,54,664,1,1800.0,30.0,10.0,38.0
76fa741d9effdc92af0109f9516cb5f7,perfumaria,37,442,1,1059.0,18.0,15.0,15.0
03973c594aba6474ba73ab090dcdc4e2,relogios_presentes,57,557,1,300.0,19.0,13.0,13.0
f0e9e463279266cdbe14661227cab9e5,utilidades_domesticas,58,1520,2,6000.0,74.0,25.0,36.0
091af6c2d579fe0926b4fcb8db07f78e,esporte_lazer,58,920,2,2350.0,20.0,20.0,20.0
11ea2b91f0f26a2d693ba6763a2eb4b0,variedades,,,,800.0,35.0,15.0,20.0
87feb07adc221a4c6cdf051ea1afd0ff,eletrodomesticos,44,402,1,15833.0,45.0,45.0,25.0
0afcde02bc6b3c33e6d2dc2a90c7e3eb,eletrodomesticos,57,313,1,1500.0,27.0,13.0,17.0
613db2ca288a12dd07e6fb99974800e8,automotivo,60,705,2,400.0,17.0,21.0,11.0
2bd3e6ee15d713b34654f04fe0375e17,automotivo,60,1377,7,325.0,20.0,12.0,16.0
110e153a52beae118fe6dc43ef592e0b,brinquedos,33,646,1,850.0,35.0,30.0,20.0
f6b95bf0206dac805cbbf5807acce648,esporte_lazer,38,448,3,313.0,21.0,20.0,12.0
bfef23d9045e75d86cff96fad35a10b0,eletrodomesticos,56,174,1,300.0,16.0,35.0,25.0
51c6445e30f155ba9dcbca79b13edf36,artigos_casa,60,269,1,2250.0,34.0,8.0,32.0
0b4d2eb734bd8bb5001a145bf52fa5e2,eletrodomesticos,52,652,1,700.0,18.0,8.0,13.0
95b7ae3076a4c91f203a0c3dd9a54b57,esporte_lazer,49,1244,1,350.0,18.0,12.0,15.0
35b85b6e9fb3bec1fb60fc7ed4204101,utilidades_domesticas,37,885,1,1500.0,36.0,15.0,16.0
a55f2480f8f4f12aa8a2f4528319e509,informatica_acessorios,43,492,1,200.0,18.0,9.0,16.0
a47b91f0ff85b3a24108985252501e12,moveis_sala,41,1192,1,8900.0,56.0,57.0,22.0
08a02dac474e64a14808f8078407eff2,artigos_casa,56,581,2,4850.0,43.0,15.0,33.0
19b7d3eaa7343bd751c222bd14f44fa2,moveis_decoracao,55,534,1,650.0,65.0,2.0,13.0
7b25acee1c4b91200a7e8e31bb977a06,utilidades_domesticas,50,1318,1,1675.0,35.0,16.0,35.0
0c52fe573de020553e4f524ac4267c92,brinquedos,41,768,3,450.0,20.0,10.0,20.0
2c612d9f04a4e74f68ce85d201c704e8,esporte_lazer,45,2578,1,950.0,26.0,25.0,22.0
0c8ff033bfaf9bd1d24ab20a8ea2914e,artigos_casa,47,365,1,2750.0,45.0,8.0,39.0
7d351c4e73f90af8f1e092a95bf57a3c,artigos_casa,53,729,1,600.0,20.0,30.0,30.0
356e2bc619a86d27375fc1f8e8092432,automotivo,56,817,1,450.0,30.0,30.0,30.0
aef09d3b8be874a0a8b1706573a6c9b0,climatizacao,54,581,2,167.0,20.0,9.0,15.0
b69e1a77c55daed30e26f8a1fc534424,artigos_casa,33,435,1,200.0,20.0,12.0,20.0
ad90bb7ba2b9ed51338d3d97b180bb05,beleza_saude,35,510,1,350.0,16.0,22.0,24.0
9a7ee66bbed1b9fa5e3341882c6d74b3,brinquedos,44,755,3,1000.0,21.0,25.0,32.0
71e8e7b22adb117478bdbcd1c2b0c325,moveis_sala,28,432,1,1500.0,31.0,9.0,22.0
8def15a9a64f1e5f1591ceb6265570c6,esporte_lazer,59,742,4,14600.0,52.0,40.0,42.0
12b2d0d0afbc40130f01e2f2f591444c,seguranca,57,922,7,750.0,16.0,20.0,16.0
48640118918b5bd6454e3fee20ad637b,esporte_lazer,48,483,2,2800.0,104.0,5.0,80.0
0c44cf18fca971245b41119ce72861c0,papelaria,47,2204,3,200.0,16.0,10.0,11.0
18796df281656da4036dd926561a6030,artigos_casa,57,555,2,500.0,52.0,6.0,40.0
771fdcb0db87731f794a0e723e93b732,fashion_roupa_feminina,63,437,4,300.0,36.0,6.0,27.0
15d20fc83a2c6720616bce544affa439,telefonia,58,437,2,100.0,19.0,3.0,11.0
8a4c5d65d3fa7a37204ea7f8538f91bd,eletronicos,26,785,3,200.0,30.0,16.0,20.0
05b4647d7e40f280dc06e3d69deaba21,fashion_bolsas_e_acessorios,51,264,2,200.0,16.0,8.0,11.0
0d0f800ef21c01c777f2b36329584404,esporte_lazer,58,214,3,150.0,20.0,25.0,25.0
1ca64333e21cc2921b28c702e3ad522b,artigos_de_festas,15,342,1,300.0,16.0,11.0,11.0
f7336eb1d4afd89bb9d4142642cdad6f,beleza_saude,30,3844,1,500.0,16.0,6.0,11.0
9da44726bd1515c649cee56a272795e4,beleza_saude,46,803,1,250.0,22.0,3.0,15.0
447fe198c45e35250236fa62b2d98902,beleza_saude,52,819,2,900.0,28.0,7.0,18.0
b7be4f01e86f8c3ed18b569c9d323a8b,papelaria,55,260,2,3175.0,28.0,30.0,40.0
e611a297d7a9df83f906aab5c746fd06,perfumaria,40,634,1,436.0,20.0,13.0,15.0
0d005a9c5ad693235416c40d4fc52e22,fashion_bolsas_e_acessorios,53,1359,1,100.0,16.0,2.0,11.0
e56b42f71554ce1f5b7dbd07ec8dca6d,artigos_casa,58,640,1,850.0,16.0,10.0,16.0
3458b4c1fcbe46e2eedb48e00960a60e,artigos_casa,56,1009,2,1700.0,20.0,45.0,35.0
c7466f1348d9a1e494343550ac3a2e23,variedades,,,,1050.0,40.0,11.0,15.0
c61066ec039ab5de17a7d3151f8806c0,fashion_bolsas_e_acessorios,54,1438,1,150.0,16.0,2.0,11.0
72bc7a3072eb84fd69d8e220fb7dbfaf,pet_shop,53,530,4,500.0,27.0,9.0,27.0
3d51bd82dd04d1e24d229bc4364dcbad,relogios_presentes,55,743,1,466.0,16.0,10.0,12.0
0c104d5a094ca1ba910a793cae5b620e,utilidades_domesticas,56,1000,4,2100.0,39.0,13.0,31.0
2c8238c5ab463c9d8cc054dedfc140c8,esporte_lazer,40,227,4,211.0,16.0,22.0,11.0
cdcb999fe37b74a0422b6865b79aa570,esporte_lazer,47,235,2,2100.0,60.0,15.0,15.0
566a4f2c4385f36d15c00dfcaae132d1,eletronicos,43,391,1,150.0,25.0,7.0,16.0
dee65430e13a3daa9011e4f6f04b4981,ferramentas_jardim,48,186,7,200.0,20.0,5.0,15.0
ef20cc9755032059db24bef18745df2f,fashion_calcados,48,647,2,1600.0,20.0,9.0,21.0
825993135690981b6014a46dbe75707e,moveis_decoracao,45,427,1,1000.0,20.0,15.0,20.0
385c861f274a680e93e8391c65bf8269,automotivo,57,703,1,6100.0,47.0,19.0,23.0
c0fc7711dd6c18600d83a5420d0e010b,automotivo,60,951,4,600.0,19.0,16.0,18.0
20992273fc264d0a559e37c346090fe6,informatica_acessorios,51,1246,1,600.0,16.0,16.0,16.0
8038040ee2a71048d4bdbbdc985b69ab,artigos_casa,48,528,1,0.0,30.0,25.0,30.0
4bcc3b7b59ca9c77769108c845f4e4d9,eletronicos,47,1619,2,3450.0,53.0,16.0,35.0
66471e25b47c629da4dae1bc0a52c427,automotivo,47,1029,6,4200.0,23.0,50.0,23.0
50692766f5927d896a4b516389e92b4a,jardinagem,38,1216,5,3850.0,30.0,16.0,40.0
53f8db8f4a6f6392208198646fd6de63,utilidades_domesticas,43,232,3,95.0,29.0,32.0,11.0
594bff45af61fb86865982df0382ad42,esporte_lazer,44,458,1,400.0,27.0,9.0,14.0
e14dd4fab66d6821325e8b36fca0e41d,beleza_saude,48,700,1,800.0,22.0,22.0,22.0
8f601af30bf2a5f8eacdd3ed8e2158f9,informatica_acessorios,34,1080,2,250.0,41.0,2.0,29.0
7176cc4ccfa22cda4b0e01080c8d96ed,utilidades_domesticas,55,603,3,2250.0,50.0,3.0,30.0
210286fe46a9f587b63ead8d065ad3cd,perfumaria,56,305,1,495.0,20.0,15.0,18.0
3bab56924ec762e9340478909312d5c7,brinquedos,39,217,1,400.0,45.0,15.0,35.0
dfa595aa098b1c2b6d2af8f1e08ade44,eletronicos,33,53,1,650.0,16.0,45.0,35.0
250d000589d1bb22d6ec81449f05cf20,telefonia,60,770,2,55.0,25.0,10.0,15.0
cf80841caa87eafb37a258ac3fcbfb73,utilidades_domesticas,59,362,1,700.0,51.0,13.0,11.0
3cc4d754aa53f733c4141170236195ec,informatica_acessorios,59,944,3,3100.0,20.0,20.0,20.0
b4e319cb48642fd748a387fb88c31c35,brinquedos,45,346,4,900.0,31.0,8.0,31.0
0b5c0e5478b0b0746d05377b732a13f3,variedades,59,833,2,22600.0,55.0,81.0,31.0
6ae3f85f46a37844372252496c77b4d8,telefonia,49,1304,4,650.0,23.0,6.0,16.0
c7ca99b36741a465e2ea397d5091105f,esporte_lazer,61,990,6,150.0,26.0,2.0,21.0
78120320a8a3d2656f159d513fcb83b6,moveis_decoracao,42,232,4,650.0,25.0,14.0,19.0
bed81d82bc7b0333ace331d5e70e1bd0,automotivo,58,409,3,100.0,24.0,2.0,17.0
5a7373ba4c9b3e13513ded06cd1986c4,esporte_lazer,46,2029,3,105.0,20.0,20.0,20.0
8e36ace5bdfeb2a75f873fcd490a6511,utilidades_domesticas,54,1140,1,18800.0,35.0,92.0,35.0
ff907ae86deaa05b65cfb3b14166e7c7,beleza_saude,37,540,3,1400.0,27.0,22.0,39.0
0dfb3f08547a24999bb7ec4d025b7d7d,pet_shop,50,263,1,200.0,20.0,15.0,15.0
f695f05f9b5b47de78cd7278d748487f,perfumaria,35,253,1,125.0,24.0,9.0,21.0
2731fcd394a537e7af870051621316b1,moveis_decoracao,39,677,1,8500.0,35.0,45.0,35.0
e2c843e2762213223f21e0206e3b9d9d,pet_shop,48,1004,3,8450.0,53.0,20.0,33.0
58013a514d435f19c974b8751c054a18,eletrodomesticos,60,236,2,100.0,18.0,8.0,13.0
b9ce067d067a7390e6c3bf2700bf233d,telefonia,60,510,2,350.0,17.0,4.0,12.0
4505df1cf531c9ac32c32384a4d6d54f,papelaria,38,642,2,600.0,27.0,4.0,12.0
61163b3973f637171715b4698c9df7f9,bebes,60,443,2,1100.0,34.0,28.0,21.0
e7a6e03b3e02c37299f6ea8398a08629,automotivo,59,448,5,150.0,21.0,15.0,14.0
840c7da1a74c54e903c0c6b86d44deed,variedades,,,,500.0,20.0,12.0,15.0
c243b9426a87ba098db1a7da1512d919,variedades,,,,1100.0,80.0,5.0,12.0
d0c118c2509abde6fdad3d7bac3ebef5,artigos_casa,49,271,2,4233.0,27.0,40.0,43.0
93201ae32ea7725876739ba9f0d2c851,ferramentas_construcao,56,444,2,1050.0,25.0,25.0,25.0
fdc7f0715c1b1ee11b31922f0b23c0b4,brinquedos,43,326,2,500.0,39.0,26.0,32.0
566a14211efb01bf3e8ac11007379e93,fashion_bolsas_e_acessorios,31,393,3,200.0,16.0,9.0,11.0
afc452fedac19a3553a1a356e5498e9e,informatica_acessorios,63,286,1,900.0,40.0,20.0,20.0
8557bd1de3672759c2c9321b349c32b1,esporte_lazer,43,202,1,800.0,22.0,15.0,22.0
4fcc9ea45483a04bc0b5d63622108272,consoles_games,48,2503,6,5483.0,33.0,31.0,40.0
1168d8ebfef41c2720053c4c9f78ac87,moveis_decoracao,52,2082,2,1050.0,69.0,11.0,11.0
d4d998605a20a7c575f53f6c8be0cde5,bebes,58,823,5,30000.0,98.0,57.0,45.0
b4decdbf54d275fc3c56ade817a12f29,beleza_saude,28,515,1,650.0,20.0,30.0,20.0
81c6b0f031d89938fce1df449b3b464b,moveis_decoracao,53,470,3,100.0,16.0,3.0,23.0
e7af40def3d91115bb8006a1c7525ea0,moveis_decoracao,58,282,1,1300.0,45.0,14.0,35.0
d4548e7ab697993ec51d864766a8ea4f,relogios_presentes,43,632,2,532.0,19.0,13.0,15.0
206ee9f28d05f04f891e3cef4b220dd1,eletrodomesticos,51,688,1,1200.0,25.0,25.0,25.0
f0af7ec9760e53f21277444f32ee3308,moveis_decoracao,59,205,1,1300.0,40.0,10.0,34.0
c899857fb2b4a0cee39e479c1989ee3c,relogios_presentes,58,364,2,300.0,40.0,10.0,25.0
c706d50b57c9e83293c2586d01f32445,papelaria,60,310,3,600.0,25.0,7.0,24.0
bfc622386cc86a16ee177fbd977fe4a7,moveis_decoracao,31,154,3,800.0,45.0,45.0,20.0
14e9b59d37c1571b980c02e237a5d395,ferramentas_jardim,60,3920,3,6800.0,50.0,40.0,50.0
138dac44dc568cd36c6f1d1e5e181d5d,automotivo,56,896,4,1400.0,25.0,9.0,26.0
c6c1f263e076bd9c1f1640250a5d0c29,perfumaria,32,102,1,425.0,24.0,12.0,16.0
a859dc323c1bebb21c887054599fccce,telefonia,53,3834,5,627.0,17.0,7.0,14.0
02a60f0074f36110106a16d15267aad5,moveis_decoracao,50,401,1,450.0,32.0,2.0,22.0
64b99eed898c1b99a94d93cbf5873690,moveis_decoracao,63,393,1,1750.0,45.0,15.0,35.0
5cd950f6f9b4f8c82e805a136e3df79f,brinquedos,43,3138,2,2300.0,42.0,8.0,42.0
5cb9696a7256c0bd3fa974570c74a13d,papelaria,60,210,4,1700.0,35.0,60.0,40.0
2e1f117f6901eb865cc19065c77543f7,beleza_saude,39,315,2,500.0,35.0,6.0,12.0
d5af9ddfb51682e5b3327b2dca63cfa8,automotivo,19,77,1,2450.0,38.0,8.0,11.0
19dcf909566fad3eb56a49fa80193852,seguranca,38,296,1,725.0,16.0,11.0,11.0
f4c9a2926d5a2fe099ebbe7d0967bd37,fashion_bolsas_e_acessorios,31,525,5,300.0,16.0,18.0,11.0
77fd0803982844397705c756614105c7,moveis_decoracao,52,282,2,8600.0,40.0,30.0,40.0
ddbcffa21df7d85a96fc395a6d9ca334,esporte_lazer,43,1402,1,200.0,16.0,9.0,16.0
7ab3f33e0baeb7d996e1f95d25acc003,artigos_casa,55,317,1,850.0,25.0,15.0,15.0
db96ef2aef93a5a96d1e3296a32648e5,agro_industria_e_comercio,59,751,1,12400.0,55.0,32.0,32.0
36e5949d5ebec0e432fa58f5f3e65a54,utilidades_domesticas,49,998,1,600.0,25.0,15.0,20.0
cc3fa983a53e9876a42790033f06a9ad,variedades,60,416,1,6730.0,34.0,28.0,29.0
9ae1607198ba0a8336e966249f53b5ec,eletronicos,45,795,3,467.0,16.0,10.0,11.0
95320d70592f898880af9c3d5394728c,artigos_casa,60,372,1,3783.0,70.0,20.0,50.0
6bb54c0a1ddf991dc06cc7cb5a13bab7,ferramentas_construcao,41,1270,2,200.0,20.0,4.0,20.0
9ae144079d83bd6ffb2d30284c7c518c,variedades,55,943,1,500.0,16.0,19.0,15.0
afdbe4b0aad75651b1a127946a589449,bebes,39,1645,1,3000.0,30.0,25.0,30.0
dd25073efbb30ed60eeff1b351b8e8cf,jardinagem,31,1341,5,7400.0,80.0,15.0,60.0
37d0fe92df113ffff0dd68d39a6e05b7,utilidades_domesticas,60,488,1,6600.0,32.0,36.0,32.0
1272db6c9d16e3c3b9878c3462a0f369,malas_acessorios,29,1095,3,450.0,28.0,19.0,29.0
073af5ae737ac55290eb733f67317242,automotivo,55,89,1,700.0,26.0,8.0,14.0
54919ddb6aa3bf5bf5901d504a8b7f18,eletrodomesticos,52,357,1,2250.0,46.0,21.0,36.0
c31539851232e3accbf0ef4c571f97f2,artigos_casa,45,540,1,500.0,16.0,10.0,16.0
1aaf80d4afeb6d8636711e75d02f1a7e,informatica_acessorios,50,220,1,50.0,40.0,2.0,24.0
18ea29d5e42eea2c720cafb650f572f3,agro_industria_e_comercio,52,934,3,50.0,16.0,6.0,13.0
13ad6994bda56edfa0a269e3d9a9acb3,automotivo,57,716,5,600.0,17.0,15.0,13.0
1346e52897253207e49624d96aa60471,eletrodomesticos,57,844,1,1550.0,30.0,10.0,15.0
06f2166336faca73c644b11eaca22d06,informatica_acessorios,60,635,1,600.0,16.0,13.0,13.0
4808d0f726c21019e47863e21427cb48,variedades,53,632,2,4925.0,42.0,37.0,37.0
50dfe62a8a76632271d4810efba06a5e,fashion_bolsas_e_acessorios,30,216,3,250.0,20.0,9.0,11.0
a8f31c4f4cc9429e3c72db72dec3fc1f,esporte_lazer,57,481,1,650.0,16.0,8.0,13.0
a78ca2f8bd17ee6472a95310f930ec54,fashion_bolsas_e_acessorios,63,464,4,150.0,16.0,5.0,20.0
aaa31e14a24ce654af7f6f2061d1b7ed,fashion_bolsas_e_acessorios,49,248,1,200.0,16.0,8.0,11.0
0de0af2336d127802abb8c8763f46afb,moveis_decoracao,60,837,1,10150.0,55.0,30.0,33.0
fc93dd7f733b2e9ed94453e40e4fa677,esporte_lazer,50,240,3,150.0,20.0,10.0,20.0
acaeeff80ea0d1f8206f4b25c32fe18e,esporte_lazer,40,588,1,5900.0,28.0,9.0,11.0
833fb04f7b1c82365c0273e62de0c19f,artigos_de_festas,43,794,1,3200.0,27.0,27.0,27.0
fce15962a64fe4b658917a18983fb266,beleza_saude,24,311,1,550.0,48.0,11.0,11.0
e052d2aebe5b1887f31d80b47c2aa3c0,informatica_acessorios,40,492,1,200.0,18.0,9.0,16.0
a54f6200fb09c904053b05461c2e91f8,artigos_casa,31,331,1,2400.0,48.0,18.0,36.0
06ef4c984af8c13ff17e30f46d97b489,informatica_acessorios,59,425,4,100.0,17.0,4.0,14.0
19b75a8a23f10ec7a6af4e4644c4d71a,automotivo,38,530,1,3900.0,16.0,4.0,11.0
21caff3913095987c249438138d0ef23,telefonia,37,255,8,200.0,16.0,3.0,11.0
789903e228ae1908c260edd9847c99b0,relogios_presentes,52,550,2,300.0,16.0,11.0,11.0
29c9a765d2ce9ee6d6ee72d6c316b9ef,moveis_decoracao,52,749,4,14900.0,40.0,60.0,40.0
bbb22d5f1913726a8e9249234e594c05,informatica_acessorios,51,410,1,700.0,26.0,4.0,19.0
e0ab3fcfb0c3a63324f2797e03bc4199,moveis_decoracao,52,1186,3,650.0,40.0,36.0,28.0
cf12b06885d2d33726d6a0eeb2714fa6,esporte_lazer,56,1064,1,214.0,17.0,11.0,14.0
a22308fa06c519ecab4687f713c225a9,utilidades_domesticas,56,308,1,400.0,38.0,17.0,27.0
a00722035cea70bbf671b758459cde42,moveis_cozinha_area_de_servico_jantar_e_jardim,59,501,2,15742.0,16.0,95.0,33.0
70b98d329c7a32c6aaa4f6e13a12ddf6,bebes,32,1055,1,300.0,30.0,20.0,30.0
925e74f05a815d63be377531002e29b3,artigos_casa,49,104,1,1500.0,36.0,14.0,36.0
dd413b2e015e9f610983d1132574f895,perfumaria,38,1545,3,700.0,20.0,20.0,20.0
9af1e4e7176c0444995f217a1bfe7f1e,moveis_decoracao,59,197,8,1200.0,31.0,11.0,26.0
347b87eae9fc537319fceb5bf22d22fe,beleza_saude,59,651,1,150.0,23.0,7.0,12.0
9cfd1f36525a6b46d3e0b7f1e153fa4f,esporte_lazer,45,1541,1,450.0,33.0,20.0,20.0
d0c700eaeaa117724b74c5a327f945ce,utilidades_domesticas,31,588,1,1350.0,52.0,14.0,41.0
5a9390e32c656cca81df71054e77b93b,automotivo,26,647,1,100.0,16.0,6.0,11.0
4b2653088591de362e6ba85b4a474c75,artigos_casa,49,603,2,18800.0,40.0,30.0,50.0
2f2eee65fc4cc4a5ee8362730719d290,papelaria,60,920,9,3100.0,30.0,52.0,20.0
28609f55cdcc0e20aa621696e53c7075,eletrodomesticos,48,1458,1,5400.0,32.0,25.0,14.0
4a0938478787f49dc07af734b86be96c,relogios_presentes,60,508,7,250.0,16.0,2.0,11.0
29d5359e5182f2c0632e139faf56b663,esporte_lazer,44,3189,1,2243.0,37.0,32.0,33.0
c2cc0ecc5738d02d916da7e23d80286c,ferramentas_jardim,36,1010,1,650.0,16.0,30.0,20.0
99827651c1fea2d9068fbc77cd96a43f,instrumentos_musicais,56,2004,1,1300.0,35.0,25.0,35.0
cc1cb33bcc814aeaa4631761a34bd23e,moveis_decoracao,32,1262,4,150.0,16.0,8.0,16.0
3be495aa2bea5ca3041d723c2db13209,climatizacao,57,2731,1,200.0,24.0,8.0,17.0
84bfcd3c1a4f15e9bd5867a775e232d9,automotivo,42,715,2,700.0,17.0,21.0,11.0
dd61e943598eec72351633dd6a72d5dc,perfumaria,47,1816,2,350.0,36.0,6.0,22.0
e0b18098e84fa7ea163be5fcdd1b239c,esporte_lazer,55,2113,1,750.0,18.0,8.0,14.0
2d6b812c811ee4ef384bf40877c73706,moveis_decoracao,40,261,2,600.0,16.0,16.0,23.0
16522de6b7f6222b7f9c3b00a0cf3218,bebes,50,339,2,8400.0,45.0,25.0,45.0
08dc49f9b802f2e81c55f4b810bbf1f5,moveis_decoracao,53,532,1,400.0,60.0,7.0,11.0
8e05d659efa36ce4bbc0a299a870f4af,iluminacao,59,985,1,1050.0,16.0,20.0,16.0
19783777e6d4d97635348cf8d7caedc5,pet_shop,57,466,3,4800.0,31.0,16.0,26.0
11d73cb1179dc43858edd4ab0cea359d,relogios_presentes,41,219,3,500.0,19.0,9.0,15.0
1379437fdb5620cec92ee180f1f16ebd,artigos_casa,56,284,1,3300.0,45.0,15.0,35.0
dd8acc378d2771a8f178e4858a282b98,automotivo,46,508,1,750.0,16.0,11.0,15.0
9153ddefe47e356b46bffa5e9cd8cc3b,beleza_saude,47,646,1,305.0,19.0,13.0,16.0
4135a8c6b588263879a627ed27a2a3c3,papelaria,55,381,1,500.0,22.0,48.0,38.0
ec65faa314338306f45b04be616eed53,livros_interesse_geral,41,618,1,1525.0,19.0,14.0,19.0
590547b1e5242580014283ce1bcaaffc,eletrodomesticos,59,172,1,350.0,33.0,3.0,36.0
d6f3bd7b1fc04fb1a2effb51ae44ab17,consoles_games,47,348,4,400.0,19.0,7.0,17.0
7446ea3b3fb292b92d443f6a340bb372,pcs,55,1101,1,12050.0,27.0,50.0,53.0
1b9c9c11fdac157197ea45527ffabae2,esporte_lazer,47,878,1,1125.0,30.0,23.0,26.0
d31d37381e5760bb91654d898e9c1a73,beleza_saude,57,1453,1,5690.0,33.0,28.0,19.0
218c9d6d7c61785529b97cf822756207,moveis_decoracao,49,3183,1,700.0,41.0,23.0,25.0
bf2ccdfcde5e9644cc41491d56f4921a,artigos_casa,58,93,1,2000.0,40.0,15.0,40.0
89f477e164a214412b100a5c35464b0a,automotivo,60,543,4,14900.0,105.0,15.0,80.0
72406be6f45ec18d2d8b21bfb7a9ecf4,variedades,31,1410,2,450.0,18.0,15.0,14.0
ba453af64b21e4179a5635683be46d15,telefonia,58,517,3,350.0,17.0,4.0,12.0
1648c250bc294f3df8137d9a38d42a65,moveis_decoracao,57,2055,2,600.0,68.0,8.0,13.0
2da8e82c3ddd9c8f784930f7d2db4d34,eletrodomesticos,55,71,1,30000.0,61.0,15.0,50.0
11467aa972053382530a1b91591eae38,beleza_saude,60,506,1,575.0,16.0,14.0,15.0
01849445c151d94a1f0cfff03c9ed154,artigos_casa,60,146,2,1200.0,34.0,6.0,41.0
9e45be91c990797c9bb60ce6fa369bff,moveis_decoracao,52,1750,4,2500.0,105.0,3.0,70.0
cfb133b7458336455fa60b97ac3aaba9,brinquedos,47,121,2,600.0,20.0,31.0,30.0
165b735d5e65bee3592afb5d43af3397,artigos_casa,44,385,1,817.0,32.0,6.0,28.0
ff62ab4c255754dd5cfbd1822cd97b40,moveis_decoracao,63,1051,2,11850.0,23.0,70.0,42.0
b0851f698789d7776fe66be8d6d4a9c6,moveis_decoracao,47,3275,1,900.0,41.0,23.0,25.0
c5c619629da44fcdd8303458a5557fde,papelaria,57,733,3,275.0,17.0,19.0,23.0
80728f3330e40b60b5ebfa9c6f740b8c,artigos_casa,64,320,1,3600.0,45.0,15.0,35.0
873bd7c76637dae61ceaf0dbdb4d07d3,bebes,25,1116,1,10400.0,30.0,10.0,30.0
616c1294c57a15354902fb69420fdc2f,moveis_decoracao,63,389,1,1400.0,45.0,15.0,35.0
209c968305b3c2ab858608fc0b21e7e0,telefonia,41,424,2,200.0,18.0,3.0,12.0
acf8371901a741912c231a031fe39c71,moveis_escritorio,57,2368,1,20500.0,58.0,28.0,58.0
cb584c49f570fef84e71a4297652bd48,malas_acessorios,29,599,5,375.0,28.0,19.0,29.0
51065e36eb621dc8c9be3e291b1d41de,esporte_lazer,53,1541,1,450.0,33.0,20.0,20.0
5783b6239d05ef4a58dee574f752ac62,relogios_presentes,54,863,4,600.0,16.0,11.0,17.0
3edd389c7ec42a100189b9f4dd430426,papelaria,60,256,1,1100.0,30.0,12.0,25.0
804b8b7fa3fa43cfed7ceaa5fa0f6898,artigos_casa,58,660,1,750.0,30.0,4.0,24.0
9578d6732c124f549834fbe8c02e51df,automotivo,57,703,6,4650.0,47.0,19.0,23.0
ee943329330e459c7ef1508e2d308412,variedades,46,440,2,2985.0,23.0,27.0,20.0
51945302d0858fe2efed398e1fa2df04,bebes,57,121,1,1650.0,39.0,16.0,40.0
f5eafd694f3a7959e352920537496c7c,industria_comercio_e_negocios,45,706,1,8400.0,36.0,25.0,44.0
eaa5e4f6335cbfad1703327e407e4eca,beleza_saude,49,696,6,350.0,19.0,11.0,23.0
1ae200ea89b47dfa17d0ae0745a25492,beleza_saude,57,976,2,150.0,20.0,10.0,20.0
4737840499dd8ffb4c3e54caf8a3ab9a,moveis_decoracao,63,181,2,13700.0,100.0,7.0,90.0
50360414e16500c6fa1c11e2be97dd0c,telefonia,50,1277,4,500.0,20.0,15.0,30.0
7eabb546be2a37893a361faab2b447a1,esporte_lazer,44,1106,1,3300.0,22.0,22.0,22.0
00250175f79f584c14ab5cecd80553cd,utilidades_domesticas,53,631,2,750.0,30.0,5.0,35.0
b00cdd91a0fed77d5dd5437da9763ed5,papelaria,32,896,5,2850.0,18.0,50.0,40.0
b6190912a554e26ca7ff517da2a3145b,beleza_saude,60,450,1,117.0,14.0,13.0,10.0
4cc5551420f5d33daee6924b914125cb,casa_construcao,63,379,4,700.0,16.0,20.0,38.0
8b87bdca52ab6d4c79661a4dbcf903c8,automotivo,60,670,4,350.0,16.0,6.0,16.0
8814a3da37fb9673a5ac06f82a2a00a9,moveis_decoracao,59,205,8,900.0,31.0,11.0,26.0
341624e20527d473745831850a7263ea,artigos_casa,48,528,1,900.0,38.0,20.0,28.0
afe91b92e9fcb77e66f33901b67c5cf5,informatica_acessorios,57,1391,2,400.0,18.0,12.0,15.0
d938bcfd149a626da38febbe8a669a9e,beleza_saude,62,2792,3,2500.0,16.0,16.0,15.0
3da9360d771a31592cd2b789501a9ffe,esporte_lazer,41,618,1,400.0,18.0,18.0,17.0
da78a87e4ca3fd6a514e8d9b73ece938,moveis_decoracao,29,722,2,800.0,35.0,13.0,22.0
92f699740f5a71846565fa8a6f0bbcf4,casa_construcao,55,922,7,1050.0,16.0,20.0,16.0
79896466715d0179d8e5c8a84e5f0a18,variedades,42,3319,6,1400.0,22.0,29.0,13.0
165f86fe8b799a708a20ee4ba125c289,variedades,40,1456,1,2425.0,29.0,30.0,19.0
caf4c19a55134cab8ebe2debd0f16e6d,papelaria,50,337,7,3500.0,60.0,20.0,29.0
186a9f327c0de21b2dd1dea0a16fb5d5,beleza_saude,46,803,1,150.0,22.0,3.0,15.0
b42d0b0ff31b842e6cd8a86a40919d63,esporte_lazer,54,260,4,2500.0,55.0,10.0,20.0
b469675b10244fe989f232d3b38b41f4,artigos_casa,48,289,1,1581.0,42.0,18.0,36.0
48f27eae43a6ecfccfd61052113cd322,artigos_casa,56,184,2,600.0,55.0,10.0,50.0
9ee8816f1d901f62f4c8b2bd32e46b4a,esporte_lazer,14,129,1,150.0,30.0,5.0,40.0
706f09bf92fd217b4c764327c0a17ace,brinquedos,30,668,2,4580.0,44.0,35.0,35.0
1d2b9594d78df158a9dadc8fd3438d4a,artigos_casa,51,323,1,550.0,16.0,10.0,16.0
cf1817039c1c86d9f7a5991817794083,eletrodomesticos,40,45,1,200.0,16.0,35.0,25.0
eef3286d1162cb7eb46becab2a5aa884,brinquedos,57,404,1,200.0,28.0,13.0,22.0
b87be755b7af193bb1ddf878a7d2966f,variedades,58,571,2,15800.0,70.0,36.0,48.0
e8b81f90e760cf36a89ecf3b3bf6cf05,informatica_acessorios,60,580,1,100.0,16.0,8.0,12.0
1f48020881e631a1f4077698cc78204a,ferramentas_jardim,60,1033,3,300.0,20.0,9.0,14.0
d6bdc30ad1fdc8e4ee7d1712df81357b,artigos_casa,47,236,1,1350.0,36.0,6.0,36.0
50a507147f39a8d8ad52ee1982e20673,utilidades_domesticas,49,551,1,250.0,19.0,2.0,11.0
83fcbcb7aee7d8032262103f5e441ffd,relogios_presentes,59,414,2,700.0,30.0,10.0,30.0
81e5968d5cc613a7fb67502880db9946,brinquedos,29,1764,1,800.0,30.0,20.0,25.0
c7b3cf9de7be95b3e09e7a63315685eb,malas_acessorios,49,489,2,16250.0,18.0,53.0,39.0
18f6ea7e8cff29f8053baac6762449f9,moveis_cozinha_area_de_servico_jantar_e_jardim,44,1313,4,1850.0,45.0,15.0,35.0
4c6da5fa882447ab7e8d0fb767f8aa99,moveis_decoracao,63,1285,11,9000.0,70.0,25.0,55.0
fef80a5fb121b63bedd4096ff28f6aaa,relogios_presentes,52,567,1,150.0,20.0,5.0,15.0
aab15a1fbfab4f54efd93c8d3d47c0a1,beleza_saude,44,465,1,567.0,19.0,11.0,15.0
34e01766eefd8ee844083f3d1f21653c,variedades,,,,150.0,16.0,16.0,16.0
5d983d66e379e5200d979878175c7af4,utilidades_domesticas,59,595,2,900.0,21.0,21.0,21.0
8657986fc307b1b749c57763b90795f8,telefonia,58,818,4,350.0,17.0,4.0,12.0
d9d2b0bf83edf2fe776c707efe5d0b41,artigos_casa,54,198,1,3200.0,35.0,20.0,30.0
595b8278e4e5c52c86a4da3812b70081,artigos_casa,49,642,1,2450.0,16.0,2.0,11.0
749dd3b99b0957b8df1df1679dd1af6a,moveis_decoracao,44,1465,7,500.0,35.0,2.0,25.0
edc5fb7cd23cfd91367038801fd55ec9,utilidades_domesticas,54,439,1,450.0,86.0,3.0,16.0
da31a8967c1dd9649b9e034eaa588783,pet_shop,53,1139,7,2450.0,50.0,30.0,40.0
597b41d8d84933e89685ba67a4d595b7,esporte_lazer,24,827,2,900.0,28.0,25.0,25.0
531caee8b7069e4b692eddf59ff98eac,automotivo,63,1541,4,2700.0,40.0,16.0,40.0
22036f187132350920aea5aa0bb01935,utilidades_domesticas,59,1047,4,500.0,25.0,12.0,25.0
b1ab3619ae093935fbb0e0033ac2046f,moveis_decoracao,56,169,1,7300.0,40.0,40.0,40.0
2e95d18044fc8d40fe4771de8022bcc7,utilidades_domesticas,50,313,1,10483.0,66.0,66.0,56.0
a4f4c32458bcda36ae3fff9a3c40d2d6,relogios_presentes,55,407,1,1050.0,29.0,8.0,28.0
5dbaf8ef0c4601f557af3cb8cb7a1a7a,utilidades_domesticas,55,187,1,200.0,16.0,10.0,15.0
913b240ad06c85be83709dffc26d59f6,automotivo,39,77,1,3700.0,25.0,6.0,23.0
cc4a0eb659a396153f572dddc1c098a4,artigos_casa,45,735,6,333.0,25.0,13.0,23.0
674c3c475a80639c0b66fcbbea50a286,moveis_decoracao,41,1785,3,850.0,35.0,5.0,26.0
0727e18d559a15ca5b2b9f76274d19ec,eletronicos,31,335,1,125.0,22.0,11.0,16.0
be127a8a979cd5d591ea345f10bba28c,esporte_lazer,55,551,2,350.0,26.0,5.0,13.0
c7287c42473206267a78a2189981a42e,moveis_decoracao,59,2101,2,950.0,55.0,11.0,11.0
4ddea479f39c2acfbde72ff8ddcec134,bebes,59,545,1,50.0,16.0,10.0,16.0
f4d640751dc4c32a4338ad7dd111fe48,brinquedos,45,620,3,950.0,50.0,10.0,35.0
87600b5691804854827b5df8c04767b2,esporte_lazer,41,1598,1,1300.0,22.0,18.0,18.0
ec1314c23c3f6210eaaf4fa625cae095,automotivo,57,574,2,600.0,32.0,16.0,16.0
cf69d780077ed6cd5369b53aa63cd0d3,moveis_decoracao,46,700,2,8500.0,50.0,10.0,41.0
add1fea8b7d998995db3a2ecbf410a54,utilidades_domesticas,38,1616,1,400.0,24.0,15.0,15.0
fa9cc1dfd86d0877d43101973bf26eee,utilidades_domesticas,57,677,1,10200.0,56.0,30.0,34.0
23e8448e7eec38d57985dcd09a3d563d,bebes,57,408,3,200.0,16.0,6.0,11.0
a9597fde84eb2278c5cc4a53f95dd8f9,automotivo,51,146,1,500.0,20.0,5.0,20.0
a2a1d57880bb40e60b59530ba0177ccf,artigos_casa,56,352,2,900.0,50.0,11.0,11.0
e1310a0690f541f25a1d33cf395d5407,iluminacao,25,1040,1,350.0,16.0,32.0,16.0
e52ba7b3c98465f5b618ed526d399357,telefonia,52,303,2,150.0,19.0,4.0,11.0
e56331a76de436e89a803efd4738a7df,bebes,59,1637,2,2100.0,62.0,7.0,35.0
4ae634441e444ca4bc85903cafe98d73,telefonia,54,285,2,275.0,18.0,4.0,12.0
ebea98c5fc701994cfef24664f1e3708,utilidades_domesticas,44,102,1,300.0,30.0,2.0,13.0
e087cb77e9a24e317f4ba08077fa6226,moveis_decoracao,60,2010,2,1450.0,69.0,11.0,11.0
3d2e66b60f9f7e21c0dd52fced636d22,variedades,60,1048,1,30000.0,48.0,75.0,61.0
784c94d1803e49492d2758907914b26c,pet_shop,55,852,1,20800.0,40.0,40.0,45.0
830102bc96abe72181372676df005601,artigos_casa,54,411,1,2250.0,42.0,16.0,36.0
15b11b38d792e5d8189446d9131d0fb4,utilidades_domesticas,38,655,3,2350.0,48.0,10.0,39.0
8daced7e1565e80fd1b57d24ff973a61,utilidades_domesticas,57,229,1,2700.0,35.0,35.0,20.0
a3174f2bfbbeca5734474d6046d76434,relogios_presentes,38,607,3,600.0,17.0,11.0,13.0
140a6dabf1644704fc0d592be0be59d1,beleza_saude,41,547,3,968.0,27.0,20.0,21.0
12b5c5d13512ad7cae70181fc503f42e,automotivo,51,2651,4,300.0,16.0,11.0,11.0
cfba4923dc05bdeee56a049ae75d078a,variedades,56,3035,1,1419.0,29.0,12.0,14.0
f5e5ad97ed609d83f1f9ef90e2d52450,market_place,46,265,2,200.0,19.0,6.0,14.0
508d48ea59be64138f0015d2cb9c75e7,beleza_saude,29,1212,1,5400.0,18.0,10.0,15.0
c180a83edb2d145ec2f9b10cbd61feb5,brinquedos,60,915,5,1000.0,30.0,10.0,20.0
d465fef4e52e46bc9e04996b37789bbd,ferramentas_jardim,57,723,5,880.0,22.0,21.0,19.0
ca152649b43c4c6081853d9421c59869,informatica_acessorios,35,1101,2,250.0,42.0,2.0,30.0
ef97d55b00fb23b5e69607f999112696,utilidades_domesticas,20,471,4,285.0,19.0,14.0,11.0
3609dcfca328f686e30517807ce959a9,beleza_saude,40,876,1,1150.0,16.0,16.0,16.0
75e8e3d9663c75fe4693bdf6d6b03ede,malas_acessorios,48,221,1,700.0,46.0,10.0,34.0
a599c9fe3eab8ac297b1bab1e3b60f88,bebes,39,297,2,2100.0,75.0,32.0,23.0
cf6db73155e09a3583117d7dbeeab445,moveis_decoracao,56,262,1,950.0,40.0,2.0,30.0
477dae843da64019d49703a91abfbd33,beleza_saude,46,1196,1,1627.0,47.0,17.0,34.0
a1349515a6b4241f2e09a28b5cd2c453,pet_shop,39,766,1,8017.0,51.0,28.0,39.0
30780c2d80f329c7dfbf524eb87da4ed,esporte_lazer,42,1206,1,3400.0,32.0,24.0,24.0
4df66ac9aab3086c57a1cc409b06fed6,eletrodomesticos,51,130,1,300.0,18.0,8.0,13.0
226b3973913b6154cb1102026822360d,beleza_saude,56,2710,7,350.0,19.0,11.0,23.0
61fd556e5319f0e1dfed3ecb8d3bb778,pet_shop,40,854,1,400.0,20.0,19.0,19.0
703be52823d96209cb055709ac70e5a6,relogios_presentes,36,253,1,375.0,17.0,12.0,14.0
32858f3e59ed1a89aa0cdaf654449399,esporte_lazer,55,1955,3,6400.0,30.0,30.0,30.0
44d6d97ab74c490cf558480a06dce11c,brinquedos,56,1246,4,1600.0,48.0,38.0,20.0
6510b9320992123556a40f98806e512a,papelaria,43,531,7,600.0,30.0,40.0,11.0
7a6a8e721213b9881cfcb60aaafcc3d3,fashion_calcados,35,670,2,900.0,40.0,33.0,26.0
cd2ea14a901da3b47b33516f3ca6929e,beleza_saude,37,729,1,800.0,21.0,20.0,16.0
38ee4d10d9cc06446c5e830df039532e,relogios_presentes,54,380,5,200.0,16.0,16.0,16.0
154358528b8fd5995d0d80abd3f4f08a,utilidades_domesticas,54,649,1,3800.0,35.0,28.0,32.0
8474b565abca4884081d595a23a599d0,relogios_presentes,55,804,4,300.0,16.0,2.0,11.0
db753afa921ad9943950ac46194a0031,telefonia,30,573,1,50.0,16.0,12.0,16.0
4128a326a8aa3eb532eb2c120520663a,ferramentas_construcao,46,182,1,150.0,20.0,3.0,25.0
5e8b0d21d2584970a728779743579947,fashion_calcados,47,649,3,800.0,21.0,9.0,22.0
a2819e7118ad9f2108cbc5cd52157c79,automotivo,57,651,5,3400.0,78.0,4.0,47.0
15859e3a8aaa3c192c10a91d8722abd5,beleza_saude,51,2795,5,5650.0,36.0,26.0,36.0
fe84c88069760acf0d69497293c74f25,papelaria,51,755,2,250.0,16.0,5.0,25.0
b11456f416365fcb044ae90260691ccd,brinquedos,63,683,6,300.0,17.0,9.0,16.0
049469901143a0f4ead566611fda0544,perfumaria,49,1174,1,375.0,21.0,16.0,23.0
c10524227a6e64172e6eddcc91279aab,esporte_lazer,52,314,1,6050.0,60.0,10.0,60.0
6292e8c74db1d4defdbd8244c1101bb6,perfumaria,39,1045,2,150.0,16.0,4.0,12.0
0d16d327b79bf9a0ccc7a4fa02ff7a83,artigos_casa,50,771,1,400.0,20.0,10.0,20.0
205604b962ebdae1c924e0d14e6e8ac1,moveis_cozinha_area_de_servico_jantar_e_jardim,42,121,1,3875.0,95.0,22.0,22.0
a55b9bc476c34d53d8f3f27c922f6374,esporte_lazer,49,718,1,800.0,16.0,16.0,18.0
d03b85d1b98bbeb63b41182721312e17,telefonia,57,565,1,200.0,19.0,4.0,11.0
1034b97aafcca692c8a2157f58f5b637,artigos_casa,60,460,2,467.0,45.0,4.0,35.0
3fbc0ef745950c7932d5f2a446189725,beleza_saude,50,1257,1,350.0,19.0,12.0,13.0
7698c2e9ec5dc2b70af8c1c8ac245cae,beleza_saude,32,200,1,50.0,16.0,14.0,15.0
5fd35bd0069ce2a404716901326b1336,flores,53,1806,1,6000.0,16.0,16.0,16.0
d13816a79f03bf978283d80fbeae06f8,moveis_sala,45,243,1,15900.0,67.0,66.0,61.0
8cc83a79f9db9fd5f391c6c6c5e0dc4d,telefonia,42,432,5,150.0,17.0,8.0,14.0
707cd72f139010dc381720ad8a4010e7,artigos_casa,60,709,1,700.0,30.0,3.0,26.0
c1388e458b5dd74dd3fa304896e8c00d,perfumaria,45,285,1,250.0,16.0,14.0,15.0
bb5270be574487250ba3c3b742caa6e0,malas_acessorios,60,2071,6,1150.0,20.0,20.0,20.0
e25331bf25687974d6fc419b3bd576dd,utilidades_domesticas,48,1270,2,350.0,20.0,15.0,15.0
f22c326211220c21017efac98a117b2c,fashion_underwear_e_moda_praia,60,1511,6,500.0,30.0,16.0,11.0
08528915e9c75fe961048c13928b527f,moveis_decoracao,39,211,3,500.0,40.0,11.0,35.0
8a1c109f0d2621c441b0ba6846a75890,utilidades_domesticas,41,2308,4,3900.0,57.0,8.0,35.0
a9a7a63a3f3c6ddc6aba7b37fa85caf4,utilidades_domesticas,30,725,3,800.0,17.0,21.0,11.0
c8c969c3a6423f48df9fde8a13e6770b,artigos_casa,52,662,1,550.0,28.0,4.0,22.0
512eb536b90566abb81ad91a6143a8ff,livros_interesse_geral,19,577,1,300.0,30.0,2.0,22.0
9ae571ce02784cd1dd2e3923fa636058,esporte_lazer,55,1350,1,18200.0,19.0,10.0,22.0
fd7fd78fd3cbc1b0a6370a7909c0a629,esporte_lazer,39,518,1,400.0,16.0,16.0,16.0
096793eddadb8067748a5a0ff98ac8fb,eletronicos,52,360,2,2900.0,30.0,30.0,30.0
549bcfe47e55a8485f43933f2a2b7351,brinquedos,38,282,2,500.0,25.0,12.0,15.0
aeb2f7fc62c8a2a56ae6e2f1b04d4e62,perfumaria,21,609,1,200.0,17.0,6.0,12.0
69bfbc73c85e0c111060d84260d5fd64,variedades,34,654,1,10300.0,80.0,40.0,36.0
ca3ae2f2ee017fcd028b593acf4b4392,utilidades_domesticas,35,288,5,500.0,20.0,12.0,15.0
f39235c3486cd7ead746fc048475495c,consoles_games,49,808,5,400.0,22.0,10.0,16.0
ecb6e29c8e01d5fbc73da1d0f12c088e,beleza_saude,43,1679,1,2150.0,33.0,20.0,17.0
86e929e4090ee647cecc0426ad4b928e,alimentos_bebidas,53,3698,3,2000.0,23.0,17.0,17.0
9ebb48bdfe9f9c51c6c9f8a32a18d67f,esporte_lazer,46,3522,1,3000.0,29.0,40.0,29.0
6c037f9ff2d13c4236a23910ca598f42,utilidades_domesticas,58,700,2,1350.0,40.0,25.0,22.0
386703f26f328414fe118e10a5d92675,telefonia,60,776,6,300.0,17.0,4.0,12.0
1b0e39ec889889ea1d492603d8512bfb,variedades,,,,400.0,35.0,30.0,20.0
926454d19f2417167bf0a9488af66a4a,esporte_lazer,40,1397,3,5000.0,100.0,9.0,23.0
e4b0320c22018a6aeacee9b991ccb1fd,variedades,,,,200.0,16.0,2.0,11.0
13fd915e499b787f1f4c9dbb231d0d4c,informatica_acessorios,53,113,3,150.0,16.0,5.0,15.0
b101b46755d3037cfa56b29f72e11a19,telefonia,51,866,6,500.0,25.0,10.0,25.0
32d53bcf0e4dd5e24ce8f1d29388b086,beleza_saude,46,852,1,200.0,16.0,10.0,11.0
ce7186656e3ec080cba4fb895b9b90cf,bebes,53,201,1,100.0,25.0,22.0,22.0
1ad3f793ff482f29c15596c3bc596812,moveis_decoracao,40,94,5,300.0,16.0,5.0,20.0
2c9de16d31145f7aa376c2dab35a2b81,informatica_acessorios,56,545,1,800.0,29.0,16.0,18.0
11d0c969546d6f21d23188084e25cf81,pet_shop,40,263,6,2250.0,30.0,30.0,30.0
48c4971ba55bfffcbf4f2805048b5944,telefonia,34,309,1,100.0,19.0,3.0,11.0
f538ab9eecaa662135da8cb772bc8236,variedades,,,,1100.0,60.0,8.0,20.0
b4ba27d5fad6d6cde99f855d72b5afcf,eletrodomesticos,60,222,1,5700.0,55.0,19.0,46.0
69a6db5384c989b74cfe3f82ac932da7,esporte_lazer,51,1367,1,1700.0,25.0,25.0,25.0
a84e26c4cc7ea7884d3a81955a06cefc,papelaria,54,726,6,800.0,30.0,3.0,22.0
b0a0d47f42d23f27388952b8821a9517,moveis_decoracao,51,2257,2,575.0,63.0,11.0,11.0
a4e6e80a484adb6952b5f18a3e4bd1b8,eletronicos,57,408,1,1200.0,36.0,8.0,21.0
48f45fb4d7e27353b8abef59be38b65e,utilidades_domesticas,28,91,2,1200.0,27.0,10.0,20.0
c04dab58e6ce58a92c23cd60c7e130ba,utilidades_domesticas,51,364,2,2700.0,87.0,10.0,30.0
e605538d760f85a1652bc128c724ab31,moveis_decoracao,63,268,1,8100.0,56.0,48.0,38.0
0660211440ed1391f5375fbaa39443b7,esporte_lazer,58,2497,1,1600.0,31.0,33.0,32.0
1a8ffdee10d64528eb046117521d3953,moveis_decoracao,47,494,1,550.0,35.0,23.0,35.0
ffb97eb64c6fe1baada2410288c04457,perfumaria,43,800,2,390.0,22.0,12.0,15.0
cc47c0863559499f01b4cad750929d10,variedades,33,604,1,2050.0,40.0,40.0,30.0
af3741580aab9876533f1c3e08aca7bb,utilidades_domesticas,46,1459,1,5950.0,44.0,2.0,26.0
37e4c14527273be66b84b8836bba463b,variedades,,,,1155.0,24.0,16.0,16.0
48c5608bfb241a35beb7a00d960cd27f,utilidades_domesticas,46,509,1,700.0,29.0,13.0,13.0
51cb73e9af0e2e23da237bafae0946d2,perfumaria,38,175,1,375.0,16.0,14.0,15.0
6c96a2727d7c8e30804367b7341c7b9c,esporte_lazer,31,372,1,250.0,21.0,26.0,21.0
687ada1b5c787ece71130a5ec0123567,audio,59,214,6,2300.0,20.0,20.0,32.0
39fb1b20d35ef11b96ddb1180d89c25d,beleza_saude,24,666,1,700.0,35.0,35.0,11.0
0b8750fa58fefe42cf03a9e2e4b8fce6,relogios_presentes,44,564,1,350.0,22.0,14.0,27.0
b77df7139ed99ef7339229267c707f2a,automotivo,56,1123,3,250.0,16.0,5.0,11.0
26e253f334cf93847fcbf6e9faf51eb4,esporte_lazer,60,660,5,6650.0,93.0,6.0,93.0
d5bbfcd27daa6365834ed9d16195d64e,fashion_bolsas_e_acessorios,27,208,4,250.0,18.0,9.0,11.0
d76371ba8d578341888d9c3d61ee90f5,beleza_saude,55,326,1,650.0,19.0,17.0,15.0
5e211f15646acded537a9d1646f6a268,automotivo,59,759,2,2250.0,16.0,15.0,16.0
be4a664850e0060b7559c67de45e8371,beleza_saude,60,469,1,400.0,17.0,5.0,17.0
96cc6d39d2114a36f318d641c3cae43d,brinquedos,49,323,2,250.0,16.0,20.0,20.0
422879e10f46682990de24d770e7f83d,ferramentas_jardim,56,348,2,1550.0,30.0,22.0,30.0
ed506becc3430a3a6331df5b4c3eaed3,fashion_bolsas_e_acessorios,48,731,1,300.0,16.0,2.0,11.0
3d9b170c9004474584d9bfed012351fa,moveis_decoracao,31,671,3,750.0,41.0,8.0,31.0
848fd511a2efc8b7bc15bf948b2f363c,beleza_saude,31,557,1,259.0,21.0,11.0,13.0
3adf46dbf0aa2bcca9d6fc85e4e7c339,informatica_acessorios,38,583,1,150.0,23.0,14.0,14.0
5b2b72f58d212a6e4733884ef0ece564,artigos_casa,54,273,1,3000.0,45.0,19.0,35.0
2b939dc9b176d7fa21594d588815d4a4,malas_acessorios,45,702,1,1300.0,33.0,10.0,49.0
de99a4603fe6d195354676f800253ae1,bebes,30,972,1,1400.0,44.0,6.0,36.0
5c04d019c44f9f7da2d2b9508871a243,ferramentas_construcao,58,239,6,16400.0,50.0,38.0,50.0
6d3dc397c315b4afa15c2cedda354740,artigos_casa,55,519,1,600.0,45.0,15.0,35.0
55aefe286a63b5e07f42a63c10371020,relogios_presentes,58,752,2,600.0,16.0,11.0,11.0
0901b25598b3ca109f48e16a52e2df1f,alimentos_bebidas,55,969,3,3350.0,40.0,20.0,20.0
9766505cde62429c3629bb6411cd9dc4,ferramentas_jardim,45,356,1,900.0,24.0,13.0,18.0
b12c4b01322e1befea8465bdf7fe2360,brinquedos,19,512,1,1500.0,30.0,10.0,30.0
87a97ee722d5e544b3c929b36443b8b9,relogios_presentes,55,1108,2,436.0,17.0,12.0,13.0
cf5c32ddb1e39da9fd4a6a919e42b6e2,relogios_presentes,47,673,7,175.0,16.0,12.0,14.0
921a192e87274fd48d2e395b0a4facea,eletronicos,42,214,1,300.0,20.0,15.0,18.0
72f2ba8b34e02757c445970388158e46,relogios_presentes,59,362,4,800.0,26.0,6.0,26.0
605d46a84a57229d7380e9e6a45fe180,pet_shop,59,344,3,700.0,76.0,8.0,11.0
c83960ac3483bfee74e1dd482995c3b5,brinquedos,55,1254,3,260.0,16.0,11.0,13.0
f594ea4dab18d092309463bf799398f9,brinquedos,34,411,1,600.0,34.0,11.0,29.0
636c9bb126460aab67cbbc8a977685d0,moveis_decoracao,22,362,4,600.0,17.0,12.0,22.0
5ee76866fa61481c966c02a129dfac08,utilidades_domesticas,59,156,1,717.0,18.0,19.0,15.0
735ddb7e24835030772ab80675939cf9,pet_shop,59,1928,1,5250.0,45.0,15.0,30.0
9b125b82780e1bbb7716c906ff46f89b,pet_shop,63,785,1,800.0,38.0,4.0,19.0
e0e83e0b538dc1d9a1c6568d3a94034a,esporte_lazer,47,831,2,2300.0,20.0,20.0,20.0
257f376a5d729dd35b042d4ce6088b1e,bebes,46,519,5,9300.0,82.0,53.0,43.0
44a6af14e39124bee07dc2eb2df39a54,pet_shop,52,425,4,150.0,27.0,9.0,26.0
6b874ff4c71d18e91079b40396bf176a,automotivo,41,1117,8,300.0,31.0,17.0,27.0
080a388eb2bd1051b01f6fc4ca659450,telefonia,51,536,1,100.0,21.0,8.0,14.0
ff6a816ae8a01312fe42dc48c7c8ead1,beleza_saude,56,605,1,417.0,25.0,6.0,16.0
d5dbb4d9ecbbf2e312169e4c8f1b57f0,agro_industria_e_comercio,41,934,1,5350.0,30.0,30.0,20.0
6ce335b97b0cc8e73bbade08a44a23dd,utilidades_domesticas,54,407,1,10200.0,30.0,30.0,40.0
f8fd25407acaa78a395f224cbdc062c8,artigos_casa,59,883,5,1600.0,35.0,8.0,35.0
4d4ec3126cb53c5375bc4235f9c9aa2b,moveis_escritorio,49,1067,1,8400.0,56.0,56.0,18.0
dad27486af34282fef3bef995d0fda7b,variedades,33,604,1,2050.0,42.0,25.0,15.0
ab4d0d8e7348b45ce6c791374f098eed,telefonia,58,818,6,350.0,17.0,4.0,12.0
5956cad5849f642bfdf5d50303952beb,esporte_lazer,55,2165,2,500.0,17.0,17.0,17.0
6b64362e89896be7589621df54be089e,moveis_decoracao,57,2435,2,3000.0,69.0,11.0,11.0
ef70e532c5fc29ee4c3e44006819669b,malas_acessorios,46,242,3,480.0,16.0,30.0,20.0
f1d0ef439f9f2246803f89f1005ff709,variedades,58,466,2,3833.0,18.0,35.0,18.0
4a345c3b756b1f0089af0f3bf0ad8202,artigos_casa,55,477,1,1900.0,37.0,25.0,36.0
b4aeec5cd68d7be08c15796340e29b6f,automotivo,44,540,1,10850.0,16.0,2.0,11.0
87b28d72d12acf347bee8bec0bc7d2fb,esporte_lazer,32,1162,2,4500.0,26.0,11.0,33.0
fe6f03cedd96bcbc5c8726c5963fd35c,artigos_casa,48,639,1,1250.0,20.0,16.0,20.0
759a621a474d573cb8c2e402a51955bb,artigos_casa,58,145,1,750.0,31.0,9.0,26.0
ee8b16196604ed47b34b094351ce68e2,bebes,47,235,2,9400.0,75.0,15.0,50.0
4b49493b546ad3b6f0a43da4644f75e3,eletronicos,58,340,1,1398.0,26.0,15.0,20.0
f51b19ef254228e5bba027d355208c4e,utilidades_domesticas,43,301,1,550.0,40.0,10.0,30.0
ed81ccd0bc6bf90922a03bd003d66db0,utilidades_domesticas,63,369,3,350.0,30.0,5.0,35.0
e1901d5d99ca951543717ea5d1940a36,variedades,55,506,1,500.0,31.0,7.0,27.0
7e6ca847e12c659931b47b31e99361c6,brinquedos,37,400,1,550.0,30.0,10.0,20.0
c3db113c416d50ed94fce65297d016f7,automotivo,56,653,1,5667.0,63.0,13.0,63.0
0cef952d7fcac13a3f548548cb49aeaf,informatica_acessorios,57,526,2,425.0,16.0,9.0,13.0
b6ae7ce782177c099c882b90df5f3d5d,eletrodomesticos,59,552,2,500.0,17.0,8.0,13.0
683d1efd7b8fb9bbe7e78c7436f27248,utilidades_domesticas,54,364,1,1000.0,33.0,25.0,24.0
8a5835aeef83efa6aa947f84f92deb0e,relogios_presentes,60,430,5,250.0,16.0,2.0,11.0
929f6896d3fbc8e476b46533ccab428a,telefonia,35,870,2,67.0,18.0,5.0,11.0
c0f0a0118a333081ca6786f7661c3853,artigos_casa,49,192,1,3300.0,46.0,15.0,35.0
72172e982e8b92155069e4201c92c0bb,esporte_lazer,60,3847,5,200.0,28.0,10.0,13.0
a52dba3d501f168fc53246f8f8798249,utilidades_domesticas,58,684,3,350.0,31.0,10.0,13.0
54a5943820887ae6827319853d00887d,telefonia,55,442,3,300.0,20.0,3.0,11.0
85af7fadae5de53760a7d131bdf776f7,artigos_casa,59,1807,4,250.0,16.0,22.0,11.0
04fd8d64a2539d188bef33bb288410bb,artigos_casa,57,366,1,800.0,45.0,10.0,30.0
10d13c18c631962fdc16cf4bbe67c730,esporte_lazer,32,1132,8,10200.0,105.0,18.0,28.0
c1e27ff552754f8bcfd0095de514432f,automotivo,60,695,6,4550.0,56.0,11.0,32.0
08667ce2730ce3fb20f04fe7bff92c0b,consoles_games,27,2448,4,225.0,17.0,6.0,15.0
c1b350ede922e02138912a3192bcc86d,papelaria,43,899,2,600.0,27.0,7.0,22.0
7d21a88f26eb0766b0b555f71a16750f,consoles_games,40,304,3,300.0,18.0,6.0,15.0
a104bff7e396a301f5f7ba9f055fa9bc,automotivo,57,1631,3,550.0,16.0,21.0,18.0
75d3f426c010ad14f95a59aaf2e24548,automotivo,35,371,1,1300.0,30.0,5.0,14.0
602c01834bee89627e66532343914a2b,automotivo,55,665,1,250.0,18.0,18.0,14.0
59089e1668cc247d055ca3f9149093fc,climatizacao,56,709,1,2950.0,53.0,21.0,36.0
c4a6de6225217d4539c861c0b6316d86,esporte_lazer,36,261,1,700.0,27.0,12.0,49.0
6cfe89ec0814c1a570172b0916b102a8,telefonia,34,139,1,100.0,18.0,18.0,18.0
ab94356394683706626f737b7c135ae1,beleza_saude,55,311,1,27050.0,60.0,60.0,45.0
b57a4072f1286a401272930c85221f91,telefonia,52,387,3,200.0,19.0,3.0,11.0
f6ebd102f55b1d6ec28eb3cb06c26210,brinquedos,56,326,2,600.0,31.0,8.0,25.0
ea9c7e08863cdaf1e40261c8b6c005a4,artigos_casa,56,145,1,1700.0,31.0,8.0,24.0
50eece63391870c7fb7c07c92a76d447,artigos_casa,60,216,3,950.0,30.0,20.0,30.0
52a741f089f5c67d5c648e8437fdf22a,beleza_saude,40,2246,1,2300.0,26.0,30.0,13.0
4aaa2ddc43f64a2db232b71fc4639064,eletronicos,28,131,3,6050.0,16.0,61.0,41.0
5299e0a0336b5839e2a0ccb0d3d589d1,artes_e_artesanato,42,198,1,650.0,50.0,6.0,35.0
cce2229eda675cb0cb95616917bbb34b,esporte_lazer,50,557,1,160.0,18.0,8.0,13.0
7da0fe244c4f894b5f41cbf240b1e484,telefonia,58,777,6,350.0,17.0,4.0,12.0
90c6f8e7eb269e93626beb64379a8df9,moveis_decoracao,26,3454,1,1400.0,53.0,8.0,11.0
cb624905bc39979a816f8906c70bd6bb,brinquedos,60,586,2,400.0,20.0,20.0,21.0
db5efde3ad0cc579b130d71c4b2db522,audio,40,232,1,6663.0,17.0,11.0,13.0
9d717f96236e39a3dbe6326b9d51d681,artigos_casa,59,332,3,450.0,27.0,6.0,22.0
7b822833c7cc8905ab8174b55ac878fa,perfumaria,43,454,1,100.0,16.0,4.0,16.0
33e77eecc23c25a65d10f627e5053617,moveis_escritorio,48,1092,1,7400.0,54.0,53.0,20.0
47ef5dcb5b7bf6d8716ec362e1f6e22b,esporte_lazer,59,757,5,1100.0,20.0,10.0,20.0
9281e35939ed4db9a1ff7001d673e510,eletrodomesticos,48,324,1,6200.0,50.0,22.0,45.0
a2a90c1a0501c5148928da33b033dee8,esporte_lazer,54,381,1,500.0,36.0,10.0,28.0
82f5ee2c97b22f801282f0242819d957,esporte_lazer,56,1608,3,188.0,18.0,12.0,17.0
077319a417872fe55c94c3883610b874,esporte_lazer,47,979,2,6600.0,90.0,20.0,25.0
9246f7bd279121747dcb909a41f44df2,artigos_casa,44,331,1,400.0,36.0,6.0,26.0
57c2280ea5af7f10ebfc01a5c47b8041,utilidades_domesticas,52,388,5,500.0,22.0,22.0,22.0
c76bc5aca848edb5d6460267176f77ee,casa_construcao,53,526,2,150.0,16.0,16.0,11.0
6ba4d9e6b21481dcc4646250fa189ac1,eletronicos,41,790,5,477.0,18.0,16.0,14.0
83f92096793dec6fa40579e63590c90e,papelaria,42,106,2,300.0,24.0,7.0,14.0
cca8e09ba6f2d35e44f05b3c936d644e,consoles_games,34,1413,1,150.0,20.0,3.0,18.0
8ad04f842c474ad4cc1414e97265c999,beleza_saude,53,557,5,350.0,16.0,16.0,16.0
8fa5bb1e4de7a63ee554487c2f2ee076,brinquedos,58,696,4,325.0,21.0,7.0,16.0
839d890a7312912b071c1d864b8faf0a,automotivo,54,589,4,150.0,16.0,5.0,11.0
94f49b07158ceba23362f72f24e04962,variedades,56,934,1,2200.0,42.0,25.0,15.0
38462186c76afb66be5333598ba583cc,moveis_decoracao,51,685,1,300.0,32.0,2.0,32.0
8be6fb1ab4cbbffbe7f353f78ce7f8ab,moveis_decoracao,53,624,1,15200.0,35.0,45.0,45.0
94fb2ab4419d523ecce8e5d56676788d,consoles_games,43,1236,1,400.0,17.0,7.0,16.0
1507ad794e23a98d2e7097f799a890ca,informatica_acessorios,52,821,1,300.0,16.0,2.0,11.0
1dba1b8c4782c82bec9252bc5cca3b76,automotivo,41,537,1,5000.0,16.0,4.0,11.0
696ad707399d0b7678e2ed5d021dd737,informatica_acessorios,52,635,7,550.0,19.0,5.0,12.0
9c1e3896aec5f6c59577d451ea3bb4c6,alimentos_bebidas,23,852,1,425.0,28.0,16.0,16.0
c60375672af95c47a105065af56ba16e,moveis_decoracao,25,249,3,2100.0,25.0,25.0,25.0
bd7cab8de4d7943286634023cc06f8ff,bebes,59,1226,4,23250.0,23.0,50.0,84.0
583916a5dae918f5e89baec139141c54,variedades,,,,3100.0,28.0,28.0,50.0
ec8ae427905e10052ee4f1e9993b6763,bebes,52,224,2,6200.0,75.0,15.0,50.0
05fa3b5ecdf7f54e97fe25127db0ee7c,esporte_lazer,45,758,1,2000.0,23.0,16.0,18.0
c5d4587c8ff1775a879008a4f804eb70,artigos_casa,29,389,1,1750.0,35.0,35.0,20.0
fe4098f3eb43b02ba19c15d81bde2b2d,artigos_casa,55,315,2,1500.0,30.0,10.0,25.0
96d6c71675adc35bcf32f970cdffe2d6,telefonia,32,366,3,167.0,18.0,4.0,11.0
6fa3c1e1bd22cd9f9c3d07f0be351d38,brinquedos,32,234,1,300.0,17.0,10.0,12.0
633a2a64a6478966e0b6805ea708de58,utilidades_domesticas,32,455,3,550.0,25.0,15.0,15.0
dd4bb630f241ce3910d9595b395efeb5,pet_shop,23,1151,1,160.0,16.0,11.0,11.0
35b9cce4c9cd4359551a3d702b25ad4c,moveis_decoracao,38,1224,3,300.0,34.0,21.0,34.0
be0e6c61c2bcdd9a4d022ba67fd66189,flores,54,186,2,250.0,40.0,20.0,25.0
4ea69fe7483b9c2a54bd05c2c2b02c93,agro_industria_e_comercio,45,149,1,2663.0,30.0,27.0,25.0
d5a0cb2718dce03ce9c4d0de533021f7,beleza_saude,45,3060,3,300.0,23.0,7.0,15.0
4d071a22b9cc548b64a75075a4c63151,eletrodomesticos,35,342,3,750.0,22.0,7.0,22.0
c88f6f752875535d69510094205bab77,ferramentas_construcao,54,1781,3,1600.0,26.0,9.0,20.0
c4b2187a1d2bd1543f27ba3f12e56952,utilidades_domesticas,60,350,3,550.0,18.0,16.0,16.0
5a5f484358ce8b21be8d8fb4f18eeb58,moveis_quarto,57,800,6,7975.0,92.0,34.0,36.0
1146013b4da16ab073768dc76089aaa8,relogios_presentes,53,591,1,266.0,17.0,9.0,12.0
a9eea144b709e6d670c9bf03ffc2dc2e,beleza_saude,27,1384,1,900.0,20.0,8.0,13.0
b1e7e283a4b6203aa8adbafe09c2a521,esporte_lazer,35,1238,3,18100.0,55.0,40.0,48.0
bf065a81717b583b62536e13b5e2576d,brinquedos,63,1292,3,1700.0,16.0,32.0,46.0
c982dbea53b864f4d27c1d36f14b6053,brinquedos,19,328,3,600.0,48.0,10.0,48.0
18f30e92d58932a17e40b403951b2861,moveis_decoracao,58,1977,5,2750.0,69.0,11.0,11.0
07a6e4e1f838d9d39277d13c9b411dc4,fashion_bolsas_e_acessorios,50,729,6,100.0,16.0,9.0,11.0
1a909e04ddbc64bda3fc905834678201,informatica_acessorios,48,475,1,213.0,15.0,7.0,11.0
37b99aa22bbac19b2a4afc4b2a958a53,ferramentas_jardim,46,762,3,17300.0,26.0,26.0,26.0
5f1d10ccc8198967ca0278fdfd474a51,eletronicos,57,2212,4,5150.0,28.0,50.0,28.0
12a146749cb72ebfde01a89105df1897,esporte_lazer,49,2009,4,233.0,22.0,16.0,14.0
b4766a40cc26d3a39bdb32b1c01ea5e1,esporte_lazer,45,1420,1,1020.0,26.0,23.0,20.0
99a7f15d914ad5f7432f6ccb18f95292,moveis_escritorio,30,886,1,19067.0,50.0,50.0,52.0
af680b3406a3179e4a4c2051c5384cfd,artigos_casa,53,681,1,950.0,28.0,14.0,16.0
32900f7eff5b58558727f11a07d1bcbd,moveis_decoracao,55,2137,2,350.0,69.0,11.0,11.0
683c8786ca01784e4bb63ef33b3608f9,esporte_lazer,38,335,1,2000.0,30.0,10.0,25.0
b00a32a0b42fd65efb58a5822009f629,bebes,58,398,3,238.0,20.0,10.0,15.0
c6bdd07f0a20ccd19d51de91c1551952,informatica_acessorios,48,561,3,300.0,16.0,8.0,11.0
07f381c65e8e66460c07781b9b1b8834,moveis_escritorio,45,1156,2,17050.0,63.0,62.0,24.0
6f9be3cc1d2a7eaa92b86fde15b93ac4,perfumaria,44,443,1,950.0,16.0,16.0,16.0
ccdf954ce1d166f00d312d6b461c046f,bebes,52,1578,3,14000.0,45.0,84.0,54.0
c65f71634a9d0de5b4a1d7dbb6d3ae01,utilidades_domesticas,42,588,3,500.0,35.0,15.0,20.0
371fa349d92646bbeea5873df0bcdc5a,utilidades_domesticas,49,342,1,490.0,20.0,18.0,16.0
cb74508159c5743a4fd58445a3038a95,brinquedos,47,181,1,900.0,30.0,40.0,30.0
b78e60782639ac84cb18289231041577,fashion_bolsas_e_acessorios,34,400,5,200.0,16.0,9.0,11.0
ee6cf0274e75706751ecd4cd5e353db6,variedades,53,1086,4,24400.0,71.0,68.0,24.0
f29cea85796ecb6453d24eb3b24f4b77,perfumaria,46,445,2,91.0,17.0,9.0,16.0
1ad0ffef7f056377c170d00b07f20cce,automotivo,48,278,1,200.0,30.0,20.0,15.0
669998ba8fa6ff5fe25cd38c8f77b368,esporte_lazer,58,616,1,6150.0,20.0,27.0,22.0
90d9b6d827bde953e7cc9f81bf113467,relogios_presentes,53,221,1,1150.0,30.0,5.0,30.0
6aa8f339965debf52a549f8aade6d068,eletrodomesticos,57,563,1,500.0,23.0,16.0,18.0
574841fd9d176e7e81693636106765a8,perfumaria,53,125,1,80.0,11.0,10.0,12.0
bdef7736f61a507f68b31bd86ddaf69d,automotivo,56,690,5,1400.0,30.0,28.0,28.0
db51982bc43b26164c29605b8ed140d6,telefonia,20,286,3,100.0,19.0,3.0,11.0
c708ba7c6269161f89ce0683cdd7c432,relogios_presentes,60,379,3,300.0,16.0,2.0,20.0
49b92145c5462c320ff0b22ea9e240f3,utilidades_domesticas,41,210,1,450.0,16.0,20.0,15.0
1561355720506eaee90adde6aa1375a9,flores,47,232,1,350.0,16.0,11.0,11.0
9a8200a7f3448bfb18683080c03b54b1,artigos_casa,56,175,1,2000.0,42.0,12.0,34.0
d016a1a4d0898c213be8443b0c99c784,informatica_acessorios,44,758,1,550.0,35.0,10.0,12.0
c395a11dd90b985496c100861b7c4710,artigos_casa,42,188,3,150.0,16.0,6.0,20.0
92d2d88b37a70060bd536b8790d9edaa,utilidades_domesticas,48,242,5,5250.0,50.0,20.0,40.0
86dad5d04b5dff7634aa79ca9d0324a7,ferramentas_construcao,42,1585,2,150.0,18.0,10.0,12.0
c4fe6560e914f2830b4a189e91202c29,esporte_lazer,41,871,1,400.0,20.0,50.0,50.0
5d4259625c11acce3dcc39c169037a9a,ferramentas_construcao,34,797,1,958.0,29.0,18.0,25.0
0fc6914383c2bea767a9562c9d8b43a1,informatica_acessorios,52,644,4,338.0,32.0,6.0,36.0
883e57b1f0fab96202d9e39efbe3b671,automotivo,54,709,1,5600.0,80.0,10.0,25.0
5157edbb01652b0efc0be7ba1107e0f5,market_place,28,761,4,150.0,25.0,5.0,24.0
779de9dd06ff30d5097a959a1e9dacdc,automotivo,59,1031,2,2250.0,61.0,22.0,22.0
42bf9ee410b1247f0223626107834b87,esporte_lazer,46,1846,1,1350.0,20.0,30.0,20.0
6be1edd09e2decfd7bb76220355bc693,moveis_decoracao,54,646,1,250.0,16.0,30.0,20.0
b7103dda72118193411fe5667525c139,bebes,48,1420,2,800.0,31.0,43.0,12.0
c715ab7f66826b73cd40916d8792bad9,bebes,60,850,4,850.0,50.0,5.0,40.0
dd676d49d051ea143257c1012bc1ee3c,informatica_acessorios,23,746,1,350.0,16.0,16.0,11.0
d90e83fe1a0e31440db1dc015f1c1512,artigos_casa,49,87,1,150.0,36.0,4.0,28.0
b2f041d29dd572b298f0f74de6297b6d,brinquedos,59,931,2,800.0,16.0,26.0,36.0
8c75343253053a2400e289f5192cd5c1,informatica_acessorios,53,857,4,993.0,27.0,5.0,27.0
ce2115f0b32d5168c2e27abfe350a7a1,utilidades_domesticas,47,305,3,400.0,25.0,25.0,25.0
a84c7b893ea37674ef896fa866793e7d,artigos_casa,60,534,4,3950.0,45.0,10.0,40.0
a846839e8367f61f140f082e5ffef625,artigos_casa,52,729,1,2220.0,20.0,30.0,30.0
f7ffa4d2418f29ea48467e55f3a770c2,utilidades_domesticas,25,336,1,7225.0,77.0,36.0,34.0
151133751552ad5bdd6645dfdcb0e728,artigos_casa,48,590,1,1475.0,38.0,11.0,30.0
59c1840441f4df065f52760bf51a8442,fashion_bolsas_e_acessorios,46,418,4,150.0,16.0,5.0,11.0
6ca1597b8e5f2618c47b414b68094450,esporte_lazer,45,573,1,600.0,17.0,2.0,16.0
327018136fd4a966408df8243383a233,relogios_presentes,60,478,4,200.0,16.0,2.0,11.0
3150c2690393e7ea7c2b3acf2479ec8c,bebes,51,1321,4,27067.0,37.0,77.0,52.0
45f1424574bd3d445c78781373aa6d26,eletrodomesticos,47,81,1,100.0,20.0,13.0,15.0
dd8af0fcb0e10a6618ebfeaf9a988a34,informatica_acessorios,57,1209,3,1600.0,22.0,9.0,23.0
2c71438371b35f7ce3c2511d6b0927e7,relogios_presentes,60,167,2,250.0,16.0,2.0,11.0
5cb27eb7202ae6c53809618eb8549007,brinquedos,57,245,4,1675.0,44.0,24.0,23.0
52510930c23a1b9c337a0a9306a3645c,agro_industria_e_comercio,54,790,4,3000.0,50.0,20.0,30.0
2236aad5e8fec12fe56de6b503b6f896,casa_construcao,60,784,2,1752.0,19.0,15.0,16.0
ff724c4888bdcfb01e7028066db3bb98,brinquedos,43,112,4,500.0,45.0,30.0,30.0
a2446206efccf04cc7fd1511be0ee157,perfumaria,52,535,1,500.0,20.0,12.0,15.0
580af1ebaa84e22ae14e08f073d091b5,telefonia,18,433,1,200.0,19.0,4.0,11.0
7d9b103535d14aebdd1024a6684ac2a6,eletronicos,31,361,1,200.0,25.0,7.0,16.0
b425f28bf3d41f70cc18da7a525ee65c,moveis_decoracao,40,719,1,600.0,20.0,10.0,20.0
7614c62b86a81021243e438cfde78ccc,beleza_saude,53,1135,5,9900.0,30.0,39.0,38.0
9cc29fd22ea5b1a3e7f95ba41ae039c5,artigos_casa,56,355,1,700.0,60.0,8.0,50.0
1556a0ea84fd60589afa0d9618c47505,beleza_saude,53,3527,2,275.0,30.0,25.0,25.0
85b39215c2d7de985b5a34b759255d03,artigos_casa,52,769,1,1700.0,30.0,16.0,40.0
b6e352d888ba31d8999af279cd63aa24,utilidades_domesticas,42,337,2,1225.0,27.0,26.0,26.0
500e3950a78a1d326f2bf3dc389799c2,fashion_bolsas_e_acessorios,49,381,5,150.0,16.0,5.0,11.0
3795823a832215210d81bb4f8fafc95b,informatica_acessorios,24,718,2,200.0,41.0,2.0,29.0
ae62bb0f95af63d64eae5f93dddea8d3,eletrodomesticos,59,927,1,10600.0,40.0,20.0,38.0
aacedc250d7cd501e3edd7550aec2ed2,moveis_decoracao,50,194,1,2800.0,50.0,20.0,40.0
a05f4c1d544848f9ee86f767c9cc0d4f,informatica_acessorios,35,875,5,366.0,20.0,6.0,15.0
927c2974fc11ccce0fcd4910175f6ca0,automotivo,58,980,1,200.0,16.0,12.0,11.0
0138b665025e0b24bfa6206d97b0f117,moveis_decoracao,49,930,2,1000.0,44.0,4.0,44.0
d11945f4c91fe1cdf997b92559c7e4b1,fashion_bolsas_e_acessorios,50,1359,1,150.0,16.0,2.0,11.0
b89603272c5e7806893eb03712a0b937,moveis_decoracao,57,357,1,400.0,30.0,10.0,30.0
d5edb235c490c253cb971f0ca5a7af74,informatica_acessorios,57,422,3,250.0,16.0,4.0,20.0
20abd285d5491b50603aaea6b4c85e93,automotivo,44,890,1,250.0,20.0,15.0,15.0
145af826c44181c994b7476667a3ab00,esporte_lazer,47,664,1,300.0,20.0,20.0,20.0
d7c2baa900206125473075048a2a39ea,moveis_decoracao,55,435,4,705.0,26.0,16.0,17.0
8382f9e2420867093a37399229d3dc10,beleza_saude,59,1652,1,100.0,22.0,3.0,15.0
54e9aeb95d23962bf361ec89ac47cea9,esporte_lazer,35,1114,5,3300.0,45.0,15.0,35.0
270205bec6114bb05c09ed724555eac0,relogios_presentes,36,602,4,500.0,23.0,15.0,19.0
edaa2bd93560f6d79e10b21fa2858004,moveis_decoracao,57,192,11,2350.0,36.0,21.0,36.0
140a8324a66db81d299b24b30d93098e,moveis_decoracao,54,184,2,8450.0,40.0,32.0,40.0
bf5fe03d1ac5be6407a279b3681992ed,beleza_saude,40,1247,1,700.0,22.0,22.0,22.0
075b253cd6c59b821c1dab51c1ae56b9,ferramentas_jardim,53,768,1,350.0,20.0,5.0,20.0
baeb8e1a680cf9e1f13557d74b6cec3d,ferramentas_jardim,20,2751,3,2400.0,31.0,28.0,15.0
1cda79a24778a81a17725e927dd45025,esporte_lazer,59,314,2,600.0,26.0,5.0,14.0
cb378611bbb39f1716b4f0c335201448,malas_acessorios,39,632,6,16850.0,38.0,58.0,25.0
1fb08bbca0db8e25edd1275caed54e19,relogios_presentes,56,696,1,425.0,25.0,12.0,23.0
69f1af20fc47db1c5136f570d7e71fb9,beleza_saude,54,475,1,550.0,19.0,12.0,13.0
db26a82710b642e5d25b7ae009cdcff3,artigos_casa,55,148,2,1200.0,70.0,10.0,50.0
f10d3472b287e627cf92e5ff1d8b88f2,artigos_casa,34,339,1,900.0,37.0,23.0,35.0
3d3e0f4d3b75d0fbc4f002c231db1ad1,utilidades_domesticas,55,1056,1,500.0,16.0,26.0,11.0
0e621085968d9a9585ed3c2c204825e2,beleza_saude,52,3939,2,200.0,20.0,15.0,20.0
5ece1e51ece4648de249ec6e9d007fd6,casa_construcao,42,2129,1,15008.0,47.0,31.0,51.0
991d9793febfe022d5db970595a99008,esporte_lazer,26,383,1,100.0,20.0,15.0,12.0
9ee8f71db966916c4bc13c3ede22c146,telefonia,55,679,3,150.0,17.0,8.0,11.0
1b55611367793363c3aa1c9d888be7ed,automotivo,31,993,3,1350.0,33.0,28.0,28.0
e390a486e30fd924501447fb663de0b7,artigos_casa,57,647,1,1000.0,29.0,8.0,34.0
6869b7e59ba6dd738b6ad254e6794b1d,relogios_presentes,52,499,3,200.0,16.0,2.0,20.0
791ca2a1ab6775e9c7e950de10febc1e,moveis_decoracao,43,853,1,900.0,40.0,15.0,20.0
d4fe034cde911805af12724d73fde7e0,artigos_casa,53,867,1,1100.0,20.0,16.0,20.0
6131240aedf34224270cd6f07e8229e4,moveis_decoracao,31,290,1,250.0,28.0,6.0,31.0
f3bc8b0c346a5171a82585b880ba6f29,audiovisual,55,886,1,200.0,20.0,2.0,14.0
625218e2e2b4668a47d08911e0def1a4,utilidades_domesticas,51,1232,3,1200.0,29.0,33.0,29.0
2b25ef4ad1788c0699dff628cdbbfbd0,utilidades_domesticas,41,349,1,525.0,24.0,10.0,24.0
f7e0fa615b386bc9a8b9eb52bc1fff76,informatica_acessorios,59,2574,1,325.0,21.0,21.0,21.0
42d8844b80341e62fc38c51541ff4f26,esporte_lazer,33,221,2,1200.0,60.0,15.0,15.0
123701dcac36412cf1b594f5aafc2eaf,telefonia,51,352,1,426.0,16.0,12.0,11.0
31ec3a565e06de4bdf9d2a511b822b4d,iluminacao,40,516,2,750.0,30.0,28.0,28.0
835d8502d265ddeb4bdd39591d55fa2b,beleza_saude,50,3902,7,500.0,26.0,19.0,33.0
48bc0b16a79dc0d94adfb679e1f6e965,beleza_saude,51,1283,1,1217.0,26.0,19.0,22.0
e1a1aa3724c9cfbb07a6791663c2496c,seguranca,53,624,1,1150.0,20.0,20.0,20.0
9867ef342d95bb4f9b6ebf39bad864f7,fashion_bolsas_e_acessorios,44,262,4,317.0,24.0,25.0,21.0
8b68bdd62b3d58f750f213d3ae36dc4e,brinquedos,36,211,1,500.0,45.0,15.0,35.0
3505d914958a72baa40d2b1e0c56cd29,artigos_de_festas,63,545,7,50.0,16.0,4.0,11.0
cf36ff4eff95a0e88ade26f685c1f8a1,moveis_decoracao,49,598,2,500.0,80.0,20.0,20.0
8895ac34adda705a5d93c05aa5141205,informatica_acessorios,57,464,1,250.0,30.0,6.0,22.0
0c276318593d4450cf9b178ad5b4a8ce,eletrodomesticos,46,136,1,1650.0,29.0,14.0,19.0
b2b938c46aafdbf702d73e7edb9cb263,pet_shop,50,365,3,800.0,24.0,12.0,12.0
4c8c1d73644dce680ac36856d70c1f9d,pet_shop,58,459,1,8600.0,37.0,30.0,39.0
52c8d520d9b3874bdf29a9e8eb26bf0a,informatica_acessorios,60,718,1,100.0,23.0,13.0,13.0
c7944f654db61924bb81f0e3160ab757,papelaria,55,441,2,8350.0,35.0,60.0,20.0
428142062f95deb5d5c834e4f0313000,artigos_casa,60,2030,2,1025.0,30.0,8.0,20.0
00bc6e6d4ceb98ec7ed058b0a243a8b9,artigos_de_festas,34,249,1,200.0,16.0,11.0,11.0
3125175fa8b71940f198f68b56f992b2,variedades,,,,200.0,16.0,2.0,11.0
988b2a648a563f61225c02b494487eab,fashion_calcados,55,344,3,1900.0,36.0,37.0,16.0
591c08a1d9290193bd96d8c9e6e607ac,moveis_sala,33,611,2,9750.0,27.0,15.0,92.0
d202f59ac5acd0b1dc1049b8b368cbfd,livros_tecnicos,20,1621,1,950.0,23.0,3.0,16.0
19c3fb52d07985c61da89d4fb7f66cad,artigos_casa,48,635,1,950.0,16.0,10.0,16.0
11e5f8670ab66f75fd2b979a6d2a14b2,artigos_casa,43,441,1,4600.0,50.0,23.0,36.0
05019bc35fc2ed878c0c0f55346b91c6,beleza_saude,40,344,1,2550.0,18.0,16.0,17.0
aafec8ef0f0e7bf2f2b811450df61818,fashion_bolsas_e_acessorios,52,437,6,200.0,16.0,9.0,11.0
8b32eb3053c5c248a5e547f8a1bfb859,informatica_acessorios,61,680,1,300.0,16.0,6.0,17.0
2a58eaba034398b020fe690c6dbb4b92,perfumaria,37,627,1,260.0,19.0,12.0,14.0
3dd7de1b6e3362ad26c1879acc292f19,beleza_saude,57,841,1,1550.0,25.0,23.0,20.0
4a0297fe087bf3ab8e126936cef30a28,automotivo,54,3152,3,2850.0,26.0,19.0,22.0
3634f3fec68d72a789377a5966dc289d,papelaria,50,123,1,200.0,19.0,20.0,21.0
273e331241d86e8c9dd35408c755751c,esporte_lazer,60,1553,3,1350.0,105.0,15.0,15.0
8ab83b53b9a953395f4f21f0b1a845ef,beleza_saude,38,702,1,150.0,16.0,16.0,11.0
ed7a2d60973a0c44c806f2ab9ea28b94,pet_shop,43,629,2,5153.0,47.0,25.0,34.0
257575a3818a480916c5c2efa5cf981c,esporte_lazer,38,1767,1,400.0,20.0,20.0,20.0
3fadfe202fc3ad333cdd51870f1ddb03,utilidades_domesticas,60,671,3,3250.0,24.0,30.0,24.0
05b0feccfab2debfdb5744e42bdb6f71,fashion_bolsas_e_acessorios,43,178,1,150.0,21.0,9.0,14.0
930363fe8355b51e7bb4154214246561,variedades,,,,3600.0,50.0,35.0,15.0
c0deba3200aa657c933dae7109403ad1,brinquedos,27,494,1,1000.0,29.0,29.0,19.0
617186c3d97ea56c9c683a8a3974e8c1,perfumaria,59,1071,1,550.0,21.0,12.0,20.0
03613e666b3919a3e807eac45a8f2731,utilidades_domesticas,56,184,1,5400.0,36.0,15.0,29.0
0ac4f23a50ad9369ab5d78b1f068f6d3,eletronicos,56,444,4,11250.0,40.0,40.0,40.0
4281803fa72c51eef83d338cc2fbfa7b,moveis_decoracao,55,302,1,21300.0,44.0,44.0,70.0
70b487a87fee25bc56455501bdc83501,artigos_casa,53,294,1,3000.0,42.0,12.0,40.0
9b2db9ec16a8a51549f32462bf973523,brinquedos,56,809,1,3110.0,33.0,24.0,43.0
c9e0665ea8ce2a04e4db1b53be9fc0d2,variedades,,,,1683.0,34.0,21.0,23.0
06f4fde9ce07b3d2bfab78494343c5da,informatica_acessorios,53,488,1,200.0,18.0,9.0,16.0
19d5a6b80192381ea590dbc018f2db6a,beleza_saude,50,1167,1,1133.0,25.0,18.0,22.0
975c79322e3ae1a967d8f5b82608ffd7,livros_importados,52,502,1,500.0,30.0,2.0,20.0
39f3ae59da5b8f220b4a98a157b93af2,artigos_casa,55,317,1,2550.0,40.0,10.0,30.0
4fbd4e814c8577d98e19118fc07ba3af,relogios_presentes,56,567,1,200.0,20.0,7.0,15.0
a5f6ba3fe91a2e73f10b612131cb2404,eletronicos,45,1057,3,138.0,19.0,17.0,16.0
6ac9ac586b4aa282c25ebedfa6f47ba4,automotivo,31,280,1,200.0,33.0,2.0,22.0
5b538f7edc652f1b05c56ccbae4bf126,telefonia,51,404,1,100.0,16.0,6.0,15.0
604113da032d8f3ab9b435726790da30,utilidades_domesticas,36,986,1,14325.0,33.0,72.0,44.0
5cbd407f3315b628a89206fbc140f6c8,market_place,30,615,3,150.0,22.0,5.0,14.0
11d5f8f3c96fff33d7e8bcbb54c8c79e,brinquedos,41,537,2,725.0,35.0,28.0,25.0
3fea39f18b756acc072ecde595f7f8fa,bebes,58,861,1,3350.0,31.0,43.0,21.0
3c33294ae18a2298ca94f669347ca935,fashion_calcados,53,375,4,300.0,29.0,7.0,16.0
b21239d9e018b809f9c5a9707b214235,artigos_casa,50,362,1,850.0,25.0,15.0,25.0
0f9df08ca6757f6d5158b71f5d307724,casa_construcao,46,866,6,550.0,17.0,28.0,17.0
f18333439cbbfd0ae30acf09ae09c0f0,variedades,,,,23300.0,56.0,48.0,40.0
1c8c191152d78378de9b31fa8231bcd6,esporte_lazer,46,844,1,975.0,43.0,23.0,23.0
a872d8e3d5adb96808e32831578efb35,esporte_lazer,60,1032,1,1300.0,42.0,26.0,29.0
1a26ba82503a95e1e69edd327df9e183,automotivo,50,840,1,1950.0,45.0,20.0,45.0
3a0016b5206c460ba3c5987018fea822,relogios_presentes,39,531,1,400.0,18.0,11.0,14.0
5a168adb8f812ea06dbbfaaa3bae7986,fashion_bolsas_e_acessorios,25,395,2,200.0,16.0,12.0,16.0
11f5b5f05fa5e1a6084d240310fac08c,beleza_saude,50,914,2,5675.0,20.0,18.0,17.0
5dd8e8df9f408e7b2feb9bfd44c6f011,malas_acessorios,45,702,1,950.0,33.0,10.0,49.0
a41aeb9e79798800bc4d7984db492f2a,informatica_acessorios,57,3651,5,400.0,17.0,7.0,13.0
9095cc132e4b4b51fc6c86fd7ba352b1,moveis_decoracao,43,1090,1,2000.0,40.0,20.0,28.0
1f459c80ec206dc814560de10182cdaf,relogios_presentes,42,596,1,500.0,18.0,14.0,17.0
adf24c4c9e90e7054d07309a04c419d0,moveis_decoracao,56,1110,1,1500.0,105.0,4.0,15.0
44aadbb26d5c81d9846b0c48bc00d7a3,artigos_casa,46,434,1,575.0,34.0,17.0,28.0
4ae6bbbe40edd8689f356e7d822c6dd3,variedades,58,874,1,1900.0,30.0,13.0,30.0
72bd0a03987cd55970cb61c661cd90c8,moveis_decoracao,56,1497,3,2450.0,105.0,3.0,70.0
959ca5782f1faf91ab505cc47fb3c808,moveis_decoracao,42,269,1,800.0,25.0,37.0,36.0
baf838eef08270cb85e35803d2ec2572,eletronicos,46,2303,1,145.0,26.0,7.0,16.0
3f7b6fe5f870dc2ab126236c8f70e214,telefonia,55,2065,6,150.0,16.0,5.0,11.0
5be202203d884803b74c45c7ff991706,relogios_presentes,59,530,4,300.0,16.0,2.0,11.0
270447c8593b4b89e594781f9f1aff84,moveis_decoracao,46,366,1,9700.0,45.0,30.0,35.0
14a5ea75139c76bd71255888d45a1f8d,fashion_bolsas_e_acessorios,54,1436,1,250.0,16.0,2.0,11.0
0a9e2c135ec43f84cc6c583695531d68,variedades,33,385,2,50.0,20.0,6.0,15.0
2a4cc5a2211eb5758a2dfbe772c91999,automotivo,57,828,5,1050.0,30.0,5.0,20.0
a23331d31bc426296b09f6a373f6aab5,informatica_acessorios,40,781,3,50.0,16.0,12.0,11.0
909cbfcbd548d18e67449df6a47e73f2,malas_acessorios,40,856,3,600.0,16.0,30.0,20.0
e070a61270050c4b1b704300f331cca6,pet_shop,57,558,1,850.0,30.0,20.0,30.0
8e1446d14972eb9ba34dd6273315f419,utilidades_domesticas,59,1043,4,300.0,16.0,9.0,11.0
d63c1011f49d98b976c352955b1c4bea,beleza_saude,57,614,1,950.0,35.0,25.0,20.0
cbd0f39c794fee28d71a874538c18f77,eletrodomesticos,52,198,1,100.0,27.0,13.0,17.0
551676a4458c024f741721013d87afc5,automotivo,53,2126,1,250.0,24.0,18.0,18.0
f2260011ffd0ed4238e48fc8dc2319de,eletronicos,54,726,5,17600.0,28.0,35.0,50.0
64361cf847b7ebbd89d37266c947356c,utilidades_domesticas,58,1719,1,1900.0,26.0,26.0,25.0
8aebd177020fc8a6fa6a321ac4c44de7,artigos_casa,17,140,1,600.0,35.0,36.0,20.0
12f787302256017d737fb7dc149820f3,bebes,48,224,2,9400.0,75.0,15.0,50.0
2742ee84b28b08268f169c5483f71b4a,relogios_presentes,56,407,1,1350.0,34.0,8.0,34.0
3f212fef0e1f11b343226b633f0426df,beleza_saude,54,875,1,1050.0,36.0,12.0,22.0
6fdff9bb5aeb9f318970366654b3b0a6,brinquedos,54,1202,2,500.0,16.0,30.0,16.0
5ca6a40fbc611451486b6525c655c64b,moveis_decoracao,24,192,2,400.0,16.0,26.0,20.0
683bd50ffed3cafad7195b89d9d5f07d,moveis_decoracao,50,634,1,400.0,70.0,8.0,70.0
1095122297a4faeebb3dd2cb4c9b497d,automotivo,57,703,6,5950.0,47.0,19.0,23.0
61fef484fda8aa0f5bad54aa9c640d3f,bebes,59,381,5,450.0,39.0,6.0,27.0
254104e9110b124bab38acfa269fb764,casa_construcao,39,892,1,288.0,17.0,15.0,15.0
3593dd78e1c621dbf0ed8657e8d425f0,bebes,57,794,2,100.0,16.0,16.0,16.0
8b64eff669e3dbeedc349de9f1d3bcab,informatica_acessorios,44,500,1,300.0,18.0,9.0,16.0
2d677673c369b1d62187bc49ab3e9331,informatica_acessorios,55,3125,3,1400.0,20.0,30.0,20.0
38327e062df5eb11f9ff87b586df0fd4,esporte_lazer,30,500,6,600.0,30.0,12.0,15.0
513e834f4f9225e4e8b233716a699774,perfumaria,35,265,2,200.0,20.0,20.0,11.0
ddae29c2be667c7c87dea454585870e1,casa_construcao,59,881,5,600.0,21.0,18.0,21.0
094615cac200c0dc4620ae28485f81f5,fashion_bolsas_e_acessorios,28,74,5,200.0,16.0,2.0,11.0
f58f86b3091f0a1080607870539f2e56,artigos_casa,47,415,1,303.0,26.0,23.0,23.0
c4eee3eae1ec39ae9e5f25b18f0cb4b6,beleza_saude,30,302,1,382.0,18.0,14.0,14.0
4b9a4b0697670351564e07258fa677ee,artigos_casa,53,222,1,650.0,16.0,10.0,16.0
63151b33c46a1f0619697a4e7ca198c3,telefonia,52,1440,2,100.0,18.0,5.0,12.0
5fe490e61e7a37f2f0d1ad1771ac027d,beleza_saude,48,469,2,750.0,22.0,8.0,12.0
8d0d157964a77396b83c879213bc38da,beleza_saude,35,629,3,1200.0,19.0,17.0,15.0
324c1045d038cd3db368aee137a3114d,moveis_decoracao,55,1465,3,150.0,35.0,2.0,25.0
1bdf5e6731585cf01aa8169c7028d6ad,artes_e_artesanato,28,3954,2,7400.0,47.0,25.0,25.0
d03a2a3433372ac8f9f6649d1dacadae,beleza_saude,60,919,1,150.0,22.0,3.0,15.0
3cd567828508afb8dc38c1eaa13df9ac,utilidades_domesticas,42,506,1,550.0,16.0,26.0,11.0
f74979233a273e0afadf48e39d0c45a4,utilidades_domesticas,52,374,1,1450.0,65.0,5.0,35.0
e146dbd6493fdfb50152400fc162f25a,esporte_lazer,38,1449,1,160.0,17.0,13.0,17.0
9123002e53f822415107f07e5dcf199f,variedades,53,177,3,625.0,30.0,19.0,22.0
de6613726492b95ae1c23f0c2a0121e1,artigos_casa,48,734,2,800.0,16.0,20.0,16.0
fcc54227ff8274a40686b505d5874e8c,beleza_saude,48,3630,2,2300.0,33.0,10.0,16.0
91237381e41ca4a1a25d28cc10e72204,papelaria,57,322,2,200.0,24.0,7.0,14.0
33506b5bbfffb69d787a9ecaa1222a5a,informatica_acessorios,42,2828,1,1700.0,45.0,25.0,30.0
d04e48982547095af81c231c3d581cb6,relogios_presentes,56,528,2,292.0,18.0,10.0,15.0
7f524cd9e1d47c5aa4b15b54d6d146cb,moveis_decoracao,31,297,1,1000.0,16.0,11.0,11.0
a703c0428c3b87676470d0432bfa8443,moveis_decoracao,54,532,1,500.0,65.0,7.0,20.0
72bf8fd8b4596a7fa2c2cfab031204ed,moveis_decoracao,33,650,2,200.0,19.0,10.0,16.0
94bf3dc3d35d6e2dc1be8edffe180c59,moveis_decoracao,60,458,1,1100.0,30.0,4.0,20.0
b11308cde5c2dc1c7f2f947c62409e76,perfumaria,12,607,1,300.0,16.0,16.0,16.0
fe70b3d3e1523d468ece722d2de06de9,esporte_lazer,28,538,1,200.0,16.0,16.0,13.0
f0290bc56bf94b187683c02b638c181f,artigos_casa,56,406,1,1650.0,16.0,10.0,16.0
0ad6795586afdad1281b3884f2611ca6,ferramentas_construcao,40,459,1,250.0,60.0,60.0,11.0
781de17434dbb8244fd1d0e3ef55d3bb,consoles_games,50,996,1,500.0,16.0,13.0,21.0
d4c52f33c1f0cbe94b47983bc6043e23,automotivo,58,700,1,100.0,32.0,2.0,24.0
0e0be1b2859d8645f40d55e1dd855781,bebes,54,160,4,467.0,24.0,21.0,22.0
2fcdd37790d9c79db0998f7fc9bc68b0,brinquedos,59,739,3,1100.0,40.0,40.0,33.0
63dfa8b12200610ed7b5e41d3c888a25,artigos_casa,59,146,2,1250.0,34.0,6.0,41.0
34399bd4587bcbde51fe12d9a872b49a,utilidades_domesticas,58,953,1,4075.0,30.0,26.0,30.0
7304acc3196eb4cb479464c421de747f,artigos_casa,46,729,1,7700.0,20.0,30.0,30.0
2e6be77a8a0914080c1e8b6f3dde836b,moveis_decoracao,50,2242,3,300.0,60.0,11.0,11.0
7745fa765a4fbc559058c4ad0e5485aa,variedades,,,,200.0,16.0,2.0,11.0
d2c7a1e57b8f3e74095798f867334b36,relogios_presentes,52,222,5,300.0,16.0,2.0,11.0
e3c74f07496dd02492854d89b277eebd,automotivo,31,729,1,343.0,19.0,18.0,18.0
d1cd40f9c1b59554cfa67b08073607fd,esporte_lazer,50,549,1,300.0,18.0,8.0,14.0
5298d85eb4c4f864c1f68ff4c9fe1deb,brinquedos,19,220,1,725.0,31.0,31.0,27.0
4eebe44f76b0976eab5c92eebeac8b55,casa_construcao,44,100,1,1000.0,40.0,30.0,11.0
3d2c99e2be6594fc0a56af7754498c7b,artigos_casa,54,607,1,21500.0,58.0,50.0,49.0
7a10781637204d8d10485c71a6108a2e,relogios_presentes,42,236,1,342.0,18.0,13.0,15.0
9451e630d725c4bb7a5a206b48b99486,bebes,52,300,1,350.0,31.0,10.0,12.0
063daeb82f41e36a160549515ef28e75,artigos_casa,56,255,1,1975.0,43.0,10.0,33.0
e15df886b39f7ae5ed4149643bb0c8d6,papelaria,53,298,1,200.0,16.0,6.0,11.0
220bc6afbb138c2e99fffc0f9838afd4,informatica_acessorios,22,716,2,150.0,39.0,2.0,30.0
51d683bed105788944d57dcbba5aa518,informatica_acessorios,53,124,1,600.0,25.0,15.0,15.0
c39f112a4f0d855bd197c065cb42eba9,ferramentas_construcao,60,175,6,20200.0,54.0,20.0,40.0
ea43b87d74397400228d42e26adb7f24,artigos_casa,24,417,1,300.0,16.0,12.0,11.0
8c10db7e2bc84a4697eaed54db164c7d,perfumaria,37,431,1,200.0,20.0,10.0,15.0
2bceab103a1ed05128606476d59db128,moveis_decoracao,39,1200,1,24600.0,70.0,67.0,26.0
4005df5f887f3c2529f363671fc8f4a5,beleza_saude,55,3185,1,2200.0,23.0,23.0,20.0
c3b52e4afa04ca9013545b7a6996e86e,informatica_acessorios,60,1242,6,1150.0,16.0,13.0,25.0
b8eaf98e383cfed806bdedba40f84f21,esporte_lazer,42,892,1,1000.0,30.0,30.0,30.0
788dbbaefb68cbb1f4cc56ba5151b085,variedades,,,,200.0,16.0,2.0,11.0
20c69858ff6c402d1713747d81b5c23f,artigos_casa,48,324,1,1550.0,37.0,9.0,30.0
1909929bf0f282504162cf7e8290c4bd,esporte_lazer,58,1546,5,6250.0,48.0,21.0,32.0
b363ba4802d9eca552da85a1125747eb,moveis_decoracao,41,397,3,6200.0,62.0,6.0,62.0
dafc867209fb20b8331f1edaebc95b58,esporte_lazer,57,1933,2,30000.0,88.0,40.0,48.0
f4f63288f5e6ff5cb8262bdfb626c85a,automotivo,55,915,1,5888.0,36.0,8.0,24.0
580f59d167b4ded91943ef2b1f3d0077,artigos_casa,53,508,1,400.0,45.0,15.0,35.0
0e8c1dc0559f4a9a4a9066dc8c56755c,utilidades_domesticas,60,817,1,50.0,16.0,29.0,11.0
fd76f22bf3648e0dd4295e593def7664,automotivo,56,1383,2,1000.0,33.0,15.0,30.0
87cc2aef12eddf0b170234138b0946e0,informatica_acessorios,58,2455,2,350.0,28.0,6.0,20.0
0daacc5e5ecc8beeaccc9e5b96c30f70,moveis_decoracao,58,252,1,600.0,32.0,17.0,32.0
96b7d9d0248d6f0f688e1a1987642733,bebes,44,1280,4,7050.0,51.0,25.0,48.0
b697c503df6dc2612e7f601a189718d0,telefonia,26,267,2,100.0,17.0,5.0,14.0
a96a0642a479ed47a0ee2cf1da54d08f,moveis_escritorio,52,2115,1,13650.0,55.0,27.0,55.0
56795cce4b5c45ae4bb68caccbcb76d1,beleza_saude,28,515,1,250.0,16.0,16.0,11.0
db10315b99cdff7ca831c2a44ed5b601,artigos_casa,55,215,1,350.0,45.0,15.0,35.0
183219d1fb636eb94e843223054122ae,artigos_casa,54,675,1,1800.0,30.0,20.0,70.0
4fa953e52318e4dfc4f93407226cff35,papelaria,56,473,2,300.0,22.0,70.0,15.0
fb6d1c0e458a83fe774bbdf52d704287,livros_interesse_geral,37,1087,1,600.0,17.0,5.0,28.0
abafccbe06074c732dceed6675d5a7ac,artigos_casa,54,553,1,594.0,15.0,17.0,24.0
2c715979f8471e42e0daeeb855f04f9c,moveis_decoracao,60,1963,4,1550.0,69.0,11.0,11.0
e57b2d6510f090860888171c76b42b21,perfumaria,57,917,3,300.0,18.0,16.0,17.0
993245facdeea0014e73a3e18750c123,moveis_decoracao,45,283,1,2050.0,30.0,30.0,20.0
1afba77281863ff27193802145134d47,casa_construcao,58,921,6,1050.0,16.0,20.0,16.0
1d9b6ad747838d1e4f24445f4b9bff55,brinquedos,55,851,4,1400.0,35.0,28.0,16.0
0f5d0170c03b333aa1a44fa11e040e75,artigos_casa,33,190,2,900.0,40.0,4.0,30.0
f1d52f5898b4fa4f26ffd82aa0147044,automotivo,58,3255,1,100.0,17.0,10.0,15.0
6391ff716e6d0271c58f47a692998cf7,utilidades_domesticas,49,992,1,550.0,20.0,20.0,20.0
a8f944abeac7d4fc5f2663bd8f22f931,brinquedos,39,387,1,367.0,17.0,13.0,14.0
73c32b5af96fecd16fed3efde88ea2c6,brinquedos,42,193,3,325.0,31.0,6.0,31.0
46cc07237660346018f8838ae0b7ed2b,bebes,39,609,1,550.0,40.0,19.0,16.0
2bb89ed11ac138ade0f53d74665abbec,utilidades_domesticas,34,124,1,150.0,27.0,13.0,13.0
1c4e2aab2f3631a70816d1765ced8ea8,utilidades_domesticas,56,402,2,9900.0,31.0,61.0,31.0
5008f57a319af1670091cd1d64656910,variedades,64,246,3,3600.0,20.0,30.0,20.0
7493e4040f18798a847ce9f22afc3ff7,eletrodomesticos,59,984,1,100.0,18.0,8.0,13.0
75d19abe240aed387eba35756de2de9c,jardinagem,55,321,1,600.0,70.0,10.0,11.0
80cc039ed021cda9066625e945327f70,automotivo,59,891,5,2100.0,30.0,25.0,30.0
f11d6bc6c73bf0326ae129cb88ca04c4,brinquedos,51,960,1,300.0,17.0,6.0,17.0
2dbed858ef1a666ec3afae6566400a06,esporte_lazer,48,1156,2,400.0,22.0,15.0,22.0
a157e6178c6f7a8355999fa9cb3d136e,utilidades_domesticas,50,518,1,900.0,25.0,32.0,25.0
99521d67b22efb57979c6bf0c577a7a4,perfumaria,48,548,1,600.0,20.0,12.0,15.0
095cb863f2b04911455ad33f5177062e,livros_interesse_geral,48,1140,1,1000.0,16.0,24.0,16.0
550dc4417c636abc04c71404342de695,informatica_acessorios,43,518,1,1238.0,34.0,19.0,24.0
13378a2e50038c0cce4adb16486e3a6f,beleza_saude,36,1718,1,200.0,18.0,8.0,14.0
b808914cdb615d812fd24aab699cf952,artigos_casa,54,383,2,3100.0,47.0,21.0,41.0
81040eb9c21d4f60b7771836b3255489,beleza_saude,51,1085,1,1075.0,17.0,21.0,17.0
2d000576ada7098440d09be3e8b6ff5d,informatica_acessorios,33,146,2,700.0,30.0,20.0,30.0
78a727ba961fe7561d533e153bf04088,instrumentos_musicais,43,1516,7,9270.0,103.0,31.0,26.0
2ee2275c98634bc4a8a6f86b4b08b549,esporte_lazer,63,349,2,750.0,35.0,15.0,18.0
08e2111445e8c886145ce42fbe261085,utilidades_domesticas,44,426,1,750.0,20.0,20.0,20.0
a5927cb6142b2d814318939b3a283256,relogios_presentes,53,612,1,350.0,16.0,11.0,11.0
1adcf68b3225c66329bed63fc288933f,esporte_lazer,52,553,1,350.0,18.0,18.0,18.0
6b5e28354ababa66e691a8072681427c,telefonia,39,951,1,300.0,15.0,16.0,18.0
2c6aed9079a451ea112d03a78ccc9235,brinquedos,42,444,1,500.0,23.0,25.0,11.0
2af11c7fa2cc165b8abc3a92127a2710,automotivo,45,187,1,100.0,20.0,13.0,15.0
967b4ef12fac107d62481097944bc634,brinquedos,52,891,4,450.0,25.0,35.0,15.0
baf59a3a8f15ea34f04394f44bad573a,artigos_casa,27,144,2,450.0,43.0,48.0,43.0
9a99bb9931fce41bda596488d0653c39,eletronicos,60,2438,3,2050.0,29.0,22.0,24.0
d370e908175e2f3b39bb7fd33fd4c530,esporte_lazer,60,972,1,400.0,20.0,20.0,20.0
b316bc5e17977e45daeede53257820d8,informatica_acessorios,45,311,2,300.0,20.0,20.0,20.0
8a330ba3cd34d650c45bce0fc21771ac,variedades,44,1611,2,2400.0,32.0,25.0,39.0
e3025f416b18907e09b3df602c3eca2b,beleza_saude,60,1040,4,100.0,18.0,6.0,13.0
fe6a9515d655fa7936b8a7c841039f34,variedades,29,266,3,5650.0,73.0,73.0,20.0
9926323a78ee2ba9e3b282efce191cff,fashion_bolsas_e_acessorios,40,115,1,300.0,17.0,17.0,11.0
e4bb5bd18b0b3b6e9b7107ecf4fd11cc,artigos_casa,59,255,1,1800.0,45.0,15.0,35.0
32539e75c9d0748f5e063f60e395cc57,papelaria,45,186,1,100.0,16.0,7.0,16.0
be92bd4ffb2aeb2776beaf42860ce0ce,informatica_acessorios,46,168,1,100.0,18.0,9.0,16.0
7659404ade89460a4be1c11ac47d5f2c,esporte_lazer,55,405,1,200.0,36.0,5.0,26.0
6047d1b3d3841a528e860a939daa2035,perfumaria,52,292,1,150.0,16.0,3.0,15.0
9824c8a777b0a6ec687de43501ba3aba,eletronicos,42,877,1,1850.0,16.0,33.0,38.0
30b71c9c4072aedc2eab725fa28f50ed,perfumaria,39,721,1,463.0,19.0,13.0,17.0
67b10b3b7931ff8a983d42650dbc3bc5,informatica_acessorios,57,2574,4,500.0,20.0,20.0,20.0
8c955afdb3e69c856507b4a7c0085ee3,beleza_saude,44,544,1,200.0,24.0,24.0,16.0
d357444d58bb7efb2756bee0420a0430,esporte_lazer,53,532,2,850.0,20.0,10.0,20.0
dab15c80f123fdf15d847ef8e8804f33,utilidades_domesticas,42,549,2,250.0,33.0,5.0,20.0
f046f5847e49bd22fcb24ecc59572165,automotivo,50,701,1,100.0,32.0,2.0,24.0
d0825229639d1afa9bd533314e27d7c8,moveis_decoracao,63,1952,2,21700.0,42.0,42.0,42.0
5adc6c464f33f8560dd3c984291d4ba1,malas_acessorios,33,924,3,550.0,16.0,30.0,20.0
44062317bd4d9fe1392633939a1dcd6b,moveis_decoracao,49,163,3,600.0,16.0,17.0,17.0
a50b1500d1f7ec62d2f3fba260974613,moveis_decoracao,59,955,7,1850.0,40.0,12.0,20.0
859c76e39d1772297ad710c70f15cf34,moveis_decoracao,57,1203,2,600.0,20.0,28.0,12.0
bd2a0f83ba8ab18af5823fc3552a0305,fashion_bolsas_e_acessorios,35,496,5,200.0,16.0,10.0,11.0
535a23504a92e3e42a5cd54256c75b17,pet_shop,58,539,1,900.0,25.0,25.0,35.0
98a8c2fa16d7239c606640f5555768e4,ferramentas_jardim,39,500,1,8325.0,43.0,14.0,33.0
6ca11e79ed1acb748ccbb8e6b821967d,perfumaria,49,896,2,400.0,16.0,16.0,22.0
5525bcf86683c9d9777c2f28326d7db4,fashion_calcados,34,240,12,200.0,29.0,7.0,16.0
dfeb944b00d6cf42f80ee3b42d831ab8,eletronicos,44,222,1,750.0,20.0,15.0,15.0
f72b26eeffe2345b486cfeb723305bac,agro_industria_e_comercio,54,1036,2,13150.0,35.0,63.0,40.0
cd3b8a153ef3be4fdbad9e011b7b35e2,eletrodomesticos,59,790,5,7650.0,30.0,50.0,40.0
7ac1bbfa01ff564a3fcff52d02bd66f9,beleza_saude,54,623,4,300.0,30.0,20.0,20.0
22234a1dd91ce8e88c7b108d198c40ad,beleza_saude,57,3110,1,125.0,19.0,15.0,17.0
780130a191b7abd450d121ac7290d15b,eletrodomesticos,32,111,1,14000.0,49.0,12.0,31.0
ead7a0750955ac63e63b8e0ade03bbc4,jardinagem,30,1445,1,1513.0,15.0,12.0,12.0
004552d98c5d3653af8b4dbe8def0048,moveis_decoracao,50,319,1,900.0,100.0,11.0,12.0
08401f48b67a852d06105725c3013eff,brinquedos,58,739,5,350.0,28.0,10.0,12.0
655110abedc57d73d3b2150d8ba2092a,artigos_casa,60,314,2,1250.0,30.0,10.0,30.0
e976121c90262b3c9d173aaf4e03096a,esporte_lazer,56,544,6,2750.0,63.0,56.0,16.0
b687561332a5ebe8324a81851b0479aa,relogios_presentes,39,1073,1,217.0,18.0,13.0,15.0
73bcea88583002fe12b7399af4ae60da,relogios_presentes,42,631,2,459.0,18.0,13.0,14.0
1a0910c102a7df46a8d1ffe68b2c3d2e,automotivo,56,376,5,1900.0,32.0,25.0,25.0
ac4de777c210c46c3aea5fd5703d2a16,artigos_casa,48,594,1,375.0,28.0,5.0,19.0
6f9f3f69c27aaeaac0cc6bc4d431f3e8,perfumaria,35,750,1,200.0,20.0,16.0,16.0
f3a168ca0d5b87d0c7e2604787e3df23,moveis_decoracao,49,204,5,700.0,30.0,6.0,22.0
9be9fe1899a02ec308ce97368cf4ef9f,pet_shop,52,434,1,300.0,30.0,15.0,30.0
22311cca452c2d005ff0da91d0dd3f83,fashion_bolsas_e_acessorios,35,160,5,50.0,20.0,5.0,13.0
4857ff66e2ef62d17140f60421cebaba,bebes,42,353,1,19025.0,51.0,70.0,53.0
13b65def7883556df481f81caf3908c2,artigos_casa,57,627,1,1000.0,16.0,10.0,16.0
2bf7ce28472c7ae94ee15e26991bc9b6,papelaria,49,162,3,150.0,20.0,15.0,15.0
4cfd7d1aae59a0b4f117e39ccbb0deec,artigos_casa,58,663,1,900.0,29.0,4.0,36.0
27b53acb5f37e2d79d49af25312096a5,automotivo,57,301,1,800.0,28.0,10.0,18.0
77c2aff3c37f549284828851709cedee,beleza_saude,30,1418,1,208.0,31.0,7.0,20.0
740281a23898e6af55b5aad34a41f0ad,pet_shop,34,537,1,10100.0,72.0,12.0,52.0
7dba49d05059dfa721e63caf83965829,moveis_decoracao,56,288,1,17100.0,56.0,38.0,48.0
6bf5b542b699bd09889aeb3917464f49,moveis_decoracao,54,2043,5,2950.0,69.0,11.0,11.0
b044bbed524dc39f8465f2d1b5b620f8,esporte_lazer,58,3835,7,375.0,30.0,23.0,23.0
943d06ea87dd9b6336a4b846b104acbc,brinquedos,23,1639,1,400.0,20.0,20.0,20.0
9111e84f174a6bef20d95fa5d5f8dde2,artigos_casa,53,811,1,1625.0,43.0,8.0,31.0
b8f2f150810c5ddaef91dc06f045c597,artigos_casa,53,208,1,550.0,16.0,10.0,16.0
04f8b8f9921310178d65bcba23fbe639,variedades,,,,1800.0,21.0,13.0,36.0
21d8df2fdfe62af4f016be4e49e78f2b,moveis_decoracao,56,2043,5,3000.0,69.0,11.0,11.0
ccac9976bafbf7e587bd2c29302e2314,perfumaria,53,2235,3,1500.0,20.0,25.0,20.0
9d8a47407c35c4b5038a353a01331f2c,esporte_lazer,39,340,1,1022.0,28.0,25.0,22.0
fb8ec7f3124032e812713f60633e6167,artigos_casa,60,875,1,1050.0,35.0,3.0,30.0
e24ef3f9a7a1d8c6c2d932c53fcb1fbe,beleza_saude,47,1842,1,2300.0,30.0,12.0,16.0
04ea63ab87df726ebf45c0982dd90a1f,bebes,47,1059,4,450.0,30.0,6.0,23.0
cc60892b5adc06df9d5cc4531fc06df6,bebes,42,490,1,600.0,25.0,10.0,25.0
b0075cdedc8e455d734e6b1875336ca1,pet_shop,28,641,4,150.0,16.0,9.0,11.0
dca00aeaa69da64cdecdb72e1c205111,fashion_bolsas_e_acessorios,58,719,2,200.0,16.0,2.0,11.0
6b9a34521d342194ebd09b68b363b028,pet_shop,57,993,3,600.0,20.0,6.0,16.0
a11b09bc9acb0cfeac91d3f4c13fff01,ferramentas_jardim,52,686,5,1800.0,33.0,14.0,11.0
9c4ee35acd7dd98647f7564a6c935f3f,automotivo,60,1509,3,400.0,36.0,6.0,27.0
c0cc3aa24916ef20b939f9f403da30a4,automotivo,59,360,2,225.0,16.0,3.0,11.0
9a803c36a15de3fd981f42c0e4cabdea,esporte_lazer,45,3494,1,2693.0,29.0,28.0,26.0
631cc372948b89f0211271f2546d9f44,variedades,,,,700.0,20.0,10.0,20.0
fd424396761d9e1609c5516b7d8ce17b,automotivo,53,578,1,4825.0,61.0,34.0,36.0
78976d6eae26536628ef574944bc7b0f,utilidades_domesticas,39,228,1,24800.0,34.0,96.0,34.0
29353bc591cb0f1a7cfa75382a0c6170,artigos_casa,59,447,1,1900.0,48.0,8.0,39.0
f449d5919390268a18a8c424e3a62dea,esporte_lazer,46,832,1,650.0,18.0,18.0,18.0
ed464125465d8ab04c3615963d27395c,casa_construcao,56,904,6,700.0,39.0,7.0,39.0
5f5d009b0eed255c950e16ccad915ff7,moveis_colchao_e_estofado,51,796,2,10750.0,40.0,46.0,35.0
737d985cd93b0a4844c3c5847d945ca4,relogios_presentes,40,692,1,250.0,20.0,14.0,14.0
76951acb34204078c0dc377dfc4233aa,beleza_saude,51,3890,2,650.0,40.0,20.0,30.0
ecaaaccb5eb3102553f001d62db6389e,informatica_acessorios,54,144,2,125.0,16.0,12.0,14.0
ecb050847b3d0db36fe380cf68ad02b5,automotivo,52,665,5,2000.0,60.0,8.0,33.0
80e93c9ff199f2b00ecc1962d520c339,telefonia,31,888,1,1100.0,30.0,7.0,20.0
b99aa566793f3b99ab8bee7b285221de,moveis_decoracao,56,296,6,2400.0,40.0,37.0,40.0
5bfcd193eb29c1c8332e2d4ca804d54f,consoles_games,52,1236,1,340.0,17.0,7.0,16.0
e39ad6a03434d2664d4b5c3bb331f2d8,telefonia,57,1553,1,150.0,16.0,5.0,11.0
902746d948b5ade6ebe39e5930992bde,artigos_casa,38,535,1,2750.0,49.0,13.0,45.0
cd4433e613b80ca07e19c5c626aee51a,informatica_acessorios,38,580,2,352.0,20.0,14.0,17.0
44afebe5ba695261a126f43a4b29d814,utilidades_domesticas,49,465,1,2963.0,45.0,33.0,32.0
bb567c6c488b2d8b3baa6172d625c98c,utilidades_domesticas,37,452,2,700.0,30.0,10.0,25.0
eb7151059126a851a89a9463dfac7feb,moveis_escritorio,56,674,2,12450.0,62.0,16.0,49.0
65f42db0d3e2d8f4fe41b6c3eb0f6561,brinquedos,59,929,10,450.0,18.0,11.0,16.0
2eadf6089620e82047e4d24101dc6759,perfumaria,44,749,1,500.0,16.0,14.0,14.0
8f1ab88c66cc3d534f1678dc3ca409e5,beleza_saude,26,249,1,300.0,16.0,16.0,11.0
aca66d896a36f009a83d865e61832831,market_place,23,751,1,550.0,33.0,2.0,33.0
b061d19bedb7cb3af1ae9d6fb52b5712,automotivo,37,2031,1,5100.0,55.0,15.0,34.0
1a980a10bed1d765e2eb2ad3608a63a1,malas_acessorios,45,217,1,850.0,45.0,10.0,31.0
21a13332dcf9044716216914708f5d11,esporte_lazer,42,211,1,200.0,16.0,16.0,20.0
d8707dd860f966067547d4cff53496f8,beleza_saude,55,2908,2,250.0,24.0,26.0,11.0
6177675afbea0665b11380c36caf10bd,artigos_casa,60,222,1,1700.0,45.0,15.0,35.0
964093075b6885bfcc6520dd216e4d8f,utilidades_domesticas,46,157,4,250.0,24.0,5.0,11.0
be79ae7ea3c476c7edad883622b9664d,eletronicos,51,1649,5,2550.0,23.0,39.0,23.0
6d8df074fad8f0315c8226b43f71a084,utilidades_domesticas,40,786,4,9600.0,60.0,30.0,50.0
6e2a68aa94eb2a3b5b3499bf2314d544,artigos_casa,46,513,2,1900.0,40.0,10.0,30.0
c4cca1d23088d10099f52159878b6686,fashion_roupa_feminina,43,1621,2,600.0,16.0,2.0,11.0
3a57f86e932434dc3b901cb9a4ea1f24,brinquedos,51,1015,1,650.0,40.0,20.0,20.0
d4ad7ea401df376d63728c3646895d49,moveis_decoracao,52,532,1,505.0,70.0,9.0,11.0
87dc701592a3d9c9b7b02e6b004f7764,esporte_lazer,63,278,3,100.0,25.0,2.0,17.0
1defdb58e117d7cfc318d002c2783b6b,papelaria,43,48,1,100.0,16.0,5.0,16.0
736f6d30b987a0cc3ef4545553732fe1,casa_construcao,45,923,8,750.0,16.0,27.0,16.0
8d0752a2c0a7f50b10e7eaff59289272,utilidades_domesticas,53,193,3,650.0,30.0,10.0,20.0
5aed97dc60ce5882eff4a75e0d502b58,perfumaria,53,462,1,100.0,16.0,3.0,11.0
a7643323762a75398fdfe3ba23a04cf2,ferramentas_jardim,39,1570,1,1625.0,28.0,16.0,25.0
17f221c334109f71ffc36e54fc32a836,automotivo,59,544,3,525.0,60.0,8.0,33.0
00c744ca2f3b0e76ce227b146095d3f9,brinquedos,41,569,1,350.0,17.0,15.0,17.0
22c73d4d1eccb8e2ef7a084b3e345b30,moveis_decoracao,53,1227,4,300.0,50.0,11.0,11.0
d3669f49f9303d54bb780e7401365366,utilidades_domesticas,57,1794,6,13800.0,30.0,104.0,30.0
1285c1d5b4365dcc8b7b0c34bca67242,esporte_lazer,59,1733,1,10000.0,70.0,60.0,40.0
420575f8e2c456d57fd9ea8fe99090f9,variedades,58,404,1,2367.0,52.0,23.0,28.0
47d8c187a4b3aaab2ecc32715203de8c,artigos_casa,42,440,4,1500.0,55.0,17.0,48.0
2c92025a63896497612a531b6d015669,beleza_saude,57,2455,4,200.0,16.0,12.0,12.0
877037e9f558d11ce22f3224771fd12f,brinquedos,57,1235,3,1200.0,28.0,13.0,21.0
293547a991162d7b32c55a8482cccf1c,utilidades_domesticas,59,414,2,350.0,30.0,12.0,12.0
df44d84f970884476b76a32ddf1ace55,artigos_casa,56,123,2,300.0,70.0,8.0,40.0
2891311ed5a25e23aaaf5b12db9a8f83,utilidades_domesticas,18,676,2,450.0,16.0,12.0,12.0
2d00c3b37b984686777190e2e6e0a7b6,informatica_acessorios,29,1140,4,300.0,16.0,16.0,16.0
5a17789f1d9b487c6f42da9212059dcf,utilidades_domesticas,30,723,1,275.0,17.0,19.0,11.0
de3460da13c27adbaa8efcf1bb83cd62,eletrodomesticos,56,215,1,250.0,27.0,13.0,17.0
587daf296426a63860d1b5d8feddab1f,esporte_lazer,31,236,2,1150.0,60.0,15.0,15.0
fe4dece0c663ba4f1f9f2d04d3b93a97,variedades,58,442,1,200.0,16.0,12.0,11.0
44a34214a57dc373dcd80f54c919d006,esporte_lazer,21,207,2,350.0,67.0,15.0,15.0
37244e10d8b612acfba950f0ef0be093,ferramentas_construcao,63,1288,5,30000.0,43.0,72.0,43.0
6a7ee229607aa7511363812c90560144,eletrodomesticos,60,330,1,225.0,24.0,13.0,15.0
d2169b4ca33cf18e5cf73716179912c8,utilidades_domesticas,29,365,1,700.0,16.0,23.0,11.0
f114a4c35d2bb55ae4ad3c35975fc5e5,esporte_lazer,45,1433,1,2500.0,36.0,40.0,36.0
1823142d83a24b619bebd0088d7f95d9,automotivo,54,1266,1,500.0,31.0,16.0,20.0
58cda2faccdf7f8620e45b6a863efd3f,eletrodomesticos,56,950,4,1625.0,40.0,15.0,40.0
28703461662b53348b5e21716f02bcc0,eletrodomesticos,56,944,4,2300.0,30.0,30.0,30.0
a8fd2715c837d04bac16cf90155919f8,moveis_decoracao,58,925,2,1200.0,36.0,20.0,36.0
b1e646eebd0f4d4e08092ed2c927f721,bebes,45,693,3,13650.0,60.0,25.0,40.0
2e6f3959fac9a271f1d1610c30d4b95c,relogios_presentes,54,491,5,200.0,16.0,2.0,11.0
b07c5f16cf1691a1b4b959a974929c9d,moveis_decoracao,58,752,4,14000.0,50.0,40.0,50.0
71a8be2937fd926b330febe100effd02,automotivo,39,282,1,100.0,21.0,3.0,18.0
2ba4f78910f6fe61e7ae7bfa4efe2726,artigos_casa,55,225,1,380.0,34.0,21.0,40.0
81f869ddb8b8e77514002be908adbacc,automotivo,56,752,2,825.0,60.0,8.0,33.0
f7c72fa5d77c897b79b13a5f86f27b02,brinquedos,40,675,5,1000.0,36.0,21.0,20.0
077c1ba3f2e5e4145faf0a12f35ec1d5,automotivo,60,812,4,1050.0,30.0,30.0,30.0
c99f0c21bf876956dd614ff4e6cc82a2,fashion_bolsas_e_acessorios,34,400,5,150.0,16.0,9.0,11.0
3e9d1d635c7325575515ee564ea54556,artigos_casa,52,115,1,2900.0,45.0,25.0,35.0
3a4113a7009a9fda9cc0021c98b74332,livros_tecnicos,39,465,1,550.0,24.0,4.0,18.0
848ef0a103ee21407d1fbd0f7e7ae179,automotivo,47,577,2,120.0,16.0,8.0,11.0
6e835aea84ae8eb68b8c14878dd43b30,esporte_lazer,48,831,1,2350.0,20.0,20.0,20.0
6b4f6ae65a72ea8fd277893be01180f8,moveis_decoracao,47,160,2,550.0,23.0,16.0,23.0
842f01c6359ea76dede02a1daf8bbe77,automotivo,57,1030,3,2000.0,34.0,40.0,19.0
78b7b1ff2d3f06a589354ddf2f4f9db3,perfumaria,31,355,1,448.0,22.0,17.0,17.0
6944df4c64619e41fa9701a7c168cc84,ferramentas_construcao,56,1154,1,600.0,16.0,10.0,11.0
f4389fea64847825b7aa2884528b5d22,utilidades_domesticas,56,2189,7,950.0,30.0,12.0,30.0
3de0d67f8e1faa3e8f18906cdbc8b6cc,casa_construcao,45,277,5,1400.0,20.0,20.0,20.0
a2e378c184ed5489efbed08896c7a6d1,ferramentas_jardim,59,668,1,5550.0,45.0,29.0,22.0
ef39cf023d189c27d7387a44e89e0c17,utilidades_domesticas,55,1005,2,50.0,22.0,15.0,12.0
d1f8238b6028d483af2329cb63cc9bfd,moveis_sala,44,428,3,6300.0,50.0,10.0,50.0
dd72d83b749ec911396ef3337e00b633,artigos_de_festas,46,507,5,600.0,20.0,15.0,15.0
6e87f3a8a84e60c41db0a3e7779f6e0c,papelaria,41,341,3,6350.0,18.0,47.0,34.0
fc2351bcf24c714e5d21b44ad41198b7,bebes,58,1380,2,6850.0,48.0,25.0,34.0
2fb0efd1f61f186ffdda9e8ec70f27f2,bebes,37,224,2,4075.0,73.0,14.0,48.0
aa59c9e7a89f70e05e190130174cd4aa,esporte_lazer,60,867,3,1600.0,16.0,50.0,16.0
38481079a1b7b615e150e2dc4d257bd7,moveis_decoracao,61,157,9,1950.0,35.0,11.0,26.0
717ce88f14ebb225f2c395c8c41cde09,beleza_saude,40,188,5,200.0,19.0,11.0,23.0
1d8b0573a8ebb81f72288beba6bf4327,beleza_saude,39,752,3,250.0,21.0,26.0,21.0
d2ff5f62363de6bace21676323900d0d,artigos_casa,57,295,1,12050.0,60.0,30.0,40.0
fcb0e3bd6245e82cb0203dca6c126e43,informatica_acessorios,37,100,1,200.0,60.0,11.0,11.0
50e1cbad89e4edeefc63345ae9747775,automotivo,54,276,1,250.0,25.0,15.0,15.0
bc9f168ac01066f4f007d17ee4e2ea6a,artigos_casa,41,869,1,600.0,20.0,10.0,20.0
ad0f4396498e31de10230b2a10f069b8,ferramentas_construcao,54,332,1,700.0,35.0,15.0,15.0
c653c26ffc8bf64d1f4350006dad8688,esporte_lazer,59,886,4,375.0,33.0,17.0,33.0
480c9e1ca446baf8388f0eda5300b25b,automotivo,57,193,2,4750.0,62.0,17.0,22.0
310794f4911fb5f5f2add5e9ad72b21f,moveis_decoracao,57,215,6,1200.0,25.0,17.0,25.0
c4d3198d226d8fd420177364aadbe331,beleza_saude,54,1257,1,467.0,30.0,14.0,19.0
e7be84ea9462aac5e2b0b08eb35ba7f1,instrumentos_musicais,41,103,1,100.0,60.0,16.0,11.0
d517de1f2a8247cc1ea2951c4039ae20,brinquedos,37,450,3,992.0,34.0,13.0,31.0
29ee9b71de5e569cdb8256ae5c854fd4,artigos_casa,59,165,1,950.0,16.0,10.0,16.0
b4bc9f5c59d29ba89f37dcfa9ea53cc1,utilidades_domesticas,28,304,1,2100.0,50.0,11.0,50.0
321a78ad1321fa42286dacdd0e9825eb,moveis_decoracao,55,622,1,5500.0,30.0,35.0,30.0
bcfef6d5629403cedb2c8b855940337c,automotivo,48,238,2,150.0,16.0,7.0,16.0
3311083d8969d344413da8ed6f8e0195,moveis_cozinha_area_de_servico_jantar_e_jardim,39,235,1,29500.0,102.0,47.0,42.0
8e26479962cb257aba82c608c10469e5,telefonia,31,580,2,100.0,16.0,3.0,20.0
9b6b39ca91a2f27743f6e4ff7b1a65ad,ferramentas_jardim,31,595,1,2733.0,35.0,32.0,33.0
16fdd3b0ce3c745e93bb6809113649c1,automotivo,51,92,1,300.0,16.0,10.0,16.0
880f4cc8f0bd44fe5afa9fc978a216e1,audiovisual,52,578,1,100.0,16.0,5.0,12.0
e4337c013620a5a05f0c80622bb33f90,ferramentas_jardim,57,1092,5,1500.0,26.0,24.0,20.0
1a300f482e35d7eac74b229be067aefd,informatica_acessorios,54,333,4,125.0,18.0,7.0,15.0
090481b27cff4d143f62be584cba5ed1,artigos_casa,46,434,1,600.0,34.0,17.0,28.0
51380ed201eef8cc5c744c5e0d49965b,informatica_acessorios,60,687,1,500.0,17.0,16.0,12.0
0a8b35c2fbc824f7e1015cf330e6cc3c,esporte_lazer,55,2656,1,250.0,16.0,2.0,11.0
151259fe8ced305ca05dc771fc72d711,esporte_lazer,32,839,1,418.0,18.0,13.0,14.0
33404a09d81156efd8d2299cf5568f1f,variedades,,,,900.0,25.0,25.0,25.0
1f2a3bd182a1004ffa295c0c54d1a653,automotivo,58,863,6,2000.0,20.0,20.0,20.0
c46340bc7e4d674d73196dfc202fb2cc,informatica_acessorios,52,389,8,5200.0,47.0,59.0,12.0
41bf6a8c9424d4ec060e39e21883db3f,variedades,,,,150.0,22.0,14.0,14.0
e01d7d6a1fbdf0aae35d34fa66766399,utilidades_domesticas,51,184,1,250.0,30.0,20.0,20.0
f292ca832e0400809217dc0478a31650,perfumaria,40,707,2,100.0,18.0,9.0,12.0
c5e31bcea566d7f28ebc011e9fee182f,artigos_casa,50,704,2,800.0,16.0,10.0,16.0
9f2597e311355defa12f1491420d40d5,esporte_lazer,26,2174,3,4236.0,68.0,20.0,23.0
f5702d99b8546dfb8dca3d3e3eb85fff,telefonia,52,591,1,183.0,18.0,3.0,11.0
fef0296e6442db59700c92c692c90e90,jardinagem,40,275,1,150.0,16.0,4.0,11.0
6f699cf68b28da10f925839eb699bd27,automotivo,31,1215,2,175.0,16.0,11.0,11.0
0bf0f08192fdf749718e1225a5f89e26,ferramentas_jardim,48,1001,1,450.0,16.0,7.0,16.0
5e7d879a43c998d6c60a18ea8eba7728,automotivo,54,1198,6,5000.0,53.0,43.0,11.0
12a947baa3e0ab6254ebfec789934fd5,brinquedos,42,1454,1,243.0,17.0,14.0,16.0
eefb750a45a4ba505ffd4813ecaf2b18,moveis_sala,57,1054,2,2000.0,26.0,10.0,19.0
cdba44bccdafa757b44f7f41b70f4e23,utilidades_domesticas,54,921,1,5100.0,34.0,31.0,24.0
2d7b32f14206000e07fcb6e05bcb8bfc,ferramentas_construcao,52,1171,2,7775.0,60.0,24.0,42.0
daf8adfbc53d524b875b71e3c16b653b,moveis_decoracao,55,572,1,1500.0,30.0,35.0,30.0
3560cb23f7a6760dc967498e22caa460,variedades,51,880,1,2100.0,41.0,32.0,15.0
08e2ebd22ce2347ede845d0f3b64270c,artigos_casa,42,218,1,4900.0,40.0,4.0,30.0
4ed6af599aa18f6bd10b5d91e7689933,esporte_lazer,46,1410,1,1000.0,21.0,26.0,21.0
0c5e36ec8408cf38afb24e6dd62a19df,moveis_decoracao,36,182,1,550.0,30.0,30.0,30.0
7af783fa0f69ad4926527e4e9182268b,telefonia,45,879,2,100.0,18.0,6.0,11.0
32371620a54fa76bdc3575748f8b8ce9,papelaria,49,234,3,300.0,24.0,7.0,14.0
6aa4055e16d1128cc90fc11fb43b7082,artigos_casa,58,544,1,588.0,24.0,13.0,31.0
f35692adbe05fa7ed058875df5ea9f99,pet_shop,55,1547,2,2950.0,24.0,31.0,25.0
22acbb4638c65fd0e689a35f11cda340,utilidades_domesticas,22,233,2,800.0,19.0,13.0,17.0
8b50a72d52d7a91fb19d19fbe069e2f2,utilidades_domesticas,54,1754,1,250.0,20.0,8.0,13.0
d3ce671d83f4434fbe5a05ff93427ef0,telefonia,33,580,2,100.0,16.0,3.0,11.0
fe077ec80df6b4ee60bb4498d5ab1962,informatica_acessorios,56,195,1,200.0,16.0,15.0,15.0
189898d15ec809a4ca45e1ac2221dea2,informatica_acessorios,26,327,1,478.0,20.0,14.0,18.0
afb20d6bc6e0556ba8e9e724e6ea03bb,beleza_saude,44,1081,4,2000.0,52.0,17.0,35.0
7f776a76a6dce545729c997e60240ffa,variedades,,,,1500.0,40.0,4.0,16.0
9331902511470e97acfdbe2c30db3551,relogios_presentes,56,651,1,400.0,20.0,13.0,18.0
2150745318bfb3f51bb7b99fb9b38ca7,artigos_casa,28,168,2,1695.0,36.0,9.0,35.0
ca2dbc1e0b58b5ff03ed13e728ceddec,relogios_presentes,40,384,1,667.0,19.0,11.0,14.0
88d6c305d09a6fdc1c34cb51942a280c,variedades,,,,100.0,16.0,2.0,11.0
c4989935ece6a2e0c0c148ede45f640e,instrumentos_musicais,54,1205,3,600.0,16.0,16.0,16.0
1750753e77dc38c4afe6fc90f02c39bc,brinquedos,48,633,4,600.0,22.0,12.0,12.0
6b54c329383ae411a34c9791f7a51145,automotivo,48,521,1,13900.0,62.0,62.0,20.0
0d77d60c579e0b58944b380d57972d88,fashion_calcados,37,480,4,1200.0,16.0,33.0,19.0
ea3214a6eab15e1e4c9c21932e74b607,relogios_presentes,56,705,2,650.0,16.0,12.0,12.0
222efa72a47277d611b8b38d71149afd,utilidades_domesticas,56,148,1,300.0,16.0,12.0,20.0
8ab5b652aa203b172a243df4c604ef97,utilidades_domesticas,57,235,1,200.0,22.0,22.0,22.0
d6be8874a210252bd164fadd394d9e95,bebes,40,394,2,700.0,42.0,25.0,15.0
3eb48f70bd1ffaba382679c71ad7040f,telefonia,55,1440,2,200.0,18.0,5.0,12.0
cdac6f1d43b36d6f681eafe6bfd37ce2,esporte_lazer,41,877,1,1134.0,29.0,22.0,23.0
6c1df9c08e8cb7237269358cf39e9c3e,automotivo,47,1365,1,13699.0,46.0,53.0,29.0
d2b942eacee4eac5f9f86c07ebe45760,bebes,38,286,1,100.0,32.0,3.0,23.0
0f784f8f15179b9e101beb85796efc1a,beleza_saude,45,532,2,400.0,24.0,8.0,24.0
89caada84b9dc2a2f08801a5405b2c5f,esporte_lazer,53,2847,1,200.0,18.0,8.0,14.0
cecf7d9f6a0eade40cbdeb3a8e967433,bebes,20,1156,7,225.0,16.0,10.0,15.0
5c489d595c6d250e09df1b0eb4d0cb80,automotivo,29,297,1,500.0,20.0,20.0,20.0
5ec12176d76d4837e3d1cf1b480daaa6,utilidades_domesticas,54,561,3,300.0,23.0,20.0,23.0
c638e232871cb1e760eaa7e724bc3eb2,variedades,,,,300.0,20.0,17.0,13.0
96bdf83ce8bcf48510e8a8ab8b5fb660,fashion_bolsas_e_acessorios,42,139,4,50.0,18.0,18.0,12.0
e247b2897e35481b4fd5c1bf7ace0f4e,utilidades_domesticas,43,681,3,200.0,31.0,6.0,33.0
0d3847e4cbb1d79d2e28b2156f1e11f2,moveis_decoracao,29,631,1,23375.0,66.0,43.0,66.0
2e9ebd07bf8a1740376abd8be93f6fb9,artigos_casa,55,317,1,20600.0,45.0,15.0,25.0
09061028f7ee991c6f2c294e19d344dd,fashion_bolsas_e_acessorios,50,549,5,1100.0,16.0,5.0,11.0
38c7e0727a11964ebc52a23bead7d4f5,automotivo,49,1510,5,183.0,20.0,16.0,17.0
030f129f7f4681d3996e2531840057af,artigos_casa,55,844,1,800.0,25.0,5.0,25.0
7393721fda6f50eeb2b4912330e9e98f,moveis_decoracao,17,610,1,8950.0,38.0,23.0,38.0
60377afd6f6da838f980b2522636cc22,bebes,42,1287,2,10250.0,55.0,38.0,43.0
f3bdb4d3d673cd7bb48636be1d431c0f,utilidades_domesticas,54,632,1,10325.0,56.0,23.0,31.0
f1fe595ee7ef768b41bd9b246d13432d,ferramentas_jardim,52,1292,7,1900.0,17.0,13.0,31.0
9569769b6bcd1a9399b8373b1d681855,eletrodomesticos,56,258,2,350.0,18.0,8.0,13.0
4ba501db540524d84cc382bb041ac508,beleza_saude,42,693,1,248.0,17.0,20.0,16.0
b09498d706ad48db2b1a2275d92b41f9,artigos_casa,28,247,1,2350.0,43.0,13.0,40.0
6b3e612bee768d758d981f0d7992e07e,perfumaria,50,2964,3,400.0,30.0,15.0,15.0
38a3b0c53acb7f9b75ba80fa1c597219,market_place,30,173,1,313.0,17.0,12.0,14.0
c40b4d64d9a3328382ec1fc2948c4af0,telefonia,30,797,1,100.0,17.0,5.0,12.0
d4c1535d914696dc3b13cf725a2aa635,bebes,49,138,2,850.0,25.0,9.0,18.0
48ef156012e010507e2e96a9ef9e79f0,artigos_casa,50,397,4,5683.0,47.0,36.0,56.0
3472b106bf41b1e7223330cdfb8a3673,artigos_casa,43,125,1,250.0,40.0,4.0,30.0
696d4f2eb9788764b5872ee5a07a249d,fashion_bolsas_e_acessorios,50,731,1,350.0,16.0,2.0,20.0
5cf32074c765ce825b53e1241b79e544,artigos_casa,38,486,1,1000.0,36.0,16.0,36.0
094af0a75d07c0dbdccaa23e88149673,esporte_lazer,27,106,1,6450.0,35.0,25.0,27.0
14bd7e575a12cf8543db3afd53a844bd,esporte_lazer,33,1790,2,350.0,18.0,15.0,15.0
04bd5aedb2f07b8078ef7dcbfb79db00,brinquedos,60,1258,3,1600.0,28.0,13.0,21.0
d6e74e35591c053e5cbab04d84c223b5,informatica_acessorios,47,302,1,2275.0,34.0,17.0,23.0
0bc26e3e8475d1df57c86c60c3304a27,informatica_acessorios,54,1249,1,4350.0,18.0,25.0,18.0
c03538c4936ed498a78ab92db5105f46,utilidades_domesticas,43,507,3,100.0,16.0,27.0,12.0
f8b29b398eeec313dd704d04a432af3a,informatica_acessorios,42,410,1,200.0,16.0,16.0,11.0
3149cc41e8223dce87f99a27e7934730,moveis_decoracao,30,788,3,600.0,20.0,35.0,20.0
004154251837f6ac124ad4374b3a8148,moveis_decoracao,51,1470,3,150.0,35.0,2.0,25.0
6004cefa8473b7ccbaf181bbf633541f,moveis_escritorio,46,1150,1,15200.0,78.0,45.0,21.0
bd18ba59efbfa196a7d315caf66e8efb,automotivo,58,450,2,300.0,20.0,16.0,16.0
cae8c962ad47ff05a508e6fec4146e1a,automotivo,59,162,1,50.0,16.0,15.0,16.0
07a446d7cf0e22333d2032294c408cca,papelaria,58,895,1,11650.0,45.0,25.0,45.0
5b3f731080f509f8688f58810e9e13c2,fashion_bolsas_e_acessorios,56,102,1,100.0,16.0,10.0,16.0
223f6bc365de199df4fbd5db2ca6ec1d,moveis_sala,51,328,2,12800.0,63.0,13.0,63.0
c384e8f1f1c380ef1dbafaf080ba25fc,esporte_lazer,58,361,4,500.0,25.0,25.0,25.0
829bf203f2226753874fe84c6b8c5a1d,utilidades_domesticas,42,235,1,635.0,27.0,23.0,20.0
983c7856ce570305f1156d5731ea0d98,telefonia,40,750,1,50.0,18.0,6.0,11.0
ae6b739ab6e9d7991fb2ddd70f9c0b6b,utilidades_domesticas,56,595,1,1200.0,30.0,30.0,30.0
1949890685a12526806e9463ba1a3964,fashion_bolsas_e_acessorios,47,1182,4,100.0,16.0,16.0,16.0
92dc38393e62d366ae080808b222ccae,utilidades_domesticas,57,1607,1,1050.0,30.0,20.0,20.0
39a943faa3e2debdb3c8db4d4f088849,papelaria,55,793,4,1650.0,36.0,47.0,19.0
31e085df58ad2bb752bfbabd1972197c,telefonia,58,816,6,300.0,17.0,4.0,12.0
b3547583f59191a94cb364defe30e9ec,telefonia,29,156,1,50.0,18.0,18.0,18.0
a9b3c1c9a790da6695b60d0b0070578f,informatica_acessorios,48,1966,2,1000.0,26.0,23.0,23.0
0906585a53ae0d9e9d848e83b8f2ea88,fashion_roupa_feminina,27,405,3,1200.0,25.0,15.0,25.0
72694fe9c1f7243e42bcf77c9513c6a7,brinquedos,34,1156,1,383.0,18.0,12.0,14.0
7a1fcafd251c9e1014d0e9a88a5fcc46,artigos_casa,56,2507,2,1800.0,43.0,8.0,33.0
6c4d1dce076249f2314ac8f3fc3cc7d1,esporte_lazer,56,2361,9,350.0,16.0,2.0,20.0
0ed3993c767ad11a9d285e1a6caa2eff,instrumentos_musicais,60,302,1,13900.0,40.0,40.0,40.0
001795ec6f1b187d37335e1c4704762e,consoles_games,53,274,1,600.0,30.0,20.0,20.0
63eb97106bfe47fe857edcf78f3e3e08,utilidades_domesticas,54,890,1,1300.0,16.0,18.0,11.0
d41535863aafb38ad02b68cd12a091ed,informatica_acessorios,56,782,1,1150.0,16.0,11.0,28.0
5a3457fce14bc05cc955e62efd868a07,brinquedos,55,267,2,200.0,20.0,10.0,20.0
ebf969336461d98e41d31673d8af75ba,artigos_casa,45,238,1,900.0,38.0,6.0,29.0
4c9947d0ce5a7e1e55898f6047c604e1,informatica_acessorios,60,143,2,125.0,41.0,15.0,55.0
9b66a0b840c26c4866696a55f795fc06,automotivo,59,2438,1,150.0,17.0,16.0,17.0
01caf54032309b518a584331b8a673f6,malas_acessorios,45,223,1,800.0,46.0,10.0,32.0
eab67bf937aaadc19f83383a331d2dd9,moveis_escritorio,53,1199,1,10975.0,53.0,51.0,18.0
eaecac42c42a65691bc3662b123e884d,variedades,,,,100.0,25.0,2.0,17.0
7fee0b6e534e2e94cc13f0b94b3cfde7,pet_shop,40,2528,3,600.0,16.0,20.0,20.0
af3660080355b203936d26f31bbfcfca,brinquedos,47,1080,1,250.0,23.0,18.0,23.0
d12736e1616a8837c8e9d945a60608bc,bebes,57,1133,3,9575.0,61.0,41.0,21.0
7926af7d3e25dce27c3eee0279afb530,pet_shop,47,115,7,600.0,20.0,20.0,20.0
0645a55c7e265509606125e11b6fa2f0,moveis_decoracao,58,554,2,483.0,47.0,6.0,34.0
e52df1e744f358d08c58c2371609d616,artigos_casa,60,146,1,1600.0,35.0,8.0,35.0
5fc9976b2e864ae065866725645c716e,artigos_casa,34,1056,1,2630.0,26.0,21.0,23.0
0f6aa686ebf2fa68554cc24d4d29db5a,utilidades_domesticas,55,402,2,10450.0,80.0,15.0,33.0
31e3036d804e63b859b964d0c8bf9ddf,artigos_casa,49,420,1,1100.0,22.0,22.0,22.0
32a8448d1612773bcfd0c5a8dd235e4e,relogios_presentes,60,362,5,700.0,24.0,5.0,24.0
c66f4d77ea8fb8fb4cd25ecc70dbacf7,artigos_casa,55,291,1,3400.0,48.0,16.0,35.0
31240eaae01b43247d878f3e89996e35,eletrodomesticos,39,345,1,400.0,16.0,17.0,20.0
7e28b562fde0b95bd515cde17eb9bbb6,variedades,,,,350.0,43.0,7.0,28.0
ac8d637154b9a2717786c0f933d4c7da,esporte_lazer,54,1375,3,650.0,18.0,8.0,15.0
dbb4b4f90abe510323ed00da4314b2c3,automotivo,39,626,3,5250.0,32.0,16.0,26.0
eb2b562ff5f5dd3af46e13264146f0c0,artigos_casa,52,662,1,4000.0,42.0,16.0,36.0
17c4bd4269902c84acc14c497f282ddb,telefonia,51,422,5,300.0,23.0,7.0,15.0
034ecce08e1adf75b5fecf2faac7ed11,esporte_lazer,55,1392,1,550.0,16.0,16.0,16.0
3bed6bc2893ec6b0858eb24e4ea9b371,automotivo,56,238,2,200.0,16.0,10.0,11.0
838445b2f00d1f21a97ad3f33f93a956,artigos_casa,44,726,1,300.0,36.0,6.0,26.0
cd88e612d88f1722039806fd13844ffb,seguranca,44,680,2,325.0,22.0,11.0,22.0
a047946d25055f32f36a8c39e7113b53,esporte_lazer,53,880,4,2000.0,25.0,42.0,25.0
2d07cb5238b8e2ba12a4b2ac8b6f100a,moveis_escritorio,52,557,2,16100.0,63.0,58.0,26.0
da2b6be1688b0364f5d901bdfa2eb700,esporte_lazer,48,2511,3,6450.0,30.0,30.0,30.0
2804f6c4f96a5c917461534b63faf357,utilidades_domesticas,37,705,3,1000.0,38.0,4.0,25.0
7fd6586464df3ea9bad637e34580c186,informatica_acessorios,48,540,3,700.0,38.0,12.0,28.0
797897e182469fff3c330560d2fc851f,beleza_saude,54,1719,3,5300.0,22.0,46.0,32.0
eabe034f4937c45aac341f1dc8fe1454,ferramentas_construcao,48,280,1,200.0,19.0,7.0,15.0
ac4e5dadd39e115c7e7d1f72e8ef128b,artigos_casa,55,280,2,7130.0,50.0,17.0,43.0
349d0a827503fa3358eed780058ceca8,pet_shop,37,201,7,5700.0,52.0,23.0,42.0
40d2d9ba581281d77c9544854fbe1fd9,brinquedos,15,438,2,500.0,30.0,15.0,25.0
2b18330ce86ae5c606250b75b499f370,fashion_roupa_infanto_juvenil,42,277,3,120.0,19.0,11.0,15.0
48ceb46f15a81d0d872c973bfbe3055d,automotivo,45,916,1,8800.0,50.0,20.0,20.0
9334fc63bffa67f685c03b1dc24df180,beleza_saude,25,152,3,350.0,26.0,7.0,18.0
c791b04d3b13eee774519d5b854ac38a,consoles_games,35,310,2,450.0,20.0,45.0,30.0
25e92e61080ad303ea52797f2879577d,moveis_decoracao,60,841,1,9900.0,96.0,16.0,49.0
16e1eefb15c1601a11fefb18fd3d6036,artigos_casa,60,530,8,1225.0,43.0,38.0,37.0
97e03a28b0808a684c834e7e004ba11f,esporte_lazer,59,1617,1,1300.0,16.0,16.0,18.0
cdc7d7f4e3185c90a960708d56cc9599,eletrodomesticos,59,144,1,1400.0,27.0,13.0,17.0
9b2a0b97c2471793b067f77f2252defa,esporte_lazer,60,236,2,1250.0,60.0,15.0,15.0
661856216cb56d1d9e5a954c66cb136c,moveis_decoracao,51,676,1,3900.0,35.0,23.0,35.0
bf7bb0eab82e5726d4401a152eb91a4a,relogios_presentes,53,393,1,185.0,22.0,12.0,16.0
fa1502bd3e809ced8365f6fff5777b97,utilidades_domesticas,36,135,1,10300.0,26.0,30.0,30.0
c856eb93568d1abd93fbc39fc0a9704e,moveis_decoracao,53,982,3,400.0,28.0,9.0,18.0
2b2d98d1e9b6f68a472c5ace64d704fa,informatica_acessorios,35,671,1,2700.0,36.0,9.0,20.0
05805f52cdeb93d7684f871e599f0078,moveis_decoracao,25,128,1,4000.0,70.0,12.0,52.0
afcb7e4c28a7bd94e28dc126c3968c6f,artigos_casa,59,685,1,3500.0,37.0,20.0,60.0
52bfe70377e3296d08b76c72f622e257,pet_shop,51,3205,1,125.0,19.0,10.0,13.0
170ae15fc78b44bceab3e66baefbbd99,fashion_roupa_masculina,38,50,1,300.0,30.0,40.0,11.0
ffa4027b0effa4df0d5f5a9ce2788b6d,variedades,60,551,4,2100.0,34.0,39.0,51.0
3922a12e2b50a07d347a397fa634f504,climatizacao,56,619,5,18438.0,47.0,59.0,39.0
751d70675dda2bae203db325227b8a3c,variedades,,,,3150.0,17.0,40.0,17.0
366fb80c3e571888b162f820701d4e79,moveis_decoracao,35,1405,3,200.0,35.0,2.0,25.0
91442659f31ec0f0fc73215e77854fac,relogios_presentes,60,661,5,300.0,16.0,2.0,11.0
0a27862bbf658a5b8cf655761bc5c72d,agro_industria_e_comercio,53,642,1,2000.0,65.0,22.0,38.0
e475b26e5db4c91fa1cd25927908eac2,fashion_esporte,22,886,4,200.0,22.0,6.0,15.0
e6659901062c8258ead0161dec94ec0e,moveis_decoracao,52,247,1,1750.0,20.0,20.0,20.0
c8912823a1b11a32f009ba6474f8ac72,fashion_bolsas_e_acessorios,54,354,3,200.0,43.0,16.0,27.0
9c21e4a14d74098b5d4e1126e706dc3a,automotivo,63,817,4,350.0,16.0,40.0,11.0
34c7fd3fa27cf255abc9ac1f3120e35e,artigos_casa,42,729,1,700.0,20.0,30.0,30.0
e182a4a7b0d3ed72d987ffade7df87f4,utilidades_domesticas,60,518,1,500.0,16.0,30.0,40.0
474bb6b54fc608ca71059a6c4f7ecda3,eletronicos,43,538,1,150.0,30.0,10.0,20.0
5e17b27aa688dc45b02f5bf9276a4bab,perfumaria,50,533,2,178.0,20.0,10.0,16.0
128d1c88b601731fe8ed4044b1ae7a6a,artigos_casa,50,120,1,650.0,34.0,18.0,44.0
f1e06e6ee36f5c441232a96be23124f4,informatica_acessorios,60,1401,5,816.0,27.0,13.0,18.0
f141d3e2ffc848525d220f5df39c5415,automotivo,59,789,3,425.0,60.0,8.0,33.0
e12f98550d5a1a612066b387f97c1970,beleza_saude,59,1860,3,275.0,23.0,11.0,13.0
f5678a0bf5120c7471890a28e7ec5189,esporte_lazer,47,1764,1,2000.0,31.0,36.0,31.0
6a0713a63e990052795623e76cc2995e,artigos_casa,31,151,1,900.0,40.0,4.0,30.0
41fbde40144efcd09db07250981d7b93,automotivo,51,840,1,5500.0,45.0,20.0,45.0
3cf03265103348bcecaad506bb66154c,moveis_decoracao,53,2546,4,10700.0,100.0,10.0,30.0
e255f22bd6a8498835b009609ccdcea1,moveis_decoracao,61,130,9,2800.0,36.0,11.0,26.0
97c6f57881227cc97e87be3e34f108f8,esporte_lazer,56,2580,2,1450.0,20.0,25.0,20.0
108952e9e1c5cbd3f2b29ec2893c33da,moveis_decoracao,63,246,7,900.0,28.0,11.0,47.0
ff26b56ca9aba312af54ea3f368af943,automotivo,31,574,1,500.0,45.0,30.0,11.0
edfa4e50fd451a55d8c18fb7344d2c35,esporte_lazer,54,120,1,300.0,20.0,10.0,15.0
472a528b441c91f23491342237364565,informatica_acessorios,45,1969,2,3150.0,27.0,16.0,18.0
15f50a93f26d97e9c940e45271e8c177,eletronicos,49,568,3,7100.0,74.0,10.0,20.0
31b67ce37b96cd227508185134875e22,esporte_lazer,58,499,1,1000.0,29.0,25.0,16.0
f6eda47c88d786adf6f3e3f016833927,pet_shop,55,1496,2,748.0,26.0,19.0,23.0
aa53f25a0966489889cbfa05ad848d4a,brinquedos,45,278,1,1223.0,20.0,15.0,19.0
c23bb9673ec1f70f31171d5a7dff1260,artigos_casa,53,396,1,550.0,16.0,10.0,16.0
3c44881c6f1115b3a16f8281bb2a83ff,perfumaria,30,138,1,100.0,20.0,7.0,20.0
7cc23d3a974be45542366d35eaec7965,alimentos_bebidas,55,962,1,1250.0,17.0,17.0,17.0
ac22fcbcbea874d9ad03849f997ffa27,fashion_bolsas_e_acessorios,49,751,1,200.0,16.0,2.0,11.0
7027d0fc936cee48f395376be9bb733c,beleza_saude,43,577,1,2000.0,26.0,17.0,19.0
df33ce690c4eb43954b4d511302ed033,beleza_saude,58,2213,1,2825.0,16.0,14.0,15.0
003a31970fea14fffe92ac856b8a9b97,casa_construcao,55,900,4,1850.0,45.0,12.0,45.0
801e1758675639e98967a271d92f4054,moveis_cozinha_area_de_servico_jantar_e_jardim,38,1163,4,2000.0,45.0,15.0,35.0
a6b4a230f7ca939eb68485292f8b3389,relogios_presentes,42,713,3,600.0,19.0,9.0,15.0
72076d150be0b5c03bbff0c07cedeec2,perfumaria,44,980,1,600.0,16.0,16.0,22.0
e68e6b9f909d74c3b23c3b249c830657,relogios_presentes,60,773,1,600.0,20.0,12.0,15.0
4a1fceb27ddd81536c58bb333459b07c,brinquedos,21,249,1,1300.0,40.0,15.0,40.0
65735dc44187883022fa8d0d78c807bc,consoles_games,28,3415,2,200.0,20.0,3.0,18.0
49df65035f0bf74b730e3c124804ea7a,informatica_acessorios,52,98,1,100.0,16.0,6.0,14.0
b6475dae3a2796ed87cabc7b8e8debcf,utilidades_domesticas,46,558,1,250.0,35.0,13.0,19.0
0a41699cb57f40c605d3cfdddd61673b,esporte_lazer,44,961,4,550.0,40.0,10.0,16.0
2e0725613e75303bb162ff2f58f112e0,brinquedos,27,254,1,200.0,16.0,10.0,11.0
53f345740817185c3b226e722a2f729a,informatica_acessorios,49,152,6,200.0,18.0,7.0,12.0
46a03707de74b0250b111cc1378d8008,esporte_lazer,56,868,1,1500.0,40.0,20.0,40.0
7486542600afc050d20740e976ff87f8,beleza_saude,54,743,1,450.0,18.0,14.0,16.0
2cb90322408fbc8131f039ac650b87f9,moveis_decoracao,38,867,1,600.0,20.0,15.0,20.0
fb495e971326b55afcb1f473adf0afb8,esporte_lazer,59,920,1,2350.0,20.0,20.0,20.0
a014224bce65682def85e922c3064150,beleza_saude,56,1180,1,300.0,16.0,16.0,16.0
c518e285e7aaff0537a2ad50dc3eceaa,livros_interesse_geral,43,1218,1,425.0,27.0,3.0,19.0
4c995db5155717035ed4a91b0e83a426,eletrodomesticos,58,106,1,2450.0,40.0,17.0,17.0
3690ffac39b2896ed64f47bd701a9666,moveis_decoracao,36,543,3,1200.0,50.0,11.0,11.0
c8f7df520102efbaf9927f5acf21b928,brinquedos,54,452,6,450.0,21.0,9.0,16.0
fa335dcd3999105b8bfb1ce9300de4d1,informatica_acessorios,32,1074,2,200.0,39.0,2.0,30.0
b80910977a37536adeddd63663f916ad,eletrodomesticos,51,500,2,13300.0,32.0,90.0,22.0
a5e66fadbb9b49dffdbf63675436a332,esporte_lazer,57,2717,2,163.0,21.0,12.0,14.0
b4853c75f13157892b0b87a2c9bcd13e,brinquedos,18,177,1,1300.0,40.0,20.0,30.0
be366ad5a4e888927261891882fc8aed,utilidades_domesticas,36,125,1,500.0,16.0,12.0,15.0
f691cdacdf6ea42e5cde08d10928f90b,esporte_lazer,30,536,1,998.0,24.0,26.0,20.0
9283d9a045e8cc8a2a7956c5d243362a,esporte_lazer,31,856,1,2200.0,48.0,20.0,38.0
30a07db50b0a899b488772fc68e07a1f,utilidades_domesticas,43,715,1,600.0,37.0,13.0,37.0
e28fdc5f658be194523b68dfbeb186cb,beleza_saude,44,421,1,300.0,16.0,20.0,11.0
e3dd336775af78a83fc27ed85f0f15da,beleza_saude,47,1267,1,300.0,20.0,9.0,15.0
5b98dda956628fc9eb2e9c56db3dbcdf,perfumaria,55,1384,4,200.0,17.0,17.0,12.0
e0155093e5732c2307de4c66394a72a3,informatica_acessorios,51,349,1,70.0,19.0,12.0,13.0
b0523598b83f87d4f722cc77faf17cf6,utilidades_domesticas,58,267,1,5950.0,33.0,40.0,33.0
3894ee88e0f8f6ce2847a1f31e0ebb0e,informatica_acessorios,51,883,2,900.0,32.0,27.0,40.0
22c5e15506cbdfe5acd1b6a89e607868,artigos_casa,59,662,2,647.0,30.0,5.0,29.0
4410b418dfebaef42de06fb5ad157d5b,bebes,52,861,1,2950.0,31.0,43.0,21.0
a767d41b71a909a1dd1e969f4b50732c,eletronicos,40,2592,2,1200.0,28.0,8.0,18.0
b729b323907bd67bdadd1920e349cb25,iluminacao,45,538,2,550.0,16.0,16.0,16.0
b1cc9c0c7fcad668f2e9b7a5978fd890,utilidades_domesticas,36,472,1,1450.0,50.0,5.0,50.0
d3e2c403fa58493ea2d48ec1fd356ca5,fashion_bolsas_e_acessorios,47,574,5,200.0,16.0,5.0,20.0
68753ceccf509d2890f329f8d55fce79,eletronicos,59,700,4,420.0,16.0,8.0,12.0
141bfc7707c259668ab7d5c4017dce4a,brinquedos,46,36,2,400.0,20.0,31.0,30.0
321fd48981c751663bc43487274e7609,bebes,34,280,2,100.0,31.0,6.0,31.0
acdffc304400a49352181f5ee9a47c52,telefonia,38,1497,2,1000.0,20.0,30.0,20.0
397192d59d6294262d63b01e93b3d4dd,pet_shop,60,316,2,1050.0,20.0,20.0,20.0
c835fd9d2e466148ac3755300628e33d,brinquedos,49,965,6,250.0,20.0,10.0,20.0
e403a54af54730eb4f3e8a346d943579,eletrodomesticos,57,856,4,500.0,22.0,9.0,19.0
890b077b34b5d22c8c56d60536ab9e75,esporte_lazer,51,2648,1,175.0,18.0,16.0,16.0
c900bb01100f7e72011f57af81326b90,eletrodomesticos,57,1799,3,50.0,26.0,2.0,12.0
d09bfa2eabe21270b5c8e164e39e5aef,utilidades_domesticas,46,310,5,800.0,30.0,25.0,20.0
7ea3919d7abd2b09549543a2508e7b26,informatica_acessorios,59,1196,3,220.0,18.0,15.0,16.0
f392159099324f7f068dbc69e456562b,moveis_decoracao,39,607,1,900.0,35.0,10.0,25.0
e94948acefd80bfe3b134a4f5418e566,moveis_decoracao,47,1429,6,450.0,35.0,2.0,25.0
56a1efb30499b4dffd45c8d655199b11,artes_e_artesanato,60,778,2,100.0,22.0,2.0,15.0
31dc242ed95b9fdccc80ecbc5cecf132,esporte_lazer,53,485,1,400.0,52.0,7.0,12.0
42ef2bdec0493fd90852352fcfbf2c24,informatica_acessorios,58,202,1,850.0,32.0,19.0,19.0
580cb7f00ab0b9491a97512d65a42c29,esporte_lazer,25,650,1,150.0,16.0,16.0,20.0
4484613f25262431c6a51a6a2faaa2e2,automotivo,52,293,3,100.0,24.0,2.0,17.0
1c5507038caa58651b5f07b729f97774,fashion_bolsas_e_acessorios,45,826,1,150.0,16.0,5.0,16.0
6d59a3fe3140425fb175cdd1e688dc2e,moveis_decoracao,57,351,1,400.0,30.0,10.0,30.0
07f7c5fe95aa4a3b8ea56a5119546939,beleza_saude,54,453,1,30000.0,55.0,75.0,61.0
fb3c5fa9f6bc0732298e9a5108984d81,pet_shop,37,1091,2,150.0,16.0,16.0,15.0
3a7c9b0413d7b9cc7f4a18318fc5afb3,variedades,52,797,2,1500.0,50.0,40.0,30.0
29f5540c79dd4bb8f156df4e1166b9f4,informatica_acessorios,57,810,1,945.0,23.0,13.0,26.0
482c25dc8512547962854dfff5ac057b,casa_construcao,58,539,1,544.0,22.0,13.0,18.0
36ba42dd187055e1fbe943b2d11430ca,artigos_casa,53,528,1,0.0,30.0,25.0,30.0
bb4580d57d11614d91c391c557e27372,beleza_saude,43,237,1,100.0,25.0,15.0,20.0
1c93cf120c0711a9ba9f0a188a52f649,automotivo,31,676,2,9850.0,39.0,49.0,42.0
c7f00fc7c45096568acd0e79ade90e64,esporte_lazer,28,395,1,6192.0,38.0,37.0,38.0
aea06073397f809424f946979354c9f0,pet_shop,43,779,1,300.0,16.0,16.0,16.0
6410668313e664e438837bf86363fcb9,fashion_bolsas_e_acessorios,42,469,5,100.0,16.0,9.0,11.0
83fb98f2457985e6333f2e307adc5864,variedades,,,,1800.0,21.0,13.0,40.0
0ee7a6e1cd4ecf72e711a2f68b4d8d2e,informatica_acessorios,42,796,1,1000.0,31.0,12.0,11.0
0160814e8c847c018da9cf3e01c271be,beleza_saude,52,1363,1,400.0,16.0,19.0,11.0
b3b0bce74668bf355cbd94db1e4d17b9,informatica_acessorios,44,1133,2,200.0,36.0,15.0,21.0
afbe1e973aefbf72a330e3bc72d4b476,artigos_casa,56,501,3,1450.0,45.0,15.0,35.0
d7474b7ea7868cefdb2dba4e92345505,brinquedos,56,237,2,400.0,18.0,6.0,15.0
ebe0c263e693796f0738dc56bba6e9ce,artigos_casa,52,275,2,1200.0,45.0,15.0,35.0
e3bd2ba2e216fa0564d0b344b0bdbb51,seguranca,59,1236,2,1936.0,17.0,12.0,13.0
3c242072afadf856cb9471ea7ead620d,brinquedos,40,742,2,400.0,20.0,20.0,20.0
e5ae72c62ebfa708624f5029d609b160,informatica_acessorios,60,367,1,156.0,18.0,12.0,15.0
d30115c5c4af6437de4bbf9faa668de1,artigos_casa,43,124,1,250.0,40.0,4.0,30.0
7dca7157b8f883274a06fda9cec3fed5,bebes,58,1400,7,17550.0,84.0,50.0,25.0
9d014ce7c9f42f5d675f893d6abf1339,bebes,53,361,2,5125.0,34.0,32.0,31.0
1083861ebae6fec08fdafe497cae7061,perfumaria,41,221,1,465.0,19.0,13.0,16.0
42f25a7251d847a86c1849731bf166ff,eletronicos,59,1413,2,450.0,16.0,16.0,11.0
bc055ae94989497c0d66bfa4263ccf61,informatica_acessorios,49,544,1,150.0,24.0,12.0,13.0
98aaaedf37ab737ac27a285b011f42cb,ferramentas_construcao,60,339,1,7125.0,27.0,7.0,27.0
c0205b35b5e0f162b0dcc48572223b72,perfumaria,51,389,1,400.0,19.0,11.0,17.0
c801dac0ec4865c5d42cf44b03a7d626,artigos_casa,49,639,1,850.0,20.0,12.0,20.0
9cbe4a1fd4db99c14512e9b2ff033ec4,artigos_casa,46,113,1,500.0,40.0,4.0,30.0
d5fed880134ce611f8890b37cb996626,brinquedos,60,852,2,600.0,30.0,13.0,22.0
e9ba3ec00ccd563b43e5de69a74a43d7,relogios_presentes,48,767,3,200.0,16.0,13.0,13.0
253ef56cd52d920f8066748da224c5eb,beleza_saude,47,1936,1,450.0,26.0,11.0,11.0
41b7b870b6097bb62f462bc0af141d0d,moveis_decoracao,60,1492,3,2450.0,105.0,3.0,70.0
ba0d96843168100e2fd264b21cec7f88,eletronicos,60,514,1,100.0,17.0,17.0,17.0
78d622eda7a1b229d04311074b1029aa,moveis_escritorio,55,2368,1,17950.0,58.0,28.0,58.0
4f897da4ce74100b6cedfb66916f205d,artigos_casa,33,254,2,1050.0,40.0,10.0,30.0
ba4bfbf74dbe7ab37e263b9326da0523,esporte_lazer,60,521,1,650.0,24.0,10.0,20.0
2f2242912bd9f5bde4a86e128e8905d7,telefonia,53,520,1,100.0,16.0,6.0,15.0
93a83432d2185acac6bd174787ada7fe,automotivo,24,388,1,600.0,21.0,8.0,29.0
80193ccd40cf27a70af5f819fdfafe84,moveis_sala,58,731,1,4900.0,60.0,27.0,20.0
d04857e7b4b708ee8b8b9921163edba3,informatica_acessorios,33,1127,2,450.0,16.0,4.0,20.0
69b45497bec8e36af6fd1a31b2cd8f9f,eletrodomesticos,51,3134,8,950.0,45.0,14.0,35.0
2ec4063419591b373f7990da94fb2c6c,telefonia,44,375,2,50.0,20.0,20.0,20.0
96a77357ef9245d263e1edc51efb22e3,perfumaria,45,129,1,350.0,16.0,7.0,12.0
98495a200164656ae8cbfe649729ba4d,artigos_casa,41,451,1,1000.0,70.0,20.0,50.0
fb306b50f9757b8b49a3d45b4099d929,beleza_saude,54,525,2,95.0,13.0,9.0,10.0
87d6047f661dc87643c40612a6eff3b3,moveis_decoracao,52,200,2,1150.0,25.0,23.0,25.0
9afaad66aca8b0c79e4f084a89c9c92b,telefonia,44,965,3,150.0,20.0,7.0,14.0
98f0299580af2f970c0297c4610292ed,moveis_decoracao,51,1570,4,592.0,21.0,18.0,20.0
f75230cc54f53a6bf3e421423746b0bd,automotivo,58,695,6,6050.0,47.0,19.0,23.0
fcf28afb1353f2f12ea041dd74954226,telefonia,59,818,5,300.0,17.0,4.0,12.0
409ef6c18dc35c39c6adb767e35dd7d0,informatica_acessorios,60,343,3,100.0,18.0,5.0,13.0
d4b661be8b76e69ca42c154a5bd3a2db,esporte_lazer,35,420,1,947.0,28.0,26.0,25.0
ca349c4d87c594b4995fcc4fa9c0b77b,beleza_saude,45,374,3,200.0,20.0,3.0,30.0
0836db91ee8fd88d685b5a57bed9ede0,variedades,,,,6600.0,57.0,12.0,37.0
9d2aec014bec7cd8ece6fbf4e6709326,moveis_decoracao,55,203,1,900.0,40.0,2.0,30.0
d06368341277bf3414bd8e3b2b13189b,brinquedos,33,1936,1,2150.0,33.0,23.0,33.0
efaeb3361423a3cb388b7bf8741ca075,artigos_casa,53,153,1,1800.0,42.0,7.0,35.0
3ae08df6bcbfe23586dd431c40bddbb7,relogios_presentes,63,1642,3,300.0,16.0,16.0,16.0
adb222a419f860c97ca8be0aa6f12212,moveis_decoracao,63,395,1,850.0,25.0,5.0,20.0
aa5d6a9bd4be367ae1a3a29c323c7c11,esporte_lazer,60,3767,1,120.0,30.0,15.0,15.0
a0e45a99e446ebadec0421e41666235b,beleza_saude,45,1480,1,650.0,16.0,100.0,11.0
c9d1849f97b6fe404378805a105d64ec,utilidades_domesticas,48,1204,7,600.0,27.0,13.0,27.0
43158180e30b3c0c252049265370d7b1,utilidades_domesticas,54,919,9,9660.0,31.0,37.0,25.0
d1fc0dff48c9a776491905b01509cf67,utilidades_domesticas,52,191,1,450.0,17.0,14.0,19.0
98712b7f46e0fe4f4da2f7df1b9231a7,eletronicos,41,450,1,350.0,16.0,16.0,28.0
d54b8b3e6a22392ddd16ba363069e778,telefonia,30,305,1,100.0,19.0,3.0,11.0
5b2a0acb44aa8701a7b2ae662c51b3f9,eletronicos,49,595,2,473.0,19.0,10.0,15.0
c3d0861113018ae43eaf47fcf5f0229b,moveis_decoracao,44,244,1,669.0,36.0,21.0,32.0
ce374bee07166a6ac0a9bb103c8046f0,telefonia,47,159,2,200.0,20.0,5.0,12.0
ad40d166fe5dd229396bf570cd30fdbe,moveis_decoracao,46,2215,2,600.0,65.0,13.0,11.0
b342efe893c9d54f8cf0fe3424bb6b5a,esporte_lazer,49,568,1,150.0,26.0,16.0,16.0
dca8fff28c213d08f5893aeb47b224b7,automotivo,59,703,5,6050.0,47.0,19.0,23.0
fb2de9a32cc54074433e9adcc092a20f,relogios_presentes,57,706,2,700.0,16.0,12.0,12.0
6b119e825230e877b98f89b47081bc52,fashion_bolsas_e_acessorios,60,403,4,150.0,16.0,9.0,20.0
62cf23497081c863dc4b2935c279d5a0,artigos_casa,57,635,1,2700.0,20.0,15.0,20.0
86d2c13e1ce5c85177a6e7729892b501,variedades,37,288,2,5400.0,52.0,44.0,27.0
73b6ae51b2f37b5926d95f4c12e6c7ac,moveis_decoracao,56,1699,2,800.0,60.0,7.0,11.0
274bc3c5b0b7fbc7fb99bb87af4c0535,esporte_lazer,36,116,1,372.0,21.0,14.0,18.0
4650fae75d852ddfada4751f6f02481a,perfumaria,30,138,1,100.0,20.0,5.0,20.0
f29675e9d91d8e0451ced31708497904,bebes,41,1271,1,6200.0,40.0,35.0,35.0
3ea30fb7b4c6d17f44c1594a713c224c,artigos_casa,60,166,1,1100.0,34.0,7.0,32.0
b05fae603a3a28a977633c139cece058,artigos_casa,52,235,1,525.0,39.0,14.0,33.0
07f40f14df320969f0bb8cfc5cff5d3b,fashion_bolsas_e_acessorios,35,147,2,100.0,16.0,6.0,11.0
e304baa7e35c6643dc6a3d39bcebe78f,utilidades_domesticas,18,54,2,300.0,25.0,10.0,16.0
de01db017586d557505e72625f9f49d4,artigos_casa,58,696,1,2600.0,42.0,11.0,36.0
867901d7e8488fb97f1fb538c09d476e,utilidades_domesticas,49,442,3,6750.0,35.0,26.0,25.0
daef14e7336419f51236c2765332b13f,beleza_saude,54,3019,1,1300.0,19.0,19.0,19.0
278348d4c3a557e1eb4d99983f9edba8,pet_shop,41,87,1,3550.0,34.0,11.0,30.0
30caacf4dfc199dc577a9627395a881d,jardinagem,40,571,2,650.0,20.0,16.0,20.0
47488bf996fd46283813059897e71e1e,bebes,42,935,3,750.0,28.0,15.0,12.0
c12f337b7701b3ed6ff08588e9bfed27,telefonia,49,1758,1,105.0,14.0,10.0,15.0
31666362dfd77bdc5d7777b463acfe68,eletrodomesticos,56,924,2,450.0,60.0,8.0,36.0
79fec71eb756eeb2aae28e8cb4488703,papelaria,52,343,1,650.0,17.0,27.0,27.0
8a980dfdaa65705c68887400af28534e,ferramentas_jardim,54,1529,1,650.0,20.0,20.0,20.0
9ebcdd5c31b8449a7c4f89971715add2,informatica_acessorios,42,1110,2,275.0,19.0,5.0,16.0
f77e97047148a84a38320c4a7583a594,climatizacao,56,375,1,1750.0,20.0,30.0,20.0
94e6d7727bd670351f1a806a221d1dba,artigos_casa,55,134,2,1300.0,50.0,5.0,50.0
7dc0fd89c290eb0b3e5253d19be59f6f,variedades,,,,800.0,20.0,25.0,20.0
0bd7e7a520ec0ac94f95b47cecc844d6,moveis_decoracao,24,1405,3,200.0,35.0,2.0,25.0
550614095d4a8d359bf569ea168fe053,relogios_presentes,35,446,3,250.0,22.0,17.0,17.0
14008a0b9bfe0535dfa17f80988553de,papelaria,55,224,2,350.0,24.0,7.0,14.0
20f9d67f27a7593da8c9e8981d4f81c8,artigos_casa,59,95,1,500.0,20.0,10.0,15.0
c9c17daba4c29b78df3b2b268528c713,utilidades_domesticas,53,362,1,5250.0,40.0,11.0,23.0
66cb5d52ba7199e42ba7e52b1d36493f,esporte_lazer,50,3290,1,500.0,20.0,20.0,20.0
35535e9b73528a87eb39b134a72a6544,informatica_acessorios,52,1128,3,1000.0,25.0,25.0,25.0
9d72e48d483b01cd07024793995aa30b,variedades,52,330,1,1700.0,33.0,44.0,19.0
678f396917aa6966b51489693705dc13,automotivo,45,1136,2,300.0,30.0,11.0,16.0
5f30303a0e011f4746c76054639a2afb,bebes,45,235,2,9400.0,75.0,15.0,50.0
5cb51e5de546a11f68d85ad8cfbc5563,telefonia,56,845,1,250.0,27.0,5.0,20.0
c72d57da8ba2412527531d97106eb8ef,telefonia,53,1311,2,50.0,18.0,6.0,11.0
735bfbf42adf674ab05553909b0b92af,bebes,35,964,1,170.0,19.0,12.0,14.0
6672a09b75e37e87703b1d4f221029e7,instrumentos_musicais,41,219,5,200.0,16.0,16.0,16.0
45d4196235c1b60079661a91a68361e8,consoles_games,58,1491,1,250.0,23.0,17.0,23.0
6dffbeaccacce13f3812c3cfea13ad7b,informatica_acessorios,41,193,1,850.0,30.0,30.0,30.0
3eecf102d2df42c5cf86822acd912e86,automotivo,58,2427,4,300.0,16.0,16.0,15.0
4e4210d7d638f6e904297071820f08db,relogios_presentes,59,305,1,550.0,16.0,2.0,11.0
8084d3582278c047f32ce0b24a42869d,artigos_casa,53,169,1,641.0,35.0,4.0,26.0
fa9dc7c2009cded2c3956b704762d700,ferramentas_jardim,46,121,1,1100.0,26.0,8.0,26.0
b532349fe46b38fbc7bb3914c1bdae07,moveis_decoracao,49,829,1,850.0,20.0,25.0,20.0
946cde79b9ebdfcbd56c52a405cc54dc,variedades,,,,1600.0,40.0,6.0,80.0
aeaada71da15f2adff3012724f9f662b,brinquedos,40,339,1,6500.0,60.0,41.0,41.0
3846547667e1aa278c1d0259febee234,automotivo,60,903,5,2200.0,30.0,25.0,30.0
056010e0e6196d99309275e1b2d12c80,papelaria,57,303,1,250.0,16.0,6.0,11.0
e469aee0b4bc4932389a283ab64b0860,automotivo,54,212,1,50.0,16.0,8.0,11.0
492bcf01a7a40c8fe5c720574dc786b3,variedades,60,1484,4,700.0,22.0,6.0,18.0
ca49fa5bcc1635cbfcc8bd9b4ce93fdc,moveis_decoracao,42,413,1,450.0,41.0,8.0,31.0
7f7da198305ad62091daf841ed6acc6e,variedades,46,611,2,450.0,22.0,12.0,22.0
04f982a576e5d149919df37e292fa79e,artigos_casa,54,607,1,5800.0,58.0,50.0,49.0
071930404657f7cd416f75bd063a9d4b,informatica_acessorios,58,1313,4,4300.0,26.0,2.0,38.0
db5d54ce439fae2ae1f34749ab1acebd,informatica_acessorios,40,2502,1,200.0,39.0,9.0,11.0
e40fa115d27ea4a80bf2136d5f0cfcd7,eletrodomesticos,60,245,3,350.0,27.0,13.0,17.0
27b2556bcb57fc7c3dcc241bde88c5e3,informatica_acessorios,44,574,1,717.0,35.0,19.0,19.0
0ec96e6d31a1493b0475805c9ae1a0a2,moveis_decoracao,48,409,4,1450.0,24.0,18.0,18.0
4316b712956314302c5d0aef9ed77c13,iluminacao,54,1121,4,150.0,16.0,8.0,13.0
924c635d837c240da3956f3c28c1e6f4,iluminacao,44,921,1,700.0,16.0,19.0,16.0
988117394d514cb9fb1b367714159a67,ferramentas_jardim,58,1378,1,3500.0,21.0,23.0,11.0
1aa7397df05b60bd4c46fb61543b2ddf,moveis_decoracao,36,569,1,1050.0,30.0,30.0,30.0
514261bb564657b9c123325f5af6bf4f,relogios_presentes,56,836,1,450.0,16.0,11.0,20.0
18fb792a3e767535d6627494950de29b,moveis_decoracao,56,418,4,900.0,32.0,24.0,14.0
f5f8b37f379db82195a477981fdd5ccd,artigos_casa,31,431,1,200.0,16.0,12.0,11.0
1b81b1c311837fade3c68f1f191a15b8,esporte_lazer,57,891,1,24600.0,31.0,14.0,11.0
c7aa6e6a39fc78bf4285e9ec06823bd4,utilidades_domesticas,52,404,1,1350.0,25.0,10.0,20.0
006baa9a5b8f95895f15273a35bc2664,esporte_lazer,33,223,2,950.0,60.0,15.0,15.0
64b488de448a5324c4134ea39c28a34b,papelaria,49,177,3,1500.0,25.0,50.0,35.0
e6a516eb66cb5fa9e8854ed738bea934,seguranca,37,515,1,400.0,25.0,20.0,15.0
3fc00af0f0a8d4ac2933d3900416c977,climatizacao,59,624,5,2000.0,20.0,10.0,20.0
9592ad22708397a628e1a616131ebbad,moveis_decoracao,31,335,2,900.0,30.0,8.0,23.0
18fcba7b80899b08132793f3a71ac9db,bebes,58,2142,5,19500.0,32.0,75.0,48.0
13f036df9f7389d63ad22591b23e5d83,bebes,51,827,1,5350.0,25.0,45.0,16.0
a7c71ae3c8f9ee009eaf1bdcffa55012,automotivo,59,218,1,150.0,30.0,30.0,30.0
577c6116dcce6a33261911b5225ac475,automotivo,56,719,6,5000.0,53.0,43.0,11.0
10f2ada0cff82206dc9afa52ebac690b,livros_interesse_geral,25,3655,1,500.0,16.0,22.0,15.0
09b4afd6ff5a26a1e7538df4bd04a8d2,ferramentas_construcao,58,510,7,8250.0,35.0,14.0,35.0
61038607552ec7c9d5a534afcde11b4e,perfumaria,38,263,1,125.0,23.0,13.0,23.0
a4bc24bcb44abb54f2f6214991dcdab0,utilidades_domesticas,59,1104,2,1450.0,37.0,11.0,32.0
f0a06cc25ae22358b10378bf4dafdf0a,bebes,44,513,1,6450.0,62.0,35.0,52.0
f524b3f36f5a7a8cecf77fd6083ad6fe,automotivo,60,651,5,2400.0,64.0,5.0,39.0
8f51204e4a4b73030177a888b66fe910,informatica_acessorios,57,1024,1,450.0,16.0,2.0,11.0
608e8b2a725333b7f6c8cec028b90698,artigos_casa,56,1591,1,200.0,21.0,8.0,12.0
64143bc1c8b26719d98b7b0ab8027ad9,casa_construcao,22,1590,1,1300.0,19.0,13.0,14.0
1f58ebdc810e1d5c7cead7f763c27a94,artigos_casa,51,421,1,550.0,30.0,5.0,25.0
818b2f7d6fe6abc4575e94c7dcccfcc4,artigos_casa,36,89,1,1200.0,67.0,11.0,47.0
db24f4b59ec4a5a89de0203cc7ce4287,automotivo,53,295,3,150.0,24.0,2.0,17.0
bd08d760237826c81c73fd4f6f391290,informatica_acessorios,37,499,2,150.0,23.0,2.0,17.0
735b17533036ee19f4c943704271660a,beleza_saude,49,1188,2,1400.0,42.0,11.0,12.0
8615de1fb2a899d19d56e5ce1fd92312,moveis_decoracao,51,184,1,8550.0,40.0,32.0,40.0
9e1260b3b3b06ad0be8cbbd26e4ec9fc,beleza_saude,46,1581,1,400.0,24.0,17.0,17.0
6c78bff5bec87601a4039b471189c489,artigos_casa,60,307,2,1500.0,50.0,10.0,40.0
77a42b3538a80ebe0556a6d9f3a40483,artigos_casa,36,539,1,1500.0,30.0,15.0,20.0
d10d49582dba25513691f61dec3a2d8a,esporte_lazer,39,190,1,1058.0,28.0,23.0,22.0
3a081630438070b86de554fac9edcc7a,artigos_casa,54,909,1,900.0,25.0,5.0,25.0
ed1c1bd7e59e3a26cfce3c9c8e7898ee,esporte_lazer,43,458,1,500.0,57.0,14.0,14.0
d37129f996d61f0584733221bbdb40bb,telefonia,43,43,1,100.0,20.0,20.0,20.0
bdc32991fd65235de59b26e8992e9b03,utilidades_domesticas,33,2775,3,1475.0,24.0,26.0,26.0
064767e05dd710b14c4bf5f2d50c89b8,pet_shop,47,84,6,1000.0,20.0,25.0,16.0
b59b3f2a8ef323e661a925415545ed98,esporte_lazer,43,1440,1,2300.0,31.0,37.0,31.0
56be1c4161cca988cfebc66dc35b4feb,utilidades_domesticas,50,393,2,2000.0,41.0,20.0,27.0
0a27cbaaeacef635e4aa37885a1e5e93,consoles_games,44,304,1,525.0,19.0,19.0,19.0
f95dcd7b0926e47d0f20a9050aea2e9e,eletronicos,58,2053,3,1535.0,49.0,8.0,21.0
7f7e18140feaf2c2e3f17fb65825564d,moveis_decoracao,59,296,1,250.0,62.0,40.0,12.0
e18a4f01146e302c11c4ae7a99dd349e,esporte_lazer,53,883,1,228.0,18.0,11.0,17.0
dcf00c265f631025da14f1a5850bacb7,moveis_decoracao,63,406,3,1300.0,26.0,8.0,22.0
457fc93046a766588b762befecf52898,beleza_saude,52,1649,1,200.0,22.0,5.0,15.0
e64e4ef7b809314306d9c09635d8cd30,pet_shop,59,1453,1,600.0,20.0,20.0,20.0
8cf897d3f22f0f721c4c5ba6d5708684,climatizacao,50,367,2,7550.0,45.0,50.0,20.0
ead6d52e3dc075669af5d7a1958b0f07,brinquedos,35,729,2,1400.0,20.0,20.0,20.0
5c5585c687a0293f10bb748c13cacc71,informatica_acessorios,51,194,1,214.0,18.0,14.0,13.0
a868da030ed45f5ae334023aea5273ed,casa_construcao,57,354,1,2850.0,30.0,30.0,30.0
5146869b3abf654c4b84ef84bebb8d9c,beleza_saude,56,564,1,200.0,20.0,30.0,20.0
9dfb2984ab775b6175202b9e9e678641,utilidades_domesticas,41,859,3,750.0,16.0,16.0,16.0
c5a00e7e34e45fe4c79a38d102248b48,bebes,38,820,3,275.0,16.0,11.0,11.0
b9e88d457e276521ccb0b226f2f8f18f,fashion_bolsas_e_acessorios,27,206,4,150.0,18.0,9.0,11.0
f3b5bbdfd20be94cc96583501d2819ce,beleza_saude,39,1572,1,400.0,30.0,10.0,17.0
6bda6606bb4db26fb219523d6fd40869,fashion_bolsas_e_acessorios,40,508,3,250.0,16.0,5.0,11.0
506d34b59d14e8b54ca767f075417db3,utilidades_domesticas,55,699,3,600.0,18.0,11.0,25.0
6f059a5e46fe4a3903ea525124d77b49,brinquedos,56,691,3,4250.0,77.0,12.0,29.0
30c908162a2a83ddecc5486536da2de5,automotivo,55,917,2,696.0,16.0,14.0,13.0
ce6d72662579b6ba14f652d777c373d1,eletronicos,50,422,1,125.0,22.0,11.0,16.0
a6fb3c4f1816d9e2f52ff88e46c114f2,automotivo,53,772,1,2700.0,38.0,4.0,38.0
799762a3dc75b6d2078a33596d69833c,esporte_lazer,46,268,3,605.0,47.0,12.0,29.0
c9c364f8f671ccd1d92b3e227fb1bc88,artigos_casa,60,162,1,3300.0,20.0,30.0,46.0
62f5caa3d09aa499e778927db65547eb,informatica_acessorios,47,1112,6,1150.0,45.0,11.0,11.0
50142ec1faa11eb5a756baf3020128e8,beleza_saude,23,206,1,2245.0,23.0,17.0,17.0
e2a73ef4fc3f78da8824aaec109a2676,moveis_escritorio,43,2139,1,15700.0,58.0,28.0,58.0
75fd4b482095ed05dd23030260e65300,artigos_casa,55,455,2,3250.0,37.0,10.0,40.0
33f789f4b4fa74053af0199658b78853,informatica_acessorios,30,385,1,480.0,27.0,16.0,15.0
a6522002275496708586383f7f137ee4,moveis_decoracao,60,281,2,1350.0,30.0,5.0,45.0
1b14ba724d4ad3094f074ca9b36aae05,eletronicos,38,392,1,1400.0,33.0,12.0,26.0
5ae42f9d8352b9edd11800ebd575f4f7,automotivo,56,1371,4,2450.0,30.0,20.0,11.0
0e122649ef24efa2051127c4018b13e5,seguranca,41,1243,2,10200.0,16.0,45.0,53.0
c31ab3cbecdabf9d526d56d47a26c21a,pet_shop,30,684,1,6950.0,50.0,19.0,42.0
571547781b09e0d5b1b0fe849e41728d,malas_acessorios,60,957,7,1550.0,30.0,50.0,20.0
6eb6618376baf873225738ce4fe760ac,artigos_casa,44,331,1,300.0,36.0,6.0,26.0
6b2b9f5f0a28682d6e4912563426b64f,beleza_saude,54,137,1,507.0,20.0,13.0,16.0
3c8041a9d648cdef50442943c497be4c,esporte_lazer,50,581,2,650.0,20.0,20.0,20.0
4f022f25583cfbf04bcd98995aee6a66,utilidades_domesticas,37,904,4,13850.0,50.0,17.0,50.0
5a2a2db3896d33beec6828b898812ad5,variedades,,,,200.0,16.0,2.0,11.0
d1c2619dd30b8bc3c63f18ca9692660a,utilidades_domesticas,58,786,2,2600.0,24.0,19.0,24.0
a5e242d7d26774906928c7c4aa3916bd,utilidades_domesticas,36,694,1,75.0,11.0,23.0,11.0
b6813bc6cbb96c27b585f558d5b5af4b,esporte_lazer,51,833,1,750.0,16.0,16.0,16.0
3589d24a1230be423827a1c139584dff,moveis_decoracao,52,257,1,22183.0,52.0,41.0,52.0
b82c087ce7b4aa8d1d1e7241b0cd666a,variedades,43,1520,1,2000.0,28.0,36.0,27.0
5038cd913f549498c7e7251739050b0e,variedades,58,302,3,100.0,16.0,3.0,23.0
48a731e170c51eecded8082b9ba71c65,esporte_lazer,60,1017,5,267.0,14.0,19.0,16.0
96717b4e4fba4d6fa1c3d179482afbe7,eletronicos,40,399,1,300.0,25.0,7.0,16.0
8580e348f827bc4699d12de9afc2305f,market_place,44,1121,4,300.0,20.0,22.0,20.0
e5403f78625641d4ae41af599772fbfd,perfumaria,41,306,1,366.0,17.0,14.0,16.0
ac4d8b40fc57f2366c3df122fbc2d353,ferramentas_construcao,35,1275,3,400.0,27.0,11.0,16.0
ce6184189a523c1eb5fe5113061780b9,esporte_lazer,59,385,1,1440.0,23.0,22.0,11.0
f6c72bd6698b579815c80bc85ab5ae14,eletronicos,58,909,1,5150.0,41.0,26.0,37.0
3fde071523d485031f4f0fc9fe1c42e4,iluminacao,57,1380,1,1650.0,34.0,33.0,11.0
93c480c7d11c68ba0a71e850da61b674,informatica_acessorios,42,458,4,300.0,16.0,4.0,20.0
023473d9db1c319f2bcd010e043b2ba2,moveis_decoracao,41,411,2,18050.0,51.0,8.0,51.0
49c95423c53618d42621bd07c1d1bfb6,automotivo,53,60,4,50.0,16.0,18.0,14.0
eacafb130c0b9e628640cf86bc28475f,brinquedos,50,220,1,300.0,45.0,15.0,35.0
82d93a866d059bc63b08da7f955a13f7,relogios_presentes,42,985,1,450.0,20.0,12.0,20.0
cc2de3090e4e70b255499285f2d72735,papelaria,48,254,3,300.0,24.0,7.0,14.0
df3ad3f81d16c72bccc160c5c81e40d3,telefonia,57,1311,2,50.0,18.0,6.0,11.0
907215e5a3f79b3afa2d846c6209760e,utilidades_domesticas,60,950,4,1205.0,35.0,9.0,35.0
b29f3f48c076dfcdc3e055b93874657f,market_place,32,2770,1,1150.0,25.0,28.0,13.0
3ff81cd0e0861e991bb0106c03c113ca,brinquedos,63,2314,8,600.0,21.0,14.0,21.0
864413ca56c2bcea359a213956a922c0,automotivo,57,3814,2,3767.0,32.0,23.0,26.0
bd2b6d27ce6d89e2443970dc53f6d684,informatica_acessorios,60,813,1,1200.0,23.0,17.0,28.0
4f130a13e2dd77a6f88f31e7addcec0c,artigos_casa,53,356,2,500.0,50.0,10.0,45.0
06ab916413a6a9c4813408f7a72fd953,beleza_saude,39,1803,1,365.0,20.0,11.0,15.0
caf1ca4c82e6ab734903a3407795f556,informatica_acessorios,56,732,3,225.0,16.0,13.0,11.0
06944e4b10483df8e37fe55990a0ba15,utilidades_domesticas,55,1776,1,550.0,42.0,11.0,23.0
257452f5af0c5b1bda43fecc770f335c,relogios_presentes,29,324,1,675.0,17.0,11.0,16.0
41315ed74df21b8ba3b9e4a8738b43f8,esporte_lazer,58,1156,1,3354.0,25.0,25.0,19.0
cf1709a941039d6e24f0dde0978570de,automotivo,48,861,3,550.0,20.0,6.0,13.0
c234674e4e175c7be49f4412f97c1248,automotivo,30,952,5,4850.0,23.0,50.0,23.0
0485eb91cf4786a456d0b61ef9d9183e,fashion_bolsas_e_acessorios,36,245,3,100.0,18.0,9.0,11.0
d059a71823fafe40e36dc1b9d7fa7819,casa_construcao,61,707,1,3000.0,30.0,35.0,30.0
103cc8c441a717d9a54fca312ae8ec3c,relogios_presentes,59,602,2,225.0,16.0,14.0,14.0
f6f1af8bef22ed40d530548c79bbe953,ferramentas_jardim,55,1046,4,6033.0,29.0,36.0,38.0
c3b271f47e73d0c9ccf1b43b7606c705,moveis_decoracao,59,473,1,600.0,30.0,3.0,20.0
5197d46c6bc54f44ffacac72c9864161,ferramentas_construcao,45,141,5,8600.0,60.0,20.0,40.0
520aadbf40e95a61ec8d4f2f377ff3b0,moveis_decoracao,48,2166,2,600.0,68.0,8.0,13.0
3c3d244942b424b931c33f1ddc122b80,pet_shop,31,612,1,122.0,17.0,10.0,14.0
16d096faa27582985f849f08370cf1ed,agro_industria_e_comercio,50,1153,1,4050.0,11.0,18.0,10.0
0d3ae9775bb6537884a4cf722b258d83,papelaria,59,672,5,750.0,25.0,13.0,21.0
def59eb2e17b32b980b5341984f6b500,pet_shop,50,365,3,300.0,24.0,12.0,12.0
f4e6bfb807b4a576105982a590147673,artigos_casa,54,624,2,367.0,48.0,4.0,40.0
88821a8093b316b2679fd44c828a31c2,artigos_casa,43,1091,3,500.0,36.0,8.0,38.0
7b8603501af310bf297351a4cc8cd3a5,esporte_lazer,36,642,1,300.0,20.0,7.0,14.0
68a14625f4764ec39cf9d252421e35af,esporte_lazer,50,476,1,500.0,20.0,6.0,15.0
6b770b5934dbdb29064efdf34bfa6cf5,esporte_lazer,53,492,1,750.0,35.0,20.0,20.0
f8c2617f62d3371e14acbe60d9483482,beleza_saude,29,455,1,450.0,20.0,6.0,15.0
6e5903fa584754f29471f356634b6334,instrumentos_musicais,56,78,5,150.0,16.0,2.0,11.0
9805b37a2e4983fb5dbb5c8168590c44,industria_comercio_e_negocios,47,563,2,2138.0,77.0,26.0,18.0
fc1d8637c0268af3db482c14b7ef8e75,artigos_casa,60,269,1,1700.0,34.0,7.0,32.0
8ad94542132b0e6ff0bc2fd20bf4353a,beleza_saude,51,625,1,2000.0,30.0,12.0,16.0
ad2cfa7f56da484302e01318376548a3,bebes,42,357,1,2950.0,30.0,10.0,40.0
23c8673349e70f9408b2d15865532c53,beleza_saude,63,580,5,1200.0,40.0,11.0,18.0
011c2759ca1a29c74ecd8bfa48d0ac14,utilidades_domesticas,58,897,2,450.0,20.0,10.0,20.0
fd60771c56d987cda1dc0169f4452e65,automotivo,59,1066,5,100.0,24.0,2.0,17.0
8ef18e8943b9f07649b045b72df449cb,brinquedos,57,892,3,5200.0,48.0,27.0,18.0
d6fcbd88428353e7eb9584e8cc51afc0,beleza_saude,42,690,1,100.0,16.0,22.0,24.0
9da6103ec4dd99a41f398b561ddf8876,utilidades_domesticas,55,432,1,1600.0,48.0,48.0,33.0
c935bc1beb7be8accee684358fb0d47f,instrumentos_musicais,56,463,5,5350.0,47.0,23.0,25.0
15994dc9c5505e5feb9780945ed1cc8a,pet_shop,51,1294,5,9850.0,16.0,72.0,92.0
2be252f11ad496bf9d981165c040af65,pet_shop,47,556,1,1500.0,20.0,30.0,30.0
701cfdaf6cb0e11a4200ec31fab1997e,moveis_decoracao,32,420,6,1067.0,34.0,12.0,29.0
8cc939634b5bc1029a1aa5fe945b8666,esporte_lazer,24,1114,1,667.0,25.0,10.0,23.0
fc5428e8e3dbc80bf96f681ed2e95026,perfumaria,47,608,1,500.0,20.0,10.0,16.0
a2a61ecd4e916c3ff787c137d23957bb,utilidades_domesticas,58,782,1,3100.0,30.0,40.0,40.0
12d73d80462aa0c73d8a6a9f77e127f0,artigos_casa,54,370,1,1650.0,47.0,21.0,41.0
681ce53bc951dd4db1480c44ae271d00,audio,60,1160,3,725.0,17.0,13.0,14.0
7e1597b3d802cadc921c6a182ff5926f,informatica_acessorios,57,777,4,150.0,16.0,5.0,11.0
adf7fe64dc8fd20f0926f6f20b47de7f,esporte_lazer,23,2340,1,150.0,20.0,18.0,20.0
adc73ebfe461a4ec51e1b5b3338eca22,pet_shop,25,132,1,900.0,40.0,30.0,20.0
7ff191f993bba082a0f6a643749d9f4b,beleza_saude,39,732,4,150.0,20.0,17.0,22.0
7b44e5ea770ef06810f5df89006cc8b2,eletronicos,57,989,4,4100.0,20.0,15.0,13.0
71e239fbeffa264767d6a1210b933e02,fashion_bolsas_e_acessorios,48,357,5,150.0,16.0,9.0,11.0
ebad2408485504e930678ed1af88790f,audiovisual,42,672,1,200.0,20.0,2.0,14.0
bc0246e1fa0a21cfceaed952d3e9cd38,automotivo,56,247,6,850.0,30.0,5.0,20.0
a2da86fa759178e9e58e54aa1a144e59,telefonia,57,777,5,350.0,17.0,4.0,12.0
dc09323879d5cfb7db6c25f6a439d5fd,moveis_decoracao,56,1892,7,3000.0,69.0,11.0,11.0
bbaa976a69c3a1594ebc1fc560f62978,perfumaria,46,489,1,728.0,23.0,15.0,16.0
b200c3a6dbe2a96c1e2f1904361763db,perfumaria,49,699,2,350.0,20.0,16.0,21.0
62dbbad1385feb9b27edf72b31bc46e1,esporte_lazer,58,702,1,550.0,20.0,20.0,20.0
ba664def852b1416351aaf61e2c7b1a5,casa_construcao,59,1072,4,250.0,16.0,11.0,11.0
a8c826857439e8ab8f66884dbb015915,ferramentas_construcao,54,1510,1,300.0,16.0,9.0,11.0
c55065b87cbfeb89e7714d838d588afd,artigos_casa,50,256,1,2300.0,40.0,7.0,30.0
02ed3b595447e948efc3eac897e4df0e,artigos_casa,30,413,2,725.0,31.0,7.0,31.0
498171cf871cdd1f5e7f8508884601b0,brinquedos,33,917,2,600.0,52.0,15.0,20.0
145978af3e89b318be0b717a0953649a,informatica_acessorios,56,295,3,150.0,31.0,3.0,28.0
d59435f889321f310e2e71bdb3bd466a,utilidades_domesticas,44,595,1,900.0,30.0,30.0,30.0
6358f5d1f8bea46b44615a9eaad26f81,artigos_casa,54,565,1,700.0,16.0,10.0,16.0
318026bb905cd235b62c2f2f4eace780,utilidades_domesticas,47,316,1,900.0,35.0,32.0,12.0
85f1c33512bb37126e995ddf7de34cb9,relogios_presentes,60,941,4,500.0,16.0,11.0,12.0
f457c5f0c72ba4cae17636c5174add2e,informatica_acessorios,54,573,2,150.0,16.0,4.0,16.0
d6ae8069e4a78b1dc1bfafc891a5c164,variedades,42,2081,1,1650.0,35.0,46.0,21.0
e7248872169a7ab67e20c182aaf17976,instrumentos_musicais,60,327,1,5000.0,35.0,9.0,103.0
59f17be62604541797d4df87ae80cf73,consoles_games,42,226,2,550.0,17.0,18.0,17.0
d6354128c28cc56532ba7393d9373083,esporte_lazer,38,203,1,1000.0,16.0,6.0,12.0
8700d9f84733dce4550659a27300c5e5,informatica_acessorios,57,976,3,1350.0,30.0,5.0,22.0
38ac7ec5736a1b9121e85a1e6bd68e39,relogios_presentes,51,594,2,200.0,16.0,2.0,20.0
2e5bddcf20a946aad0394cf0a62743f4,pet_shop,56,2824,1,1100.0,30.0,9.0,20.0
5101f008a270fb10336de6703f32221e,artigos_casa,54,503,1,2400.0,30.0,30.0,30.0
ac5e0fcc8e524a2889013ad21cdd816d,automotivo,58,274,1,50.0,16.0,16.0,12.0
90b58782fdd04cb829667fcc41fb65f5,moveis_escritorio,34,794,1,7417.0,102.0,46.0,11.0
0b5c6dd6ca91fd2a318e99749b0ea57d,utilidades_domesticas,63,429,3,700.0,30.0,5.0,25.0
8abdb2ffbf92eb0bcdd82fce515fde6a,automotivo,57,1022,3,1800.0,34.0,40.0,19.0
25055c4ea763803958c5c79b99a00439,informatica_acessorios,60,493,1,700.0,32.0,12.0,12.0
6bbd7902820d4d6477f93b1d2b8370d9,fashion_bolsas_e_acessorios,40,833,1,100.0,16.0,14.0,14.0
a02d0123079f4ae96001ba2010d1a2df,iluminacao,57,771,1,12000.0,45.0,35.0,45.0
d9a5a0aa013c348c28ff4626ed6dba71,esporte_lazer,60,2636,1,350.0,17.0,10.0,17.0
f8da9c0748a30346a534634bbdc28bec,informatica_acessorios,59,576,1,100.0,16.0,8.0,12.0
e717e613d0bde7828d469455c8058172,esporte_lazer,46,541,1,50.0,16.0,24.0,13.0
9c1f0d2a5ac55e11b4b90416a5b34223,utilidades_domesticas,58,961,2,1500.0,35.0,15.0,35.0
f9d32dfeb09bfb527111ca6c7a06f2ee,artigos_casa,47,729,1,2950.0,20.0,30.0,30.0
7f723c53515b44e16b93397c4149afdc,artigos_casa,57,284,1,9625.0,50.0,30.0,35.0
b1c9363781fe50f33136564c9671c17e,esporte_lazer,56,732,1,1500.0,20.0,20.0,20.0
1e4aad71e70ec3236b054032c42d3494,telefonia,55,73,1,200.0,20.0,20.0,13.0
5dc5964f616fba91121740eb42a02845,consoles_games,28,413,1,200.0,19.0,2.0,14.0
f0788219c3d63c6183bbca7699ca9608,ferramentas_jardim,53,785,5,400.0,30.0,10.0,20.0
55af6f61ee17f7290ce7bb14b6e38a60,moveis_decoracao,59,1499,2,2650.0,105.0,3.0,70.0
ef7f9080df1ef631941928033aa7b515,papelaria,39,74,1,100.0,24.0,7.0,14.0
52e07ce385c39e2c591f040dea409c23,seguranca,32,727,3,5000.0,50.0,50.0,30.0
f0cdabacd05bdca526b43e72376521ee,market_place,27,320,2,527.0,16.0,14.0,14.0
b40f2e02089486d971fe39108eacc283,informatica_acessorios,58,1184,6,950.0,22.0,10.0,15.0
35c5886c8fb424305569a555df688541,brinquedos,60,622,3,650.0,22.0,4.0,32.0
ff9fa77f938462abd16b53c0d934099f,esporte_lazer,57,3469,1,300.0,21.0,19.0,19.0
1a57fd59f51629d5eefcc5737fa74bad,malas_acessorios,57,380,2,338.0,22.0,25.0,23.0
45cfee87da128a8f939226bedd92a72d,pet_shop,55,703,1,1500.0,50.0,30.0,33.0
38d2319e71779e74d3f37e0f5cf8a5a5,telefonia,56,2846,3,850.0,16.0,9.0,14.0
7a8f85eacf670d2cae7b679ac8b7af8b,informatica_acessorios,51,305,2,400.0,20.0,5.0,12.0
ef861dd8ed8359232c38b41e4249d55c,papelaria,56,97,3,550.0,20.0,30.0,20.0
57141561615b91d5fd2a630d16499212,papelaria,41,278,1,3700.0,25.0,35.0,28.0
1bb0f142789375f5709d08b2f2355c2b,artigos_casa,52,289,1,4050.0,40.0,12.0,38.0
35aa06ce9cf87fdcb9b19797c981c4a6,ferramentas_jardim,55,115,1,2067.0,33.0,14.0,15.0
faa69a3ce59a6d1484410df55a93444b,bebes,29,1450,3,700.0,20.0,9.0,14.0
5c92f9ec6027c92a5293a46e9175e817,eletronicos,60,1201,1,600.0,28.0,21.0,22.0
dc3503150b2bd7dbbb59168d88cd7550,malas_acessorios,45,218,1,600.0,47.0,10.0,31.0
813a9ef2db7efff209973a335d043c0f,moveis_decoracao,59,2006,4,2950.0,69.0,11.0,11.0
38560b1377928e08fecfe544848a0fb2,eletrodomesticos,59,1101,2,400.0,16.0,7.0,16.0
98f45ca7c8c275409c14c93996fdeb07,esporte_lazer,32,1132,8,10200.0,105.0,15.0,28.0
2c2b6a28924791234bd386bddb17512e,seguranca,56,498,1,1008.0,33.0,14.0,26.0
08fb1fed44ecc852b3ab9363b00d1c03,telefonia,58,734,4,350.0,17.0,4.0,12.0
87f87c717c93f801e1a62367ce5ff63f,iluminacao,59,657,1,2500.0,34.0,16.0,23.0
be531a288d95e2b9ad1b314c7366fe81,esporte_lazer,41,478,1,300.0,18.0,15.0,13.0
6dc1e760dde478aea03467d92737a0a6,fashion_underwear_e_moda_praia,61,359,3,300.0,17.0,9.0,27.0
1c756cc8c5e3b4a2fcf83d1690f8084d,relogios_presentes,51,329,3,1500.0,23.0,15.0,19.0
c6f24451ab94c30ea2e17eb0d9ea5d9c,perfumaria,55,602,1,550.0,16.0,2.0,11.0
a917c40cbfcd114984034228fdb9cca4,beleza_saude,43,396,1,2475.0,16.0,14.0,15.0
26053aaf5e00b608f4c23cb924a284c9,pet_shop,57,550,2,10450.0,47.0,47.0,27.0
3f0602cdcad0ac24d72b038103a3783e,automotivo,57,589,3,250.0,16.0,2.0,11.0
ae53c522a4d40d61e15213aae5cef8d1,moveis_decoracao,38,672,3,2800.0,104.0,9.0,11.0
f9cbe8bae385034b464b9e22491ff68a,utilidades_domesticas,54,575,2,1000.0,20.0,15.0,18.0
97ac99fefa9cf4eb8f825136a89e8f40,telefonia,63,3883,1,370.0,17.0,6.0,11.0
ac32162917f9c1842336f4018493fb1d,pet_shop,41,606,3,300.0,16.0,11.0,16.0
d189fbf8b5d79a670cebcaaad68d77b2,papelaria,49,453,1,3000.0,30.0,10.0,30.0
1434a45fb0e95dd43f674ddff1df8ca7,artigos_casa,62,422,1,2000.0,35.0,10.0,25.0
ba3c7887791624fd8c3fee460dcda417,pet_shop,40,617,3,500.0,24.0,11.0,24.0
69a7ee112e7b63892ad5db80e4c3277f,market_place,35,1294,1,1150.0,21.0,34.0,34.0
6fd82d8f842424334fedf31190e54d24,relogios_presentes,60,160,3,250.0,16.0,2.0,20.0
273bed0cd59a0b2ca2a0ebe0bd84769f,automotivo,56,1100,1,3600.0,30.0,10.0,20.0
5a3f2f6e363dcc2277ba8df88f3a078c,utilidades_domesticas,39,530,1,10700.0,26.0,87.0,48.0
f9fafac43d3416d92ecc303fdeb1743d,moveis_decoracao,51,1039,2,2.0,11.0,11.0,52.0
a00c869d83a4d753088b7ca49ba6a74c,automotivo,55,160,1,1650.0,32.0,22.0,32.0
bf359473d58e90d8fc29bf8f3d282ea9,artes_e_artesanato,37,606,1,350.0,28.0,4.0,22.0
9093f710f0faaffe81ccb9dd1845ac9e,utilidades_domesticas,39,2294,1,363.0,60.0,6.0,11.0
c714f103a677fbcc818799ae0fcda11a,eletronicos,59,1392,10,2100.0,25.0,9.0,32.0
d061d81f407dcbadbe325a56a93d80a3,consoles_games,29,361,1,110.0,20.0,3.0,18.0
f48b7a74ac33f4a15d4dcf0b549ec7a8,automotivo,59,651,5,5300.0,78.0,4.0,47.0
e2e9a22be498ad23b97170cbc20c477c,automotivo,39,360,1,14350.0,63.0,63.0,21.0
b7bea0eb38a6cd6e90c00c9bc6422193,relogios_presentes,56,458,3,350.0,25.0,16.0,16.0
ba1b78ee2d24870c2bb5c4be33af89eb,relogios_presentes,45,1181,4,450.0,16.0,11.0,12.0
a56b51724402d77b13ba844e67130c4a,ferramentas_construcao,57,621,1,367.0,38.0,21.0,23.0
9d324850c39429150aa7f4524983e167,automotivo,58,650,1,27100.0,50.0,50.0,50.0
4949f8037e2f24cc40f3065a13aa0660,automotivo,60,744,1,500.0,20.0,15.0,15.0
0587bd8ea43108a16104b1430c15b283,utilidades_domesticas,42,799,4,9950.0,31.0,61.0,31.0
e1c0a39b7f806727ea5121c60035ed3c,informatica_acessorios,37,499,1,200.0,18.0,9.0,16.0
9faf2a1491be3cd2faa18a0853a336a1,utilidades_domesticas,42,969,1,1100.0,16.0,30.0,11.0
e7e5d8fc71b667111b189de539ca043b,perfumaria,40,1239,1,130.0,16.0,4.0,11.0
70ee0739ffd7d0eab9ceed83eae56374,esporte_lazer,57,863,1,3800.0,28.0,30.0,25.0
09f80ba142f03fa8ccc8d62ff68b6d1d,informatica_acessorios,36,499,1,800.0,18.0,9.0,16.0
c675a92a4c74be0ba60aa506ae21e47a,papelaria,60,1304,1,350.0,18.0,23.0,16.0
5dee2c14e1989141e15d341d4c62d72a,esporte_lazer,56,859,1,353.0,23.0,15.0,16.0
0609678aec06f28cd8e177550d26e73b,artigos_casa,51,394,1,1400.0,20.0,30.0,26.0
1166bc797ddf5fb009c376d133f61204,utilidades_domesticas,55,65,3,1100.0,36.0,20.0,20.0
6feea907f9f949ce09d7d8ed626fd89a,moveis_decoracao,32,236,4,1000.0,21.0,11.0,16.0
4f288e27579d68e616d2712ad669f99e,variedades,26,622,1,383.0,17.0,9.0,13.0
366655b7359eec947f873c83398a2548,artigos_casa,51,430,1,300.0,16.0,10.0,16.0
152fb81ee80836f3a26b06fa79a6749d,automotivo,54,214,3,350.0,20.0,20.0,20.0
441571d37eb4c02c1686c4a2cff8a8e5,bebes,60,1797,5,850.0,68.0,8.0,13.0
4ca1bfda77dc7aef2433d6818bd53f08,moveis_decoracao,48,805,6,1300.0,38.0,12.0,22.0
7634da152a4610f1595efa32f14722fc,perfumaria,42,480,1,200.0,16.0,10.0,15.0
b2680b3b7e17d0d97f9f59a28b8fc54a,beleza_saude,40,1749,1,1650.0,17.0,28.0,19.0
03a20f79e4c056b48ce29b3e30beb0fb,moveis_decoracao,63,1700,1,700.0,60.0,11.0,20.0
22bb87b27484c91c055cca7fd6d0793a,moveis_decoracao,57,207,4,2200.0,32.0,5.0,22.0
29d2735be03e1169db0545c3741c74e5,informatica_acessorios,35,770,3,200.0,16.0,6.0,14.0
e686dd2e91daebfb0bd2a43ab3f5d803,moveis_decoracao,53,1987,3,2500.0,65.0,8.0,45.0
805fb04b1eee16776d3ff45a40a30044,moveis_escritorio,58,1295,2,3875.0,35.0,52.0,34.0
05af73bb3143cbc5233c1cdff4a767b5,moveis_sala,28,102,2,2700.0,47.0,6.0,47.0
68fda662b16d76fbfc062c124171a29d,beleza_saude,58,161,1,200.0,25.0,6.0,15.0
ccc4bd1600ccbb62e417409efc8301c2,variedades,33,1295,1,250.0,28.0,20.0,16.0
66b5c5aebf9e74e8311c2c1955e04322,moveis_decoracao,43,175,1,1500.0,37.0,27.0,37.0
4f71868d83b41619b1159399663a0e67,artigos_casa,56,608,1,11500.0,50.0,25.0,25.0
20dd7f59c8d37692cd7aabe00f3af998,beleza_saude,52,1709,1,625.0,29.0,20.0,24.0
192f2d6f10ae35f57a57be5fc1ae7d56,brinquedos,37,724,1,600.0,25.0,12.0,40.0
bc0f87cb8c6b5a23d3ab6aeb91b34273,automotivo,60,3575,2,200.0,20.0,4.0,16.0
e727f4d8f80efebd371b5e2fb9e5170c,relogios_presentes,54,537,1,2225.0,29.0,4.0,26.0
04c48a5fe31aedc4ef3896c005fd483c,perfumaria,36,574,1,449.0,19.0,14.0,14.0
1eca63a94a93dad2e0d65d2a29635d3e,esporte_lazer,57,576,1,1500.0,26.0,18.0,18.0
fca2e81c23d935ea664ac286eb86ccf5,perfumaria,45,522,1,200.0,22.0,7.0,14.0
3ebbc0870d51b62783c45e0e61ccb78d,artigos_casa,47,1415,1,400.0,18.0,8.0,18.0
7946cc9288ba7328ba3f7ef55c146d70,pet_shop,33,299,5,500.0,20.0,10.0,20.0
e71ce72b19b83080d97cf4f06c90d096,esporte_lazer,57,1537,5,400.0,30.0,16.0,16.0
46c57742071cc875558cc230df1aa9a4,relogios_presentes,56,364,1,575.0,23.0,5.0,21.0
c5d2126afe1fab68d8a8ada87a270d1b,informatica_acessorios,33,276,1,400.0,18.0,9.0,16.0
5dec2dcbfce3ac5801e5ce0d2a0943f2,perfumaria,32,876,5,300.0,16.0,16.0,16.0
64ea282a67530101b655f890b4ac8e90,artigos_casa,50,176,1,300.0,45.0,15.0,35.0
43f1e9b31236ad9ef63197b36bf00dbc,utilidades_domesticas,50,746,1,100.0,22.0,6.0,11.0
6768450f8156d15d2eea50dbf509794f,beleza_saude,37,634,2,200.0,17.0,8.0,12.0
94396cdadbac626041d3349bc6bbc558,artigos_casa,48,302,2,350.0,45.0,16.0,20.0
41efcebbf66be85fb74f7116bda2207d,automotivo,59,695,6,2525.0,56.0,11.0,32.0
1f343ac0c965c5088a9d3c0c65c30f67,utilidades_domesticas,54,244,1,750.0,55.0,8.0,23.0
c9dcb2deb4a49214eb9e72aafd096eef,brinquedos,58,1089,1,2650.0,39.0,17.0,39.0
5af87403ae95da1184c5035ef7e10c07,audiovisual,59,751,1,200.0,20.0,2.0,14.0
77aadda8f3636c56d2e32ebf735426ba,malas_acessorios,60,680,2,1500.0,41.0,15.0,29.0
b71e22caa2e31ed1309fd01850d79ea4,variedades,,,,2900.0,45.0,10.0,30.0
3e7d7087ff8bbc0e9568b56ba3504a34,beleza_saude,44,519,1,700.0,27.0,9.0,18.0
cf0279aeb9c687e52ec8b0e72bb318da,audiovisual,59,1431,5,600.0,16.0,12.0,16.0
9d6bf1b7a541b5205e4fd5aa40282f33,relogios_presentes,58,662,2,250.0,16.0,11.0,11.0
98abb12338c3652fceb5a9a5e06c7f2b,automotivo,57,651,5,4200.0,77.0,4.0,47.0
b96665121d5d14f5da703d30f116a56c,informatica_acessorios,55,412,1,643.0,27.0,19.0,25.0
c32b7bfeed5a912b80e7e1fd8df8c95f,utilidades_domesticas,43,76,5,200.0,18.0,4.0,12.0
78f0b865be4544337ce887646fb06de4,beleza_saude,58,433,1,200.0,20.0,20.0,20.0
537652d95702108d6f9a55852ba97228,telefonia,47,315,1,100.0,19.0,4.0,11.0
60963bbf9e011d8eec21c515ff623fba,utilidades_domesticas,56,345,1,900.0,25.0,9.0,23.0
2d191ba244bc61826d3c6c2464969b7d,automotivo,59,651,5,4400.0,78.0,4.0,47.0
724fe07643503d3d092cd5017207c164,artigos_casa,59,521,1,800.0,29.0,9.0,22.0
b6bcda8f7c2501c62c8dc56a89da666e,utilidades_domesticas,35,446,2,600.0,20.0,10.0,13.0
c777b9591e90c49e0745efb1051789ca,esporte_lazer,50,256,1,200.0,20.0,20.0,20.0
84e70cf0e12330211231e552fd3fc930,fashion_bolsas_e_acessorios,52,1400,2,200.0,16.0,2.0,11.0
c88e123d9b0b4aca866a9ed646b7a72f,artigos_casa,50,704,2,2908.0,67.0,15.0,48.0
f6bd09259655a78e706a0caa947299db,moveis_decoracao,45,568,1,300.0,35.0,10.0,35.0
e90eaf827c96655742e955fd615026ca,beleza_saude,32,2154,1,1650.0,30.0,12.0,16.0
9060e916ed476d0269ad330786a201ee,utilidades_domesticas,28,152,8,3000.0,57.0,22.0,20.0
9b1e33523029f6bde0a3fbe99d793cf4,variedades,48,728,2,83.0,22.0,10.0,16.0
6eae8bb77df405fcfe9161b1d694f70c,artigos_casa,57,248,1,1000.0,16.0,10.0,16.0
3c5559ffe829dd89665484c98f0c4e18,consoles_games,55,783,1,683.0,20.0,14.0,17.0
8ddf5554f2617f6324e26cb41a35f41a,beleza_saude,44,3435,1,400.0,16.0,2.0,11.0
fd78812672eb8dd819fad93951bdbe64,beleza_saude,60,630,2,187.0,12.0,7.0,8.0
5cf189f48af24c605a16bcdb701df823,artigos_casa,46,556,1,750.0,45.0,15.0,35.0
20d6d5469584eb71125803455ccf914a,telefonia,57,828,2,350.0,17.0,4.0,12.0
2d65aa8c163f7a8dca8c8f51d8f0e95c,esporte_lazer,54,328,1,233.0,20.0,18.0,18.0
d51e2b908fe3ce35d84e77bf5da363d8,fashion_bolsas_e_acessorios,54,577,5,300.0,22.0,13.0,22.0
cc7ab11ca8cd1a04b25d30609458ab48,moveis_decoracao,54,2944,2,1400.0,53.0,8.0,11.0
fad9c24cf8c042a01ea0f381957f9ea5,variedades,31,2101,4,500.0,16.0,6.0,16.0
7f0c80d54ee3b7b11646f4eb9a087d69,utilidades_domesticas,53,193,1,9800.0,40.0,40.0,50.0
494822838e3883190a3b0834d5124c02,fashion_esporte,54,511,2,150.0,16.0,12.0,12.0
c56ecdd06c754c22fc5c5245d9502e30,beleza_saude,60,1064,2,200.0,16.0,8.0,11.0
589d0ec4c794dd688991c0f539f9e015,pet_shop,62,696,2,200.0,20.0,10.0,20.0
fc35f167625d74f06ad5e5e643172cb9,relogios_presentes,63,258,9,200.0,18.0,10.0,18.0
b3bce4552b02817249347cc257c9e61a,relogios_presentes,59,374,7,200.0,16.0,2.0,11.0
a4c1d75f5db22319df894cf3f4609b81,pet_shop,53,1121,5,450.0,40.0,20.0,30.0
9cf421049bcfaf6983bf0dfb40831a03,artes_e_artesanato,59,2165,2,600.0,20.0,10.0,15.0
c9b8a74a8865b966e660cc1f7b4e32a9,artigos_casa,59,273,1,18050.0,16.0,10.0,16.0
a12fc4a1c79238df0015e1a0c48f0314,artigos_casa,56,189,1,1500.0,46.0,3.0,34.0
5fb00b8c5c7ec5ea3a19223f6e8d6b40,bebes,31,819,2,400.0,56.0,2.0,69.0
20ec8e42e1022b8e6081e58608d0937d,esporte_lazer,37,248,1,1100.0,27.0,9.0,14.0
209f718c43a6b301bd760948b9342b7a,automotivo,56,823,4,450.0,35.0,5.0,35.0
75f95431890ea981914bdb4772341221,moveis_decoracao,60,920,3,250.0,18.0,9.0,14.0
b00a5c58d3c4139cf67ccae61feb43f8,automotivo,53,1145,6,3500.0,53.0,43.0,11.0
97b72ed1900f2af848c76555d62033de,eletrodomesticos,60,575,1,14050.0,55.0,19.0,46.0
af37cff523f7bacc47bc01c5674bf4b4,beleza_saude,25,1958,1,150.0,20.0,20.0,20.0
b81acdcca96f82c5ee01cb299f086a91,artigos_casa,53,785,1,1250.0,35.0,10.0,20.0
83aa64e20d0f6182c135bf2b63817726,moveis_decoracao,34,766,3,500.0,20.0,15.0,20.0
7c433a3314f8ce018f386af369d96d61,iluminacao,52,498,4,525.0,23.0,11.0,23.0
42540fea6f9b72c5c6f0e426b733cf08,artigos_casa,31,1325,2,200.0,25.0,5.0,20.0
4299cf45bc9aa8ef5bd9337035c286e5,perfumaria,60,499,1,700.0,30.0,10.0,30.0
a3451244906bcab69b25de035b3ee0a2,ferramentas_jardim,33,540,2,725.0,30.0,9.0,27.0
2f0ea37228e35c052271f5617038986b,esporte_lazer,58,1484,5,1150.0,40.0,20.0,20.0
5176d8670222d50ebbe4d4c5dfba2b49,eletronicos,44,86,1,125.0,18.0,8.0,12.0
9df0e8a7eef2a38b74e6d5c0e224b11f,moveis_decoracao,31,635,1,28600.0,41.0,43.0,91.0
665fa52751d42dabaebad0435662fe13,variedades,50,106,1,525.0,15.0,29.0,33.0
ec57a06e82b65a87a440f8b31b987993,utilidades_domesticas,57,394,1,1350.0,30.0,30.0,30.0
85fd14e978b92176dd210c046abc3540,esporte_lazer,60,1201,1,200.0,16.0,16.0,16.0
87290188bdd2822babc1331bb6bca5e2,utilidades_domesticas,42,42,4,1900.0,24.0,21.0,15.0
7d1f165a4a03757ada8c56e9aba9fb41,moveis_decoracao,52,500,1,8200.0,30.0,30.0,30.0
f18d999ffda9dade91f3c1b0fb9c7f83,beleza_saude,35,206,1,338.0,20.0,14.0,19.0
7cb52b1fc31186f200f2ad70fef8d3e4,variedades,,,,200.0,16.0,2.0,20.0
7e714054e1e6cae6dc91cff8ce0bb99f,relogios_presentes,58,705,1,400.0,28.0,10.0,18.0
214f3ddd6bf0b37fcc394a822e319a30,beleza_saude,60,918,1,100.0,22.0,3.0,15.0
da36ad55cf57ddbc83ed6cd00f819dec,telefonia,44,2408,5,450.0,20.0,10.0,15.0
06bc992f73d96cb1ada2073554130d45,automotivo,39,766,1,1133.0,17.0,11.0,13.0
1f49bc80950157ddb33dfad044f20be7,automotivo,58,717,5,1100.0,23.0,7.0,38.0
c18dfe3165eaa55de9ec8f462cd7556f,artigos_casa,56,329,2,500.0,30.0,10.0,30.0
6f131ac9054143dd944b2d037fd0a36b,consoles_games,56,1182,4,617.0,21.0,12.0,17.0
6001f761aeace35d6f7a724813b4a098,bebes,60,1222,2,500.0,25.0,12.0,20.0
ac1edb0e0a6743cc20e6277ecfc1caf2,livros_importados,51,470,2,400.0,16.0,8.0,11.0
6a3bbf3124c96579f7cd0b2519490cd2,artigos_casa,46,491,2,1500.0,50.0,16.0,16.0
037aab5faf8d9120659b7c8ea3cf4c12,beleza_saude,29,2706,1,15500.0,55.0,40.0,40.0
e4fd9d0fab1ed76076f69786a9b767de,eletronicos,52,1829,3,960.0,30.0,8.0,22.0
ba6c0daba35afe2ee11400da4ec7b3a4,beleza_saude,48,1247,2,1050.0,20.0,10.0,20.0
d103baa8d35783ff2772704ed17ddd45,fashion_bolsas_e_acessorios,53,553,5,250.0,16.0,2.0,20.0
f7a5131ee6e422257630fe35c9b7875a,esporte_lazer,51,1229,1,28500.0,105.0,65.0,25.0
0db04bfc9ca0d0dc2c530e7f2d023160,moveis_sala,58,1116,2,3325.0,30.0,11.0,30.0
9a55374d155f754b8e04eea54625b358,relogios_presentes,47,800,1,750.0,18.0,11.0,13.0
5096c7c3620e53dda164502e228d4779,variedades,,,,400.0,19.0,8.0,13.0
7f5a2ea09fee327672a7cf2f97d40242,artigos_casa,56,371,2,1250.0,25.0,10.0,25.0
28e1e01400863d6035542c650bc72be4,bebes,59,451,3,10400.0,79.0,23.0,23.0
37f9b5f1e37fc317e03a93b80915992b,moveis_escritorio,63,1173,1,10500.0,52.0,50.0,16.0
c413fa08b405af6edb9d49e85e241c08,telefonia,37,326,2,100.0,18.0,4.0,12.0
5d5a63339d6a39230bf2a276e8f8fe1c,esporte_lazer,56,646,1,400.0,27.0,9.0,14.0
b09695c98d949d39cea25c5abb049fa8,informatica_acessorios,59,149,2,450.0,20.0,15.0,16.0
e57549e5119d3af0cef6f900464dc99c,ferramentas_jardim,48,1103,1,800.0,16.0,8.0,23.0
7650dd3b2dc10798a8cbccc78d9e6e3b,bebes,56,799,2,2300.0,31.0,34.0,21.0
52f07ac86d3153309c1695744f846ee1,automotivo,60,1690,3,600.0,21.0,18.0,13.0
83f1e78f8eb4284eb7d20f5dc04923d9,moveis_decoracao,50,635,1,1050.0,30.0,35.0,30.0
5c692818d313aa12864b48ac0c2472c2,relogios_presentes,56,167,3,200.0,16.0,2.0,11.0
d812e997fd9190feab9f82b6af7e20de,variedades,60,2887,4,550.0,16.0,14.0,20.0
b67a7d0ef75f52b4b76368927a3037f9,relogios_presentes,29,138,1,488.0,19.0,12.0,15.0
b5e6b27f639ae171cc308c3d8207f85a,esporte_lazer,46,670,4,1200.0,20.0,20.0,25.0
f41f2bc23bbc617dd7fe3bbe1168754a,malas_acessorios,56,302,2,950.0,42.0,22.0,26.0
12f996b4a20f364ff8b53e086e0bff8c,eletronicos,49,1130,1,148.0,17.0,15.0,15.0
498f5440a31fbbe53a970262af00cd5b,bebes,50,168,1,250.0,18.0,8.0,18.0
03624ffc0958f7ea385b6d4e088532b0,beleza_saude,38,665,1,153.0,23.0,24.0,22.0
81f063a76f382b3665b2b1fd0dd0aad0,bebes,41,728,7,8200.0,50.0,28.0,35.0
e25a1bed3de19f42a0719cff1c771436,artigos_casa,57,677,1,1250.0,19.0,17.0,22.0
8de310188938fc8abfe1aa7ee927ccd2,esporte_lazer,58,398,2,200.0,20.0,10.0,11.0
a8e7b3f6db5b8a460082c9982f9337c2,esporte_lazer,35,128,1,125.0,16.0,7.0,14.0
22092edc4bf1615d12bbc3ab17d3d600,papelaria,51,590,1,3270.0,23.0,25.0,16.0
7c10008aef9fdc1807eb46f191a8ce16,esporte_lazer,35,464,2,1100.0,50.0,20.0,20.0
8b27cbcf8e5472830ab6ec2bd7a6b867,utilidades_domesticas,49,409,1,2600.0,62.0,42.0,13.0
b365e38a72a4fa2b2cd83e14c0b51754,esporte_lazer,55,439,4,400.0,24.0,17.0,20.0
9bc5cc0e165e23d3f4824e7b02fb16e3,malas_acessorios,58,855,7,1150.0,35.0,14.0,29.0
0cf573090c66bb30ac5e53c82bdb0403,telefonia,26,108,1,128.0,15.0,8.0,13.0
bcfc64e7adc6e1ce2030d71e1af79a3e,alimentos_bebidas,48,587,1,200.0,16.0,11.0,12.0
f70dd37d94cc7026ca198b9d7574c7bc,alimentos_bebidas,43,731,2,1350.0,28.0,15.0,20.0
acb60b96f61ac79607171d1799852744,bebes,35,655,1,200.0,16.0,14.0,16.0
9372674c33091b1a6cbcb8ddb9c6f073,moveis_decoracao,60,458,1,900.0,30.0,4.0,20.0
fd28b464cf1660a67606f7b48c8c38c6,artigos_casa,54,497,4,700.0,32.0,11.0,23.0
bdfa2e2829c9ce3595af56cec003e9e2,esporte_lazer,32,426,2,1067.0,30.0,29.0,27.0
301b4cdcb73666033d7c96fcb1fc758d,eletronicos,47,622,5,550.0,32.0,27.0,40.0
cb0323c2102abd70d084c531993f8a70,perfumaria,56,792,1,250.0,20.0,20.0,20.0
f47a59657acd7239633ace1a5bd79551,beleza_saude,48,934,2,150.0,20.0,10.0,15.0
08eada1514424f37cd0704a5f45c1e07,relogios_presentes,58,659,2,450.0,21.0,14.0,14.0
e8c111b515e74b1cbbad7b86099bf637,utilidades_domesticas,58,1033,1,600.0,55.0,18.0,37.0
267916420e3477d543e8db15decad252,pet_shop,55,1077,1,1150.0,20.0,90.0,20.0
240735529a8d46a6878d8c99fc648867,esporte_lazer,32,1132,8,10200.0,105.0,15.0,28.0
855dffd36eee356101b672374d00e96f,artigos_casa,36,1564,5,4775.0,40.0,20.0,60.0
9ddc4249779322828f89d2a9c04f7ee1,automotivo,54,699,1,1277.0,30.0,25.0,27.0
c4369b26f349bc301a680a89415b1344,esporte_lazer,57,1573,1,728.0,21.0,18.0,15.0
6729125daaaa8f2a7e805335437fbc96,brinquedos,38,269,1,800.0,40.0,30.0,30.0
f646af315b0f3a597f69213537ca2199,moveis_decoracao,55,928,1,600.0,17.0,17.0,17.0
15c078f58e790a7618352d6cc1571025,moveis_sala,43,807,1,11300.0,50.0,20.0,50.0
a4d44eb9f68b301db3a15c9a346f395c,malas_acessorios,56,730,3,3700.0,37.0,42.0,39.0
ee300c0281d54f57ed53d622f7e8dbff,climatizacao,33,824,1,1000.0,53.0,16.0,11.0
4e8d35f24bf710e87a6392ad7c3b011b,beleza_saude,56,1154,2,410.0,16.0,9.0,13.0
aa8e397582b49721494b929b3216b41f,esporte_lazer,47,1199,3,200.0,30.0,5.0,16.0
827c4a77226a3e7ef259d61eaa775df9,moveis_decoracao,54,439,2,1300.0,30.0,25.0,25.0
4247b4b7b6026cb234f47c0b95193997,artigos_casa,59,539,2,3550.0,45.0,15.0,35.0
c139b099cfb2e693fba282b4cfcb5fe3,ferramentas_jardim,43,84,2,300.0,16.0,6.0,11.0
c9da1aa6e29221a1aabf1131aa2134e8,telefonia,35,984,3,290.0,17.0,8.0,13.0
56d1d1451e981bbe43a2301a11ebef1a,relogios_presentes,57,569,1,250.0,16.0,11.0,11.0
45db1cf7c08c21a37f3218e88943061f,perfumaria,31,895,1,350.0,19.0,4.0,19.0
88e59749c8b39fd1a9b7458147e0dc62,utilidades_domesticas,46,686,2,4100.0,55.0,16.0,30.0
9a442e31dcb07042eca00d73c1933880,fashion_bolsas_e_acessorios,58,719,2,350.0,16.0,2.0,11.0
3233e8613bf77f2e1609d3cafa2a25fc,eletronicos,51,871,5,500.0,20.0,5.0,12.0
b2cc0b2e9899ab21cf41e3708c285d88,beleza_saude,44,2339,1,3250.0,26.0,33.0,12.0
7053801e678b47c7ff38186602188679,brinquedos,40,789,1,447.0,25.0,8.0,26.0
f18b61c54f1919ffa99c7ed775df2912,moveis_decoracao,58,598,1,200.0,35.0,10.0,25.0
b7a64f15c532c9eacbaa11cbef1bc969,moveis_decoracao,58,599,1,18800.0,60.0,70.0,60.0
c59e6dced23214126ac972a4a4525e87,esporte_lazer,40,1135,1,1155.0,21.0,22.0,18.0
d5d6b56db7971e5aeb2c676fa9821d65,artigos_casa,56,691,1,2150.0,16.0,50.0,40.0
7e80d387f36fafdb1fb2a6905060e2af,esporte_lazer,27,624,1,491.0,16.0,12.0,13.0
b42e79652dbc591a49bdd2f577b57dab,papelaria,53,521,4,300.0,21.0,10.0,15.0
f1406be72e14f545ee346b742bf92bd3,variedades,56,186,1,5417.0,35.0,42.0,30.0
370a34deee3d35034c20edfd14ab3d62,fashion_bolsas_e_acessorios,57,719,2,200.0,16.0,2.0,11.0
0b0f32c8bd5426698d01d72f155b75f5,bebes,36,1099,1,2400.0,45.0,15.0,40.0
e2600770da5cfd446d3e971c1d41b44c,informatica_acessorios,42,149,1,300.0,50.0,5.0,20.0
809e226beeb0526cf321f6e5664a8b68,pet_shop,53,411,3,750.0,20.0,20.0,30.0
cd304278981c392c0b5ea2de4bcb6e2b,artigos_casa,51,673,1,1400.0,30.0,5.0,30.0
2ab38f02a646dc3972785867d5234306,artigos_casa,55,139,3,950.0,36.0,6.0,27.0
2f774e2a255ff8cdb3e0f8568c969dc4,artigos_casa,56,275,1,1500.0,55.0,25.0,35.0
339c5b81bf45deff28dabce4b8f05517,artigos_casa,41,174,1,1050.0,45.0,15.0,35.0
84a5ff7347e4371b23168a1b69f2409d,papelaria,58,502,6,400.0,21.0,7.0,15.0
5411e9269501a870cabf632f05655131,papelaria,57,396,3,6550.0,38.0,30.0,28.0
c3c63b6c88b27cb29ec5d26fb0ab7182,brinquedos,56,923,3,19500.0,45.0,50.0,45.0
d4fa7c305b2ffd07d12ae5a886b6cb0f,moveis_decoracao,56,296,3,1350.0,100.0,7.0,15.0
639929987514325f624848cc39124f76,esporte_lazer,51,642,1,16450.0,41.0,36.0,36.0
ff3fb423134042fbbca486b9790b4521,informatica_acessorios,30,357,1,83.0,19.0,8.0,15.0
499a1638595575721fec87dbaa05f339,automotivo,59,940,1,350.0,20.0,15.0,15.0
4c3063dd985fb11ee11451d3bf7a99b0,beleza_saude,49,776,8,1800.0,30.0,18.0,11.0
db4e12399028c661997d99981af68642,brinquedos,35,114,2,300.0,50.0,5.0,35.0
3f602d35212cda35342fc92d0ebc32e1,variedades,,,,200.0,20.0,16.0,16.0
779471f3320ebf3c8695d3774cd90d98,eletrodomesticos,60,124,1,350.0,27.0,13.0,17.0
4e0d01d5e5e4bd454e71e7cd1491c052,beleza_saude,37,1148,1,525.0,23.0,12.0,15.0
3262d9ebe7100477209a79c4ed3c76e8,eletrodomesticos,44,967,3,17600.0,65.0,55.0,35.0
b99e2a514ed0d9a2594decfe71da28e7,automotivo,49,1062,3,200.0,25.0,3.0,14.0
1d93a1a9ef04cca09f4737fc380e0d6e,utilidades_domesticas,35,1127,1,1400.0,16.0,16.0,16.0
8cee1d824765335c48ccc515c2ecf4b8,artigos_casa,54,385,2,900.0,30.0,9.0,20.0
83aa48c17491b729e02a906644a54fe2,relogios_presentes,57,3355,3,200.0,16.0,2.0,11.0
a8b3b0af05abaf1bc4d318debe51f3e1,beleza_saude,60,516,1,1125.0,29.0,25.0,16.0
b19ef0bca7996875a1516b9d14b75883,automotivo,58,368,4,200.0,30.0,30.0,30.0
8ea6ac3e8afa3363c9f89a5d86508168,esporte_lazer,63,549,3,5200.0,45.0,25.0,30.0
4ac218f276a40201c282dd01401e9bd8,informatica_acessorios,38,1386,1,917.0,30.0,16.0,16.0
ddea6741f6642c13acc25c9fb9165e55,beleza_saude,63,2654,1,1750.0,16.0,16.0,15.0
dd33364adc5708532277169d47a2794a,alimentos_bebidas,52,2160,1,1800.0,20.0,20.0,20.0
b1dc70b2d3b0d42b355529c4026a35a7,eletronicos,58,256,3,300.0,16.0,5.0,20.0
ca210a9b56b93ad0b8f27c41e04da8b2,artigos_casa,47,729,1,2350.0,20.0,30.0,30.0
f4e74dfba86d9a38ceb930c9d34bbc0d,beleza_saude,54,1347,1,1600.0,30.0,30.0,16.0
a44edbb4226328a7a816f3460556d638,ferramentas_jardim,59,151,1,2100.0,30.0,30.0,25.0
e213c4ab14d85a5a4a987bb6c543a952,esporte_lazer,52,864,1,15600.0,69.0,57.0,22.0
f07ef9dd6e2d9a366ff30a25e210be70,telefonia,53,1021,2,900.0,20.0,20.0,20.0
51c37059384184b7c3db494071352b86,esporte_lazer,30,394,2,16897.0,65.0,36.0,30.0
6b22a245ff94909f84cf46bd266aaa60,utilidades_domesticas,53,401,1,4750.0,22.0,22.0,22.0
b8faf829f47ba1f35f169da4acbdb88d,agro_industria_e_comercio,50,936,6,6950.0,36.0,30.0,33.0
a40675a9c6ef2410e3420483a1f8c81f,relogios_presentes,56,478,2,350.0,19.0,13.0,13.0
59127843f6ce173b6e22322e7f10ab82,fashion_bolsas_e_acessorios,31,816,1,100.0,16.0,5.0,16.0
b1f6881dc1fb3b2b665cb287418ba7be,brinquedos,20,1760,1,800.0,31.0,10.0,26.0
b7d2c90f9161dc69fa75d22572003bc4,informatica_acessorios,40,478,1,825.0,29.0,14.0,20.0
ea957cac01662e146fe771920efe4921,perfumaria,49,132,1,386.0,22.0,19.0,18.0
c829cd4f5382dfc97d9cb71af8619e79,utilidades_domesticas,58,1581,4,3975.0,41.0,31.0,31.0
776b3debbda0734131d6046fca2cd957,utilidades_domesticas,55,1266,1,800.0,24.0,14.0,24.0
e8a593dee186b5c3e557e553c5325841,automotivo,60,713,1,1700.0,16.0,16.0,16.0
a2c75a23c2f838881dd4275c0cec519f,fashion_calcados,54,451,5,1650.0,36.0,37.0,16.0
0e1fa2aadc04afbf8fb30200aeba06a2,utilidades_domesticas,54,2050,4,2000.0,100.0,28.0,20.0
5d096ee78b3150e1dcab797e13884824,utilidades_domesticas,50,336,1,1600.0,25.0,25.0,25.0
ba9100151f4fc29a675a8e1ddee0764f,beleza_saude,38,1218,1,275.0,32.0,4.0,22.0
d605e53683803c3a25f24ac1597fdfbe,brinquedos,45,709,3,250.0,16.0,26.0,16.0
8684bd8f93b4f4038d07188a23811e93,utilidades_domesticas,49,738,2,5925.0,35.0,23.0,23.0
67b0d38a61d8e4c1c1df7d56276302aa,fashion_bolsas_e_acessorios,63,655,4,300.0,16.0,9.0,11.0
caa1675deee5711b3aff1e4f5946266f,eletronicos,55,1040,4,200.0,16.0,5.0,11.0
cca3112ce602b7fcff7589fedb1eda02,esporte_lazer,41,1127,1,927.0,23.0,21.0,20.0
4699ce6926d362b0cce139ae5e4376d7,fashion_bolsas_e_acessorios,43,213,3,50.0,16.0,6.0,11.0
6f7de978459a95cc31b61c245d8d8a24,automotivo,57,312,5,50.0,24.0,2.0,17.0
5208751f83b00433444ae85791a01bdd,moveis_decoracao,63,323,3,2000.0,32.0,5.0,22.0
21767347dfdabbe42b3ca5846a4cdb48,relogios_presentes,54,446,2,277.0,23.0,15.0,23.0
62e2471b884366ac7e2f2b28c3ed62a5,brinquedos,53,1606,1,400.0,16.0,18.0,22.0
f8328e9125f089a968fc6b36116c4bb9,esporte_lazer,45,1418,1,575.0,20.0,16.0,16.0
5809b7fd257b16bbd9bdf9507931673a,fashion_bolsas_e_acessorios,57,360,3,600.0,43.0,16.0,27.0
90fe2fe298ee4705129235c33958fea2,esporte_lazer,45,157,2,350.0,24.0,4.0,14.0
6ac418b899c9f735ae62cc768e2f650d,moveis_decoracao,47,457,2,3100.0,30.0,30.0,30.0
53cd3ac003138916806e6f5380fc427c,brinquedos,51,1011,1,748.0,37.0,7.0,36.0
b83727c2bb0942488a69e3683cc8682a,esporte_lazer,51,833,1,900.0,16.0,16.0,16.0
6db02fce12f88341876dbb10e2c16d8a,brinquedos,46,234,1,400.0,17.0,10.0,12.0
475152a7f8c7ddd5457fef29a9d20dd1,ferramentas_jardim,50,472,1,950.0,16.0,32.0,13.0
8c4456c061013adccb1ba4cbce2d0365,variedades,39,771,1,1925.0,30.0,33.0,28.0
15562257608ee6ca7974526ef79eacda,livros_tecnicos,24,896,1,400.0,16.0,2.0,23.0
75eb331ffa78d12a8ef75950d1aba55d,esporte_lazer,47,552,1,350.0,20.0,35.0,20.0
30c7af0662527b13c438094b5adeae88,alimentos_bebidas,56,2601,7,2717.0,25.0,16.0,17.0
bcac6651b527e7de1413038c0df100d7,relogios_presentes,55,1050,1,600.0,16.0,11.0,11.0
074e1b1543a03e2e546cee9b388cdf25,fashion_bolsas_e_acessorios,35,815,1,150.0,16.0,5.0,16.0
f6bcb15602b0ca66d77ef1cf4edff1a6,esporte_lazer,56,2079,1,2825.0,30.0,25.0,25.0
c4069663919da113276ff2bbca201b8b,moveis_decoracao,58,2047,1,1275.0,55.0,14.0,14.0
d48adaf02f576324c7c0931a823025ee,brinquedos,42,212,1,400.0,45.0,15.0,35.0
2bb7ee4eb5d38207b650bd2ff6f4586c,esporte_lazer,58,808,2,7000.0,50.0,30.0,30.0
3baabb34049f9644a9e18dd72e229ef1,beleza_saude,60,762,1,425.0,17.0,11.0,14.0
777d2e438a1b645f3aec9bd57e92672c,artigos_casa,58,689,1,950.0,45.0,15.0,35.0
f38ce47371f868581f8c2df4ffa47fb6,esporte_lazer,63,1244,2,28500.0,105.0,65.0,25.0
576260585d9d4d112b129048750cf18e,automotivo,59,3696,3,3500.0,21.0,17.0,16.0
8abe436e6720087517880868bee69fab,esporte_lazer,59,1455,1,2200.0,36.0,20.0,30.0
e7cc48a9daff5436f63d3aad9426f28b,telefonia,58,1500,4,700.0,32.0,15.0,21.0
9b7f6da9aa9f1e413a63bec7924fdd38,utilidades_domesticas,48,174,1,350.0,35.0,20.0,35.0
7e6bbdc9a339f86e15eb6091c994a1a1,moveis_decoracao,59,438,1,1200.0,30.0,5.0,20.0
8aae4df46baf1278422b69edbb50bd35,moveis_decoracao,56,1002,2,2.0,11.0,11.0,52.0
8b67de5ab270587094f963bbed8b3d29,variedades,,,,4600.0,40.0,40.0,40.0
93ebf843a46dd3ba8085784ff4c604fc,fashion_roupa_masculina,32,713,2,800.0,20.0,7.0,20.0
1e05a019251a285cb2e56c69cfad766b,brinquedos,32,532,3,600.0,19.0,39.0,25.0
b50c1fbe8dd681b1e2cfb1a0484abac9,instrumentos_musicais,49,966,1,11800.0,36.0,23.0,64.0
5f0a49e6e539d4e186eeddfd69db9863,agro_industria_e_comercio,40,160,1,200.0,24.0,13.0,13.0
bacd57da107b14a22ff6bb86830fd4b2,moveis_decoracao,53,737,3,1500.0,49.0,11.0,49.0
f811e4e8228504bcdd34f2fe9f502c92,bebes,52,708,1,200.0,18.0,8.0,24.0
2c855454330b900b5238383ea6e815ca,moveis_decoracao,63,627,2,2500.0,38.0,7.0,28.0
f992bc38a69c993979545475f05ba50f,perfumaria,31,1097,2,308.0,22.0,17.0,20.0
0a76863dbd631dd837dac3fbaabfc91c,papelaria,42,186,3,250.0,24.0,7.0,14.0
72ef87b1953a2844ed089bd6dcf73913,moveis_escritorio,38,1337,5,650.0,23.0,15.0,15.0
7dd64fcc372f5d6ea016d697d6db75f7,variedades,53,1238,1,800.0,16.0,23.0,15.0
ff26009ac6b838dc6cffa2d589cdbefb,moveis_decoracao,45,318,1,3500.0,40.0,20.0,40.0
1b125123580a802629427ebd924ff335,fashion_bolsas_e_acessorios,58,571,5,150.0,17.0,9.0,17.0
853b7c31821aa0c07455104dd026a958,esporte_lazer,59,918,4,1100.0,30.0,34.0,29.0
bf8caf9fd8cb603716cdc03bb8f2f60d,moveis_decoracao,60,201,5,4750.0,50.0,8.0,30.0
1837cb3869c5eca2fd665cffd1ec1854,consoles_games,38,1276,2,400.0,20.0,30.0,20.0
72dd41cced0634d5e0147ad6b28423e7,automotivo,54,671,1,550.0,16.0,5.0,11.0
f79503580bd375ac194bb6d145398e03,artigos_casa,58,696,1,2300.0,42.0,10.0,36.0
35b9e8c317cea9e313573fe8cd9af9a2,relogios_presentes,35,251,1,350.0,16.0,2.0,11.0
f38b966670d58abe147f913bbf9a7ad1,artigos_casa,55,497,2,6700.0,50.0,20.0,40.0
eb9ae6bfc0ac320eac1aec583692de6b,beleza_saude,43,1187,1,1450.0,20.0,20.0,20.0
16b089babc44efe9db1fde71b35d1252,brinquedos,48,356,2,2500.0,36.0,20.0,28.0
309418595516e14bc2e98487ee4267d1,esporte_lazer,49,569,1,200.0,26.0,16.0,16.0
66f4a4e7df716d7d67d81496ccc1ccf6,esporte_lazer,58,1221,2,1000.0,27.0,15.0,22.0
810e2944bca9850b934e1570ba372e7d,moveis_decoracao,49,612,1,2200.0,30.0,35.0,30.0
b33e45187a97dab72b3c819e76efc972,moveis_decoracao,49,1749,3,4200.0,105.0,3.0,70.0
95340a2ad616a8f6d06e890edf417270,papelaria,39,219,4,1700.0,22.0,50.0,30.0
75b1af479ceb5b90e06b38ff4f753e1e,automotivo,48,686,2,1950.0,20.0,20.0,20.0
4c1fdadeda244374699fdc31917e5b34,papelaria,55,202,8,9700.0,35.0,60.0,40.0
a09fb9f597a4b8a13ab0c72d70c77081,relogios_presentes,56,610,6,250.0,16.0,2.0,11.0
9fe30f5d977b4413525497a2bcec51b8,informatica_acessorios,33,499,1,150.0,16.0,15.0,13.0
9b462e55a70e01cfd3f9686d12e11f09,ferramentas_construcao,53,302,2,200.0,17.0,12.0,20.0
004ffcbfa5aac82212a95bc972ea8a85,moveis_quarto,44,776,2,10000.0,65.0,35.0,35.0
3df9a620374297d963f991ff296639a4,moveis_decoracao,63,838,1,1500.0,43.0,5.0,30.0
8f1138aa9a4a3c0127a10b19fe956cee,artigos_casa,51,383,1,1150.0,37.0,9.0,30.0
9ee8c8a931dd4d34148aa31f54ee93c1,perfumaria,56,571,4,1700.0,20.0,24.0,30.0
f8d60c5ad1317240cc6138c3d50776b5,relogios_presentes,40,629,2,600.0,20.0,13.0,18.0
787d8c174c475a72f50428197ca5bf49,brinquedos,21,283,3,2800.0,71.0,13.0,36.0
91a3dcf83ffdf9fecb0dadfc7f026998,malas_acessorios,41,230,1,800.0,45.0,10.0,32.0
7da3477c47ab8a9339afcfe23362d2d4,esporte_lazer,35,547,1,891.0,25.0,19.0,20.0
3efd399c5d016b9e6a5ad3196eade44f,bebes,28,855,2,1000.0,30.0,10.0,25.0
bb34de910d1c34677e54c78a4b08a29d,brinquedos,56,692,2,6500.0,61.0,25.0,41.0
13fcfc313dfb2217e5ee3000a702f9ef,esporte_lazer,54,1552,1,450.0,36.0,18.0,18.0
ed906d6a6b38da71e48a5a0037939bfe,variedades,,,,2200.0,36.0,15.0,36.0
fe28979be307dfef18cb028e5bd4e8e6,artigos_casa,56,718,1,600.0,30.0,12.0,12.0
abe2c60707c1e11cfa710dc7328b4bf6,artigos_casa,53,208,1,450.0,16.0,10.0,16.0
3f55ca21769e7535d3ba989450207285,perfumaria,42,794,1,550.0,25.0,15.0,17.0
6a767a963418d92134920e184e918517,pet_shop,47,652,4,1350.0,40.0,20.0,30.0
ee414848defe3c945669ef6867298a62,malas_acessorios,44,218,1,200.0,16.0,5.0,16.0
171b509779ad4fe0cbed2a3d95d10c68,pet_shop,44,283,1,400.0,16.0,16.0,16.0
9007d9a8a0d332c61d9dd611fa341f4b,papelaria,50,366,4,200.0,51.0,15.0,15.0
7ca389d3eaebd21435892c359851ffa7,beleza_saude,58,323,2,2000.0,30.0,12.0,16.0
d24dd388a7b9f9c2efcbad7dc6cca05f,telefonia,51,1568,1,150.0,18.0,6.0,20.0
d929915b6b69f9c91192c898b6fc21fc,informatica_acessorios,51,1147,4,1050.0,105.0,11.0,12.0
d94b46bf2d98ad7dc02d380f1cf562fb,esporte_lazer,38,347,2,800.0,26.0,14.0,16.0
9cd2695ced061a6699aedacfb01e889a,telefonia,39,1440,2,125.0,19.0,5.0,11.0
658fc236815a88341f858edcdb0ec78a,utilidades_domesticas,57,965,2,1500.0,32.0,15.0,32.0
9d09afe70e3f77b5999d6199ab66e98f,beleza_saude,55,1962,1,500.0,16.0,13.0,13.0
801f0a5ea1ac28df44d65195cf4e2620,pet_shop,56,834,17,7300.0,33.0,30.0,44.0
9901b5cedc1eb8d69d16d4c3aa8c67d3,variedades,,,,500.0,24.0,4.0,15.0
a2cc1ca6628697fcdaa51066d6aa3014,utilidades_domesticas,56,729,4,1600.0,16.0,27.0,40.0
5111f663915cb81d02d4010a0025fd42,fashion_bolsas_e_acessorios,55,1359,1,200.0,16.0,2.0,20.0
81efaa22f3868f00c8ef1879cccc3c03,informatica_acessorios,44,586,1,550.0,16.0,14.0,17.0
5d1fb1b8ad5adc868c6050e9bddcad27,esporte_lazer,53,985,1,800.0,21.0,26.0,21.0
f4470c119e77b79863901b5d2152fc6f,variedades,,,,250.0,16.0,4.0,11.0
65dcea9092da1362310088f4a84db93e,informatica_acessorios,34,461,4,2400.0,60.0,45.0,20.0
13cbcae713c151157883c4c13a1ae639,ferramentas_jardim,56,2340,3,850.0,24.0,9.0,27.0
eb2d12bc991561d4ca5deff0e60854e4,beleza_saude,48,333,1,675.0,23.0,15.0,14.0
7bc637a5504e0cfdf08490124d681fd3,pet_shop,32,1920,2,300.0,18.0,9.0,13.0
5c6c8bdc71e47cac577be6a17cef3ab3,informatica_acessorios,39,466,1,200.0,16.0,19.0,16.0
92a73c1b226e585ad9d74a1b8d4e0faf,eletronicos,53,386,2,433.0,20.0,11.0,16.0
a11ae57e28ac218d33dbd82fa3879b57,fashion_bolsas_e_acessorios,45,1382,1,200.0,16.0,2.0,11.0
3a9c4070ee3d8325be46ec77b483c6e7,bebes,44,1441,1,3900.0,41.0,17.0,49.0
3f9609072abcb4b849b1f901663cc08b,informatica_acessorios,56,568,1,400.0,21.0,7.0,28.0
7ca842c587021040e7e0135fac921602,perfumaria,59,670,2,500.0,16.0,16.0,22.0
403e95f4460939e06a89a253a15dd99f,artigos_casa,58,217,3,900.0,30.0,20.0,30.0
1e8c9a649b9c92a2acf771c3168e15b8,artigos_casa,45,759,1,9550.0,33.0,44.0,33.0
0bc5e6c957486577f11519bf36577b38,beleza_saude,31,1356,2,525.0,21.0,18.0,16.0
dc5fd9c9989813f354c865854be80178,informatica_acessorios,56,388,2,125.0,14.0,11.0,11.0
83e68070fbf16ac859fc13285a5ba9ba,telefonia,53,602,2,150.0,19.0,4.0,20.0
27b99299bd10dc45971843eba0ef3124,beleza_saude,55,1216,1,1183.0,20.0,24.0,19.0
5496a07083e7727282eb3d1c97d5c054,artigos_casa,57,262,1,2400.0,45.0,15.0,35.0
778c4dffd777dbe97f26efe02565df49,livros_interesse_geral,37,1287,2,1900.0,16.0,2.0,11.0
059fd0cc43081303f7c0d7770ab53d52,esporte_lazer,33,1753,1,11780.0,56.0,29.0,29.0
af0a917aec9cea3b353ece61a8825326,artigos_casa,58,188,1,1200.0,44.0,2.0,35.0
86b5eb8613c4a7bbeaedb2fa28e0a6c1,brinquedos,60,1216,4,1200.0,28.0,13.0,21.0
e813c8739a6a0706b764a5d4468702a6,beleza_saude,50,627,3,160.0,14.0,15.0,14.0
53c2dce98e95822ca42cb5cac7352d8c,moveis_sala,32,498,3,1925.0,40.0,35.0,19.0
f32af0a8b0bcb05b60f05e8907ad8866,moveis_decoracao,59,325,3,400.0,16.0,2.0,11.0
8e35056a353550809b6675987b99a117,moveis_cozinha_area_de_servico_jantar_e_jardim,57,1124,4,4550.0,55.0,10.0,35.0
eaac4fc2977aa6f917c42e6fc02d0ece,beleza_saude,39,337,1,300.0,16.0,10.0,20.0
cfd414b4463647f58c7775eaae06893d,beleza_saude,44,1529,4,300.0,17.0,7.0,12.0
3777da5a4d01cc856906b449ddb7ffd3,ferramentas_construcao,55,510,8,7300.0,35.0,14.0,35.0
dd566bfbebab66e6531a129590ee8e1a,moveis_decoracao,49,1260,2,800.0,60.0,7.0,11.0
7d6f35ea77f93f45e3de5311bc95d46e,seguranca,32,1187,2,250.0,16.0,7.0,11.0
6c1a3375a7b0cb7b5a454e123c61311b,artigos_casa,42,325,3,2650.0,16.0,16.0,62.0
3ada827a3b82590816ffa9741fa4bd03,moveis_decoracao,28,419,3,200.0,105.0,20.0,60.0
f6e6c65001237d8ad94691b224e17753,moveis_decoracao,41,1001,1,1300.0,17.0,27.0,17.0
2ac0cca735ca6684053d28a17883b765,bebes,50,844,4,1400.0,20.0,15.0,15.0
19bcd4eb05ab42b8bd0976cf94bffd7b,informatica_acessorios,38,951,1,225.0,16.0,5.0,13.0
2aca750f46a021f1d74607ac2b46e8fa,relogios_presentes,56,568,2,500.0,16.0,11.0,11.0
db07b03c014c3a71c190127c5444ddeb,ferramentas_jardim,37,757,3,255.0,29.0,9.0,20.0
1a1d458cb32036ef1bfdc7896e3a63ce,automotivo,48,538,1,6050.0,40.0,30.0,30.0
c0d44799bf113c42b744c0c5310a081e,fashion_bolsas_e_acessorios,44,466,15,1000.0,20.0,10.0,20.0
d882625606363a3200e0f9fee9452105,beleza_saude,59,692,3,175.0,18.0,11.0,11.0
6a33f85f66191cc5b645b5f775ca93d9,esporte_lazer,60,729,4,400.0,16.0,6.0,11.0
117f28333ddc9e8907cb03431b06fa80,artigos_casa,57,204,1,3050.0,45.0,20.0,25.0
90efe66f56959c0750c866fd59f9f92e,automotivo,53,993,4,950.0,41.0,45.0,11.0
514a9597737e8355eb57932c4f1faf9b,livros_tecnicos,29,247,1,800.0,23.0,3.0,16.0
f91ca402b63936397a526d0c81976270,beleza_saude,56,990,2,200.0,16.0,16.0,16.0
28e2aedad93288312a4929b8dd91ec73,ferramentas_jardim,41,1094,1,1100.0,16.0,6.0,11.0
a61e653744986d43321a572f2877197c,moveis_decoracao,34,259,2,8400.0,40.0,30.0,40.0
a5b601f57c1fe288e77100429a1f1b7a,automotivo,50,3424,5,200.0,16.0,5.0,16.0
4bafd71b0dac038a5f1a591c3b1a18b0,moveis_decoracao,57,726,2,1600.0,35.0,10.0,35.0
a5b4f317244eebd07c3e881cf54abc1c,moveis_decoracao,63,390,1,1550.0,40.0,15.0,35.0
f285eba83f21f018d6cf58aceb1a8285,moveis_decoracao,63,1052,1,5900.0,52.0,53.0,18.0
410dd36335e15d089a9668e9bb5b2cd7,automotivo,60,703,6,6300.0,47.0,19.0,23.0
bc2d9919d641257d3745492c23bd16ee,relogios_presentes,47,1096,2,400.0,17.0,10.0,12.0
743801b34cc44776de511ba8eff778e2,moveis_quarto,55,1939,2,200.0,16.0,2.0,11.0
1fcb60b5848efd11d95695cbad320c14,artigos_casa,49,544,1,4300.0,35.0,35.0,35.0
a5e28e21acf7c99188ad33f688f18837,informatica_acessorios,58,174,3,1550.0,20.0,4.0,20.0
25253e832959ada92f27f703995719d2,variedades,57,831,2,700.0,16.0,16.0,16.0
37bc5c7b7dca15cfcbe282fb0dd0bab3,utilidades_domesticas,55,1117,1,500.0,25.0,25.0,25.0
9cb2ed2f273027b8daa3b0863368105c,esporte_lazer,60,373,1,600.0,50.0,5.0,16.0
e1bf2f209fd2b08e1af3ed71732d9008,pet_shop,34,630,1,127.0,18.0,10.0,14.0
b348cae99d8bef36e269b016bc19419b,fashion_bolsas_e_acessorios,35,232,2,200.0,19.0,11.0,15.0
5d91ebba17efcefccb56680d45aae16b,automotivo,54,157,1,2200.0,16.0,16.0,16.0
01ff1ff8aa5dec93e9938b989393a4ca,perfumaria,51,315,1,350.0,18.0,13.0,18.0
d759fd6b0285e54cf1bc5041e2a286bd,automotivo,52,286,3,375.0,17.0,4.0,14.0
e53efdeb68fadf8c0cfcd1734bc62d13,relogios_presentes,57,1057,1,300.0,28.0,10.0,18.0
fc84057c7ba16fe04a3c66cf104e02a6,moveis_decoracao,40,241,5,8050.0,82.0,6.0,82.0
f4685661dba7a38783007afb3e5fe8ac,bebes,51,737,2,400.0,29.0,18.0,17.0
53e2768ef7659279bf2ae3c2526b7b86,pet_shop,63,1148,1,350.0,20.0,20.0,20.0
3cdb91cbeb22b6e87c8b595b68dfd5eb,ferramentas_construcao,59,326,1,800.0,30.0,30.0,30.0
a2bf540a9bef22e03c87697bac6ea793,esporte_lazer,22,608,1,10450.0,33.0,10.0,11.0
7e503dc4ddcb4b145a8bb4c00a7c3249,ferramentas_construcao,57,1505,1,1000.0,60.0,15.0,30.0
b8998cc6607a73af89458be145ae150d,livros_tecnicos,42,1413,1,600.0,17.0,24.0,11.0
28e6a89f22da7a12c26de9eaac8631a2,moveis_decoracao,46,1270,2,1750.0,30.0,37.0,23.0
2ed4ea5a5394cfcb0d052cdc587fc78f,artigos_casa,58,783,1,713.0,34.0,6.0,29.0
37b56eb8cc2988e0d7b5cfd7858d67b3,pet_shop,59,612,1,2700.0,40.0,12.0,40.0
e04493d73e69a7e3f63e676d761750e2,livros_interesse_geral,49,811,6,550.0,20.0,16.0,16.0
a2f2d194871ef351cfa8271184bfafc3,beleza_saude,52,1036,1,1300.0,27.0,9.0,18.0
3eae31de0119f9f566a337ac2458ae7d,esporte_lazer,52,234,4,2250.0,20.0,20.0,20.0
0e8dd4723ed0d8206b7edbe908f35081,alimentos_bebidas,60,2690,1,250.0,16.0,16.0,16.0
d02f9550ee49a75b19c5e0d26f9756aa,esporte_lazer,57,920,2,2400.0,20.0,20.0,20.0
f58ee92194f9b169efef9364f892f9c4,automotivo,54,809,1,10500.0,65.0,65.0,14.0
0bb1142b8037490f29e8f322ad5b538c,perfumaria,37,296,2,200.0,18.0,3.0,11.0
a32c3352c3c5fbaa5fc5f8a8f593e2af,artigos_casa,59,289,1,2150.0,35.0,9.0,33.0
e4d6002d3e034177ea1f31aa222cc722,pcs,58,1305,1,8750.0,41.0,41.0,21.0
bcf8ab16f538b2f7bd63ebf67faef909,moveis_decoracao,63,184,4,8200.0,100.0,7.0,70.0
2e281b1a8143fa9ed84694fe44d66b3d,artigos_casa,51,215,1,2350.0,40.0,6.0,30.0
5548040d5b1cc71c61c03d2f1d2e6ede,ferramentas_jardim,29,274,1,200.0,39.0,3.0,13.0
c6c99dd4d0be36139d78cd917a5bdda3,seguranca,60,2744,2,200.0,20.0,20.0,20.0
57aae7271c7c24614b0d663c6df83f35,esporte_lazer,32,1042,1,200.0,18.0,11.0,13.0
afa3bc466a2fbfde2f263266a4dfae3b,informatica_acessorios,39,604,4,250.0,43.0,2.0,30.0
3ba7b6fb79791c1b73bc5740e15bd6e7,telefonia,35,156,3,100.0,18.0,6.0,11.0
952e73f7e8bee61569a32b35c19bc981,artigos_casa,53,128,2,950.0,50.0,5.0,50.0
97c1215186cdbed36fc3bc4bb0ba938c,pet_shop,49,261,1,1500.0,35.0,20.0,25.0
9a63d4ef456702710823c21b8cca0332,automotivo,58,567,1,200.0,16.0,6.0,11.0
7ee185224a0391c3ef0865347c1898e5,variedades,,,,900.0,40.0,35.0,35.0
6002665d65ee348dcd357c7bb2f080bd,bebes,56,518,4,900.0,35.0,22.0,45.0
68151bf28b319e198d9b5a4c7a8698a1,artigos_casa,55,624,2,467.0,45.0,4.0,35.0
62c89abe1afe3a23c17765d462718a4c,perfumaria,51,805,1,540.0,23.0,13.0,19.0
a0394f1fff311520f4fbd8744be5959b,brinquedos,56,367,2,850.0,40.0,30.0,16.0
47680bbc62e3aed9ad9333456c7caa32,eletronicos,56,257,1,400.0,27.0,13.0,17.0
7bb99ab3c33719ecee18ad4a8036e705,automotivo,60,1780,2,550.0,21.0,18.0,13.0
6ba64cfa68872d30def59da724cc6ca2,esporte_lazer,45,573,3,150.0,27.0,31.0,18.0
5926c58c462b5d1f932ef3f0a9e37d41,casa_construcao,29,869,7,8300.0,40.0,30.0,25.0
c06252d356b828bf1a37ed4d8ba0288c,esporte_lazer,52,538,4,1900.0,47.0,14.0,35.0
9da950e8c8c482441f1b93955b21c827,variedades,51,516,1,5200.0,37.0,20.0,34.0
6ee311be7bbcd310177fcd735f854949,beleza_saude,41,131,1,1650.0,18.0,19.0,13.0
29abbd57526dab494a667e62d361f6cf,automotivo,53,1771,1,14100.0,16.0,2.0,11.0
47b8c79d616369fd222f0bb68ea0293b,beleza_saude,31,867,2,600.0,20.0,5.0,15.0
dc4adbe80b638fa8ed7ce4d2822e05af,brinquedos,63,1047,6,2850.0,65.0,24.0,16.0
5984d199ed3cbe4f2736a4c24559af8c,moveis_decoracao,52,721,3,1350.0,34.0,6.0,28.0
1aa14227ddc4559e09c497298bf618dc,esporte_lazer,61,991,4,150.0,26.0,2.0,21.0
198ec19b3806cc2ad217e159e4e09d58,relogios_presentes,59,696,3,200.0,16.0,2.0,20.0
91ae5412c05e994ae67784b3bf7e50db,relogios_presentes,53,1295,3,500.0,16.0,14.0,11.0
8301e489165ea0f91dd987fafebbe58c,fashion_bolsas_e_acessorios,51,220,2,150.0,24.0,4.0,34.0
64711ecc1a5700b2ca5fca7eafab7f3e,utilidades_domesticas,56,1005,1,14250.0,50.0,42.0,41.0
f16d2a82f9aa7a4efd36ea25d0966c97,esporte_lazer,55,1976,2,1400.0,16.0,27.0,16.0
e77ebe35bf8e1b846da15aabbc1247e9,livros_tecnicos,57,440,1,450.0,23.0,2.0,16.0
086d5564c102e81c6f215639d9d1e09e,ferramentas_construcao,55,456,1,150.0,20.0,3.0,20.0
834b8e004b7448cade7c0fcbe6bb84ee,artigos_casa,53,177,1,400.0,16.0,10.0,16.0
9cfc534e612cd634ccf02aeb68583094,ferramentas_jardim,50,1194,4,1733.0,22.0,21.0,19.0
b657163c168e6b574fdab182100742b1,brinquedos,27,702,2,250.0,17.0,7.0,18.0
43afa94fdd01b7f2a67f3776a8df0d71,variedades,,,,1200.0,27.0,10.0,20.0
f1e258360f5eb6a99119bb6febde40fd,fashion_calcados,55,344,3,1900.0,36.0,37.0,16.0
aded994da51233ec2f2b7eaa78ef6c92,relogios_presentes,39,516,2,850.0,48.0,16.0,35.0
5f0968068096bd1129c543f3fb59604b,utilidades_domesticas,59,167,5,2000.0,40.0,12.0,40.0
af25257adf28d8a0c281173073c2f2da,alimentos_bebidas,31,321,1,400.0,34.0,13.0,26.0
5c3eaf54e8ee5d5378765ff16df7640b,moveis_decoracao,51,826,1,900.0,40.0,5.0,40.0
9575c58d6ba5856589c410cef0b3f0e0,variedades,,,,1000.0,20.0,15.0,20.0
8a72ecadce1dfc792b333bead4eb3600,artigos_casa,60,230,1,2600.0,35.0,9.0,25.0
a12ece3f747b6aae747ca17176611aa2,brinquedos,31,1130,1,3000.0,43.0,19.0,37.0
66d8fb4ea4391a1f36cf50152c26b4ca,artigos_casa,50,558,1,2300.0,25.0,25.0,25.0
da08cfe6c77b65a07d8396113d827f18,papelaria,39,262,1,1700.0,20.0,55.0,35.0
32cb082100ed973a2e3a6950214f8629,malas_acessorios,32,1356,1,19200.0,40.0,77.0,55.0
f5c0c21094c05855d475bc3890adb6dd,automotivo,59,1116,3,450.0,16.0,5.0,11.0
f327c74114a7eabe18ba572a0ad10105,telefonia,59,1809,5,1850.0,26.0,21.0,23.0
562889377528e3e535225d9df0e6883d,pet_shop,52,427,5,100.0,27.0,9.0,26.0
0dce4d890959f0607b58e7475d13fc86,beleza_saude,33,1230,1,600.0,20.0,8.0,13.0
d66a99b585f1db4d54930362c24882da,papelaria,44,231,1,700.0,46.0,10.0,33.0
60525d5b6a1658c5eea3c64713922000,artigos_casa,50,620,1,1700.0,30.0,10.0,38.0
6afddd846da3dd77e807fb9af5930aae,bebes,35,805,1,3045.0,55.0,60.0,30.0
4d48ac77f9d392c0ce075a49390d0b76,esporte_lazer,39,1765,1,4000.0,26.0,26.0,26.0
6ef7db41787d5f0c65b2f9487d4336b7,automotivo,47,2031,1,4725.0,40.0,25.0,30.0
c1848f7c08dcca8335a8e18f2d3f0ff7,automotivo,57,527,2,450.0,23.0,25.0,24.0
04f9876e5833ccf6df7934aaebd19faf,utilidades_domesticas,52,338,1,1400.0,24.0,7.0,12.0
905b0c0ebfb5ea28af1b5cfb97bbbd27,fashion_roupa_feminina,43,1621,2,500.0,16.0,2.0,11.0
94d0a616574879b4edcd299f6b9e4dad,variedades,33,908,1,1000.0,40.0,40.0,30.0
08ef610bbd6b290c3811f95c354779a6,ferramentas_construcao,60,339,1,13600.0,36.0,8.0,36.0
34952b816a67556375be2aac9cab263d,perfumaria,33,519,3,100.0,20.0,20.0,20.0
39b163e43ba84533daaba94c5a0712de,eletronicos,57,108,1,200.0,16.0,7.0,11.0
5adf9ead456c61f48967714f56b46cce,artigos_casa,31,235,1,300.0,33.0,5.0,23.0
15b1f9b06d0e709552d7d8638387e09b,moveis_decoracao,24,498,2,400.0,16.0,25.0,15.0
183c95ad186f48c320bbac4643829d3f,fashion_bolsas_e_acessorios,36,412,5,150.0,16.0,5.0,20.0
1fa968aa921dd9cdf625d5caf8f96654,esporte_lazer,50,830,1,700.0,16.0,15.0,15.0
bb580ac04bfbc59d40fdf59a5dfc2a8b,telefonia,49,614,1,400.0,16.0,5.0,11.0
d52463875db80535c279cf58f6f5c183,moveis_decoracao,60,769,2,3300.0,33.0,8.0,33.0
72ebbdf0bf7a61d4772ff4d2e90d8b86,esporte_lazer,33,636,1,425.0,20.0,14.0,17.0
83e4697499f98f714028beb3b01d3067,beleza_saude,58,663,1,550.0,18.0,16.0,18.0
c7c57beb314dfd634634c758da3eba64,consoles_games,60,2659,3,650.0,20.0,30.0,25.0
55ebae49cf4c0963d5738a39e1e79750,fashion_bolsas_e_acessorios,54,588,8,300.0,22.0,14.0,22.0
4bf1085a4e87e45ed67e38cb78186634,pet_shop,48,433,3,150.0,16.0,50.0,16.0
028b3574d7619f191a7345161ae590e4,telefonia,60,2051,1,150.0,16.0,10.0,11.0
44c2baf621113fa7ac95fa06b4afbc68,moveis_decoracao,54,984,2,7000.0,16.0,50.0,55.0
f6c8384f424cad1a22fd89bbc62ff7ae,pet_shop,60,479,3,300.0,27.0,9.0,27.0
e489b41419c7d7d00445dc5d3c9966a4,relogios_presentes,60,146,4,300.0,16.0,2.0,20.0
b79d7f5b95f27eb1f3e1b95e7808c08a,moveis_decoracao,52,182,2,400.0,20.0,5.0,20.0
73b4a12b226263790a8726fac9f30b34,moveis_decoracao,63,518,2,900.0,80.0,10.0,60.0
d4b5e9f5b09b266d88471826549ae94b,industria_comercio_e_negocios,56,1193,1,10300.0,48.0,37.0,30.0
fb338b6903065759031dcb1d6cf7cac9,utilidades_domesticas,49,409,1,2300.0,67.0,44.0,13.0
e0f33a3329af6716a0bb47fd7a664439,variedades,,,,200.0,16.0,13.0,14.0
00c3e35b00dd00ab864d4a94c1b97e66,perfumaria,58,596,4,512.0,30.0,12.0,18.0
91b3eea4ab6c21d2f61d53597e49bf3f,brinquedos,43,163,1,200.0,16.0,17.0,11.0
79da264732f717f10ebf5d102aa6c32a,telefonia,59,675,5,150.0,17.0,8.0,14.0
d67dba1c3b73cd096ec52d02ba7f359a,moveis_decoracao,63,682,7,1650.0,43.0,36.0,25.0
67d2d3861a68afa1c91b8b909df0ac7d,esporte_lazer,60,846,1,10825.0,60.0,25.0,34.0
2b2428ab65b564c08fd9b40e187df246,alimentos_bebidas,44,304,1,1700.0,33.0,33.0,15.0
3a39c179470806b09fb138536170cca3,artigos_casa,64,702,1,2146.0,42.0,11.0,36.0
9bb8ca338e5588c361e34eae02e8fad6,beleza_saude,37,314,1,431.0,19.0,17.0,15.0
f37d4bcbd21078ef36fd59518e99f045,informatica_acessorios,52,673,1,1025.0,32.0,14.0,12.0
9e440ee1821439fdc539a6b1372f315c,moveis_decoracao,63,394,1,1700.0,45.0,15.0,35.0
82bf3b832fc83ce67cc295a7a8ab6783,bebes,30,935,2,300.0,22.0,10.0,17.0
26a6aaf337b078349b5ec749be2e7a5e,utilidades_domesticas,58,1556,3,1100.0,23.0,12.0,17.0
769106ca9d176076a3f0debb980e64ba,moveis_decoracao,56,546,2,100.0,16.0,11.0,16.0
d4fc5ba3bc5d9e1a43cff83f4c454184,variedades,59,940,5,250.0,23.0,8.0,19.0
c9e3b986ab953f3b1f4028bee505deea,ferramentas_construcao,49,504,1,2550.0,29.0,31.0,30.0
a08f2d7eacff19b9201536d0c7a1d311,moveis_decoracao,50,519,2,350.0,16.0,16.0,16.0
f332a0203f8106d982e2e9dcea4ec7a5,brinquedos,44,368,3,756.0,32.0,21.0,24.0
55552e80f046fafe13e130e6a07745e2,esporte_lazer,29,1149,8,9950.0,105.0,15.0,25.0
67bf0dde94ca85e84e682a80c604807a,moveis_decoracao,48,193,4,1100.0,25.0,23.0,25.0
e788814dbb6e72ac15d42d8651324b56,artigos_casa,45,292,1,1250.0,41.0,7.0,41.0
d81cbbaeb38bdc56879d408d7f607b0e,telefonia,53,2384,1,600.0,21.0,23.0,22.0
bee2e070c39f3dd2f6883a17a5f0da45,informatica_acessorios,53,871,4,175.0,20.0,20.0,20.0
a3e66bab3c2ca507ddb970a748ed740b,esporte_lazer,49,891,1,250.0,16.0,16.0,16.0
1cbc78e4a21eb9d14fcc229e482a6418,variedades,56,205,2,493.0,30.0,20.0,16.0
dd47440cb56de3ab674f9208ff0edc3e,informatica_acessorios,58,956,3,2550.0,30.0,10.0,22.0
a65c5262711fe967432f3b523ae049a9,pet_shop,56,1347,2,6700.0,50.0,20.0,40.0
1c6c35cdf70ee1c3515cd1527f4aa6d8,papelaria,56,909,3,450.0,28.0,32.0,23.0
1dfcfcbfaae79f18090fc9e3c336b62c,artigos_de_festas,44,227,3,300.0,16.0,6.0,17.0
bf477d995ee4444807afc574cfbcc1c1,brinquedos,46,1206,2,325.0,30.0,8.0,18.0
68841da6fdd03f059359823165da9444,relogios_presentes,52,488,1,400.0,16.0,11.0,11.0
bcdef08f4db7ae67bff7538debd6daf6,bebes,56,1853,3,1200.0,25.0,13.0,18.0
ed194a0dca1f25a7f40e0a2992517a3e,artigos_casa,52,729,1,4700.0,20.0,30.0,30.0
e7334b129a41eb82529e801da102212b,moveis_decoracao,59,222,1,11200.0,41.0,41.0,23.0
26ce5e30e831d1c1e9ac3eeb3a876935,ferramentas_construcao,42,943,1,16750.0,35.0,35.0,101.0
db272366bfa82333abe0da87ae7735d3,beleza_saude,52,1136,1,330.0,52.0,55.0,39.0
a10553a1882cc51b8910c246613fb0b0,moveis_decoracao,29,278,1,7600.0,40.0,35.0,35.0
f5e3c48bff299925879d1507ab662a2b,relogios_presentes,57,1542,3,500.0,16.0,11.0,12.0
ffeb228c521d5464d1f71444da96c446,telefonia,46,394,4,200.0,19.0,3.0,11.0
c8a4ec6d4201d92e157eafb89eab932b,automotivo,50,586,1,1850.0,41.0,18.0,40.0
f81b171b346c639cb5a7cbab8dfac7c4,informatica_acessorios,60,969,1,175.0,17.0,12.0,11.0
5715a3dc7df27aa1c131f51e17e614df,artigos_casa,55,391,1,950.0,50.0,5.0,50.0
c0eb3c049747e427282803363d9d7067,beleza_saude,50,529,1,488.0,23.0,14.0,17.0
53e4a9df6738c52c11e3856a977404c4,fashion_calcados,40,303,12,250.0,29.0,7.0,16.0
387f6bcd327b1e561b822dc4a2b313d6,variedades,41,771,1,2250.0,30.0,33.0,28.0
5c02e160e085328cf3228d73bf180342,beleza_saude,36,684,1,600.0,21.0,14.0,14.0
177c3ebabe9adfcda1308c5dea939f6a,ferramentas_construcao,56,168,6,10150.0,48.0,23.0,48.0
d8669d2dcff6b0dc4b1d693bb28890d9,brinquedos,42,1214,1,525.0,24.0,25.0,23.0
788e0f3785be86f57f6d42e107d081c0,beleza_saude,43,1496,5,3200.0,16.0,35.0,11.0
27cdfae8c8c8a703a13663e4c629ef39,beleza_saude,52,399,1,500.0,20.0,6.0,11.0
3f24e35922fa51c0626c7c51d2f3a9a4,artigos_casa,45,179,2,1250.0,45.0,10.0,15.0
afafa875b12e60624062223c05833433,moveis_decoracao,63,455,2,750.0,80.0,10.0,60.0
4c7135793bfbc474845cef259450e694,telefonia,59,409,1,200.0,17.0,17.0,17.0
1582e72435d827bb125ed429ecfc56f6,fashion_bolsas_e_acessorios,48,1359,1,200.0,16.0,2.0,11.0
1f3b8727459b932736f709be23eef109,artigos_casa,60,870,1,19200.0,58.0,44.0,53.0
f03230fa1c067f43e1e56560adec9775,variedades,43,628,1,500.0,16.0,19.0,15.0
b80b3d8dc140b36085b4f6fefc79eac4,informatica_acessorios,45,1237,1,6725.0,23.0,13.0,14.0
b5b2072f757c9317caa9c32c3bbf393d,telefonia,43,336,4,50.0,16.0,3.0,11.0
99dc7241bbddb1c9da9ee00ed8070f56,papelaria,57,199,1,400.0,25.0,15.0,11.0
e2055b97e82d54729173aebed46123a6,ferramentas_construcao,49,722,5,6400.0,48.0,16.0,38.0
d58e6a832075e2743bc96d14b2ef91d3,variedades,19,353,1,500.0,20.0,20.0,15.0
e11b7abd9eb82a586a144e97594bc05f,moveis_decoracao,16,83,1,1300.0,24.0,39.0,22.0
0b50295ca2c740dec15bb6fec6e8a3e2,fashion_underwear_e_moda_praia,33,1107,2,300.0,22.0,10.0,15.0
1e9da397f7a02c90947b44bfa4a8d0b0,papelaria,54,632,1,400.0,28.0,10.0,18.0
e2de41d7036bd95cd37a7a9f4949024f,ferramentas_construcao,35,234,2,350.0,16.0,7.0,11.0
73d29abf6531702e5f31c2f7754e8b17,beleza_saude,46,409,3,250.0,16.0,2.0,11.0
5bec1db1c3f053e422f33b7d8f23adfe,informatica_acessorios,59,1186,2,1600.0,40.0,15.0,25.0
7d1fc7d682f6a5c8e47437e3540f4415,variedades,59,812,3,3400.0,37.0,27.0,22.0
2de20adf2a0b53d046bdc80ab9f8cf89,telefonia,41,100,2,100.0,16.0,14.0,15.0
128f4a77e367e573f494417d3b0bb68a,beleza_saude,50,170,1,700.0,23.0,5.0,11.0
a5f1e2bdbdb0cd9e44001c416fc3162e,brinquedos,37,413,1,1473.0,38.0,15.0,21.0
291cb07ce0a3ea5eb460e950b8554909,moveis_decoracao,58,461,2,350.0,33.0,4.0,28.0
c100e5fef1abb5e1c5054d1dac2d83ac,beleza_saude,57,534,1,30000.0,55.0,75.0,61.0
d05bb6074b45c20f7a516c239c0a1c43,pet_shop,32,1574,2,250.0,25.0,16.0,16.0
aef8207c2e91f4fcdbc0824737abf358,beleza_saude,41,915,2,1075.0,26.0,14.0,17.0
c501923885535aa99ac2dd7a4e0ed7fe,moveis_decoracao,59,471,1,1200.0,30.0,5.0,20.0
aa9077a4c7139067003eeffe84759def,ferramentas_jardim,39,920,2,170.0,16.0,10.0,12.0
b73091f98b819cf7a339f74ece86aa4b,fashion_underwear_e_moda_praia,39,423,1,200.0,36.0,4.0,20.0
81abb619b6717f1ff31f79e5d73a215b,variedades,,,,2700.0,24.0,5.0,17.0
435a1672279b4287778328c7dc80c040,utilidades_domesticas,55,549,1,13800.0,43.0,67.0,27.0
50f510492e0472326ef292451593bfb5,esporte_lazer,39,2165,1,488.0,17.0,16.0,17.0
586b14a3aadbdec1439e5d7029fbe886,bebes,34,132,2,300.0,16.0,8.0,11.0
146f7b7f77ccadc63494db1aaad2bc7f,utilidades_domesticas,42,719,1,4088.0,40.0,23.0,25.0
29e12e9986898ede7b446f39cdaaa6de,consoles_games,56,1478,1,1750.0,29.0,3.0,21.0
8f3a83d431c7066aabd357f3ad3590a8,perfumaria,50,1978,1,300.0,18.0,16.0,12.0
3f217ac180c743ff2e4b047d4f205d52,instrumentos_musicais,57,507,1,200.0,16.0,9.0,11.0
3adde396ccd202b8fe21807c2b624f4c,moveis_decoracao,58,271,1,8400.0,50.0,20.0,36.0
9b8fae0d687fadb80a75aef40ea60fc2,relogios_presentes,36,1138,1,400.0,24.0,9.0,16.0
35d41a97fd059a6bafe3f7c1fa00e718,papelaria,44,790,2,13300.0,45.0,20.0,35.0
5421431a9abfbdac3006e7aa925c0213,utilidades_domesticas,48,632,1,700.0,21.0,10.0,17.0
a2fa8a119b04c25a8f62364a74d04ad5,esporte_lazer,54,2078,1,250.0,20.0,20.0,20.0
5c5378e8476e24c149e5b2e678ff4212,artigos_casa,51,850,1,6225.0,47.0,32.0,50.0
5c699beec1e114bd15b35cf8d01ec6b5,seguranca,43,471,1,640.0,22.0,15.0,17.0
65650c84064ff1a79e4a05988f4c3e9f,utilidades_domesticas,57,231,4,975.0,23.0,25.0,23.0
51dcebe4be78c07308e1fee83999e285,beleza_saude,52,1223,1,1350.0,24.0,24.0,24.0
824479121ed07485e5195dd6bfe467a1,moveis_decoracao,50,307,1,500.0,40.0,15.0,40.0
a941195d6668f8046c2db547478f5e05,brinquedos,34,379,1,10975.0,94.0,38.0,13.0
546d4cc355042a9e4d0a72dea3f969eb,esporte_lazer,49,1454,1,1025.0,25.0,16.0,18.0
a367f823feb49954fedb4f4a43ad9db2,relogios_presentes,60,502,6,300.0,16.0,2.0,20.0
49cd59957f1c81427ca0b2edf5696969,bebes,33,55,2,400.0,25.0,10.0,30.0
c5a988d6c58153f73f1c71e3b5ebd4d3,moveis_decoracao,59,799,1,1550.0,105.0,6.0,30.0
6627732c944353907f92ff0812138314,beleza_saude,39,386,1,50.0,16.0,11.0,11.0
a611d42645c444a6c8a20c3d4f058482,telefonia,50,1440,2,100.0,18.0,6.0,11.0
77a5f8bbf0093ff1724692679af6e0a4,artigos_casa,53,661,1,3900.0,42.0,16.0,36.0
41c1f03b4d5bac6d41d5f9d2a85389c6,brinquedos,55,394,2,2000.0,50.0,15.0,30.0
1231bc5d1cab6d3f64357eba69240f63,ferramentas_jardim,54,2098,1,11900.0,30.0,40.0,30.0
44c982f1949c28d2024991bcbdc76656,variedades,20,679,1,5350.0,40.0,20.0,40.0
88f2c10f7a675e2f7e5a00ec528d973a,audio,33,346,1,1000.0,20.0,16.0,16.0
1cd876bcbd0907f49bbf28372f86dd32,beleza_saude,36,1529,1,150.0,16.0,5.0,11.0
5d9805d8578300114d104afcfd6e6b39,esporte_lazer,36,163,1,158.0,19.0,13.0,16.0
a89f9c4cd59eaed03ef9cd685c41a8b2,brinquedos,54,668,8,1300.0,52.0,9.0,32.0
afae80b31b9d25add3eebd704738958d,moveis_decoracao,59,401,1,350.0,32.0,2.0,22.0
81e3122f0151871654b6048a47b1565e,utilidades_domesticas,60,1494,6,650.0,25.0,20.0,25.0
83d5757d175fa2b1b90e5369ce549b8e,malas_acessorios,20,590,5,4200.0,40.0,55.0,15.0
fa3bc8d73fe3b0ec061190651433a417,esporte_lazer,29,518,2,1500.0,36.0,6.0,26.0
687578da8cc5f5b3da7d328a5aebadf7,automotivo,58,410,1,1700.0,33.0,27.0,26.0
fa2de9e6a52f697fbd74ddbc2c15b16c,ferramentas_construcao,39,457,1,971.0,36.0,26.0,24.0
4fee671ea459ebc96546523917e254a5,consoles_games,63,2872,7,4700.0,35.0,22.0,32.0
669386709be2cc2fc80d31077bd43f2f,automotivo,47,295,5,1500.0,18.0,27.0,15.0
8135b72ac72267bd0dd2fe06bcee1320,moveis_decoracao,37,748,3,550.0,16.0,40.0,15.0
972c34115d851ba523bc16ec0ab2b098,beleza_saude,38,179,1,700.0,25.0,25.0,25.0
4c09470b433cef8a5790d7519849a282,automotivo,59,1278,1,3250.0,30.0,30.0,20.0
058f0416fd2fad8fb4cd0443ade6a42b,ferramentas_construcao,50,199,1,950.0,23.0,14.0,11.0
dd662a1d30a8b044dac12d0a296fcb70,beleza_saude,49,593,2,200.0,25.0,15.0,15.0
45ee7eeb2da75b49edaa30e7b01e04d2,brinquedos,50,182,3,450.0,16.0,13.0,16.0
c975b90be565c8327e1b854ef05201fa,artigos_casa,54,329,1,18050.0,50.0,30.0,45.0
0b2ffdc19b87d97231a1bbd7bb979013,relogios_presentes,56,598,1,675.0,16.0,11.0,11.0
528dac9e82a36e6b5150d263d1bdaaa9,artigos_casa,36,441,1,300.0,16.0,12.0,11.0
264aad5ca689ed34e57633f78c5683b4,automotivo,58,825,1,3000.0,28.0,5.0,30.0
1923fbec9d29cfb2cb50a8e69db95cab,moveis_decoracao,48,383,1,650.0,35.0,2.0,26.0
c045b19fdb30a3035c56d04c6fe2e622,artigos_casa,48,641,3,2050.0,50.0,10.0,40.0
986700c98805af229ab7ad51b95fa356,artes_e_artesanato,55,275,1,2200.0,35.0,28.0,26.0
5d2d01b64b76916f0cbe74e407041187,utilidades_domesticas,43,297,1,350.0,25.0,25.0,25.0
080fb1adebef0352c017a153f2075443,moveis_decoracao,55,264,1,10150.0,35.0,40.0,35.0
55aa465efc1629771ef1f96d3b9784ab,automotivo,42,265,1,900.0,30.0,15.0,15.0
3ef5a1cc5f73b06dfee539cfe858429c,perfumaria,60,519,5,1850.0,32.0,24.0,22.0
4ef061c259138e88ac20204e453f201c,utilidades_domesticas,57,501,1,750.0,55.0,6.0,35.0
e27a738cbbcf6c8878c713af56835a19,relogios_presentes,58,641,4,300.0,34.0,5.0,16.0
1e9718b1172540cd45abc1cfa8750da6,fashion_bolsas_e_acessorios,33,505,3,300.0,16.0,16.0,12.0
433c39faf9824a0bb3d61565a3517486,ferramentas_construcao,44,257,4,6650.0,45.0,19.0,45.0
17c9711cb08dc4757841afc6d4a239d4,consoles_games,43,606,2,530.0,18.0,8.0,14.0
ad88bf1ad347307438c9c852084a06ed,automotivo,45,136,1,100.0,18.0,4.0,11.0
7f97636768f5bb7b8f2843974b48a1e8,pet_shop,52,1006,3,4000.0,48.0,19.0,31.0
d34ec3c23c142291062f958688a1b41c,malas_acessorios,54,114,1,1050.0,40.0,10.0,35.0
12b5c284044adc0687a6ffbe84d317e2,esporte_lazer,58,1545,4,1600.0,102.0,6.0,11.0
6c25ce13992ffcb21d6f65764e5624f3,malas_acessorios,47,221,1,1000.0,46.0,10.0,34.0
60c4a6df513180268f7ee401b30f3c1b,eletrodomesticos,57,228,1,350.0,33.0,3.0,36.0
061885af8dbda5739d592a153655e574,automotivo,55,282,1,850.0,28.0,15.0,22.0
f5b43eb04df32b98c282b6168cd72a5b,ferramentas_jardim,60,312,1,8800.0,33.0,102.0,26.0
808190a48d18d09af357796e2b30d932,brinquedos,58,409,5,1400.0,25.0,40.0,45.0
0cb386dab759a2f5e6dc75314cdc68a5,industria_comercio_e_negocios,60,1189,1,6400.0,42.0,30.0,22.0
983b5668afc4aa8777599206fcc8964f,papelaria,47,222,2,1500.0,60.0,20.0,29.0
46fc5520f38dedac20cbf5e1b78ead91,esporte_lazer,50,1006,1,525.0,18.0,18.0,18.0
f73e87b204f0a4bcfa8edda38d11b334,automotivo,58,425,2,150.0,16.0,6.0,11.0
7a2428849e8c9e1cfac00494791ca876,artigos_casa,50,234,1,900.0,38.0,6.0,29.0
b5e04fdc949ee208ed3f3ba6a7696046,bebes,57,602,3,600.0,28.0,20.0,23.0
f9a7825fa51f487b8a48f67e9efced8c,esporte_lazer,60,465,2,2600.0,30.0,10.0,30.0
af3397b442ec6b95e314ee7a286905fb,informatica_acessorios,49,235,2,200.0,60.0,16.0,11.0
da1ff964ecbb4df51db9322cdf7a4a74,informatica_acessorios,41,3464,4,800.0,21.0,6.0,28.0
daf84c8f6a77308759733b317cf20666,moveis_sala,48,1084,1,7760.0,54.0,52.0,34.0
88c20c5a22f2ca169af8cfc2df00a7a2,esporte_lazer,41,781,4,500.0,20.0,20.0,15.0
9162da2ae9d537db7d1d5972d6ec5dc0,telefonia,58,1350,1,100.0,18.0,4.0,13.0
806cdc4d643d6c7b64d05bf4dfadf1c7,pet_shop,50,365,3,300.0,24.0,12.0,12.0
bc4238b1e940a1ddfc42b987157ec004,automotivo,41,1519,1,350.0,16.0,18.0,15.0
4be784792c7a4cd4a801c6145a3a8c7d,perfumaria,58,1043,2,470.0,21.0,16.0,16.0
cd2c0529e45020c77a7c05b4ef2408fd,artigos_casa,55,377,1,1000.0,32.0,17.0,52.0
1b947042ada4bafeaeb8714e1584d5b1,moveis_decoracao,63,149,3,5950.0,64.0,8.0,64.0
90dbd461e405599ef4d208e19e472125,artigos_de_festas,51,336,1,4100.0,33.0,18.0,33.0
8ccaa3f8b171b199e37294ece30815a3,moveis_decoracao,58,871,1,150.0,19.0,5.0,25.0
b2fb9a4023836f0368a7979f189de258,utilidades_domesticas,45,1022,1,3750.0,32.0,12.0,32.0
610ab592e0d325dee460ae2c00f1a85c,utilidades_domesticas,20,376,1,1350.0,16.0,26.0,11.0
71bd53a5303fc543fd563e913eb586cb,artigos_casa,52,344,1,1000.0,25.0,10.0,25.0
341687b53eae81d74a13127e8e23bd0a,esporte_lazer,51,914,2,4400.0,20.0,20.0,20.0
a0d20b18f2a06b34206ba5933b4ec05b,moveis_decoracao,48,3571,1,2600.0,17.0,17.0,60.0
914997fa7aef743334b7c0da8580fd5e,artigos_casa,57,465,1,5000.0,42.0,16.0,37.0
a925b7e3c4b81decf87f5e1f381da50b,utilidades_domesticas,58,801,2,13250.0,66.0,19.0,40.0
d274714b715480aa8ca7fca7d2524233,utilidades_domesticas,53,484,2,1590.0,38.0,20.0,23.0
c5588523a52b41fd7e7340375e67b6cf,beleza_saude,50,1129,2,250.0,16.0,4.0,15.0
f5116e3193e18d1633b17ae5d58e35e7,beleza_saude,56,524,4,400.0,25.0,15.0,15.0
72ca7a219f9f5b1be88c79e3aedd0152,papelaria,58,487,4,650.0,21.0,7.0,15.0
0b86ce778f1176322de61e5103cc65b1,beleza_saude,37,452,1,150.0,16.0,16.0,16.0
b1de2a0563813db30923566ab847d03a,automotivo,28,252,1,1600.0,26.0,12.0,24.0
00fefaf41156bb4b0d850fb27da97897,esporte_lazer,12,3231,3,100.0,20.0,18.0,18.0
efeb7b23db334d617250aca97cd3f1e8,artigos_casa,51,404,1,1500.0,30.0,15.0,20.0
3a7612c720a4b764c4fb87633a7ebc88,esporte_lazer,45,233,2,800.0,60.0,15.0,15.0
d9037da9324cfb783ad04fb720ea11d0,automotivo,59,1041,5,6500.0,42.0,22.0,42.0
2a565e1622c978b79bd6efc394ca6fee,ferramentas_jardim,58,258,2,200.0,16.0,12.0,11.0
5e70a4508abd5d19bfe7f110785294c8,informatica_acessorios,43,1014,3,400.0,22.0,8.0,15.0
43c81702c9aca96af077286a5b2525b9,papelaria,59,1532,1,750.0,17.0,6.0,17.0
9988abe0755ff16f74152f3e6b83626a,brinquedos,55,670,3,800.0,50.0,6.0,29.0
5272e05bd7d0632939de11f3ff61c28e,pet_shop,35,637,1,700.0,16.0,27.0,16.0
4651b3eed325a88ffbb03ea01383a1ac,esporte_lazer,35,223,1,21200.0,28.0,8.0,28.0
514171f9d45a3d93574fc587ef775579,eletrodomesticos,57,342,1,150.0,27.0,13.0,17.0
7254c9cf327a9283f9532eeeb1058eb3,livros_interesse_geral,30,388,1,150.0,28.0,2.0,19.0
1dd85d42702d499bdccd33e6e3227a61,artigos_casa,44,122,1,1200.0,45.0,10.0,15.0
3e19791ee3fa124c96da5a87616794ac,automotivo,60,447,1,1500.0,30.0,20.0,60.0
64814436ab31f1548144e0c5fbf4bf2e,fashion_calcados,40,303,12,500.0,29.0,7.0,16.0
9254168b843ffb0932fe40f2687e205a,brinquedos,15,346,3,1111.0,50.0,8.0,37.0
674005996f7500049a539559eeec5b76,agro_industria_e_comercio,57,980,4,650.0,46.0,4.0,15.0
5315eb668c882a11354fcd9c4d27e254,utilidades_domesticas,54,479,6,450.0,30.0,15.0,15.0
d1847c3f994dc0bb4d1248520ecb81f3,informatica_acessorios,60,638,4,400.0,17.0,4.0,17.0
fd1b303c073ff6cdf78c7ad4d25b5409,informatica_acessorios,59,720,2,250.0,32.0,2.0,15.0
03a22dc9d5b99f07ca366f91aa7f7e4b,utilidades_domesticas,26,169,1,700.0,30.0,30.0,30.0
07ffc018eaf23e086370dea42c74077b,jardinagem,55,2039,5,185.0,21.0,7.0,14.0
27ea0ddcb5e3a371b14a9ef16607676f,ferramentas_construcao,44,999,1,1721.0,21.0,20.0,21.0
907c84d5b8961d53ba1b803638fffcad,pet_shop,61,1257,4,620.0,14.0,8.0,12.0
a9d1b933ef7033934660412325fed2f4,brinquedos,38,520,1,573.0,23.0,21.0,25.0
68a058d125ba1544e726898f0b8c0523,moveis_escritorio,54,1283,1,10475.0,52.0,51.0,17.0
99b8434f4c3653db7005539f4eb581bb,eletronicos,55,308,1,150.0,22.0,11.0,14.0
1ff03883acc92ad1f4eb8ed40ad25bf9,agro_industria_e_comercio,43,1100,3,900.0,20.0,5.0,11.0
b5fc56b0fd1d8e72bc4f4fa53215c16e,livros_interesse_geral,40,624,5,350.0,24.0,32.0,16.0
cd69bc556c1071e2dbd17d21a0dc4d1a,seguranca,59,1454,3,400.0,20.0,10.0,15.0
7b2c4d6fa7d8e50000ac4c7fca609790,eletronicos,58,942,3,575.0,26.0,15.0,18.0
8a68c060dbab4ae66aa885e13e1ef7b3,informatica_acessorios,41,451,1,617.0,17.0,18.0,23.0
51967f750b0391d02137a8ecd5424452,fashion_bolsas_e_acessorios,31,209,1,100.0,17.0,3.0,12.0
ac23312b29784c30304f2ec719891690,esporte_lazer,63,436,2,7800.0,46.0,36.0,36.0
b79f1c3ee8b26b90db738fb3c4abc1ce,beleza_saude,57,598,1,350.0,35.0,3.0,12.0
c3099dfa5bca8734d228152d9c7d894c,brinquedos,41,1223,1,275.0,20.0,13.0,14.0
b7f66bbeb513b61097de54949631a759,artigos_casa,58,2063,2,1150.0,43.0,8.0,33.0
9291bd341e4718e27d07437d5773e07a,casa_construcao,49,418,3,9300.0,82.0,8.0,82.0
04f352bc78b371f4392b0077d5648de5,brinquedos,23,1048,4,6284.0,64.0,39.0,28.0
076e36bd0e2aebb35184d08c8e0f032b,utilidades_domesticas,44,154,1,1950.0,30.0,20.0,20.0
c40b12e92be6aee40cc2adab6693820c,beleza_saude,36,1514,1,1100.0,30.0,12.0,16.0
152153cc85a6e47325494a479a93fc4b,telefonia,31,269,11,200.0,16.0,3.0,11.0
fb7707ed64cb62f7c280d9e384f03c07,brinquedos,37,1445,3,900.0,30.0,15.0,30.0
8a27fbb311995ff454749a35fc0bd9a9,artigos_casa,58,123,2,500.0,40.0,8.0,30.0
bef4997c604c1f7f307936cc0fb143c1,variedades,,,,150.0,16.0,19.0,12.0
ff1b8d53a1563c1f27a3d99e740ceaa9,livros_interesse_geral,55,622,4,800.0,25.0,12.0,16.0
df07d0388563ce1b87695a6ae85898da,variedades,,,,350.0,16.0,2.0,20.0
616b8608587aed2e11f568e82ee10c58,automotivo,56,808,2,550.0,20.0,20.0,20.0
193c2cb87c6687a9da7f8ec495d19382,artigos_casa,58,604,1,1250.0,30.0,30.0,30.0
4be81859195b7736f5e52c039d072782,consoles_games,35,1338,2,600.0,20.0,15.0,20.0
603a1aa9fa912225142d0857890735bf,telefonia,42,446,1,100.0,16.0,2.0,11.0
cae58f36738671651f3d19fee286f556,ferramentas_jardim,50,766,2,550.0,32.0,7.0,13.0
7a27d105703555063bfa42ea2bfb32c8,moveis_decoracao,60,2043,5,2850.0,69.0,11.0,11.0
41817d1d44000e3105f24470a5224bcb,esporte_lazer,48,687,1,1225.0,25.0,22.0,22.0
05b1d0c869d183ecb8459207a33066f5,relogios_presentes,56,768,2,200.0,16.0,11.0,11.0
79366d6a24de9351b7ca6e3cf75a68ec,eletronicos,44,2558,1,1100.0,34.0,11.0,25.0
dadc0d260b9adadab31c487f1749b9ad,esporte_lazer,59,265,1,100.0,16.0,5.0,11.0
62c666bf15570eefdcd27d600951d1e1,brinquedos,18,1741,1,2383.0,34.0,11.0,34.0
3207053643b68f43eed19750c0ad8157,utilidades_domesticas,46,1900,2,500.0,33.0,12.0,18.0
bb50f2e236e5eea0100680137654686c,beleza_saude,60,2644,6,400.0,34.0,4.0,22.0
fd5dd5fe13fcd7d1d4d6322e35c559f0,ferramentas_jardim,58,2584,7,4750.0,27.0,39.0,31.0
d3e112316bd3ae29280cec26bd3059fd,bebes,56,1841,1,350.0,65.0,11.0,11.0
4eb99b5f0d7e411f246a5c9c0ae27a5e,moveis_decoracao,63,330,1,15100.0,50.0,40.0,40.0
052dd43729ce1a56b5e083888ad5916f,informatica_acessorios,54,637,3,400.0,41.0,3.0,29.0
146881934618f0efaf33d04909acd195,moveis_decoracao,55,3571,1,600.0,17.0,17.0,60.0
2beff60bb4c8a8f05065bce8148ed01e,variedades,,,,450.0,20.0,22.0,20.0
8983a3b149303c013fceabef902e835a,informatica_acessorios,39,1193,3,450.0,16.0,3.0,15.0
6782d593f63105318f46bbf7633279bf,perfumaria,30,487,1,200.0,16.0,14.0,12.0
e7ce29342574abe2fbf171df97fdb092,utilidades_domesticas,53,1524,1,1100.0,30.0,10.0,30.0
ba6f5d5d953687794a10f01691232bc3,automotivo,47,2237,2,200.0,25.0,3.0,20.0
423b46d7ff817b1cd19ab195c7b76546,relogios_presentes,59,160,5,200.0,16.0,2.0,20.0
d35839b7d99e82c6541eae7a3cc1f527,papelaria,38,519,1,250.0,19.0,11.0,14.0
83caf799100f6f9418e0eb2950b757af,utilidades_domesticas,55,2334,8,200.0,40.0,2.0,30.0
76bb142328fba1ac3a1e2ba033171d94,variedades,61,2222,2,400.0,17.0,8.0,26.0
55363f487ca324087a49ddfcfb91b971,artigos_casa,32,433,1,200.0,20.0,12.0,20.0
5389dbdf62ed8bee6b52fab9c9891f2e,informatica_acessorios,54,1416,3,200.0,16.0,14.0,13.0
e82ca7be7d1b57da564dd48fbde08f2d,instrumentos_musicais,41,351,5,1300.0,53.0,19.0,20.0
09ae0abe65d1a5ad1cecdd9db6aa70d7,moveis_decoracao,56,296,3,1600.0,100.0,7.0,15.0
7aab18bec732db73232f712de3ba14fc,automotivo,40,526,1,12300.0,62.0,62.0,19.0
79ca92dc39da64490ff8972bc32f288c,informatica_acessorios,56,277,3,375.0,16.0,9.0,15.0
d38b73f9519632415b56acb83abc77fa,utilidades_domesticas,54,620,3,1900.0,47.0,11.0,25.0
cf5ab1e4be449bd825ea57d64bed5f21,esporte_lazer,57,1727,1,2950.0,28.0,18.0,18.0
6d0d465294cd2cb44aea084f34405967,moveis_quarto,60,1187,6,7000.0,92.0,34.0,36.0
3db4edbe90c563f7b6c038f9a690fde1,beleza_saude,53,2550,1,1183.0,24.0,22.0,21.0
df72f98233c4f5f9b3a026ecefce2274,casa_construcao,53,1733,1,1200.0,21.0,44.0,11.0
e5359c08663240bdc10d5bec26e491c0,esporte_lazer,51,321,1,300.0,27.0,9.0,14.0
0a1ca683d91a7cb9b806f3710873bf47,perfumaria,50,1584,3,700.0,18.0,6.0,17.0
fa39c60599eb6573020f07a1b4dd38cf,utilidades_domesticas,52,806,1,1183.0,38.0,18.0,26.0
ea06ed5e6920832c45747b44049051a7,brinquedos,28,678,1,1256.0,28.0,26.0,30.0
5837bba0ce6e35e6f2dc5c3e223e3276,moveis_decoracao,52,1041,2,2.0,11.0,11.0,52.0
1954739d84629e7323a4295812a3e0ec,eletrodomesticos,58,792,4,750.0,30.0,30.0,30.0
dc4f0da054d6a37385d337699c7ab043,moveis_decoracao,45,246,1,3700.0,30.0,30.0,30.0
ab44178963b4bf809adc477810f9175d,artigos_de_festas,52,198,4,50.0,16.0,6.0,11.0
036ecb2f1816e95d3fa658207266ecf5,livros_interesse_geral,23,154,1,150.0,26.0,2.0,26.0
de81ca6ee18fb1d754027b7ae28f6003,informatica_acessorios,44,714,1,400.0,26.0,14.0,12.0
a402021e638981087a4952cb77e5c46b,fashion_bolsas_e_acessorios,52,128,1,100.0,21.0,9.0,14.0
e3258912258da913595140fce3854b5f,telefonia,59,1679,3,567.0,16.0,5.0,11.0
7d6dbf339def0ac9e8da299cfe91bc3a,artigos_casa,51,144,1,600.0,21.0,12.0,14.0
59f05ef2066d40581892a96722e9c465,informatica_acessorios,38,1353,1,963.0,25.0,18.0,18.0
520b149317786c17df69b27c70562c57,beleza_saude,52,1649,1,200.0,22.0,5.0,15.0
28f61ad35fb219e9debd750a73b63985,informatica_acessorios,55,191,2,100.0,40.0,2.0,24.0
81ad2aebdd010001ccb2bf579b5ad94c,moveis_escritorio,46,2412,1,10850.0,58.0,20.0,58.0
12080b1cb17fb18a69563695622dc9b9,bebes,59,584,1,1625.0,51.0,22.0,45.0
63f916d8413bc439687d549e937d5b67,ferramentas_construcao,48,309,2,250.0,19.0,12.0,15.0
6a94cf283fcc6b16942f0d13f35fa7b3,beleza_saude,36,489,1,450.0,16.0,19.0,15.0
e4411c56bcacca2700d5bdb004eecd63,pet_shop,35,395,1,125.0,23.0,13.0,21.0
d7973e54f0df08e88e0500f722dd8bce,moveis_decoracao,55,1246,3,300.0,24.0,10.0,13.0
a36eaac6306e0910249219f203efc877,eletronicos,35,192,1,200.0,22.0,6.0,16.0
4a0d42e046d1d4d039b4b7807ca46e83,esporte_lazer,39,567,1,185.0,23.0,17.0,23.0
1ea666016f92dbe83254279eda832f34,malas_acessorios,51,396,3,350.0,25.0,10.0,20.0
d55487f6b9833914549348cc2839f9e9,audiovisual,53,300,1,150.0,19.0,2.0,20.0
a0ed1aca46f54c17bd17c88a799e055a,moveis_decoracao,61,157,9,3250.0,41.0,15.0,25.0
fd06ee724785658f80f21107c42352a8,relogios_presentes,54,410,1,1150.0,17.0,4.0,22.0
d6bd998d3d01aaf250bd790a3dab71ac,artigos_casa,26,229,1,500.0,46.0,16.0,66.0
df4566130f96bba07730095eef42389e,moveis_cozinha_area_de_servico_jantar_e_jardim,52,973,8,30000.0,80.0,53.0,53.0
022649cdc8ef07dddfa3de3409647e00,ferramentas_construcao,56,286,1,825.0,21.0,16.0,16.0
53e364927f09c41fe6a9af8c18a20b24,beleza_saude,58,1271,1,550.0,19.0,15.0,15.0
4d36933227dc9c16555a88e2549a0c93,papelaria,51,419,1,1100.0,50.0,10.0,40.0
bfbc408717917806a5ffdc464a898332,beleza_saude,46,1182,4,1300.0,26.0,30.0,22.0
060f0122cdc8f25db4a0d7359fdae7b0,relogios_presentes,50,835,5,250.0,16.0,2.0,11.0
88df382f03741abc6fdd118e927b19b9,utilidades_domesticas,44,890,1,1600.0,25.0,40.0,25.0
17704da54fb7512da5a72cc3b227185e,beleza_saude,58,670,2,700.0,33.0,18.0,18.0
624763d3909ffa36098f91ce1e458ed4,brinquedos,39,1156,1,233.0,17.0,12.0,12.0
194dad3cf9aa121860ba80cca80331bb,automotivo,37,1074,1,16950.0,16.0,2.0,11.0
41b4baff1ceec845ba126eaeb07efa4a,relogios_presentes,48,363,1,400.0,16.0,2.0,11.0
1d691d8ace0e9d0e00de0569faf0ae04,utilidades_domesticas,48,257,1,192.0,18.0,15.0,15.0
05b515fdc76e888aada3c6d66c201dff,beleza_saude,45,231,3,800.0,21.0,4.0,15.0
bb95985d24346356f988502bec69af0a,esporte_lazer,56,794,1,2050.0,28.0,34.0,28.0
5943b9184c3b6abd2bce573f1fa0a780,artigos_casa,46,701,1,1100.0,50.0,12.0,12.0
10f50167caa9977081afd4052657f36c,ferramentas_jardim,51,385,4,250.0,19.0,3.0,11.0
f3991b3a54d391003cc570bf3018505b,esporte_lazer,47,558,1,1012.0,26.0,24.0,21.0
a233df9a388d27dbdfd31731d4236db0,informatica_acessorios,45,2082,1,17400.0,24.0,55.0,51.0
4c92e541a1ebcea93b97d490990df18a,malas_acessorios,40,1070,1,600.0,90.0,5.0,11.0
60bf0da113cefe56a54ccc46f7758563,esporte_lazer,59,270,1,3050.0,43.0,12.0,22.0
69c2f05e34d543dc71cfe745bfac8499,variedades,,,,650.0,30.0,3.0,30.0
25e4d8fec8c2188a87e8c0acfd179310,automotivo,60,844,5,350.0,21.0,21.0,12.0
9b4ebcd616b0a2f755a3f61f63cac3c7,pet_shop,56,1143,2,1500.0,50.0,20.0,40.0
7b1e7c6b876bd8bf7a39ba061c1323ac,utilidades_domesticas,46,417,1,3800.0,45.0,20.0,35.0
aedb09a73deda537456636dad7696b64,artigos_casa,55,1007,1,1150.0,16.0,30.0,40.0
c827fb43ad0fb8708f34c2911fdc164b,esporte_lazer,53,699,1,10600.0,26.0,30.0,26.0
9da581af1760052f6c62b922a1793337,brinquedos,33,646,1,500.0,35.0,20.0,30.0
c28e193de2c4238b77e875455c458067,beleza_saude,61,391,1,700.0,16.0,16.0,15.0
baf4f12ea16c1bb2c457a90df13e4a3c,artigos_casa,60,216,3,1300.0,30.0,20.0,30.0
942328ba3a2546856b7361547edf6eb2,beleza_saude,59,3823,1,500.0,21.0,6.0,14.0
ba18c48184ce58f0ffd8b656c4edf21c,artigos_casa,55,168,1,1150.0,45.0,25.0,35.0
f1046cfbe5f31056cabdda08ffbbad6e,esporte_lazer,42,1125,1,1150.0,25.0,15.0,15.0
1d97c41716d9bb1084dd1c1a99b1d5e9,eletrodomesticos,54,238,2,2350.0,64.0,6.0,55.0
0cc18feec97e534a363ec0b14c632692,fashion_bolsas_e_acessorios,63,655,4,200.0,16.0,9.0,11.0
9b1430fd2db68dd26abc986921680143,artigos_casa,59,81,1,350.0,20.0,2.0,15.0
bd144d5290d032a564563d75e98be4e8,utilidades_domesticas,57,1513,1,875.0,21.0,21.0,21.0
cf8587a915960e2a8b57c5db574239ad,relogios_presentes,40,650,2,500.0,19.0,9.0,15.0
fb927c44d15e24c578f85a862576fd88,utilidades_domesticas,48,808,1,2200.0,30.0,30.0,30.0
4e42337065d8ce68661c6df8b2be58a6,telefonia,53,669,2,100.0,16.0,3.0,11.0
4a369cab4a7983776c6733d806f4c457,alimentos_bebidas,48,423,1,250.0,16.0,16.0,16.0
73fdc89a7474d12e91ebb4a38341fd84,automotivo,54,2069,1,4850.0,40.0,25.0,30.0
99647594018d3d18ef5c6cc75080a150,moveis_decoracao,42,156,2,9900.0,50.0,30.0,50.0
0ac4b9dc5e23908abf09e13da3ea1bbb,fashion_bolsas_e_acessorios,58,198,6,200.0,16.0,2.0,11.0
4e674f56be3a9b8c94fafaa44cbba42e,ferramentas_jardim,29,192,1,3800.0,86.0,16.0,40.0
96ee9343533c399d245845830908f073,papelaria,48,258,3,300.0,24.0,7.0,14.0
966417aeccf613e8cc7d219fa89619aa,automotivo,60,510,1,650.0,30.0,20.0,20.0
e825296f31d087227f5fe6487557aaf7,eletrodomesticos,47,374,3,17950.0,50.0,50.0,43.0
cd072553fd098e618264cdfff5980360,perfumaria,57,335,1,400.0,22.0,16.0,16.0
e1a400ba04961ede3d640207117813fb,informatica_acessorios,47,288,1,1000.0,36.0,13.0,20.0
c23b47bacd44b878e3345d06ab5664dc,beleza_saude,30,342,2,153.0,14.0,14.0,12.0
ca11a4b920d7e64e5d2230d5373e0f76,relogios_presentes,57,1000,1,300.0,11.0,9.0,16.0
1fb586196a6ef3b8ac6e33b0fd7ddc6c,esporte_lazer,59,605,5,450.0,32.0,5.0,16.0
27617ba1ba0b3e090f9397a809f18e95,papelaria,39,383,2,100.0,16.0,6.0,11.0
484b65b694e49886ca82fa1134e4fb93,moveis_decoracao,57,534,1,1550.0,30.0,30.0,30.0
d8342ac8b27a03e8d25280c296dfa830,moveis_decoracao,48,523,2,3400.0,70.0,7.0,50.0
95d5de1e8f30491ef346be257d7889a5,ferramentas_construcao,53,1953,4,300.0,30.0,4.0,30.0
13c091cf8ce1e5e8d6dac6ad263888cd,ferramentas_jardim,27,834,4,8767.0,47.0,64.0,38.0
68c00429eb04c5fe146f5e9dfcf3caab,bebes,29,435,1,200.0,19.0,18.0,15.0
49bc8792049d0d7acedf5e300d68c5b3,brinquedos,11,782,1,300.0,16.0,25.0,15.0
210a8305d79b2f5719cbafb2c026797f,esporte_lazer,60,521,1,650.0,24.0,10.0,20.0
dbe77c6f7f0935b442ef0c4df2ee3efe,moveis_decoracao,59,2010,2,3000.0,69.0,11.0,11.0
7ff5f712c2c3e11035668702e6748204,utilidades_domesticas,40,189,1,130.0,17.0,16.0,16.0
2e8e86c56790104d65709ca485a26281,bebes,57,475,1,500.0,55.0,14.0,43.0
5ea3f159c3d1fbcb5f1785dbb9c984e0,telefonia,48,1086,2,200.0,18.0,6.0,11.0
f5c2634e0db9ac43af7775a6091ee2db,esporte_lazer,52,1121,1,328.0,18.0,11.0,16.0
d2998d7ced12f83f9b832f33cf6507b6,bebes,32,561,1,500.0,18.0,18.0,18.0
cf456bb1218805bf1c73525660a9f639,eletrodomesticos,59,228,1,1600.0,52.0,15.0,15.0
f7da48a5b38c79d4f161133afca9ebc1,informatica_acessorios,37,1319,2,417.0,20.0,13.0,16.0
5d0a7cb413c5b59233c57177fe2f20b0,brinquedos,43,695,3,200.0,16.0,7.0,11.0
bf040689dafcd49899213b09595b9f2a,esporte_lazer,53,873,1,383.0,16.0,14.0,14.0
c948690e312407d6724998a03db29a6e,malas_acessorios,55,125,1,500.0,20.0,41.0,28.0
b5cd16b170e0359c2b59e10cbc21e791,brinquedos,60,536,2,1100.0,16.0,27.0,37.0
b4fc0d6b032cae000a5af2cea4d4b9b4,informatica_acessorios,57,1053,3,263.0,18.0,16.0,16.0
bcd321359bdd2426f0982373dec54e75,moveis_escritorio,43,2161,1,15450.0,58.0,28.0,58.0
6c9d52dc769177180599b837030b2ff2,moveis_cozinha_area_de_servico_jantar_e_jardim,56,657,2,4200.0,31.0,31.0,31.0
55939df5d8d2b853fbc532bf8a00dc32,informatica_acessorios,40,245,1,600.0,26.0,12.0,13.0
67f1245615b59bf0d4a61a83d7a7a6b5,automotivo,29,831,2,10400.0,61.0,61.0,19.0
dffb26377d60bf9bd5bd4cd856e9dbb4,telefonia,49,700,2,1100.0,16.0,21.0,18.0
0a0adf0de1769b2970f3096d0b5abfb7,agro_industria_e_comercio,47,418,1,13325.0,41.0,42.0,47.0
e8ce8d12c0a9e255475c8098260d3ca2,automotivo,54,338,1,400.0,40.0,12.0,30.0
d39315154e72bfcbb3b85863ecdc41d6,esporte_lazer,53,354,1,1130.0,32.0,25.0,23.0
dbfac885ce74c770040e1c99389553e1,casa_construcao,55,523,2,19800.0,45.0,45.0,45.0
b48ac8fbef9f889656ccef21bd7ca87b,artigos_casa,52,289,1,2800.0,35.0,9.0,34.0
e2c7aa41c299a45244b67505e990a1d3,relogios_presentes,42,635,1,7500.0,17.0,9.0,12.0
e61721efa0db661f7cdc3d37663135e0,perfumaria,32,328,1,700.0,50.0,40.0,30.0
3af9d305a8389f5badc664382683a532,moveis_decoracao,58,649,1,1200.0,53.0,8.0,11.0
cdad30e46a6fc84785a525ad6b5cf748,moveis_cozinha_area_de_servico_jantar_e_jardim,47,208,5,50.0,40.0,105.0,30.0
8baff20b1d1f194101d0b37036772bca,esporte_lazer,58,516,1,1100.0,40.0,20.0,20.0
f944a3a652d3ee586c585e3f7dab8a41,artigos_casa,57,206,1,1500.0,19.0,35.0,31.0
516d614a5a8bd8983bf46eaa51fab8eb,esporte_lazer,57,684,4,700.0,23.0,8.0,14.0
77d3c6966d712652953a0ddc6e6f24ea,artigos_casa,60,116,2,500.0,70.0,8.0,40.0
24ed44cfdb667b989166a0a60ca9f9bd,esporte_lazer,51,155,2,50.0,16.0,4.0,11.0
6c8b2975a4a05d1f36948b20753b29ca,ferramentas_jardim,47,895,9,1500.0,45.0,10.0,35.0
5fb3ff04cc8ff9f140b028d867a6b0f4,musica,56,2745,3,5250.0,27.0,32.0,16.0
a646b69b17836ad6e76804e6b90facf1,esporte_lazer,58,2901,5,1350.0,90.0,8.0,16.0
77fdeb8d4f7502f75b6779205f30a875,artigos_casa,56,333,1,12250.0,62.0,27.0,47.0
740c2a837de513cc020ad90c1a6cb779,utilidades_domesticas,42,1091,1,1600.0,23.0,13.0,23.0
d177efa9bee6dfa421c10f7b1bcf51c7,eletronicos,40,389,1,450.0,22.0,10.0,13.0
462ca84097e3116f8dc7642fb057b4b2,informatica_acessorios,32,1078,2,200.0,39.0,2.0,30.0
f3c39c81e52f6b07a486fb78d90dbfef,brinquedos,43,1591,3,2000.0,47.0,13.0,24.0
74fb740804bb486f4ba27a0241b4e6e8,utilidades_domesticas,43,170,3,2350.0,25.0,20.0,25.0
aab5e2a4e6a2434fb61e694ed85a9888,papelaria,20,837,6,1800.0,32.0,40.0,16.0
b423d0e69f19a48cd48305328b8e3f02,variedades,60,179,1,300.0,19.0,12.0,16.0
f76b8eae9da79861cd75f86a1020879e,artigos_casa,46,313,1,1800.0,55.0,7.0,23.0
0d368e3a4bd2ebf60c31c214da108e3b,livros_interesse_geral,63,1797,1,600.0,33.0,6.0,22.0
926d11f0e2a1171fed968faf5caa8f92,ferramentas_jardim,29,799,1,1150.0,28.0,55.0,12.0
36eabbbffe429d2997d5bf9b40695335,telefonia,60,562,6,250.0,17.0,5.0,15.0
557d306a56fe0848efbea81dafc78006,automotivo,40,906,3,16200.0,56.0,15.0,15.0
2ff06b0fd363bf0462e1116bb6060379,relogios_presentes,47,671,2,200.0,16.0,11.0,11.0
cd5eacb9149587d504044502d0c9798a,eletrodomesticos,60,94,1,100.0,27.0,13.0,17.0
9059b4009ee73aff5c683ea3b9307604,moveis_decoracao,54,1708,1,750.0,60.0,11.0,11.0
fd85f34d70edf41fbea6a3269d183e00,variedades,,,,163.0,24.0,18.0,21.0
9bdc5ff7cc2ec4a654f101b764b293c1,artigos_casa,46,125,1,1975.0,34.0,14.0,21.0
b9adb834b99082140e354bdd3bda7eb5,artigos_casa,55,130,1,1100.0,40.0,8.0,33.0
2d6540e715ca18c58c4aafd86c172aa1,instrumentos_musicais,60,3146,6,3050.0,50.0,20.0,20.0
d0c54febdabb86e59080ec565c461d1e,ferramentas_jardim,36,136,1,1850.0,22.0,22.0,12.0
3ab309bbd24c697b9a493fc9545361c7,beleza_saude,57,1095,1,2400.0,16.0,16.0,16.0
d8bf954d364f9ed61bcb3af7fd78a70d,artigos_casa,51,701,1,1000.0,50.0,12.0,12.0
9ada4c8f4e072df42ff63b30520b6975,moveis_decoracao,58,662,1,4150.0,30.0,35.0,30.0
3b714ee872338c6248d2f51934935f2c,artigos_casa,55,270,1,2000.0,43.0,15.0,32.0
078faa63eb55a5055713e141f098624c,automotivo,57,597,2,1100.0,60.0,8.0,33.0
55279b0710ffb17d56db631cb318c47a,moveis_decoracao,56,603,1,2400.0,40.0,35.0,35.0
0ebe8f2e60fadb8f9ebf63a5841f34f1,artigos_casa,49,282,1,2783.0,65.0,14.0,46.0
c1b1fa3428453960653af124b17ab165,agro_industria_e_comercio,48,1378,3,1000.0,28.0,9.0,26.0
f06796447de379a26dde5fcac6a1a2f7,moveis_decoracao,30,383,3,11400.0,52.0,6.0,52.0
10244e4307f7a1575e022f248b51402a,artigos_casa,53,105,1,1400.0,30.0,10.0,20.0
a91c0e7e93a72403880b5f4238764471,automotivo,50,831,1,400.0,26.0,16.0,16.0
3e34bd85f22345773b39aaa3b20dfc3f,artigos_casa,54,811,2,1067.0,27.0,6.0,27.0
bbcf20cba92fac3eeeb994392f89569b,moveis_decoracao,41,846,1,6800.0,53.0,58.0,18.0
3c5b70965b3d63c66a18dd46881a58c9,utilidades_domesticas,47,456,6,700.0,19.0,16.0,16.0
6647429facfcec3f6bb7162c85985c6b,beleza_saude,34,966,1,150.0,21.0,20.0,11.0
2d1ff2e44c1df1b288d32c02737d6f34,moveis_decoracao,64,236,11,2600.0,36.0,11.0,26.0
b07085c1dd895cb3ba680dd4cdf0dc93,esporte_lazer,60,1445,1,27200.0,87.0,28.0,46.0
521a361808bedd9fffb32181e501e09b,utilidades_domesticas,40,220,3,1200.0,20.0,25.0,20.0
3305e62a2133cb1b2db805f3782eb7ae,eletrodomesticos,58,106,1,200.0,27.0,13.0,17.0
c22eb1f87996d0da0b60271a9806cd59,utilidades_domesticas,60,1247,2,1575.0,57.0,9.0,23.0
8e47225b2e31a8d6709ee97a9de9636a,eletronicos,54,752,1,400.0,25.0,5.0,20.0
a2bf9b2cb260039f2ce6834c4e6a10ea,automotivo,51,147,1,300.0,20.0,5.0,20.0
ae8465400218e5aa54535b74d9138416,variedades,46,81,2,1200.0,35.0,25.0,25.0
533c4025819ed8277dcade79756ad4df,eletronicos,59,739,1,1700.0,20.0,16.0,20.0
d552454cae098a0bce10f658411fead1,fashion_bolsas_e_acessorios,63,614,5,500.0,16.0,9.0,20.0
3dc0d4afe9ff68f23ee2791a1ac909f4,moveis_decoracao,54,2240,3,700.0,69.0,11.0,11.0
de427aed54c97c0b1edbdf2ee28c7bb1,jardinagem,58,303,1,1000.0,16.0,16.0,12.0
99d2542c137ffd3cea8e2867d95546c4,ferramentas_construcao,54,444,2,1050.0,25.0,25.0,25.0
29bf158cd50fc035e7443f1c04e8deaa,perfumaria,55,483,1,150.0,16.0,12.0,15.0
696b2df83e0459ec8c60dfe72a77cf66,artigos_casa,46,723,1,250.0,35.0,10.0,30.0
be812bad75438bfa69480ee7b2930070,beleza_saude,39,624,1,350.0,18.0,10.0,12.0
a5d86c5969b4279aad7973985215a4e9,informatica_acessorios,36,3446,2,12300.0,55.0,29.0,22.0
8c71c9f045a49434865c087cff7bfe02,moveis_sala,34,329,1,4325.0,55.0,17.0,54.0
79a82118533f6b143505c6573c63f542,esporte_lazer,34,428,1,150.0,16.0,16.0,20.0
6930967041d3e92fed1fa8df81a41f90,audiovisual,35,362,1,200.0,20.0,2.0,15.0
7c6456ce44e4a343711f66c893e3e8fd,beleza_saude,33,546,1,1200.0,30.0,30.0,30.0
324ec8bebfcf3f507afed8c13760f92a,eletrodomesticos,41,963,1,27250.0,51.0,49.0,70.0
8c23bb9086f957dd72ca80085f06697e,artigos_casa,57,125,2,2400.0,70.0,10.0,60.0
8c81fd36d91b4da0961fc50ae9522a62,beleza_saude,36,1783,1,200.0,23.0,18.0,23.0
67ee002d7de2ab248bef398033830866,eletronicos,40,427,1,150.0,25.0,7.0,16.0
90b86c830114ddc888f6380a223ee285,artigos_casa,48,117,1,300.0,40.0,4.0,30.0
d41d8cd98f00b204e9800998ecf8427e,automotivo,16,115,1,1181.0,30.0,17.0,24.0
0e46a653d7cee79c08431b38fcb67fe9,fashion_roupa_masculina,28,696,2,300.0,16.0,2.0,11.0
f18e0f3757837733f36da5143ddccd73,beleza_saude,49,487,2,30000.0,69.0,66.0,50.0
1775f1f0d5c82a7c311baa9074593e6d,perfumaria,43,1823,1,200.0,16.0,17.0,11.0
e6ca601b0b9189e6471ccf0667985c9b,beleza_saude,57,2685,2,800.0,30.0,15.0,16.0
ee6d2bdca28be6e08d1c847f0222f6b9,perfumaria,38,790,1,317.0,21.0,17.0,21.0
691951678a17b3cf3667385513e1137b,artigos_casa,55,599,1,3600.0,16.0,50.0,40.0
ebb4faacc3b7ade065ff47901900c4e7,esporte_lazer,46,679,1,5350.0,55.0,15.0,43.0
cfa2bd05555fbec9767d053b9e457d0d,artigos_casa,55,184,2,350.0,50.0,8.0,40.0
540ddaba57a1c4a6cf22f80784c8b426,beleza_saude,50,902,2,150.0,16.0,6.0,11.0
3799649bfcc7821635d757a711ae7357,beleza_saude,56,1801,1,2000.0,30.0,13.0,20.0
b162dfc96ebbb5bed62e6f3ecc8ceefe,ferramentas_jardim,46,810,3,200.0,20.0,20.0,20.0
f09b7fd613031e630e7b5cf9911c0318,papelaria,54,354,4,6350.0,38.0,30.0,28.0
02dc711c164ca9c218d316491801ced9,moveis_decoracao,54,1959,2,3000.0,69.0,11.0,11.0
5875399e51bcc0cee61e4a28b648b786,bebes,60,1438,5,5525.0,27.0,19.0,31.0
cb43d652e4e00474e1c20377a68a165a,utilidades_domesticas,48,635,1,1050.0,20.0,60.0,20.0
7413f40201dadc558699e8de1cbfa922,esporte_lazer,20,524,1,25200.0,38.0,4.0,38.0
3e8f1441be3fd4064a0e175001b7ab29,esporte_lazer,53,2225,1,3300.0,31.0,32.0,31.0
bca66c2fcd992d2efac1dd904524edc6,beleza_saude,57,866,1,650.0,23.0,20.0,15.0
2d857ab2a090c784ad9de4c8dedac0e8,perfumaria,63,466,3,1100.0,35.0,15.0,17.0
242eb53ca3c0b52e275b6fd7ce8b0be7,fashion_bolsas_e_acessorios,44,1357,1,200.0,16.0,2.0,11.0
94bb0da423501924c41368236d88e808,artigos_casa,51,281,1,925.0,20.0,17.0,32.0
094efc8b088034585ebda1a32da7181d,brinquedos,36,496,1,600.0,40.0,20.0,29.0
dcf0f4c00270e4e71c868cbfedff1e9d,esporte_lazer,53,3189,6,6050.0,40.0,30.0,30.0
08a58baf17f52ea9cfb3dffdfda0595b,beleza_saude,56,2004,1,2000.0,30.0,12.0,16.0
8fd4a0aecf57598dcdc75d1520069acf,perfumaria,58,210,1,500.0,23.0,8.0,15.0
524c471f4a5843ed7e79ef886d522948,papelaria,58,286,2,250.0,16.0,10.0,16.0
9ce74f28b3b6dee34ad83b1ede956664,relogios_presentes,53,777,3,650.0,16.0,16.0,11.0
0e0656cd8f9bf2dfad875866965389c7,pet_shop,50,1349,1,485.0,19.0,22.0,19.0
fa2954f5c67b3561a247d4b5329b2cca,moveis_decoracao,52,902,4,1000.0,20.0,20.0,11.0
2cdc0ae80267a6e170415f236fd1d243,fashion_calcados,57,403,4,1400.0,22.0,12.0,33.0
b386ba93c190eb3114ed44584a207b10,esporte_lazer,33,143,2,150.0,25.0,25.0,25.0
76052d3aafb407055d02120f56cc8a26,moveis_decoracao,60,286,2,5850.0,30.0,40.0,30.0
68dede30a2ef7c3f19ac4ec5b7620ef7,bebes,46,245,1,314.0,21.0,12.0,20.0
0de92952548b2f0de651515b1af67a07,beleza_saude,30,1595,2,300.0,16.0,16.0,16.0
3aec7cc616c8c08edba18d7d2f50e43f,artigos_casa,58,298,1,2700.0,33.0,7.0,39.0
9dcb2739e598cbc1a9640d49dbafe95e,esporte_lazer,34,486,1,600.0,25.0,15.0,11.0
3d17d0ed8da715ae25763ce8225b50a3,papelaria,47,363,1,500.0,21.0,7.0,15.0
bf5d132b4d30a18970b8ee7798725af1,moveis_cozinha_area_de_servico_jantar_e_jardim,55,831,7,10800.0,35.0,65.0,35.0
2c3d5c816b573eb89b98ea7a7c1970a9,moveis_decoracao,21,1177,1,1400.0,25.0,16.0,14.0
a5c703d39e287f5052de9743a0cb2beb,bebes,54,1140,2,550.0,30.0,10.0,20.0
40639ced9d62eca7f4637b1be4ccdf44,brinquedos,39,1156,1,500.0,17.0,10.0,12.0
75eb4420c8baf2e1efd079c7b7f5d865,esporte_lazer,30,359,3,600.0,23.0,23.0,23.0
c384917e9d01a9fe89791010d3ed0883,malas_acessorios,56,1538,4,21200.0,77.0,33.0,50.0
d0028cf941222a248ef55724bce82c8b,moveis_decoracao,56,2114,2,650.0,68.0,8.0,13.0
a8cfd9ff79784773910620b3d00d9bdf,esporte_lazer,18,850,1,1140.0,24.0,10.0,13.0
37eb69aca8718e843d897aa7b82f462d,ferramentas_jardim,43,369,2,600.0,38.0,16.0,25.0
6a5df7852deb8f54c0cc0e5758459f31,beleza_saude,59,1503,4,1250.0,18.0,21.0,27.0
6aa640325da3a535ae4266a0252105bc,artigos_casa,46,352,2,900.0,50.0,11.0,11.0
cb2a32711f3cfaff85c4460facdbef74,moveis_decoracao,55,1963,4,1450.0,69.0,11.0,11.0
2af3bc8c9414aa21fdcb986aba6fe286,artigos_casa,55,309,1,5850.0,50.0,20.0,35.0
d220fdef3dfe133c5a725ee59ce99595,automotivo,59,1149,5,1300.0,20.0,4.0,13.0
db100173b0d57911a2ea913f605ca844,jardinagem,57,1422,1,1783.0,25.0,22.0,17.0
c5ac6d71e1684e3e768495f047b33379,utilidades_domesticas,42,844,1,7500.0,30.0,30.0,30.0
dabc8335b58a49ec2f5fcb06255cd733,artigos_casa,60,643,2,1800.0,38.0,7.0,28.0
68b92c941d4052c59ba87c2b2824bfa8,artigos_casa,54,373,1,1750.0,40.0,5.0,30.0
58e0b47f6b59ceecfdf2f371b681063e,moveis_decoracao,50,1010,1,300.0,35.0,10.0,25.0
136506394cd99737bf063eb20271b08e,artigos_casa,32,285,1,1300.0,45.0,18.0,45.0
68adc7ef3ecf3eb05f76509ee7a1c0ab,artigos_casa,28,356,1,800.0,25.0,25.0,25.0
2b0422f04592a663193d00d032c3c987,beleza_saude,48,770,1,650.0,25.0,12.0,19.0
ea15d7ef3399e16b992e190d22dd3fd3,beleza_saude,60,919,1,150.0,22.0,3.0,15.0
e8ad7d6a8e92ac807dc61b8b67d88caa,eletrodomesticos,45,179,2,50.0,20.0,13.0,15.0
69114932c5311e312eaf356081313a4d,brinquedos,55,1314,4,9450.0,89.0,53.0,12.0
140395ed1d1dbd100f577c5403181a1c,esporte_lazer,30,137,3,400.0,45.0,7.0,20.0
863c8ced004542495e1025bb14124580,papelaria,57,111,2,1450.0,25.0,55.0,37.0
de7034010d180a33f04a16b235281265,informatica_acessorios,53,90,3,400.0,25.0,15.0,25.0
48282b524c93e69ec5653481e2b8a237,fashion_bolsas_e_acessorios,38,828,1,100.0,16.0,5.0,16.0
8f970464c3f5665083cda167398fcf57,moveis_decoracao,29,2556,3,1400.0,29.0,22.0,22.0
ec246911ea63f94a11fc8d78c270153f,instrumentos_musicais,51,335,1,600.0,16.0,24.0,22.0
eb38a7604070a2b8465101ed53cba72b,utilidades_domesticas,15,518,1,550.0,30.0,11.0,11.0
68c9f9b8e43c476c1bf8d6009270dde2,brinquedos,59,670,1,1350.0,33.0,13.0,24.0
70c1bce00b24bfd21332f7f8ebe2217f,utilidades_domesticas,55,354,1,200.0,18.0,10.0,12.0
f7f9a91ba39234c9bb9c7b159806f4d9,utilidades_domesticas,40,779,5,800.0,21.0,19.0,19.0
8de2f47b78997a49459d4564b093fecc,informatica_acessorios,45,78,1,1040.0,33.0,13.0,17.0
8bb0e27f7d87b511b5c4ed35e514e34a,artigos_casa,58,486,2,2100.0,50.0,20.0,40.0
eed58af018f022f0dbd193a8e81b9321,esporte_lazer,60,830,7,250.0,16.0,10.0,11.0
c34eca608b9ad78334018f7690b48912,pet_shop,58,374,1,300.0,23.0,19.0,18.0
fe9dfbe7f974621789683b7b78be2a16,beleza_saude,54,1131,3,5300.0,30.0,24.0,38.0
d335a6c57898db00e60ebe2409dcc0b4,esporte_lazer,55,487,2,1100.0,35.0,16.0,30.0
156dc15f380f2c6fa999b386a90a8524,moveis_decoracao,29,306,1,2750.0,49.0,10.0,38.0
9324d11d98d73e980e13fbd30569e9e4,pet_shop,55,1501,2,875.0,26.0,19.0,23.0
8683af6cf14f1bf2426f390ba500a980,utilidades_domesticas,60,863,6,450.0,28.0,11.0,15.0
094102aa6f9acae48f92eec22c02180a,beleza_saude,41,1843,1,250.0,17.0,13.0,13.0
69ab89fdb9df3f93455a0c52d6e4e3f0,automotivo,56,695,6,4125.0,56.0,11.0,32.0
78cee0468912540c91a02760c91481fd,utilidades_domesticas,31,238,3,550.0,18.0,15.0,15.0
3c3c58dae0e49e5d2cc6c35680dd347a,automotivo,48,218,5,2550.0,55.0,8.0,18.0
1121a43969b79e65010c2a5cdd0dcb6c,utilidades_domesticas,58,1204,1,11489.0,42.0,67.0,42.0
e6506b15fb88b22adb8f9dcdb20e532a,moveis_decoracao,63,1747,5,30000.0,65.0,50.0,70.0
3ad77ee47938193d6240dadba0feeaa0,perfumaria,48,1067,2,419.0,20.0,17.0,20.0
ffa0824a2b01e5ce24d6883413b72f14,eletronicos,57,109,1,500.0,26.0,25.0,35.0
bf2f8d918c34551d0bc8861f3779953e,relogios_presentes,57,610,2,233.0,18.0,10.0,15.0
19290ebcf78e385cd9fcd48ce5e1393d,ferramentas_jardim,41,320,1,267.0,27.0,13.0,17.0
b9ec59c34a1b048fa9c2bbe3296a7842,artigos_casa,55,699,1,850.0,16.0,10.0,16.0
97de9cc5ef2b385440117d854522881d,beleza_saude,51,1004,2,200.0,20.0,10.0,20.0
f510b05e475dddcb832edeebeea10f20,automotivo,63,140,2,950.0,33.0,16.0,20.0
a8a7754ff3a1724da8e68648ac505d6e,esporte_lazer,58,902,2,6400.0,20.0,20.0,20.0
1fce7b244f4a45431713165a869f5f32,perfumaria,56,1420,2,575.0,16.0,22.0,16.0
69ddf2dd08328f81e57bdaf72c4f3b03,moveis_decoracao,47,1186,3,400.0,53.0,8.0,11.0
1567a054fc1af5ea367b0740ef9bc684,brinquedos,54,680,2,1200.0,21.0,40.0,29.0
d152aa8d02d82ad4a7b53a5437002efc,ferramentas_jardim,59,1049,1,500.0,20.0,20.0,20.0
145028037adecb27b1a58cf9597676cc,moveis_escritorio,37,1259,1,6650.0,23.0,19.0,29.0
a76b3bee03ec4c212cb5f07050c8277d,relogios_presentes,60,167,2,250.0,16.0,2.0,11.0
c07f064fdcfd7e6c865fa295be464196,fashion_bolsas_e_acessorios,50,542,4,150.0,16.0,5.0,16.0
9c98b59719a74f32903537bc5c9262ce,papelaria,40,892,10,2850.0,32.0,52.0,19.0
447a4fbd4c6995b5779d96127eff23d2,utilidades_domesticas,45,236,1,1300.0,29.0,14.0,25.0
6d83ca45d94919027131b87caf3b2a6c,artigos_casa,54,492,1,250.0,16.0,10.0,16.0
7ce3cb8d513147ece112c5200b7fc84c,market_place,16,726,1,200.0,25.0,10.0,16.0
3d7e90a312a036ed4ae2ecd2a459a629,alimentos_bebidas,59,913,1,200.0,16.0,16.0,14.0
d14692c03c3093dc407ff86f385bbbec,beleza_saude,59,1262,1,267.0,21.0,8.0,19.0
8021eec060840489d25c322ee7fa5ed4,perfumaria,54,619,2,317.0,25.0,6.0,22.0
30e538a84e5ed6276d0ef5dc07bac435,beleza_saude,37,2590,1,601.0,16.0,21.0,14.0
23365beed316535b4105bd800c46670e,telefonia,56,351,1,350.0,19.0,4.0,11.0
723e69796165c9cde80c4f791593df74,pet_shop,16,1177,1,200.0,16.0,16.0,12.0
a0b7b660f3ff79836867de402e158770,casa_construcao,35,421,1,11825.0,35.0,31.0,31.0
eeeb2241b2cde4b94bc73dbc8e5c7586,esporte_lazer,45,1322,2,500.0,26.0,16.0,21.0
0cf39ab2d0f594fe612f81d2d90121e8,eletrodomesticos,51,142,1,50.0,27.0,13.0,17.0
0368744ea61d6163219e3bcbbbac3680,beleza_saude,46,799,1,2000.0,30.0,12.0,16.0
80c2ccc80085da41e8c055401fef8e3d,esporte_lazer,57,927,2,10800.0,70.0,39.0,21.0
a79e27ad902bfc67386ea63ed1ef7a08,agro_industria_e_comercio,56,93,1,100.0,16.0,5.0,11.0
9981d5a8b44135a14dffa76e857d2d83,moveis_escritorio,64,1291,1,12500.0,57.0,54.0,21.0
42c0e34ecbd01632df00dc96670c92a0,relogios_presentes,56,775,2,200.0,16.0,11.0,20.0
0e6e319f54e663147c771705ab5dec67,informatica_acessorios,34,323,1,500.0,20.0,7.0,16.0
9386012b71cfdcc82a3fe58df7e8c0c5,variedades,59,599,2,3350.0,45.0,25.0,18.0
60e931f4bf462d9fd360b3d3b1ccaaab,fashion_bolsas_e_acessorios,40,793,1,100.0,16.0,5.0,16.0
31639956e7fac87ecfd9d608040638bd,variedades,38,500,1,5150.0,90.0,4.0,42.0
694cbe624717957c7536ef8cd9dfbf57,telefonia,58,678,1,150.0,17.0,8.0,14.0
742a85d0c5a5b777484c139c7c07bd0d,moveis_decoracao,45,258,2,7000.0,30.0,30.0,30.0
5df044498554dec765264c2cad9804e6,esporte_lazer,49,147,1,650.0,20.0,7.0,14.0
a6413454f8b18d633f57f5ade4de8fdd,artigos_casa,53,506,4,2100.0,45.0,10.0,34.0
c0ea555ff29c50e43c608958cf40880f,brinquedos,39,400,2,325.0,27.0,18.0,11.0
ba091f760e02c4b603a0a6a52c2d31d8,automotivo,52,796,3,11300.0,60.0,60.0,18.0
b88bec07c15c233600f4ce48b7bb44e0,moveis_decoracao,34,786,5,550.0,18.0,35.0,18.0
3ecdc0c6f18cf5c74f2b2e11c23ef462,beleza_saude,48,728,1,450.0,20.0,7.0,17.0
e6d3e381889aa6e9d222ad50cb30ac43,relogios_presentes,36,617,2,480.0,18.0,11.0,14.0
d8173f1b5264436afbac20af6b37402e,artigos_casa,55,386,1,900.0,50.0,5.0,50.0
29ef8f163a85d31f5a88354c0007a6d1,esporte_lazer,48,1360,1,3500.0,25.0,8.0,25.0
a94ba3ccb95b8e55a03e0c8842d1ff8a,relogios_presentes,39,434,1,300.0,18.0,15.0,19.0
cfc4861ae14c9e9e7679355f863c18d4,automotivo,58,874,5,150.0,23.0,3.0,16.0
1d7bb6515c4995e739fd62faf05f2863,papelaria,27,105,2,600.0,37.0,6.0,29.0
70c6bcc1ade2c8284d07bddfe37dcfee,utilidades_domesticas,43,711,1,2000.0,25.0,60.0,25.0
1da4613d4f7e10e1554538b46dd16486,papelaria,59,326,3,1600.0,60.0,20.0,29.0
61e10f3719455e41bd5956ef8dc29092,beleza_saude,43,1386,1,1500.0,30.0,10.0,17.0
cf2653cf76be07fe57a84a492eaedf8f,artigos_de_festas,36,220,1,350.0,16.0,10.0,11.0
c2bd03501cf7f4f3a1201e6069155bc0,moveis_decoracao,55,133,1,900.0,35.0,4.0,30.0
8384a437925520e96cb6acc65235e499,artigos_casa,54,239,1,550.0,25.0,10.0,25.0
3e44b19563ef5a25f4b7e0fdfc3657c3,brinquedos,59,523,1,9700.0,30.0,30.0,30.0
5f287404fdf339bcbe657a37b6a4b048,brinquedos,47,766,1,1000.0,36.0,8.0,28.0
3d97f0e9cc1e412e5d125b3d24af8707,moveis_decoracao,63,1600,8,4050.0,50.0,15.0,40.0
88b0e43d1df085c4e8c2be324e3785f3,telefonia,58,1087,2,175.0,19.0,11.0,14.0
cfdc07d05c8c2c2ca22d746294ba0d3a,utilidades_domesticas,54,599,1,14900.0,40.0,25.0,40.0
a60e1868eec274b4c295fc836ea8320d,artigos_casa,49,217,3,3000.0,40.0,20.0,40.0
3df78dbb35e3edc35c5f309011b6e3d9,eletrodomesticos,59,709,2,650.0,28.0,10.0,18.0
fc94d52bb346616a130e657a8fac829b,bebes,58,233,1,7100.0,41.0,40.0,40.0
134529314360d3cb9e5e052b0b7b4b39,ferramentas_construcao,51,339,1,100.0,20.0,4.0,20.0
304104a478e3a605db6072a22e4ee228,eletronicos,54,2667,5,2600.0,36.0,13.0,36.0
f4a53b6154c996879ab3efb88b2af77e,telefonia,63,332,3,150.0,16.0,4.0,11.0
27fde8707fbe094d54bcbabc9dd5f7d3,artigos_casa,55,446,1,10800.0,16.0,10.0,16.0
fee0732d760a52d0047533f53a110037,automotivo,57,2553,1,3500.0,57.0,17.0,17.0
29dde5020c59e8f8e8154cfc146a93d1,moveis_cozinha_area_de_servico_jantar_e_jardim,43,1562,7,8050.0,40.0,20.0,60.0
ac0bb4405e9661957160dd5ee9d5585c,brinquedos,54,407,5,1250.0,45.0,8.0,26.0
ddee1b747d9681ef016a78e77937e950,utilidades_domesticas,59,494,3,1350.0,37.0,10.0,31.0
faf58757ca84cfb8c154b772683e76e3,papelaria,53,559,2,150.0,16.0,10.0,27.0
d399dfc93e30e60fce539861202763af,artigos_casa,59,217,3,1700.0,30.0,20.0,30.0
bbc63e599e67ab71d08ed921ac58defa,alimentos_bebidas,48,497,1,1700.0,21.0,12.0,18.0
00ddaddbe03b7103d80daee96892363f,telefonia,59,600,1,200.0,19.0,4.0,11.0
674fa4e0401faf80b7d4311e7cb636f4,brinquedos,29,860,1,1150.0,28.0,13.0,21.0
d02e5b014cc50a42a3ede0b3dc1fc63e,utilidades_domesticas,44,203,1,1100.0,19.0,22.0,19.0
f1565c6b7be8ebed9fafb07bcb6435a9,artigos_casa,54,614,1,1650.0,40.0,5.0,30.0
a892ca050a783e4f416986981b37422e,perfumaria,54,866,4,215.0,18.0,11.0,12.0
5cb24cb74b433876acfc7eb8aa08cab5,brinquedos,31,314,1,478.0,23.0,20.0,18.0
9a4b54310a69c82a6773791c9099e109,utilidades_domesticas,22,332,1,250.0,34.0,5.0,27.0
ddc1d8513943b57455b160acf77e6507,esporte_lazer,60,361,3,550.0,25.0,25.0,25.0
e987172c2818cc16b2555bc130ac5fac,variedades,,,,4700.0,19.0,52.0,19.0
e40c39c560a2473e52cebd2ccb0d7969,brinquedos,40,970,2,900.0,41.0,13.0,26.0
218d038ff5f2acccebb3cc1d452a911b,beleza_saude,32,318,3,133.0,16.0,14.0,12.0
5f84104353e7e051af78c2a9a1721bcd,brinquedos,57,1067,4,2863.0,53.0,24.0,26.0
821f6f2b173248cc704e369c94228008,beleza_saude,58,1552,5,22150.0,58.0,94.0,29.0
12595985a0207bedf6e09ef07e1f98a3,esporte_lazer,63,666,7,10100.0,80.0,30.0,60.0
d0744123a3448128f572ff0a95c13d87,moveis_decoracao,59,603,1,8200.0,40.0,35.0,35.0
bddc1407637849d18d139b4012e4406a,casa_construcao,38,883,1,2483.0,18.0,14.0,16.0
b05e00841a6dad404ef34ae67807879a,moveis_decoracao,37,719,6,200.0,16.0,2.0,11.0
4652e11aee23d86203400f6094fbe8bf,automotivo,60,580,1,193.0,16.0,11.0,12.0
a696d5d63900a0d8318ce8861dfc4f9f,esporte_lazer,51,792,3,300.0,19.0,12.0,12.0
caf230c721f149691d0307f0868beac6,automotivo,59,512,2,500.0,30.0,20.0,20.0
67523567791b73064e78d6a5731f379c,automotivo,39,2642,2,83.0,19.0,4.0,14.0
14d8c1bbd5f367608c37522e99c47258,livros_interesse_geral,16,276,1,150.0,28.0,2.0,19.0
5b6df302d191ccd16b319099f66be46e,moveis_decoracao,58,333,2,600.0,18.0,5.0,34.0
0fe81ae548bfaebcb1efcb38208efa1c,utilidades_domesticas,55,607,1,1000.0,37.0,11.0,34.0
e9dd44f105ffdcb98405c94f1d0bbdd9,moveis_decoracao,50,201,3,1000.0,25.0,23.0,25.0
afa545a68cd944454da238793813a4d8,malas_acessorios,41,272,2,16050.0,60.0,40.0,40.0
94fb18015068e3550e6a8f0729558904,artigos_casa,46,2323,1,1700.0,30.0,23.0,11.0
cd6efbd49aaf6ab8c3eb9605aae7e942,papelaria,37,276,3,200.0,20.0,20.0,20.0
d59adec5f338fc378737245a857f662b,artigos_casa,50,196,3,700.0,37.0,23.0,35.0
8b9c29dd9e59bded956555ded6c68a54,utilidades_domesticas,53,1254,1,1850.0,41.0,20.0,25.0
a069fc741ff92fd8af8270a66f35fcbd,moveis_sala,31,325,3,4025.0,51.0,14.0,52.0
a2abc65fbaa1761f0c6a88512db4719f,moveis_decoracao,30,1443,2,18800.0,52.0,36.0,60.0
53e695484b71a194bf7d89b48700756a,bebes,54,560,4,5100.0,32.0,19.0,29.0
355c91ffac499557d65c0821237b6350,fashion_bolsas_e_acessorios,42,770,1,850.0,16.0,2.0,11.0
78a2a96601d7940594f95dbaa4c368d0,perfumaria,43,409,1,463.0,18.0,10.0,14.0
52faaea7e7d55dfe5aa81f0b5f79d7b9,moveis_decoracao,63,702,3,2050.0,35.0,10.0,35.0
70615110b87b5e185d019c1968084752,brinquedos,60,178,6,1800.0,35.0,20.0,20.0
ac7e25ab6b98f4508fcc4f5a85740011,esporte_lazer,55,1122,3,700.0,20.0,10.0,15.0
e7593e3c84b3302e1531a715f1ded8b2,moveis_decoracao,46,458,1,750.0,30.0,30.0,30.0
5fd295ecaf1c3821da3a53a52dac90e2,jardinagem,37,1975,1,8950.0,44.0,40.0,34.0
569ffd16f8032478cbeb9800f2e94ba0,moveis_decoracao,49,544,1,410.0,39.0,3.0,28.0
ff80f0538290775336ee74b4997a855c,relogios_presentes,44,1484,1,333.0,28.0,13.0,15.0
481587fdec29c4d63a801769b4e5c578,moveis_cozinha_area_de_servico_jantar_e_jardim,49,1618,8,9800.0,16.0,95.0,50.0
08ba0b9a5d17ce718c503eee72338e98,relogios_presentes,46,451,4,250.0,16.0,13.0,13.0
4d38a4daf13a87012b73156f834afec0,artigos_casa,44,331,1,300.0,36.0,6.0,26.0
4beaa629c1622b0fc9471351db5ea62c,fashion_bolsas_e_acessorios,63,655,4,200.0,16.0,9.0,20.0
ccf72249cc35d9121279de015c5657fc,utilidades_domesticas,51,638,2,1100.0,60.0,12.0,30.0
07145f317bd27c212bbc49377b3940dd,artigos_casa,57,134,4,400.0,20.0,10.0,30.0
ab14f3763110d218ea7862647bd450af,esporte_lazer,59,892,1,30000.0,19.0,16.0,19.0
88d07a97123a341509effc395bf418c8,fashion_bolsas_e_acessorios,30,275,5,500.0,30.0,20.0,20.0
5355a40d35bd884a0a357a703be19df5,market_place,48,1022,4,100.0,27.0,15.0,15.0
d5394d514863cae57faa03d1784ae6fd,brinquedos,54,1078,1,500.0,35.0,18.0,25.0
50fd2b788dc166edd20512370dac54df,eletronicos,46,2285,1,150.0,30.0,10.0,20.0
358c791cbb9616153f8864c3d6eabaf4,brinquedos,50,887,1,4317.0,27.0,20.0,28.0
88b3956a8179086a0c985a39644ec47d,esporte_lazer,52,1083,1,4550.0,80.0,30.0,20.0
d79c1b22417ddb8b9c157685628fe411,informatica_acessorios,53,814,4,800.0,17.0,12.0,12.0
5db096acdea1d87bfa4d07c1cc70c492,moveis_decoracao,51,595,1,16000.0,63.0,40.0,38.0
bfdf870440db3d003d76d1a9085fcd2b,telefonia,60,234,2,331.0,21.0,13.0,17.0
6cc6509fe96a5ee8b3125550e8092a00,beleza_saude,44,453,1,383.0,20.0,19.0,14.0
5d720fc5a34a02b8eaeff74ebf5ef88c,esporte_lazer,58,278,2,400.0,30.0,15.0,20.0
00738f5a17ec4450e88915357b085c1e,brinquedos,37,670,2,600.0,17.0,15.0,22.0
62ca5c25d64eb6e83232fdb4203df305,moveis_sala,39,245,2,7475.0,54.0,16.0,53.0
e30a07181e238b29af319577b9bb22fe,beleza_saude,48,1250,2,1100.0,20.0,10.0,20.0
60bf1bc45f1207a9d08863c1f6d390c8,fashion_bolsas_e_acessorios,47,490,5,150.0,16.0,9.0,11.0
bd1fc5db666613cbd3cba3ef38d3c0f2,automotivo,36,2973,3,30000.0,66.0,66.0,43.0
2903f5a4475454e513a2bdcad950b90f,moveis_decoracao,52,2010,2,3000.0,69.0,11.0,11.0
73429b7f397b34d3ade14cb9672a8d46,moveis_decoracao,36,687,3,1550.0,84.0,8.0,11.0
6085250f7b172d15b2fd69b85ca4808e,informatica_acessorios,35,492,1,200.0,18.0,9.0,16.0
9663cf1ff5c7ff603be0a27b1cf2dde2,bebes,44,271,1,600.0,25.0,15.0,25.0
9674b7f245c1d659972605a979ac3dcf,moveis_escritorio,43,2233,1,13900.0,55.0,27.0,55.0
dcda28837e91de197266ec8d4327d0f6,variedades,,,,9000.0,60.0,40.0,40.0
ce5a07feea47b22089fc735f70ae4931,variedades,,,,150.0,16.0,7.0,13.0
cdbb028dcdcdb294fd86a808b3569c11,variedades,,,,1000.0,24.0,16.0,16.0
87fe3060b63fb773ce7cc144ec313824,utilidades_domesticas,57,227,1,350.0,22.0,10.0,18.0
2eb705094d8383cfa50e8965dddc8a7e,livros_interesse_geral,39,2244,1,1250.0,28.0,5.0,22.0
9c6d5d4aaea6884ee19112567691a1da,artigos_casa,55,322,1,1575.0,33.0,10.0,21.0
cb04681b1a0dc519c3184cae771a2cdf,utilidades_domesticas,43,547,3,850.0,25.0,15.0,36.0
06e73ddcb54620a36bfdb2e073c4dc40,fashion_bolsas_e_acessorios,48,357,5,150.0,16.0,9.0,11.0
8e023144385596d8dce754c39ea479f2,papelaria,42,1414,1,730.0,18.0,28.0,18.0
2c52e710fd7c065119722cad50607252,relogios_presentes,53,539,2,197.0,16.0,11.0,12.0
ba74c6b75d2ad7503175809688d5a03c,relogios_presentes,59,1088,2,292.0,17.0,8.0,12.0
4d2481b021cc6916e6c45615ee2d7638,variedades,,,,500.0,20.0,16.0,16.0
3ae88ae7de71731768a584f527dc1fb0,bebes,40,1561,1,850.0,30.0,40.0,50.0
10d2b7a176cd8a35bcae7c15e0e7626e,esporte_lazer,58,1033,5,750.0,16.0,10.0,11.0
e411491f59e292ac3d3cf9d9d79b3313,artigos_casa,57,232,1,2100.0,38.0,7.0,29.0
6661021f37132951c2c8d7576fa7b819,beleza_saude,25,308,1,200.0,35.0,5.0,13.0
3c726b5f595b976b4348899225d955a5,brinquedos,58,822,8,805.0,28.0,37.0,25.0
541de21b45fa18d292382c79394e055c,ferramentas_jardim,59,704,1,3200.0,20.0,10.0,22.0
1fac2e6b0fdfb2e529fc9960c5270aeb,instrumentos_musicais,60,222,1,700.0,20.0,20.0,20.0
e2392cbe0b76da9c4e7271a3a71f5d3e,pet_shop,37,139,1,350.0,23.0,20.0,20.0
79d62ec5dd0de230da5f185b478a5ade,automotivo,45,949,1,375.0,17.0,5.0,13.0
741f691f78a534cefbddcc7887f1c3d1,casa_construcao,48,223,2,3150.0,30.0,26.0,27.0
67fe44191fffe358dc237a228fe96430,moveis_decoracao,51,1186,2,700.0,53.0,8.0,11.0
829874309190054ac199e75205ad6b33,variedades,37,1160,4,100.0,16.0,16.0,16.0
5d686bbd116b2de2ea1a4e1056501240,utilidades_domesticas,36,592,3,300.0,40.0,5.0,40.0
f837b6a7e6740b19b2fa33c267fd8e7c,esporte_lazer,51,1346,4,600.0,80.0,8.0,15.0
a7ca7fd9bf5015bfeecc4010e8fa4ce7,bebes,57,327,3,7400.0,57.0,40.0,25.0
1c05e0964302b6cf68ca0d15f326c6ba,moveis_escritorio,46,1159,1,9375.0,55.0,54.0,19.0
142e24ca1186ae5c0a12a6c315bf43fa,telefonia,60,869,4,500.0,20.0,15.0,16.0
a55d10eb698c768ef447648197bb0da9,artigos_casa,57,214,1,1300.0,42.0,16.0,32.0
2f49c08d026479233c81816cd86a5ea1,automotivo,57,804,3,250.0,24.0,5.0,17.0
c3f6113d5b61bc95468432072b27e23d,informatica_acessorios,64,676,1,300.0,36.0,9.0,11.0
70de7f927d3615d94199abf14387491f,fashion_bolsas_e_acessorios,60,219,1,200.0,21.0,9.0,14.0
1e9f407b0d5f8f439956c66df050c107,eletronicos,46,603,1,450.0,20.0,20.0,25.0
d9ef0410018bcb16abef7c8f005fa2f9,informatica_acessorios,58,543,3,150.0,16.0,5.0,16.0
cdbbae093813d93184f3192263cb9bfc,esporte_lazer,48,371,1,683.0,20.0,19.0,19.0
305cf3d6eaf7d2339acabcbacd5e3142,esporte_lazer,57,2982,1,6350.0,51.0,31.0,31.0
9d4907a98d11d8b3254b9997e36e2a32,esporte_lazer,29,405,1,200.0,16.0,16.0,16.0
413fa9f96b1e08ca73401f596e63dae4,telefonia,44,351,4,100.0,19.0,3.0,11.0
b3466bdd3b91a3c8ba3f2dbe7f9e0b4f,variedades,58,341,1,850.0,20.0,20.0,20.0
bcaccccaa0255d8132172dfe9c10ab2e,eletronicos,33,198,1,150.0,22.0,6.0,16.0
4c6826f47a7d1a0e3f48b885170f4fc3,ferramentas_construcao,49,126,6,6900.0,60.0,20.0,40.0
14227590bd7dbecb72b7b37fc74a8065,pet_shop,58,483,1,150.0,16.0,3.0,16.0
9e69b6eb1dc98769983df1ce44f14efe,bebes,42,346,4,500.0,27.0,3.0,21.0
d05812cb900f3aac945fbb2298d07637,seguranca,39,905,3,1650.0,30.0,20.0,30.0
a2e281fad531f293409da05efe8097fa,automotivo,59,743,1,350.0,16.0,16.0,18.0
15e71ca2be5a30e15c92ab4b36450571,telefonia,56,535,7,300.0,16.0,20.0,11.0
0874407d58fad5ce1eecc2f372fc8dbd,artigos_casa,51,204,1,2950.0,40.0,13.0,43.0
90a889e1263345cdb507da0926d5e44f,brinquedos,42,224,1,450.0,45.0,15.0,35.0
fd97587c26811f6072bacce1484fbf65,bebes,57,322,4,50.0,16.0,6.0,11.0
1958c78374730139360de98514b9a916,brinquedos,52,446,2,2975.0,28.0,9.0,14.0
95fcb44ada4cefca4f03cc0b4b69ee33,beleza_saude,55,1530,1,1600.0,22.0,14.0,22.0
bdeeb5acd16db2efd16239bc6c0f01cb,ferramentas_construcao,35,2457,1,500.0,26.0,17.0,17.0
1ffbbf003b5a076002ac9deac36b1c4c,moveis_decoracao,41,352,1,5150.0,25.0,25.0,20.0
8bce28781999184ac2a46c7c83ba0ed6,esporte_lazer,44,232,2,3400.0,60.0,15.0,15.0
40bb10ced586734cde2061c5247f0ad8,ferramentas_jardim,57,794,1,350.0,23.0,8.0,16.0
5991a1ee2f6e00dd22dccb1550e20f64,utilidades_domesticas,58,856,1,175.0,25.0,8.0,19.0
b35370362fa3ad4b1976f2a11f146dfd,moveis_decoracao,53,191,4,6500.0,104.0,6.0,54.0
3c62f48140fdc7650a63b182fe3b9e4d,moveis_decoracao,63,832,2,1700.0,43.0,5.0,30.0
a25a9e3433043fb8a0808f310d8d8203,fashion_bolsas_e_acessorios,46,846,13,1000.0,45.0,16.0,45.0
b835d69ca6a226be6960b90d5b477bf2,moveis_escritorio,51,2344,1,10850.0,58.0,20.0,58.0
3e6b05aedc40a989d87c8518c6245fe1,moveis_decoracao,58,1988,3,2250.0,65.0,8.0,45.0
8222184819ebec6f4191df347b4166a9,automotivo,57,701,1,50.0,32.0,2.0,24.0
0c4dd7ab3593c8601e53207e02d16784,brinquedos,25,713,1,920.0,28.0,29.0,33.0
3b49d2e893a8c98d11a3cb44dc7274a7,perfumaria,41,748,1,100.0,20.0,15.0,15.0
0b2c18d8e73e17348a011241525cb089,relogios_presentes,60,1008,8,400.0,16.0,2.0,20.0
d9235fea02ba3f9fafcd78d898ac4355,iluminacao,54,929,5,1300.0,22.0,15.0,18.0
d9293c1e73be790ec4534dfe249611ab,moveis_decoracao,63,2741,5,400.0,20.0,16.0,15.0
5efee6a9b8e96bec1fae4b0f26470915,esporte_lazer,43,1832,1,250.0,18.0,19.0,18.0
9689b050651107828cab68a05c1996d5,moveis_decoracao,63,1703,1,750.0,60.0,11.0,11.0
2a5ce93df0dd4ec1b23ebc2e599d793e,artigos_casa,49,207,1,2100.0,55.0,25.0,35.0
089526cae28a7fd487bfb3bab161d701,informatica_acessorios,44,433,1,200.0,17.0,8.0,11.0
cf92691b3ee30045224020f9ae5ae42c,perfumaria,51,632,2,467.0,18.0,12.0,18.0
cc9e875c2df286dbed83efe01191162c,la_cuisine,57,429,1,2700.0,85.0,7.0,40.0
9a21563e1d5b0ea5a57e972002c279d1,beleza_saude,36,223,1,167.0,17.0,13.0,17.0
70559c57b5e5cfac386368f45e744f55,informatica_acessorios,51,100,1,179.0,12.0,9.0,13.0
358d37dd53f3e05e0210a3ca3d953aca,informatica_acessorios,32,1095,2,200.0,38.0,2.0,29.0
cc07679fe101c4fa74d93e08145463f9,beleza_saude,27,510,1,75.0,16.0,5.0,13.0
8273821fd2a32fbbc77ad8b743b2a1b9,utilidades_domesticas,37,335,4,7550.0,50.0,15.0,40.0
3b10cf7d1e08c598428ad6eb7c59d09c,artigos_casa,59,775,1,1550.0,32.0,10.0,28.0
5df01d29194d92b3191aa24aa1eb3b07,brinquedos,25,3925,1,1650.0,32.0,15.0,32.0
fb14dbd8b5d4195d70df81f35b593889,eletronicos,53,279,2,365.0,20.0,10.0,20.0
c448475cc4766baebabe30ee6d5f3fb7,papelaria,50,105,2,450.0,20.0,30.0,20.0
9c268694cc413affbf3c27d05ef796d1,fashion_bolsas_e_acessorios,35,277,2,200.0,19.0,11.0,15.0
5391609b73c1bd3aa36c88f5d954cb1c,brinquedos,55,496,2,350.0,36.0,13.0,16.0
fb05d01823da2c4e90924c5486134808,artigos_casa,56,262,1,1750.0,45.0,15.0,35.0
c7d27a4e976afb541a3af538a7594f72,iluminacao,59,302,1,400.0,30.0,15.0,15.0
180a3dd286404dc8a9154904eadaec99,artigos_casa,41,297,1,13475.0,55.0,50.0,50.0
87c070a9069fffd77616e3581d8d2ba1,esporte_lazer,36,213,1,5900.0,105.0,8.0,27.0
8b52d90d2e8716dad633486c6cc94ecf,telefonia,48,504,3,408.0,14.0,16.0,15.0
756d52539899974a9b2ae56aff0b6a2e,jardinagem,56,1829,1,15100.0,59.0,32.0,22.0
da7a746a5e1464d8e8ee38bab3afa5b6,bebes,32,1531,2,900.0,30.0,40.0,50.0
69d1a2681324d48bb7f38a7bb7b2646f,perfumaria,54,954,1,50.0,16.0,5.0,11.0
5d92abea542c2022dfee91dd630f2697,artigos_casa,57,261,2,1580.0,66.0,13.0,45.0
ef3bda43c679d8fa4a75fce58089c26f,automotivo,36,359,1,15400.0,61.0,61.0,19.0
45e95fa9b4822fe9928abd8993cc37ce,informatica_acessorios,37,1866,1,475.0,18.0,3.0,11.0
33c99a74eb3e4e67bb70dca408c352d2,ferramentas_construcao,51,458,7,4850.0,20.0,24.0,21.0
f4ed071d646815b06ab9244f2306c1b7,esporte_lazer,51,767,6,950.0,55.0,20.0,22.0
9af675a3fdeff7a4d141e18feaed4375,telefonia,52,1096,2,117.0,16.0,5.0,11.0
9ad9c8e392ba2c6930a3dd1db3c09ea9,esporte_lazer,24,424,1,150.0,16.0,2.0,11.0
a3ade87bbaa7f21569a935c8e3ab5b71,moveis_decoracao,58,185,1,900.0,35.0,3.0,26.0
63880b203cc3bae1fd0520242cdbedd1,utilidades_domesticas,51,467,1,550.0,26.0,9.0,11.0
003dbcabcf8e3231de657c7d9f9a5eba,esporte_lazer,43,1213,1,1800.0,30.0,22.0,22.0
b575098a6da9b81384a7df56314b7f70,ferramentas_jardim,54,887,3,30000.0,47.0,62.0,62.0
6e59a5107a6102148b438cb33d5a2529,malas_acessorios,49,826,1,800.0,21.0,50.0,33.0
6bdaa623c65ac1bc506629741929963e,utilidades_domesticas,53,567,1,2600.0,45.0,37.0,16.0
761786c69af6094fe760ef42fbceaa1f,fashion_bolsas_e_acessorios,31,331,5,200.0,16.0,12.0,14.0
a64f5291d8f2aa4d9d5f034a5c469dec,livros_interesse_geral,18,1081,1,250.0,26.0,3.0,36.0
eec68ed7d496bb2ee6aa0a69bb78acd2,papelaria,34,332,2,850.0,40.0,15.0,37.0
306e6b5dda3397e4a9312f94d82565b5,brinquedos,54,1213,9,8450.0,30.0,26.0,12.0
5e34d2963378695699827b6e629392b4,esporte_lazer,48,989,6,700.0,24.0,15.0,23.0
bfd7070500b5ef628b0216d884d2bc02,informatica_acessorios,52,334,2,151.0,17.0,11.0,21.0
d51ac9dcce784a7cecedf34f4a983692,moveis_decoracao,55,1260,4,1150.0,60.0,7.0,11.0
3178ee7d2c17d1caef4955dd9bad16f6,artigos_de_festas,60,188,1,150.0,16.0,37.0,11.0
9f4923c125aadccb0e99914c96c8829d,telefonia,60,751,6,200.0,17.0,4.0,12.0
726b69ceea91f769cb45a6115945596b,brinquedos,41,950,3,200.0,20.0,25.0,25.0
e0dfc740a058aaf5d2627087f26ee80d,perfumaria,45,1170,1,800.0,20.0,15.0,15.0
c945d017108b1d447facbc95385680a1,informatica_acessorios,56,1248,1,100.0,16.0,2.0,11.0
9443c4c94962f689aafb1c13f5f1762f,eletrodomesticos,59,821,2,500.0,20.0,13.0,15.0
f08b29913c73e394bc8477b1e69f7762,moveis_decoracao,49,709,4,550.0,34.0,6.0,23.0
ebb132e52ceaa1001756409f1dd0750a,utilidades_domesticas,35,250,2,950.0,17.0,19.0,20.0
f092d3abbc2f3281c56b4497e5c150f0,artigos_casa,51,543,1,556.0,30.0,9.0,28.0
61ba71a0b111e24da5c8fd2f0e61b0c1,eletronicos,41,2100,2,4900.0,32.0,39.0,41.0
2b5fddc2b543ee8d6699fb8687fac6bb,consoles_games,22,479,2,300.0,20.0,10.0,13.0
685745fc12a6d4344a767bf01fb2d6d1,papelaria,48,483,1,267.0,20.0,7.0,13.0
aabc408823496d430c4b0b85561403ad,informatica_acessorios,54,127,2,100.0,16.0,8.0,11.0
a7bcd880d9580e8b2ab78868836ceb4e,informatica_acessorios,41,570,1,400.0,16.0,6.0,12.0
2e34ed2b95d40201c3ca372ec80db75a,ferramentas_jardim,43,1066,2,500.0,33.0,10.0,18.0
77f6fba67754c564e9f4dfad8530d705,relogios_presentes,37,131,3,600.0,16.0,16.0,11.0
70869aae4d447a8815db20569604a9e7,beleza_saude,55,1493,1,2225.0,37.0,12.0,20.0
de89f330c497e12d2510c2cd2a48a29f,telefonia,30,900,1,605.0,16.0,14.0,16.0
99ff40856c47a638df807c0a144470cc,moveis_sala,54,1108,2,30000.0,80.0,60.0,60.0
4877b4c3caeccd2568f623a099d1d1f4,instrumentos_musicais,48,882,3,1750.0,27.0,13.0,25.0
b275ae464e6098f8a20cb7fc183a7a94,beleza_saude,43,802,1,325.0,22.0,13.0,17.0
3718e428a53d75dc322c79a49bdbe3aa,esporte_lazer,53,1709,1,1538.0,24.0,22.0,19.0
957e5bb30136d08f9e4f128d0fe9c393,beleza_saude,53,840,1,450.0,23.0,18.0,21.0
216085c4602f1d5e004e8e204a1c9752,automotivo,58,644,3,3800.0,60.0,15.0,25.0
ccdb0e2f5fada241364ea94cfaa2332a,instrumentos_musicais,55,751,2,700.0,16.0,7.0,30.0
8b90be4893a4277a9f33c5b2348cf9c6,artigos_casa,60,632,2,2000.0,42.0,10.0,36.0
c7d729c7966df13084efeade5576dfef,moveis_decoracao,58,779,3,9450.0,16.0,80.0,50.0
342936541051cf54fbe4879bd6e84985,brinquedos,59,698,1,434.0,27.0,14.0,21.0
78526258991c49156197d9e0e14a214a,automotivo,55,266,1,900.0,30.0,15.0,25.0
a2bd7f16312b272bf77b7e1464ef7638,utilidades_domesticas,55,331,2,1100.0,50.0,15.0,20.0
46d92d8c6c48c2ac51bdd6be618d0531,moveis_decoracao,43,512,5,1150.0,45.0,10.0,45.0
2fcef9efef474266c020ab6ccf2c61a8,esporte_lazer,50,462,1,1300.0,48.0,6.0,39.0
9dce7ad606cfbd6ea6ef7f7e43c039c1,moveis_decoracao,59,473,1,600.0,30.0,3.0,20.0
5215505db2113a032810c3644c346a38,relogios_presentes,59,566,2,250.0,16.0,2.0,20.0
49af4c64c7a13a102a10c4c2d6cd4d91,pet_shop,48,1558,2,550.0,20.0,18.0,20.0
9d5aabe3e3265ed911b2a85d14474635,brinquedos,45,1638,2,1075.0,23.0,23.0,19.0
da9323efe50198ccd3307f6a9a128a81,esporte_lazer,48,535,5,700.0,19.0,10.0,16.0
62b345de0ca18d1c5e3d43e621328461,automotivo,52,341,3,150.0,24.0,2.0,17.0
909b87db6cb3a7ab26bd03cc59860136,informatica_acessorios,28,1111,1,169.0,16.0,10.0,12.0
bb5142bfd51f0ca814eb6d8c78fa9842,artigos_casa,55,1537,3,550.0,28.0,21.0,23.0
3b5c8da5a1bb814b0a0d43918fb1223e,moveis_escritorio,53,953,1,7817.0,52.0,52.0,17.0
054b1ab366729788a3717961085aec01,informatica_acessorios,57,1206,1,50.0,17.0,9.0,13.0
7703b8cb5b77fbb36518ea91e2ca734f,relogios_presentes,54,192,5,250.0,16.0,2.0,11.0
0ad48bfc4a5619823e2b0f24b3c0b11b,automotivo,59,943,1,1400.0,21.0,50.0,15.0
aaa09cd0acd316f7816145408dd73449,fashion_bolsas_e_acessorios,39,180,5,200.0,16.0,12.0,16.0
a0de6ed943a47ab1ea06555cb9fddbab,consoles_games,53,555,2,700.0,18.0,12.0,18.0
b992409279b9ab0681b346f1e551ff8d,esporte_lazer,56,340,4,300.0,25.0,25.0,25.0
258ee266f0b142b30248b7c57b56d579,beleza_saude,17,48,1,150.0,19.0,14.0,16.0
57c56b4871f4f353ac52c8015e9c5318,moveis_decoracao,15,407,1,800.0,23.0,27.0,23.0
de115e41e8332aa7b5a04e027243fcbf,artigos_casa,59,111,1,1800.0,55.0,15.0,35.0
4b2c89ca021d0de0c060387a34588316,variedades,,,,200.0,35.0,4.0,25.0
7230bdf5aac37f7e218452287461b3cc,variedades,,,,2300.0,24.0,11.0,24.0
0ef877bd233e765e7163f9fcb49b6ffa,automotivo,30,331,1,400.0,20.0,20.0,20.0
e13d2c379481eddfa4b8844f8beb7db0,ferramentas_jardim,52,347,3,850.0,22.0,5.0,45.0
e558ed9db130cd52586bb4fcb1090132,malas_acessorios,43,784,1,900.0,19.0,51.0,36.0
9d274c8de79fabb3f4c65b64b9feb02c,artigos_casa,60,501,1,7800.0,40.0,15.0,35.0
b3d1d218a4ff07119f546a42c6ee7d7b,artigos_casa,55,292,1,5550.0,45.0,15.0,35.0
8dc0c7343c861029f0455cf20b0c19c0,artigos_casa,52,286,1,650.0,30.0,4.0,19.0
15be8ab92cd1c32b16ff30292ef39991,utilidades_domesticas,51,1993,3,8200.0,45.0,2.0,45.0
f9bab7e7dbab7e5883add425280ec006,perfumaria,60,684,4,100.0,16.0,2.0,11.0
0b0c716fcf2c2571d2e62271261f2abe,beleza_saude,49,796,1,27500.0,40.0,46.0,35.0
8948d630b987780fb97c5de8edbff85a,esporte_lazer,36,1145,1,87.0,18.0,18.0,18.0
0bb9709934061bd3316175ad24d90409,moveis_decoracao,51,1954,3,6400.0,80.0,4.0,55.0
cd442924cc287cda38d9de01d285b263,beleza_saude,53,1014,1,200.0,30.0,12.0,16.0
333f07710e0ba89e037d164c13726e6a,brinquedos,58,470,2,1600.0,22.0,38.0,32.0
61b6e5d2e3ee58d2b341b8ef1a652b26,artigos_casa,48,421,1,750.0,30.0,10.0,25.0
fb88d2e62a0840f63430f91b75730e35,eletronicos,51,2393,5,1250.0,35.0,15.0,16.0
79b0cb968ca5e0ef4d6338171123a3df,artigos_casa,48,324,1,1000.0,36.0,4.0,29.0
90a57d62c9b9f884fae33a10dff953b4,variedades,,,,600.0,20.0,5.0,14.0
09ec9df2cf3708ca52a4a6cb64e464f6,moveis_decoracao,48,1037,3,2150.0,35.0,15.0,20.0
e4bd268c80d127fbf8757171e8d2b6b9,bebes,39,1590,1,700.0,50.0,30.0,40.0
33900d427fa4bd3f509cdacda72e84a3,la_cuisine,52,287,1,2450.0,81.0,7.0,40.0
210763646bb56ada2fd99ff322278973,moveis_decoracao,57,2059,4,2900.0,69.0,11.0,11.0
4cc07f390b20092747e033df35805a15,moveis_decoracao,56,175,2,6300.0,50.0,25.0,30.0
4e3ebb4f257a1b5a8180093f6609aa72,ferramentas_jardim,53,1855,5,1600.0,28.0,9.0,27.0
64874a0d6c1ec460c2f59886c51b9711,perfumaria,46,647,2,532.0,21.0,12.0,17.0
d7df1ad2d9580659326819afde99ba71,audio,48,477,1,200.0,25.0,15.0,20.0
44377a26f7c80dbf0a9b2b300604e6bf,beleza_saude,45,1634,1,1400.0,20.0,20.0,20.0
fb5192388e7614dee676e3fcafbd12ee,fashion_bolsas_e_acessorios,55,219,1,100.0,21.0,9.0,14.0
fa4e8255202fd921350a6fc716710dae,informatica_acessorios,51,2025,2,350.0,20.0,5.0,20.0
e852196fab4b6dfb1fdafdc693b7dad5,fashion_bolsas_e_acessorios,59,650,4,400.0,43.0,16.0,27.0
652b078a8a6450ae6bf0823f150c7ede,esporte_lazer,24,178,1,3000.0,90.0,11.0,16.0
69428fb5c0da1fac708bdb33868b42d8,esporte_lazer,58,3211,1,4000.0,36.0,31.0,31.0
f845bd3077894700e688b1944854e28a,fashion_bolsas_e_acessorios,36,94,1,200.0,16.0,3.0,15.0
3158c44b08596ff51ee3560fad16cc09,livros_interesse_geral,56,1055,1,600.0,30.0,4.0,20.0
bac2d18d169f029e0721b8aca9c8f269,variedades,,,,300.0,16.0,2.0,11.0
98d4d94ea54992a98bbfefe75e7561d3,eletronicos,46,137,1,300.0,16.0,19.0,15.0
506f0b468f486202a5431f087e00de03,esporte_lazer,58,912,6,200.0,20.0,10.0,15.0
bdcb0ed4ceda228206ed4bf60ec5f65d,esporte_lazer,34,235,2,250.0,24.0,10.0,15.0
1c30d57d1e1e0184594217845937b8e0,variedades,38,319,2,400.0,25.0,30.0,16.0
2e5cf3208803b03c62f319e2518e35c0,perfumaria,56,538,1,100.0,16.0,14.0,14.0
a8fb161bb36ded69ca8ea7466b7f09a4,relogios_presentes,50,402,2,1825.0,28.0,4.0,26.0
911b8d269dbaa6c005b23d04e1c7fcbc,esporte_lazer,35,223,2,700.0,60.0,15.0,15.0
9bdb80cc5cad441e3818ce85c23ba172,industria_comercio_e_negocios,59,1729,1,1350.0,30.0,20.0,30.0
a10e0fcb1c409869c3c6da4eb13b7612,bebes,58,847,5,7150.0,47.0,26.0,35.0
9680a78df870a1cb6ae00cb3436fe06a,moveis_decoracao,50,1141,2,450.0,16.0,16.0,16.0
de13988b8f96fd17e7ec136da2638de8,moveis_cozinha_area_de_servico_jantar_e_jardim,37,205,3,6650.0,61.0,13.0,41.0
e78a3e8673e3084630444ea05692785d,malas_acessorios,46,358,1,5300.0,19.0,49.0,34.0
2215034e518b8ae4090da2aebf8f7df8,papelaria,60,1076,4,400.0,21.0,2.0,18.0
adfcb7a9c5e268522c67ea3ab09c1fc4,moveis_decoracao,24,396,4,2200.0,40.0,33.0,20.0
9fd9505539e1c67c13e4ee824fc1e1cc,beleza_saude,51,626,1,2250.0,26.0,26.0,26.0
0a07b2c989441aaec80191da39c79c99,relogios_presentes,51,691,2,250.0,18.0,12.0,12.0
171bb407ca7cfdf4b960389e4404ce8c,beleza_saude,60,3156,1,360.0,23.0,20.0,21.0
f3ce47ccf98da2906f6b8b1387618e07,utilidades_domesticas,59,987,1,10250.0,35.0,50.0,35.0
67682f5c5170c72b398941e2193735a4,brinquedos,52,644,1,1238.0,34.0,32.0,24.0
39d4f8671e6c7b08d7d0036f4f46390f,pet_shop,55,727,1,6600.0,45.0,35.0,25.0
f55cd6a68f96c3041176998ce1850ff3,variedades,,,,200.0,20.0,5.0,20.0
6cc58e27cae22a37b784841f0e4fb647,fashion_bolsas_e_acessorios,44,466,14,600.0,20.0,10.0,20.0
ca6964451a28ac159f307ae208d5a826,automotivo,59,2032,6,1850.0,42.0,29.0,31.0
690951ea8e8b7ac46921683da1b4707d,variedades,,,,200.0,16.0,2.0,20.0
ba4135f821cdef6d31f783156eaf47f7,papelaria,59,153,2,1500.0,30.0,20.0,17.0
acb4bf13aa9ccb88c7c399fc6b025130,artigos_casa,53,246,1,600.0,45.0,15.0,35.0
44c7b1d3b75cc4a14d4eba0f83f19e77,pet_shop,53,2468,1,850.0,35.0,25.0,35.0
29f63bab786f598d17b6ebeec83e78d1,beleza_saude,60,918,1,150.0,22.0,3.0,15.0
684083941cd33ec781a319a518f6ab96,ferramentas_jardim,59,1295,1,350.0,30.0,10.0,20.0
ba131cee7989ef04b93a79030969c92f,moveis_decoracao,36,1081,1,1750.0,30.0,30.0,30.0
7ee6dbf13ecd5dc58d07fd0fc2eaf49a,beleza_saude,37,780,1,250.0,17.0,12.0,12.0
f688535e8e2f269c27dfb305d8e6ffbd,utilidades_domesticas,59,786,5,1383.0,25.0,12.0,20.0
0dce4f5243207cc33533e133b634ae5f,moveis_decoracao,60,2240,3,700.0,69.0,11.0,11.0
fe2f0ff75805728378c6a8fdc5be7724,fashion_bolsas_e_acessorios,40,101,1,100.0,16.0,10.0,15.0
aa765c0a9daeb0541a98ff48ea3ac651,bebes,56,1143,3,1433.0,39.0,13.0,32.0
fb18a1cb28af3e0832439bde416a3407,artigos_casa,53,164,1,300.0,27.0,9.0,20.0
9ad1eced98687b00602a0b3cb3c0029f,papelaria,40,310,1,350.0,20.0,6.0,12.0
4fd676d9c4723d475026e40aeae56957,ferramentas_jardim,44,441,3,4300.0,36.0,13.0,20.0
054515fd15bc1a2029f10de97ffa9120,esporte_lazer,50,799,1,150.0,18.0,18.0,18.0
f9417fcaab540423270d3f693b9944c2,seguranca,40,586,1,23950.0,38.0,100.0,38.0
5a790acce109b9b76e3446f96430a1d0,papelaria,49,658,5,300.0,51.0,15.0,15.0
036a6272d538ae862d248339c4c9adeb,variedades,,,,1800.0,20.0,12.0,25.0
51c59cf09066762ba5740772b0a86215,esporte_lazer,55,352,5,350.0,28.0,25.0,25.0
8318a2808212aaad26bcb506a505d45d,beleza_saude,53,722,1,700.0,16.0,18.0,16.0
cc31a2f3eb3df109e2e7dba6b15da5d5,eletrodomesticos,40,257,1,10500.0,63.0,18.0,43.0
7b1c12cfed7333cdc1dc8e4a20752613,moveis_decoracao,50,209,2,1100.0,40.0,25.0,40.0
9d99a79d596f4a054c7ace6068b446a7,eletrodomesticos,60,799,5,7150.0,70.0,10.0,60.0
776ef0ee36e20757c513e64903f1fa8a,beleza_saude,45,494,3,925.0,25.0,6.0,16.0
b5f0795bc072a1875f2c0fe85524b207,esporte_lazer,31,236,2,1050.0,60.0,15.0,15.0
54e68dc384678ee9280afd42a1b7d97d,telefonia,54,845,2,250.0,27.0,5.0,20.0
6c3b767b9dd49eccec4ecc63d584f89a,fashion_bolsas_e_acessorios,27,542,1,800.0,25.0,16.0,25.0
d2686065b870834cc92605a5b9ec84ba,telefonia,33,300,2,100.0,19.0,3.0,11.0
4fc82a921b5a266beb6ec10c52342155,telefonia,49,848,4,450.0,16.0,11.0,15.0
98a41cb9d66e8b7691f17dd7ebdfcd7a,relogios_presentes,53,1545,3,600.0,16.0,11.0,12.0
18670ef035870b452690c54a57e13009,ferramentas_construcao,56,689,1,10050.0,60.0,20.0,50.0
f1a8bffda7d8b34bd9c6d58f1ca415aa,esporte_lazer,53,809,1,2675.0,22.0,42.0,32.0
7f1397b28abc37d9564825dbad2539bc,moveis_decoracao,50,150,1,3500.0,35.0,20.0,29.0
ee473bd1ca4e671eafbcb7453d7d7c5f,esporte_lazer,46,1549,1,17650.0,60.0,42.0,42.0
fca0ce04818f39ab1d78491218d8aa5a,automotivo,50,443,5,100.0,24.0,2.0,14.0
7b1f55eb9b85b0aa6b1d4c16108eac61,artigos_casa,59,272,1,1850.0,46.0,12.0,43.0
6d44b2c01b6843eb2e68beddf853dd82,beleza_saude,25,1236,1,1450.0,20.0,20.0,11.0
1a8727b2a106ac22bb93db98d9d56bd0,pet_shop,42,635,1,7400.0,60.0,18.0,40.0
2b6a4adfd7ce44db781519964309b7f1,malas_acessorios,48,218,1,700.0,47.0,10.0,34.0
0583170ba3f70162729f40600f8a4abf,beleza_saude,57,2500,1,2500.0,34.0,17.0,22.0
c3f395b8242415289ed70b34eaf0a3be,beleza_saude,53,3439,1,2525.0,18.0,18.0,18.0
ef5c31aee1d5074121a478b14d3eb50e,papelaria,58,202,5,8600.0,60.0,20.0,29.0
450dacaafbbed8ba05e3ea722ec893d9,instrumentos_musicais,49,188,1,100.0,17.0,8.0,13.0
7f064525eaaa1ce9d22c085f7ff5413a,relogios_presentes,50,578,3,250.0,16.0,2.0,20.0
62298e8302e154172f8904c0c2fc620d,moveis_decoracao,54,564,1,5000.0,75.0,25.0,25.0
f78279f3d11f68fffc3121f3295a5871,esporte_lazer,58,898,1,27800.0,33.0,15.0,22.0
f0fe4af158ebc28426b794c0b54d3df1,beleza_saude,46,1471,1,2200.0,30.0,10.0,17.0
2b6c38dc34f7d28ba93d469431bb6c88,market_place,57,389,2,310.0,19.0,15.0,15.0
516e925f693b7a4935e87acc858c86f6,esporte_lazer,44,1322,2,400.0,26.0,16.0,21.0
83ed3cc53055fe51099569075b77ceca,eletronicos,55,600,1,817.0,35.0,8.0,34.0
c3602326cc2e91dc18ad2ae9a575b5e7,pet_shop,39,527,1,317.0,19.0,15.0,17.0
a7789acddff06105fcfd8a56e0f12307,relogios_presentes,33,141,2,507.0,18.0,11.0,15.0
39e38f0813b0c9604db569e538db3b44,brinquedos,26,396,4,1000.0,16.0,25.0,18.0
9f31b36609877849f75e9586f6b6a62c,fashion_calcados,57,404,4,700.0,22.0,12.0,33.0
c501f6fbb5f2af6d02385b52e91dd42c,informatica_acessorios,41,472,1,200.0,18.0,9.0,16.0
6539512c6f2fa68ca44dbfac42dc1f70,automotivo,34,224,2,333.0,19.0,13.0,17.0
e09b8cac0ce917d36559ef40c1d17a37,artigos_casa,59,289,1,2900.0,35.0,9.0,34.0
c081e0bd900ca695285255e5588f2ae0,brinquedos,46,868,2,1600.0,30.0,32.0,21.0
d7e7b1fc76e781313a0f5137d801951d,esporte_lazer,50,881,1,6317.0,26.0,17.0,44.0
ccb3df28522945422e24b108603a1d04,automotivo,46,708,1,567.0,19.0,14.0,15.0
b50cc06153acb2f39386140f1d675ad2,eletronicos,56,2128,5,725.0,27.0,10.0,16.0
1cc7dc76718ffa96d0826a78498c9fbe,utilidades_domesticas,59,754,1,13600.0,56.0,32.0,32.0
706982d4d1d9841dfd470b6fe10f8614,bebes,55,2083,3,20250.0,50.0,76.0,32.0
77d58496dfa2a355c62351dd1d3982bd,ferramentas_construcao,46,1081,2,1050.0,18.0,10.0,15.0
f8e4c6a9bf1c1277191c445474b61778,utilidades_domesticas,53,596,10,600.0,28.0,17.0,28.0
f224370079eb16ba424c351739df1ad6,esporte_lazer,42,913,1,1026.0,28.0,24.0,24.0
bed61c60f212a334dd0224469673c047,relogios_presentes,54,564,1,116.0,16.0,12.0,12.0
41170f223fcfb9220a82df1a646d5c43,pet_shop,48,897,3,17500.0,74.0,32.0,40.0
1bce8df66884f0841be155ae1f645d46,audiovisual,49,3508,2,1100.0,55.0,15.0,15.0
84952f1f00709e71d58587cb34163e26,eletrodomesticos,55,930,4,2300.0,30.0,24.0,30.0
569065e6458612cc6baf95ae34fc0ed4,fashion_bolsas_e_acessorios,32,332,3,300.0,25.0,10.0,25.0
43c78ce98fcf40ac29ce5912c85eee20,beleza_saude,44,1394,1,1150.0,30.0,12.0,16.0
84904413b82eee333a3f79137e8d197e,ferramentas_jardim,60,1799,3,1600.0,18.0,22.0,17.0
ee3465de8b8ccf1b5e2f9f966cffcf04,beleza_saude,47,3102,1,150.0,24.0,5.0,11.0
c924e005748982a0f58ec549a7b5e353,relogios_presentes,41,224,3,400.0,19.0,9.0,15.0
3fae92f8d0ebb3317991934a6d717c47,artigos_casa,60,306,1,1250.0,16.0,10.0,16.0
71f5013915099a3ab0756dcabfcf12e8,informatica_acessorios,35,546,1,1200.0,35.0,21.0,20.0
1155065aa63d0a6d301e174ebb2972ea,esporte_lazer,34,465,4,1400.0,27.0,12.0,49.0
abe839f92bf39ec954b4b37b4b6c6860,ferramentas_jardim,42,484,3,801.0,45.0,4.0,15.0
387f1559343d513c4383bdb99672e431,artigos_casa,50,291,1,1050.0,40.0,15.0,35.0
c1fe1d0cdc60f0908dd825d2a096f85a,ferramentas_jardim,60,3916,3,8400.0,50.0,35.0,45.0
94972ba3b1856e8453d8a0b4d522aa36,artigos_casa,52,489,1,200.0,16.0,10.0,16.0
c0d4027067afcf9c1697cce981b8fed6,pet_shop,63,1269,1,200.0,16.0,2.0,11.0
cee4ebfc997a2ac7f01145efb59cc7be,livros_interesse_geral,48,647,1,1450.0,16.0,25.0,11.0
30f3fd0e7b5d822bcd4ec6611b1e2c91,beleza_saude,57,145,1,850.0,20.0,12.0,13.0
f009b1fd2d0278e72174b86019655f28,artigos_casa,59,303,2,5050.0,45.0,15.0,35.0
3c1907ae45ee32709a71b67f20f65814,telefonia,40,988,3,250.0,21.0,11.0,14.0
eac894f4cb6bb0f613f80bdbfb18fa57,brinquedos,52,766,1,1091.0,20.0,29.0,24.0
e10793be4658322d3d7e4c9910199f93,instrumentos_musicais,57,772,1,5000.0,50.0,50.0,50.0
3c260c3a756ae318837fad7286073c77,moveis_decoracao,30,493,1,550.0,16.0,16.0,16.0
fcd0a70961c103799897803f4e49c628,relogios_presentes,57,244,2,400.0,16.0,16.0,11.0
e082a9cbbc454309a78654e6699f387c,artigos_casa,53,89,1,500.0,20.0,10.0,15.0
635c8b84adb4d0849874331d19fa25de,pet_shop,31,611,5,900.0,20.0,20.0,20.0
269e87010f6d5e57015a90b00983e334,informatica_acessorios,63,167,2,250.0,22.0,2.0,14.0
30ed398b000a7504df39fc41f154eaa2,esporte_lazer,59,518,1,400.0,27.0,11.0,19.0
2098d8789ee89ca57f6c50977b4ab962,relogios_presentes,32,398,4,300.0,16.0,5.0,11.0
fa08007a5f2571aab6bdad71881ee0d8,variedades,21,413,4,850.0,27.0,20.0,25.0
86433c674add159827ed4728e65c9121,fashion_bolsas_e_acessorios,60,866,1,100.0,16.0,5.0,16.0
293539d4864917190e242c5c5372016d,moveis_decoracao,44,1464,4,10800.0,64.0,35.0,35.0
940d38f0ef286bd93612fcdc91dd38ed,utilidades_domesticas,58,837,1,4300.0,30.0,30.0,30.0
b92c9497350a21aafcfe30f2265068d1,moveis_decoracao,60,149,1,300.0,30.0,16.0,26.0
205cf43d203186d5eb440a791a5b7404,bebes,50,216,2,300.0,16.0,5.0,16.0
e81c3966e44d9ffb21a94481be3613d0,informatica_acessorios,49,396,1,900.0,28.0,15.0,27.0
ab8fdcf79c35337a19dd9e94fa2965ce,informatica_acessorios,54,2576,1,1033.0,20.0,22.0,25.0
32f4e91725978c2ec6f4902929215b1f,ferramentas_jardim,39,432,1,900.0,16.0,27.0,35.0
e4176515d2055eb7771645c597f8b40c,utilidades_domesticas,38,250,1,500.0,16.0,2.0,11.0
c02a979508b4fbd64ce1db1ccd8dd6fa,informatica_acessorios,36,638,1,190.0,17.0,13.0,14.0
b3b7212d2d34d5d36defa076a827633e,relogios_presentes,50,683,3,250.0,16.0,11.0,11.0
2ea69b98f8a98247adf9aaba9367bddf,automotivo,56,521,6,100.0,24.0,2.0,17.0
03d10117bf5dbd1e4f194566be73de5a,artigos_casa,53,255,1,2350.0,45.0,15.0,35.0
dbe520fb381ad695a7e1f2807d20c765,pcs,60,840,6,800.0,18.0,22.0,22.0
1d2e2390743b4ac67bbd2b5d95577e2f,telefonia,59,1440,2,100.0,18.0,6.0,11.0
6ed0ed10d62b45f3de46933b0b2989a6,bebes,32,1531,1,700.0,30.0,40.0,50.0
e4568ff2a2b3b7249d96a870f3563c8b,beleza_saude,50,2133,1,2550.0,17.0,17.0,20.0
c1b94ad68c3ff2b989d6df457a0d657a,utilidades_domesticas,60,782,6,1650.0,22.0,45.0,22.0
ddf1b126559b4800f031240ceda06a89,moveis_decoracao,47,863,1,2650.0,40.0,7.0,60.0
99a0e0cc451b1508edc91dd621c2f66a,automotivo,60,651,5,4400.0,78.0,4.0,47.0
8dacc114d37ff4b78075db0d2464022e,malas_acessorios,39,278,1,700.0,19.0,48.0,35.0
b76e88f2da688761c6f9ad9bb4f9513f,moveis_sala,56,676,2,5700.0,62.0,5.0,45.0
234d0c9586a851ff11033aedd13c1837,perfumaria,57,512,1,744.0,19.0,14.0,13.0
7d4e368d9174a4f30f3b8aa533c6a44c,fashion_bolsas_e_acessorios,55,395,5,100.0,16.0,9.0,11.0
0a9bdadab17a9b0f258f64d11a0adf7b,moveis_decoracao,37,1090,1,7480.0,53.0,48.0,26.0
6513f1270c9ff1de6da7c745ae2910ae,brinquedos,58,576,3,650.0,40.0,10.0,40.0
58a56598bd27e4169dd5ab99d2eee335,esporte_lazer,59,829,5,250.0,16.0,10.0,11.0
b8dfc1e5b0c44b7e2d725ede90884a71,automotivo,53,627,5,1475.0,60.0,8.0,33.0
3ca306b1b3e51dfd838b06c8017eefda,automotivo,49,701,1,50.0,32.0,2.0,24.0
98669593a93035fced33e5280aa30641,beleza_saude,38,557,1,200.0,25.0,25.0,11.0
a0f27f57faa493eaa9d1609c45f7d16d,livros_interesse_geral,34,623,5,850.0,40.0,5.0,30.0
1ac5b02a81e28c27713b7229144a773e,utilidades_domesticas,54,537,1,1750.0,20.0,20.0,20.0
7ee8a1b1807716291e12649b1d617896,pet_shop,48,601,3,800.0,25.0,25.0,30.0
1e946cab712f702ca325f609894b7962,esporte_lazer,49,1973,1,500.0,24.0,20.0,20.0
4a7056788ce9287c76ade358f2e2572a,artigos_de_festas,56,186,6,100.0,16.0,6.0,11.0
1526b7538896e188f3072a7ee653c6c6,esporte_lazer,52,951,1,244.0,17.0,9.0,12.0
ca813b8942f85ee66b7b16d0e3855c37,artigos_casa,54,427,1,15700.0,16.0,10.0,16.0
0f80ccf7348ba5bda717ff8fadf34552,fashion_bolsas_e_acessorios,35,1422,6,7550.0,60.0,15.0,50.0
21b1c2f67a9aafb5af0eb06c13b9dbda,esporte_lazer,35,1132,8,9800.0,105.0,15.0,28.0
d6183bc1d858bac539ee14cd72203b06,automotivo,54,531,2,4550.0,42.0,19.0,32.0
87c9f9f88ecd5b9de26a0a61e06e1d67,esporte_lazer,35,783,1,214.0,18.0,15.0,15.0
d265065154be9a455d6a5b2a4727fe38,fashion_bolsas_e_acessorios,44,160,1,100.0,16.0,10.0,15.0
1a06a6a66ab23d70e02b8f92650e268f,artigos_casa,33,360,3,150.0,16.0,2.0,11.0
28a90fed013499ea1f96adb9c6f44e37,eletrodomesticos,60,259,1,50.0,18.0,8.0,13.0
f28a5b15b3dba915b2df1b23be439ab8,esporte_lazer,38,205,2,7550.0,25.0,25.0,15.0
cd86aef97743073904fe3be493c30875,bebes,58,687,2,200.0,16.0,10.0,11.0
49b9c5584a546562e3b954561980b48e,papelaria,59,473,1,400.0,24.0,10.0,17.0
2ff995aead9c63a1f37a07b3664ead37,moveis_sala,45,353,1,7500.0,61.0,11.0,46.0
52b3af7304d611855714d9b3d1724ea7,moveis_decoracao,72,401,1,1150.0,45.0,15.0,35.0
f15d45335c602ddabad8579eb1d8e84f,telefonia,58,539,2,350.0,17.0,4.0,12.0
9d0aa87e8df1bdbe0f79353520a2d538,papelaria,54,111,3,550.0,28.0,12.0,12.0
164e1fc9dbbb8ec54611e3eaa25ef263,instrumentos_musicais,58,952,1,2000.0,35.0,10.0,82.0
0c3cd8d63839bed6f80aca6388766417,relogios_presentes,53,399,1,500.0,16.0,2.0,11.0
17764de01dd9ad50ae317792ad2e2868,pet_shop,53,497,1,750.0,40.0,20.0,20.0
b59cf7db0bc7ebb20a80f1ea335194b0,beleza_saude,35,547,1,1500.0,50.0,15.0,20.0
fffe9eeff12fcbd74a2f2b007dde0c58,brinquedos,57,1536,3,3900.0,43.0,16.0,11.0
b168e4a5c3f1d25dbcc01d914ea1cf5f,esporte_lazer,54,2172,2,4853.0,28.0,29.0,26.0
3017341f6eb19840f64bd672370a91cc,artigos_casa,54,216,1,1750.0,45.0,15.0,35.0
afbefb1506762049cf9e9bbe2ce06ecc,variedades,,,,830.0,19.0,6.0,26.0
57f2de7e1c6028c7d38a50cff155c794,esporte_lazer,44,221,1,400.0,40.0,6.0,25.0
977622028d06f47044795e2765933ea9,automotivo,60,1658,3,550.0,16.0,21.0,18.0
334f9a7bc70ecefea3a1fc7dd1c7ec76,artigos_casa,59,566,1,700.0,16.0,10.0,16.0
0eb4fddd203cfbfae403820aca2656e3,malas_acessorios,38,209,1,750.0,49.0,10.0,33.0
b9d76f1574fa7456a7770e1a576b96e3,moveis_decoracao,63,314,1,1100.0,40.0,5.0,30.0
f6f1acecb8770430b76a87fae1c522dc,eletronicos,47,568,2,83.0,13.0,9.0,11.0
90437ed781871f80d5560d654373a77d,fashion_bolsas_e_acessorios,44,267,1,100.0,16.0,10.0,12.0
5cfd0dd99d6abe195fbac37da351697c,artigos_casa,59,1298,1,1150.0,43.0,7.0,30.0
fd1abebad3478dd37080b399656dbb7d,esporte_lazer,54,1506,2,300.0,16.0,12.0,14.0
a7ea08ac800647345fdd2fc5f4b0a7e3,beleza_saude,46,569,1,850.0,25.0,12.0,19.0
c1254983bd81d72b96867b6838582cf5,esporte_lazer,46,565,3,2050.0,20.0,20.0,20.0
1abcb3cdf79a4b094862b63c4e085a45,eletronicos,52,272,1,5000.0,40.0,22.0,24.0
fa6eebf61147fc40bc2b49765f5b877f,eletronicos,61,192,1,2500.0,30.0,50.0,30.0
656bf6da1eeb7dd128b9b567eea3ca3e,casa_construcao,57,556,4,800.0,36.0,36.0,20.0
db580783a754f97648c304e049cf4d76,ferramentas_jardim,58,2593,3,850.0,22.0,8.0,25.0
84d0e98e468edffdfe4f1f5b178d4ecc,esporte_lazer,47,740,1,1150.0,26.0,31.0,26.0
6173741c2ed0c265a1b002af9e7ecf08,telefonia,57,750,2,125.0,20.0,16.0,16.0
eaee6d611cea1d76f3fe3a49d567b59c,utilidades_domesticas,47,1438,1,700.0,26.0,22.0,21.0
ed39023ccad37336e78bdacb2e20fa69,beleza_saude,31,604,1,2500.0,31.0,16.0,21.0
f83a5f8708629c8efc042168299e8641,artigos_casa,54,739,1,1100.0,16.0,10.0,16.0
7935ddc510afb7d08989660b382b7f26,papelaria,59,246,3,7700.0,60.0,20.0,29.0
e724a0cc4252ae8385e3b66944b6a3ea,automotivo,60,715,3,1750.0,55.0,27.0,40.0
da2666768ebe6384813349f02ca0ea28,informatica_acessorios,54,2566,1,628.0,18.0,13.0,19.0
f04f09b39a48c368840aae6eb3803305,moveis_decoracao,59,919,3,300.0,18.0,9.0,14.0
56e4165a2811a685d231891404533e01,artigos_casa,35,760,1,4000.0,80.0,33.0,60.0
ce6ffea9f2a71228df7664c52f21450d,esporte_lazer,49,568,1,200.0,26.0,16.0,16.0
6651a3a1dc58f8c4d9fcf249599c8be4,automotivo,53,1251,4,150.0,25.0,3.0,13.0
dd5cf159767b4074d203d21283df2ef6,informatica_acessorios,45,1215,1,488.0,19.0,12.0,16.0
f7de1b16a0e8b8c65d0f3761e89d5f2a,utilidades_domesticas,45,245,1,1650.0,40.0,30.0,30.0
e2efd37edf851a99f9707f165ef0fb13,utilidades_domesticas,26,182,2,13750.0,36.0,63.0,42.0
bf80c13f7780ca810d1b1ac4f3e79ecc,utilidades_domesticas,52,801,1,100.0,16.0,11.0,11.0
26ee5f6601a9ad36979b8a1a8b389165,esporte_lazer,49,1984,1,800.0,30.0,20.0,20.0
9407f9f156d40ac0226bb56af86511e5,informatica_acessorios,55,217,1,2800.0,30.0,38.0,14.0
4db2db9bfca9f726d1ad7e1713bbe432,informatica_acessorios,44,532,1,400.0,24.0,11.0,20.0
e2186eb5ecfd751611f739a4699d53ee,telefonia,52,630,2,175.0,16.0,11.0,16.0
b07fffe072c9adc235a35d8da7c0584d,brinquedos,55,421,2,200.0,25.0,11.0,11.0
e76a885142c73e17342e450b79b46d40,utilidades_domesticas,54,738,4,17100.0,49.0,39.0,17.0
12728f215b3381cac22b1fba7a97f5cf,eletrodomesticos,59,264,1,1200.0,50.0,2.0,37.0
7912d0573817374a39cce127b79c4863,eletronicos,43,1769,2,200.0,16.0,16.0,14.0
16c47be00ea2407eaa988afdc442e863,artigos_casa,59,301,1,3200.0,40.0,12.0,40.0
933de9d29576bc63831e54f7b5bacb8c,artigos_casa,50,359,2,400.0,45.0,5.0,30.0
d0efdc4a1cc12f88f6a290fda8861fa7,artigos_casa,50,234,1,900.0,38.0,6.0,29.0
93bfa65df8dfa699ddfb2693172f6f44,moveis_decoracao,60,1988,2,3000.0,69.0,11.0,11.0
c31795158ba761acc612817d1c5760a6,pet_shop,59,346,4,150.0,18.0,9.0,14.0
fc444943f2e00f21072361c8dcc0e0d2,beleza_saude,39,1346,1,350.0,19.0,7.0,12.0
a1e2145e9868ce870c8ca2d1a1f2e364,moveis_decoracao,53,353,2,725.0,19.0,20.0,19.0
94656ce34a307d26e23011bb25148c9e,flores,60,169,1,400.0,16.0,16.0,16.0
0e529ceb74fce926f8cec35f6cb23986,variedades,55,414,2,1350.0,36.0,16.0,24.0
36ed32627110790264cb94c9d49ffea1,ferramentas_jardim,34,163,3,200.0,16.0,16.0,12.0
91247af15fbe5fcdce542685c643b6a9,eletronicos,57,531,2,167.0,17.0,16.0,16.0
c43b6a788906608b6116ed8198dae762,beleza_saude,22,1451,1,400.0,16.0,25.0,15.0
0f3f3612d3a594da318f0f7b175a9c14,relogios_presentes,55,1057,1,350.0,28.0,10.0,18.0
9cb211b1d12a3222bdf0d49b1c3cbc24,eletronicos,52,552,1,3350.0,30.0,61.0,59.0
3fd95674ddba6b30c42b8f62fe543c6b,ferramentas_jardim,55,287,1,700.0,18.0,5.0,13.0
e116f9f26f694ce10fec2f4e93fce4f6,malas_acessorios,54,445,3,14450.0,42.0,28.0,67.0
65769f6fabbfd7d399bb5851d9af3fba,esporte_lazer,63,3191,10,300.0,20.0,10.0,15.0
45e1e8edc20a5fabee57761f03feafc4,telefonia,53,541,1,50.0,16.0,6.0,15.0
788c40790a78e5fb65513510fc00919c,variedades,,,,2800.0,30.0,20.0,30.0
aae5bd5080ab78211526b58244f1be68,fashion_calcados,41,192,6,200.0,29.0,7.0,16.0
043f9194337f5d8cd7092f581e0bc394,livros_tecnicos,33,329,1,1100.0,25.0,3.0,18.0
3181a2cda00b1579d8ac2519f8820139,pet_shop,50,503,2,1850.0,26.0,15.0,15.0
591822285d4ea5a75c3afd6f075771dd,utilidades_domesticas,29,516,2,375.0,18.0,20.0,16.0
1d1a36ff369b6838f8220870f96254a0,esporte_lazer,60,419,5,300.0,30.0,20.0,15.0
01fc56750f0d3444c4a1746ecf19dee0,esporte_lazer,49,1818,1,800.0,16.0,16.0,16.0
d8b6376a7527727f3f1d4a92dc155a6e,esporte_lazer,55,995,3,1000.0,20.0,15.0,15.0
be69b1c83725cafaa993146ad08b11ca,artigos_casa,54,119,1,2450.0,36.0,16.0,36.0
26cf9f56d8cf027de8e9127676a3f161,utilidades_domesticas,59,360,3,1200.0,17.0,22.0,17.0
9d8945bf83fcf586d751dacb07e28a3e,ferramentas_jardim,44,442,3,3000.0,45.0,13.0,18.0
5af8eddd880e2463740be6828d2b51dd,artigos_casa,60,293,1,5550.0,40.0,10.0,30.0
76b0e52fe4e79cfbe9b414b841373330,artigos_de_festas,56,660,8,250.0,25.0,16.0,20.0
2f9c2888168b8c2d8e625905f3737057,telefonia,54,169,2,150.0,20.0,5.0,12.0
4fb3f6a1290166c334db109b6af6a1ca,bebes,29,92,1,550.0,40.0,4.0,30.0
bb463a67fa5f529fed44b2a697346c4e,relogios_presentes,44,1445,1,155.0,17.0,10.0,14.0
b0e9f0cc1a936b07b4fc11b3a35ad519,beleza_saude,56,1616,3,650.0,27.0,13.0,17.0
523786e175df56bf2e15436a6da66a5b,esporte_lazer,57,678,5,400.0,36.0,18.0,18.0
80077c975922ef05cb85da41e6f10fb1,automotivo,54,283,1,650.0,30.0,30.0,30.0
7961bed5641b99f02af87f81764f44bc,relogios_presentes,45,686,1,400.0,20.0,12.0,15.0
77d479fd8a450f7ff6c0340e76b79657,artigos_casa,51,677,1,950.0,28.0,14.0,14.0
189921555959ef963cb7b93553d7d202,eletrodomesticos,53,165,1,50.0,18.0,8.0,13.0
66f09a6de4f2ef63aaf5349b60a0e0c0,automotivo,52,1139,1,600.0,16.0,11.0,11.0
c8e3b23381d275296ec611061b616789,beleza_saude,60,1493,4,468.0,23.0,9.0,22.0
cfdea8fdeffa0be98a7e7d3e1dd71dcd,utilidades_domesticas,38,525,1,15600.0,104.0,10.0,43.0
08a69b44d48364041d3bc2c74c8600aa,moveis_decoracao,39,42,1,900.0,25.0,15.0,15.0
3f34959740c72f0e661df7d18465c955,livros_tecnicos,23,1330,1,1000.0,24.0,5.0,17.0
238e45c597d95d9eb3b225aaabf1c7ae,informatica_acessorios,54,394,1,726.0,20.0,15.0,13.0
f488fec83dd18d39f2c54725d742944f,esporte_lazer,44,320,4,350.0,25.0,25.0,25.0
3c6be4372f013b15ef6c2d0f89452998,papelaria,59,303,6,5350.0,38.0,30.0,28.0
0d0bc6cf9765ffe8b4d3103138c96cdd,eletronicos,60,436,1,200.0,19.0,13.0,17.0
6caa2580a19d609683ae770f296f7524,automotivo,34,343,1,250.0,30.0,20.0,30.0
1498bc64386d231c0b467a99561b1760,artigos_casa,49,478,1,750.0,40.0,10.0,20.0
cc81f952b83d2bdcfbd980e2a7249adf,pet_shop,41,215,2,300.0,30.0,30.0,30.0
9dd0fd592126e075d4af49897c0b8f71,artigos_casa,60,560,1,250.0,24.0,15.0,20.0
a537ec48791efb7caae9f265d81e24a1,automotivo,51,185,1,500.0,16.0,38.0,38.0
28fff36d13d492328583ee2b1d72f78f,variedades,,,,300.0,24.0,12.0,16.0
3fda13f397426103abde1f106676f0bf,beleza_saude,52,809,1,300.0,16.0,16.0,16.0
c3219fce25bc0add4fd070f26d55615e,informatica_acessorios,58,421,1,2000.0,20.0,10.0,20.0
e62b2ce29dae5ba4170e4c5cb5d57e58,bebes,35,1308,3,400.0,20.0,9.0,14.0
de9d7e4fe38987a3d5e2cd2bf1cf641e,automotivo,56,700,1,100.0,32.0,2.0,24.0
d1a943978e5d919d1ab662b07c810dae,instrumentos_musicais,40,964,4,2900.0,21.0,10.0,26.0
612c7f49d1026f7beded75464b574f81,beleza_saude,55,3072,10,200.0,28.0,11.0,14.0
59fc88d07b8100b80600e42f3e5ac79d,utilidades_domesticas,37,462,1,1350.0,30.0,8.0,22.0
6e2c62713ec17c681eacdf653dddb4e5,ferramentas_jardim,50,1430,5,300.0,17.0,4.0,11.0
955d159d5f3a5d16c3808fcb7705224f,bebes,25,148,1,50.0,16.0,14.0,14.0
4d9b24725653965f3be6e774a08d63b1,esporte_lazer,60,180,1,1400.0,55.0,15.0,27.0
555a2c02091cd2566c9d1852877018f9,variedades,,,,2900.0,22.0,29.0,16.0
0af4dce351fbee7db329f93260f68142,utilidades_domesticas,29,201,2,20000.0,52.0,52.0,35.0
17222c974b8e98e7df1f7da91491178a,ferramentas_jardim,37,775,2,500.0,20.0,20.0,20.0
f1e1861218a3871347e3a9395d88cec8,moveis_decoracao,57,1972,4,450.0,69.0,11.0,11.0
b68cf84ede4fd1e14b1740de5b727d55,beleza_saude,47,1319,2,638.0,26.0,13.0,22.0
ff4f41437ea37fc126d110853404b625,perfumaria,44,269,1,100.0,20.0,11.0,11.0
0c11c1f74fff6ffafd9ad22804132dac,market_place,33,738,9,297.0,24.0,13.0,19.0
db52f11139e4d3f00cfe4cdb3242a7c2,informatica_acessorios,50,900,4,3050.0,30.0,10.0,22.0
917b949f2215f3567f3e01deb87138f9,brinquedos,60,487,6,1000.0,40.0,18.0,17.0
ba9943916136c9959e24f71bdae28faa,informatica_acessorios,46,669,3,200.0,35.0,2.0,25.0
4cb6e86e1328e77e20b5f90771683cbe,esporte_lazer,46,728,1,1100.0,22.0,27.0,22.0
e4b0f340d2552f744b4c2d48dffbc0e2,artigos_casa,49,631,1,850.0,16.0,10.0,16.0
92cba5857ead78ea248ac2f9ada31594,automotivo,45,240,1,400.0,30.0,15.0,15.0
a5340098c26b85e9bc7e7fd8e97fc50f,telefonia,48,776,8,200.0,19.0,5.0,11.0
a2ead66678565eb7679dfdf1fa4cbe43,bebes,60,2648,6,800.0,32.0,11.0,27.0
454ae5002aaf2821ecb6ad6035b78498,esporte_lazer,43,362,1,300.0,16.0,16.0,16.0
a35f680fc19e06d3f9524a3ad7be2b06,utilidades_domesticas,53,981,5,630.0,16.0,14.0,30.0
0a23fd10720c5ffc6c7f5e66b0b26ae2,moveis_decoracao,63,628,3,900.0,30.0,30.0,30.0
7106c154629bd37158aaf49448c3c1e6,utilidades_domesticas,46,1442,1,600.0,16.0,27.0,12.0
d6dceccd14ebaa873733a545c1e5374a,beleza_saude,52,299,1,350.0,40.0,40.0,11.0
809aeb9f696910839dd8fd2c533e65a4,esporte_lazer,40,82,1,400.0,25.0,25.0,25.0
2d4729e4bd9debaf6fcc53c26c0f37d1,informatica_acessorios,56,741,1,100.0,16.0,2.0,11.0
4b24b35ca762a17e416dfcd4f647c28b,utilidades_domesticas,55,483,1,1400.0,25.0,35.0,25.0
64ad2771f3e2c9c546e224021c36c807,papelaria,50,114,1,900.0,36.0,6.0,28.0
a3fc0390c2d3101f940c0d6e78006e4e,moveis_decoracao,40,240,4,7050.0,72.0,6.0,72.0
01d40fca05c4227b987ee069be837b49,iluminacao,54,538,2,9700.0,20.0,16.0,101.0
adf8f4e4c2e176a9e7437e484066f769,variedades,,,,200.0,16.0,2.0,11.0
9be8d8c1b3cb9e629230d4c176b14ae9,variedades,,,,2200.0,20.0,16.0,14.0
8f6c8ef57595ed8bc0a6d716e38dff95,pet_shop,48,392,1,1100.0,20.0,20.0,20.0
10eca571d1658f6a268a7bd6055a4a9c,ferramentas_construcao,48,848,1,1350.0,16.0,20.0,16.0
1279fba7025d91dadde108559a8d0485,ferramentas_construcao,23,442,1,1834.0,32.0,26.0,35.0
b8ee2d9ffb92532b852ec6111bf3966a,artigos_casa,59,736,1,1150.0,20.0,20.0,20.0
6617dc0e4b4e8c383c5b34faaa2da4ca,livros_interesse_geral,36,1121,1,650.0,17.0,5.0,22.0
716a15647e7f7cfa2f875d657dae4c03,variedades,41,634,3,625.0,18.0,14.0,16.0
dbd55362ec13c706503b1c71a5068a1a,beleza_saude,53,526,3,473.0,21.0,16.0,13.0
7c725202e885a39990fbc37b0ee5e501,perfumaria,38,394,1,495.0,20.0,13.0,14.0
fdf9ec5852bb18d630e683e3c796972d,utilidades_domesticas,55,2564,1,1434.0,37.0,12.0,32.0
f49e985b4cb2d0543890d6dd00077663,eletrodomesticos,55,1345,8,9050.0,45.0,33.0,35.0
ce70f38a331fdfa7ff89181756f091eb,utilidades_domesticas,55,1733,6,4650.0,25.0,25.0,25.0
d4def1654a0aa1191e270b888f1981f1,artigos_casa,56,747,1,1275.0,25.0,17.0,35.0
dfdd4a0d706e50d74a92d5d31bc16ed9,esporte_lazer,47,268,2,2850.0,28.0,28.0,20.0
80a28a92c0530e6838d3f35cae419d34,pet_shop,52,503,1,21750.0,74.0,39.0,40.0
71b9332f591fc9453e40c97586968ef4,papelaria,42,547,3,2533.0,33.0,38.0,29.0
236a76559b9033d23ad0c58935317672,utilidades_domesticas,53,906,1,550.0,20.0,20.0,20.0
3511afc30ca77506c2e4b8574517660e,esporte_lazer,37,149,1,200.0,45.0,15.0,20.0
8f73a652972eef397960af15ad4ddc10,eletronicos,28,948,4,3170.0,38.0,12.0,31.0
0dc2c7b7e9708ca6f165c3de6c98a7d5,moveis_decoracao,39,94,5,250.0,16.0,5.0,20.0
56d7faef0f7d847eea91b3302698bcc4,artigos_casa,60,233,1,2600.0,46.0,8.0,38.0
0667b4afff64a57f01669f9af9ce685e,perfumaria,41,446,2,450.0,16.0,11.0,11.0
33924b6ae648c8e31d519ffba03f161a,automotivo,58,695,6,5100.0,47.0,19.0,23.0
62d2c177dc54994c9103c09e92a05c04,brinquedos,56,1166,4,850.0,22.0,42.0,22.0
043d7f9943fc2e97d21728cff9c608f2,moveis_decoracao,42,1003,1,1700.0,17.0,27.0,17.0
94e6f132095f2a1ee6a6ba8330a9f9c0,telefonia,46,393,2,100.0,19.0,3.0,11.0
eb2ef5be3d5deff674149b9465d44738,informatica_acessorios,32,425,2,200.0,20.0,10.0,20.0
209d347513cb03998c962964dc046f93,brinquedos,36,517,6,1200.0,33.0,24.0,23.0
07e1dae59ffce9e47d0f529361d492f6,utilidades_domesticas,58,706,2,14900.0,45.0,75.0,29.0
c9d16ed8ba8ec27713efe3d9ede42741,beleza_saude,58,1887,7,19000.0,87.0,76.0,16.0
2d0c6fdf8f2cc2e6468a409238683897,ferramentas_jardim,34,254,2,250.0,16.0,16.0,12.0
47b0f8596ee6dafbb4438cac16fa6275,artigos_casa,53,245,1,3367.0,36.0,21.0,36.0
7f601afbca26d221fc2d957b6e211e72,beleza_saude,45,214,1,600.0,20.0,30.0,20.0
81e686e36e79f0d2612346cefe1379cd,esporte_lazer,37,2007,4,550.0,16.0,5.0,12.0
f58749565f856133a556122fbb08784b,telefonia,55,749,1,325.0,21.0,9.0,18.0
cdad9f8ea258557cae046590bd2ba19c,ferramentas_construcao,52,1667,1,200.0,16.0,11.0,11.0
7541919b37eec10cb22469315a0c7328,telefonia,52,1311,2,150.0,19.0,5.0,11.0
b5a8535271a06eda7aad510c09ddbf38,malas_acessorios,47,219,1,900.0,46.0,10.0,34.0
a16a8eed860c19b57d6326c7f6936d3e,eletronicos,51,507,2,167.0,20.0,5.0,13.0
ee2a93be95200d2260dff46097db56a2,esporte_lazer,30,386,1,1000.0,16.0,16.0,16.0
308a7360ee2e0ecfb6aa7708428692af,eletronicos,56,568,1,150.0,16.0,7.0,11.0
1d458c9ff924e108688571cd8536579d,informatica_acessorios,60,599,1,150.0,16.0,10.0,11.0
1649a221a63658447144a466b159b101,esporte_lazer,54,352,5,1600.0,23.0,25.0,25.0
3ea9fe739cd6a9bd2be0ba05c290498a,telefonia,48,590,1,200.0,19.0,4.0,11.0
a5bbc554f75cf4afa2cd56791015ec27,instrumentos_musicais,60,1216,6,800.0,30.0,20.0,25.0
9cbec25d85737b76d6903fff22c80dbe,papelaria,49,483,2,700.0,20.0,20.0,20.0
9e788f261082b67568bcb9f75c8c629c,informatica_acessorios,39,728,3,464.0,19.0,11.0,17.0
2bdba1ee1237d3a5287425749f71b2b9,moveis_sala,48,324,1,17175.0,63.0,22.0,60.0
2621700be84cca4a1797b54785f43b1b,artigos_casa,43,404,1,1363.0,68.0,19.0,48.0
61937887eb6ee0b405a5759756426486,beleza_saude,45,1083,4,825.0,31.0,15.0,25.0
3e00f726a0e1eab8f2ae5137bf9bf54a,moveis_cozinha_area_de_servico_jantar_e_jardim,32,249,1,9350.0,28.0,33.0,28.0
7b4079fd3abdf0b43a7e1536d80a6fa9,brinquedos,44,280,4,100.0,23.0,5.0,16.0
3dabf5f3f464f28595767a4569d18810,moveis_decoracao,58,2046,1,1400.0,55.0,14.0,14.0
4c68fa8fa43e3ffddf31ef176866f762,papelaria,60,473,7,400.0,21.0,7.0,15.0
c98cf453c550c3349275b8381ebb3509,beleza_saude,52,466,1,250.0,21.0,8.0,27.0
5599be6fe59cd2257edfdec9d45442e0,automotivo,59,1157,3,400.0,17.0,21.0,11.0
65607db9823444a6ba5b7a82431e4502,esporte_lazer,54,435,2,1000.0,16.0,2.0,11.0
62c2b9bd44500d0305b1e50e2c9bd34d,moveis_decoracao,52,646,1,300.0,16.0,30.0,20.0
2dc0d95288983b8c91627bab326284ae,beleza_saude,48,515,1,3100.0,30.0,12.0,16.0
c1cf9e70caf906259c299fbea35418ef,automotivo,47,1508,1,3300.0,19.0,11.0,16.0
f6cdf7aae7f5fb3d67142d5f385ae785,informatica_acessorios,50,485,1,300.0,50.0,5.0,11.0
408e4bb5c406ec8c1609f6a8a2e49deb,beleza_saude,30,1729,1,2400.0,30.0,12.0,16.0
d22f287512fb5bda6efc5c8e6216c6db,beleza_saude,27,408,1,1450.0,41.0,40.0,13.0
ca9c04665b3deab07935392e7432cdbe,moveis_decoracao,45,1923,2,600.0,68.0,8.0,13.0
415800ba8edc079e255fcc4ee5790376,beleza_saude,53,1451,1,1150.0,30.0,12.0,16.0
8d0fb54bb58d39a72269eb8fc708e865,esporte_lazer,56,814,2,200.0,16.0,10.0,16.0
3454a52c75a86e23aa6c2c2bfc330dc6,pet_shop,46,497,3,200.0,30.0,10.0,17.0
420db7fc556a05b1cdf665a103f9ce6b,moveis_decoracao,63,691,6,6850.0,46.0,31.0,35.0
6549e167bd865197f8bc7ce7f82aec55,eletronicos,47,284,1,2250.0,45.0,16.0,32.0
e906fa76a27488f805ba8584a4c10cba,artigos_casa,55,556,1,650.0,16.0,10.0,16.0
97478538ef6ed323f4ed85e2139d4a24,artigos_casa,54,119,1,2250.0,36.0,16.0,36.0
a74d56e3486a7ddc68958695a48277d1,automotivo,39,249,2,17300.0,57.0,20.0,57.0
2feaaa695779a79fee913868e992fe61,moveis_decoracao,34,962,3,1800.0,20.0,30.0,20.0
3eb235314db36995d65c80718db4fd85,telefonia,52,1028,3,275.0,18.0,4.0,12.0
b7c82520f8817fc72f7f5ac962035260,utilidades_domesticas,46,206,3,50.0,25.0,25.0,25.0
63a6131d519d5b4920f93991d2df0551,relogios_presentes,57,1348,3,400.0,19.0,9.0,12.0
0880a2d2c259afd46c7cca654697cdcd,beleza_saude,58,1662,4,2400.0,16.0,16.0,16.0
0efc91aa52d1f0669126d3000a94279b,artigos_casa,52,111,1,2100.0,15.0,18.0,25.0
4b63219873a41d0f93899f71f7a80a60,variedades,,,,4000.0,74.0,20.0,34.0
1585769f68320ec146a93097b0a1ab18,esporte_lazer,27,572,1,3900.0,46.0,36.0,26.0
93a99b40878c0d888fa4f44459fcac05,utilidades_domesticas,39,97,1,200.0,28.0,2.0,11.0
096e14458100c2b6d10f72d69f80cf34,brinquedos,49,1172,3,2750.0,26.0,42.0,38.0
ff149b3dcc3813d4644fa2610307d071,informatica_acessorios,52,2432,2,200.0,16.0,16.0,11.0
d5c263f4d651ba657c900ce70a4be7de,telefonia,59,458,4,350.0,20.0,30.0,20.0
95107d7e48355c8a545bbde8f832a235,moveis_decoracao,58,1988,3,2450.0,65.0,8.0,45.0
2be8ecb5cd02ca1391e177e38963fe9a,telefonia,58,486,1,100.0,16.0,6.0,12.0
08fd8427101cb0428a663c2ae8f90aee,informatica_acessorios,58,1144,1,100.0,16.0,9.0,12.0
85d343db501f388dc453ddce58bc5921,artigos_casa,49,436,1,370.0,34.0,17.0,28.0
ac715f2fe6957acf9bff43ab3cedde0b,esporte_lazer,58,508,1,900.0,24.0,20.0,23.0
51ab806bb1d1ef2896844087e3b4f7b3,automotivo,54,580,5,5250.0,21.0,21.0,21.0
c92a8559445ec8f63ecf90c7dd910b7d,variedades,,,,1050.0,30.0,15.0,21.0
87b193bb0fb52703cade96b1ffd8c233,esporte_lazer,36,410,1,1086.0,24.0,24.0,22.0
db6796aa712a2626572bb3d0b9a039cf,artigos_casa,53,561,3,1350.0,45.0,15.0,35.0
b751ddb6ca6ae7ecb5de059d5611b3c1,beleza_saude,57,2418,1,300.0,26.0,11.0,11.0
06976617d8c5e71de4f3c2d93e788fd5,malas_acessorios,57,444,1,1200.0,32.0,10.0,45.0
a16f2c3edfeabc364393b012e19e2a15,beleza_saude,45,1005,1,400.0,19.0,12.0,13.0
7c6ff274f0411bde88f5df8db5f64693,informatica_acessorios,59,808,5,340.0,17.0,13.0,13.0
07abca077ba83f4feab7d89db0b74df1,artigos_casa,56,345,1,20850.0,50.0,50.0,50.0
a4d286543a67e29c930c99cbd7a55a8f,utilidades_domesticas,35,465,1,700.0,28.0,19.0,26.0
7358faf3ccce6ed3a2913667ffc1a395,artigos_casa,32,1060,1,1900.0,26.0,26.0,23.0
5f92aaf8550e38b93a0e338fb805b3a4,bebes,56,606,3,650.0,33.0,16.0,22.0
f9207fac331224217b3ee2db75d7a49b,moveis_decoracao,56,1953,1,3000.0,69.0,11.0,11.0
d8f1b415091ab79b62ac80443d865ca6,livros_tecnicos,39,2809,1,2400.0,30.0,5.0,23.0
7d939f237f8e9c3892bbb1ee73cd1434,ferramentas_construcao,55,155,5,9650.0,44.0,20.0,33.0
4ebb87ba41ca446326804d0e7f8dcc93,variedades,46,642,1,1500.0,42.0,25.0,15.0
9380b51efce9f9a6a52e1f2be1838d60,telefonia,56,294,4,400.0,16.0,11.0,18.0
cce3ce6484896041ae3dafdd4308a39c,consoles_games,46,653,2,4350.0,18.0,33.0,39.0
399656db7a0d49d36300b81120bffeb1,artigos_casa,59,416,1,3225.0,40.0,5.0,30.0
afd8f74b298294d9a3fb33f93ce6c5e5,automotivo,41,108,1,200.0,26.0,8.0,14.0
145140d23f166a1166dc4437107df8cc,papelaria,51,303,1,350.0,16.0,6.0,11.0
aa31ee71d625076e591e23416abc8508,automotivo,56,703,6,8850.0,56.0,11.0,32.0
6d33559681ad82d2e835b1cb587d2ce3,brinquedos,51,129,4,800.0,30.0,20.0,20.0
d3f5213b3f4e42a050935f3ccbfedf50,esporte_lazer,60,1597,3,1300.0,105.0,15.0,15.0
beeafa4f5701078b09aa0f517fdfe05e,informatica_acessorios,46,456,1,695.0,28.0,14.0,20.0
5473286e93c7e00690574d686c02b868,brinquedos,57,1955,6,2500.0,45.0,15.0,25.0
90312423f944a93d1bf8c6e9cab568be,moveis_decoracao,52,1664,3,3500.0,46.0,7.0,46.0
f27f59721d5a9cb39432b91f812ee308,bebes,34,469,1,300.0,25.0,8.0,25.0
0c954b7ab8bff085742e3c01a02936b8,artigos_casa,49,498,1,1550.0,49.0,5.0,39.0
b9023d686fca0dca3ac844814e92e92b,eletronicos,46,2305,1,200.0,26.0,7.0,16.0
f0c39c49847d1eab4dae5245694acd3e,telefonia,63,508,2,400.0,17.0,8.0,13.0
3773a3773f5978591cff7b3e614989b3,casa_construcao,52,916,8,1050.0,16.0,20.0,16.0
a31e2b31d699c94831605bd8c9f1b36e,ferramentas_construcao,32,300,5,6600.0,37.0,15.0,44.0
82c51c3938503a4ddc096fbed86428d6,seguranca,58,3530,4,300.0,16.0,11.0,11.0
2e217eb628a12a225a0bfb3fc6512fcd,bebes,26,563,4,7200.0,41.0,38.0,63.0
dea9b88ceaceff342424e0a74ae36af7,artigos_casa,47,162,4,3000.0,35.0,12.0,30.0
3f01901509b345951cfe27f5cea17e40,variedades,54,1018,1,1250.0,42.0,25.0,15.0
9598cf61b14e74eb35b845609cca6712,telefonia,58,2832,3,400.0,16.0,8.0,16.0
9f7fa43dfe21e43d37d65a6f2369c6ed,variedades,47,647,2,400.0,21.0,16.0,16.0
a2d0bc51c6731d860c169cc9f18b2b7a,variedades,55,399,2,1350.0,36.0,16.0,24.0
b5e87f53476b0084bd9ff8ae015fe05b,utilidades_domesticas,39,189,2,2200.0,46.0,9.0,32.0
8d9d31dc8d8c05062987d883cefa98be,artigos_casa,40,327,3,1200.0,37.0,23.0,35.0
50bfd369147864f6d0561bbdc0b610ba,livros_interesse_geral,57,400,6,800.0,25.0,12.0,16.0
acf64dbad65e99f5bb490d85c59b2636,brinquedos,50,722,2,1168.0,34.0,23.0,27.0
81f3957aedf469500e43f81e25519600,moveis_sala,41,358,1,4200.0,32.0,32.0,12.0
537f8133bb109ca8ae9c6f48370af9ec,automotivo,59,983,5,600.0,20.0,20.0,20.0
24b861426de01a8adcf503251efe05f1,beleza_saude,43,196,1,235.0,16.0,14.0,15.0
0269bdfd3a4f3d384753cbadc1d742be,utilidades_domesticas,20,630,1,350.0,17.0,28.0,11.0
da02ed24d3cfd1ef9e90a96964a72cba,fashion_bolsas_e_acessorios,39,173,1,425.0,26.0,40.0,12.0
0fe71728868b7995080b3971f0b94c70,esporte_lazer,53,414,1,5850.0,25.0,90.0,12.0
671d1f1a67e731435bc7a91569004038,esporte_lazer,49,479,1,550.0,38.0,28.0,20.0
450a44fbb7995e0ace31991a2bb05470,moveis_decoracao,50,446,2,1400.0,45.0,5.0,45.0
56cdfe67fbda57c1dcc752f5f361f981,informatica_acessorios,60,511,1,517.0,22.0,11.0,13.0
695e7998d136c389e5b287c1ffe4b62a,informatica_acessorios,49,160,1,120.0,17.0,9.0,11.0
c260eea96b32c0e9ff49f68a721e0ceb,beleza_saude,56,602,2,300.0,25.0,15.0,15.0
43a05187c418edc20a55682107c9d7fa,artigos_casa,44,441,1,900.0,34.0,10.0,28.0
c5bb1910955da8132293d99d1cb4bec9,beleza_saude,60,919,1,150.0,22.0,3.0,15.0
a5b15c8b0abb9a1e7eb10546441925d0,fashion_bolsas_e_acessorios,30,238,2,300.0,16.0,8.0,11.0
62d8daeee0db3a60c234c2d1bfd10651,artigos_casa,46,113,1,350.0,40.0,4.0,30.0
4408151f5a3ff363abfe3d051f4344ac,moveis_quarto,38,326,2,18950.0,79.0,11.0,46.0
e844770f85faafda86f20911fcf607b5,instrumentos_musicais,60,394,1,7350.0,70.0,20.0,30.0
b62a475bcfd309c66d84a1a93aa75fd8,moveis_decoracao,39,94,5,250.0,16.0,5.0,20.0
4a01cbeb8bae0d662fa07b73e357d864,artigos_casa,47,337,3,1200.0,37.0,27.0,35.0
7127d16c840983cf82440bff9277f6ef,telefonia,57,564,1,200.0,19.0,4.0,11.0
d7d1cdd61c66570cac78c88a0cae784b,telefonia,46,394,3,200.0,19.0,3.0,11.0
51d35e4714b113bccacfe7248a13375a,automotivo,60,764,1,250.0,16.0,10.0,16.0
121314119f09ee1e994373873c7ab11d,papelaria,55,416,2,950.0,43.0,17.0,24.0
a97c6513de6346770872cfc25eb8d06d,brinquedos,59,202,5,150.0,16.0,7.0,11.0
abe236a52dbc43e90bad00fe6d794582,artigos_casa,22,332,1,800.0,34.0,17.0,22.0
bb674e06dbfa1c64d429fd65dfc02f87,bebes,39,246,4,2300.0,33.0,48.0,35.0
b3a1fe8d08e0a299fed9f7cf9eb6c81f,brinquedos,44,999,2,400.0,20.0,10.0,20.0
109fd3a5e5fd6faa5a8cf99470cab84f,moveis_decoracao,56,357,1,400.0,30.0,7.0,30.0
23fa2f16287ce84f33d3b05190db8738,papelaria,59,251,5,5850.0,60.0,20.0,29.0
8d62812b76d023d4b1cb939ad2b5bd83,pet_shop,30,199,4,1775.0,49.0,23.0,40.0
00bb62ea3729537a687c3fddcd123662,automotivo,36,1241,3,12100.0,60.0,60.0,20.0
5730d73af7faffe9b95d69fd03ea51df,moveis_decoracao,25,271,2,13200.0,50.0,55.0,50.0
4b456247c6fd6370f0c01903b0c6d67d,informatica_acessorios,59,476,2,200.0,20.0,15.0,20.0
a67612e1012978cc97efe7834bd28b64,ferramentas_jardim,60,425,6,950.0,22.0,21.0,16.0
93e27ca75901cf1b9d641cd11dd9f6e5,utilidades_domesticas,53,37,2,500.0,35.0,35.0,15.0
4a78f5e17416dcfec28c101279235838,beleza_saude,55,3135,1,2600.0,24.0,24.0,24.0
c73c029653f68c6a83cb371dd148adbd,artigos_casa,57,419,1,2550.0,40.0,6.0,30.0
b7a5b8352bda2cdda6964296e859f637,ferramentas_construcao,60,189,5,13700.0,60.0,20.0,40.0
57b5e5e19622c1aaf0fd159f5d9d5b4f,relogios_presentes,45,855,1,525.0,17.0,13.0,15.0
dc0b50beb0d276fb3eb4c7a5cb177f46,pet_shop,52,1811,3,1150.0,40.0,32.0,20.0
b60f6bba923daf524e87691951512e1a,papelaria,47,530,8,600.0,30.0,40.0,11.0
dd0b31ac0d6c9e81abda2ca71d396d6b,ferramentas_jardim,57,481,4,600.0,30.0,16.0,16.0
e85cdca8790ea0026ddf7316f469608a,moveis_sala,32,607,2,4600.0,30.0,16.0,30.0
6ab41d7f15e7af9d6c7cd912055acc1a,esporte_lazer,39,410,1,1037.0,25.0,24.0,20.0
74edd82bf577cf5da467e2ba67c8305f,papelaria,59,695,3,250.0,16.0,6.0,11.0
443b89efbe906613ae1def8cd36fc872,telefonia,53,2587,4,197.0,17.0,11.0,14.0
b571def4f66990cf63527c1d81874b2d,esporte_lazer,37,1228,1,517.0,23.0,22.0,21.0
d5f1e6bf4f37a9e1eb16ee83df2137fa,variedades,60,610,1,3600.0,25.0,24.0,24.0
98c99bc0b3ee623212b9fbcaba10740a,artigos_casa,56,683,1,1800.0,30.0,20.0,70.0
2a05072f43935b7f3638a6c7d38d2278,esporte_lazer,55,556,2,650.0,23.0,9.0,20.0
198ed1dd26d075dc1e52e1909fc07938,utilidades_domesticas,60,1152,3,2300.0,35.0,24.0,28.0
e1ea2e133d4ca99d20c365d4e3173989,eletronicos,42,962,3,177.0,20.0,20.0,20.0
2056c9497992c9032fdd92346baab6c3,ferramentas_jardim,39,360,1,1800.0,35.0,13.0,31.0
d52d7fb0d4ea10cd52baa3255c5c0a34,esporte_lazer,58,474,5,1200.0,20.0,8.0,20.0
fe220782f267bca8c056308cba6c8807,utilidades_domesticas,49,1287,7,1200.0,35.0,19.0,25.0
681a43d9f960e80dd7756c749e60a2be,telefonia,56,1392,2,100.0,18.0,5.0,12.0
e22a9f25f31fca1777a128c2655bbdda,artigos_casa,53,294,1,3450.0,42.0,12.0,40.0
68de8d992d087d6b480879f43b178c98,moveis_decoracao,55,87,2,5900.0,74.0,13.0,52.0
498366f301125d450cf3b0d56920f8ac,artigos_casa,36,305,1,1250.0,36.0,6.0,28.0
ef4d462089a7f98d6235d3f98ee2dadd,moveis_decoracao,52,646,1,300.0,16.0,30.0,20.0
1cdbe059c1ca8e6b8e3c595c382afd56,moveis_decoracao,56,229,1,650.0,32.0,2.0,22.0
1c00873a774421d2eeec30c80eb15676,informatica_acessorios,47,1080,1,500.0,16.0,28.0,11.0
f3783ff90631773bc67baf91edcbcb69,pcs,55,3610,4,2700.0,16.0,31.0,38.0
3eb14e65e4208c6d94b7a32e41add538,moveis_sala,51,1392,3,30000.0,70.0,60.0,70.0
aa8fce5e65ab73ab73101ea58d710905,esporte_lazer,46,259,1,329.0,18.0,18.0,15.0
d55b87646120370b6d1ea88ace0b9e51,bebes,60,184,2,900.0,45.0,6.0,33.0
e1a7aca09e5fc1209c44ef72571265b9,fashion_underwear_e_moda_praia,63,551,3,400.0,19.0,9.0,27.0
a3e5b0b8f8e66aba2fe28eb565d3ac97,utilidades_domesticas,44,379,1,173.0,16.0,9.0,12.0
309680674fccf761eb94308fe0c557ab,beleza_saude,56,1696,5,600.0,19.0,12.0,15.0
3db10af4436918fa150bb41ae578d812,artigos_casa,58,637,1,5850.0,30.0,30.0,30.0
3128a1273a207ae946c4dd1e23c86fed,variedades,,,,1200.0,30.0,30.0,30.0
184f6e7e403fe477af4b1a02b9d432e4,moveis_decoracao,44,257,3,6300.0,30.0,45.0,40.0
d8f254be723da6488610b42935533b05,relogios_presentes,57,239,4,300.0,16.0,2.0,20.0
fb09ab0eb676b60b254250a28fd46e10,eletronicos,59,2526,3,308.0,20.0,16.0,17.0
2a511952313989fa097fb038cd758dc5,beleza_saude,51,792,1,12400.0,60.0,75.0,60.0
e7bca943d8e86d7b45c6d24634c55850,ferramentas_jardim,63,333,3,5800.0,38.0,34.0,27.0
5c2696e18040dd69ca61f8f7c4207114,artigos_casa,56,698,2,2450.0,35.0,10.0,35.0
a31e3a35fb5ac942c137446709379100,bebes,55,518,6,1500.0,46.0,25.0,52.0
9e4d5a527ce5c7b4fd84f460c035c3c5,moveis_decoracao,49,171,3,700.0,16.0,5.0,20.0
bb7a5793447637a7bb096f75dd7e5dbe,beleza_saude,46,1377,1,1300.0,25.0,12.0,12.0
33e04be09d16fef5a9044ee42eb2f45a,informatica_acessorios,51,847,1,529.0,37.0,10.0,13.0
2de20a6b025cc5339c07c88aacbbfffa,moveis_decoracao,27,614,1,8900.0,37.0,41.0,37.0
6bb50785f82871dde37ed1666da54bf3,esporte_lazer,35,560,1,200.0,16.0,16.0,11.0
06f85533c1d65036e055ed561d0b1a2e,automotivo,58,1154,1,650.0,20.0,20.0,15.0
8e87f0e6eb7e5a27568309035f4fc854,moveis_decoracao,62,309,2,1150.0,30.0,30.0,30.0
2dcf691e28ea9a873a06b98750fccc73,utilidades_domesticas,53,982,3,600.0,30.0,15.0,20.0
62892a47bea324c325a4556b66baef9d,utilidades_domesticas,58,2476,2,3973.0,47.0,30.0,31.0
4b13aefdb8d42b55a96d9985fa5da023,pet_shop,50,341,5,400.0,16.0,16.0,16.0
7c990692b2074020d8c023a6d695480e,eletronicos,46,451,2,5347.0,30.0,32.0,29.0
a556987a68ce3f7240da198c00f0305d,artes_e_artesanato,55,351,2,1650.0,46.0,10.0,11.0
976a11a50bf0ca3c4411b44877ec5612,esporte_lazer,37,1445,1,1648.0,27.0,21.0,21.0
ed5e88f9b72cfcd1e26db93ebe4b30fd,artigos_casa,53,246,1,450.0,45.0,15.0,35.0
d401d9445df5a515a304b386278b4844,perfumaria,52,567,8,1800.0,26.0,26.0,35.0
de72026142ffc78ea7a8d6ce739056b1,telefonia,44,575,3,300.0,18.0,9.0,14.0
86b60e3773c3013d2d8f41335cb5e1ee,beleza_saude,57,1697,1,650.0,16.0,16.0,16.0
aeb37360d7dbf2f5136bb2ae449ac16b,brinquedos,59,214,2,7850.0,23.0,39.0,30.0
e3b5a4c3f8512fe1315f05564e461ff4,informatica_acessorios,50,1150,1,500.0,16.0,12.0,16.0
870bcc6c58e03ca658cfdd13db4bbe28,informatica_acessorios,27,428,2,487.0,19.0,12.0,16.0
2423252b2432f1803e4f29e0974c6cf7,brinquedos,60,919,5,1167.0,36.0,20.0,28.0
b05ec8d9cabec69e637318ebba813a09,utilidades_domesticas,42,786,4,2100.0,53.0,25.0,20.0
faab97003f349e10524a71ed2c2f2bde,brinquedos,63,824,2,1400.0,16.0,42.0,26.0
f087f4a84fd8713553be68ac8964a70e,variedades,49,831,2,3890.0,52.0,22.0,21.0
b3cd6ea8ef75cbcb2856861b31eb9bc0,relogios_presentes,57,312,1,600.0,18.0,13.0,15.0
b38909cbe15b374243bcacb3e14c3a1e,beleza_saude,41,864,1,300.0,19.0,12.0,13.0
e4262d799e5dd6ed9c4b7937eb3be56f,perfumaria,44,135,3,400.0,22.0,4.0,15.0
53f27bf4775f33cd452825b7bb4f7af7,moveis_decoracao,59,1979,2,900.0,60.0,7.0,14.0
a8e70722df5b3d52489164f391acf5a8,papelaria,37,281,1,492.0,32.0,11.0,23.0
3248ca0065f209c49450baf404c47795,instrumentos_musicais,50,148,1,500.0,25.0,5.0,12.0
85f32a430567418e5a6a480a12067e9b,moveis_decoracao,54,1916,2,1500.0,69.0,11.0,11.0
7289a8d65ae2c86dfdee27f8af257a3d,beleza_saude,46,940,2,1100.0,31.0,20.0,26.0
26ec5d5716487af6ccbe85d4e01bc7f0,utilidades_domesticas,46,470,1,4750.0,78.0,53.0,12.0
90ff7bd006f43483742a0bc3a3a9734d,automotivo,30,2372,9,395.0,19.0,21.0,16.0
6e79f7513adfd9ac67faa19f0d4ace53,informatica_acessorios,40,449,1,350.0,27.0,5.0,20.0
a7e03f1bcebad9ca43f8f4dbda9bc1b6,beleza_saude,60,3228,2,567.0,18.0,9.0,13.0
bb9b0c89e9d58f5cd33126ab223de642,artigos_casa,42,463,1,12600.0,50.0,28.0,40.0
027325f946f1b3d8f94c3496e9a59a10,seguranca,54,335,3,300.0,20.0,20.0,20.0
12abc33641a0d8f9b6ce13e8753f5749,moveis_decoracao,56,354,1,250.0,20.0,20.0,20.0
e5fe5612792826b2c61371acf1480225,moveis_decoracao,55,829,1,900.0,34.0,8.0,22.0
35a64b909964e4f4ee51ef5899830ecd,automotivo,56,695,6,3850.0,47.0,19.0,23.0
d5ef840497eb48a751179b06d1efd063,beleza_saude,44,1295,1,2600.0,23.0,23.0,23.0
c5c7cac0e35d3343b86942baf5c92f79,artigos_casa,58,277,1,450.0,45.0,15.0,35.0
d123a889dbe1dddada56ba224cd05963,informatica_acessorios,44,492,1,200.0,18.0,9.0,16.0
d83cba631d40af7f65eeac52132ee096,utilidades_domesticas,27,758,1,450.0,16.0,12.0,16.0
ffbc83054b3741a8d67fc59d9cf9d42d,utilidades_domesticas,48,231,3,800.0,16.0,16.0,15.0
6ebee4184f691707f35a8ef04e1f2f22,automotivo,55,138,1,1300.0,19.0,19.0,19.0
f50524ec99356b2afcfd21995cd69d9f,fashion_calcados,54,404,4,1500.0,22.0,12.0,33.0
01ea398598302b06869909ac5bfa5bcf,utilidades_domesticas,56,649,1,5000.0,35.0,28.0,32.0
932ce0b67f9f877f18a5f7495b84e5c5,beleza_saude,36,685,1,1400.0,16.0,20.0,16.0
38841dec90eddf2f43cdfabc48b3831a,artes_e_artesanato,54,915,1,100.0,16.0,5.0,11.0
417edf1693aef3f86b922c6a1a52daef,bebes,27,74,3,300.0,16.0,8.0,11.0
7f4f22d5b992917ff6895cc0898ca796,market_place,41,248,3,50.0,18.0,8.0,18.0
995a6110a2705a9401669fb4cf939241,malas_acessorios,45,416,4,12700.0,18.0,105.0,40.0
6d44f3fbc06b938eab4daf060c507248,esporte_lazer,58,892,1,24550.0,19.0,16.0,19.0
0fef1ed59f95cde0a1318e54d2bebac5,esporte_lazer,57,3884,1,3100.0,22.0,22.0,22.0
630e57ced9d2d899f556e0664be676ab,artigos_casa,46,1244,1,200.0,20.0,20.0,20.0
8ec2a1c69db7506fca148836e2d0a3e0,bebes,30,289,5,2400.0,35.0,10.0,50.0
382db2ed3015c04d4b844d2a0712494c,artigos_casa,53,155,2,1500.0,39.0,12.0,25.0
aafdb12b1b20091509f5c337498dbf1d,moveis_decoracao,30,842,1,750.0,20.0,30.0,20.0
8adc98b0922e4e7fa0ebe7b849fb5701,eletronicos,50,287,1,150.0,24.0,7.0,17.0
7431bd99a561fd94c5483ce4ed42d318,relogios_presentes,60,595,5,750.0,48.0,16.0,35.0
251631a18e7cb6e44ab14a1c4668e587,brinquedos,54,2292,6,9350.0,18.0,22.0,34.0
5994a2fdff4b0f9ca4376c4226adb442,utilidades_domesticas,42,464,4,8300.0,102.0,14.0,34.0
8b7a9eed0d30c43346eb8de2d821b2fb,moveis_cozinha_area_de_servico_jantar_e_jardim,48,314,1,30000.0,32.0,95.0,67.0
d35825dd1741eee134506022d73f4e71,perfumaria,54,431,1,313.0,17.0,7.0,13.0
dc74094d7435febe5e0d6a59354f2a52,beleza_saude,58,550,1,200.0,16.0,2.0,11.0
b230bd784da7f2bb53eaadc273982cda,beleza_saude,32,676,1,1000.0,27.0,14.0,15.0
86999f823d7791c5796d506ae0ed44ea,ferramentas_jardim,47,1157,1,4250.0,16.0,14.0,11.0
7c77aa8ae608782aac8e7728acff92fb,pet_shop,64,633,1,1100.0,45.0,15.0,30.0
0798196b28c04c8e543322896c882902,informatica_acessorios,60,527,1,450.0,17.0,2.0,17.0
12bc892d6fff0dc42c8177f3665ef00e,beleza_saude,56,3847,10,100.0,28.0,13.0,12.0
b401695ca697a7d76595b73066aec52a,moveis_escritorio,60,770,3,30000.0,97.0,40.0,42.0
72d7a511e00d9279c476a738f0d03bbb,relogios_presentes,50,678,3,450.0,16.0,16.0,16.0
774c67cd53f1586caac72b52fa5a097e,moveis_decoracao,53,864,5,1700.0,30.0,15.0,30.0
097d5a4bed2be012b4e46e6f5ae0694b,beleza_saude,60,1162,1,833.0,16.0,12.0,18.0
713995c5e8e2dd40bfbe5a2eccd45356,instrumentos_musicais,58,802,2,4900.0,18.0,30.0,29.0
e47eff9f97c9536c9f768f86e13252f6,variedades,,,,10250.0,40.0,32.0,32.0
6bef5951331ab27cf7782d3e6bd6ca0b,fashion_bolsas_e_acessorios,35,460,2,200.0,16.0,3.0,17.0
3a361fad1e42318dd4a6fe415363067f,seguranca,50,348,1,1850.0,21.0,35.0,21.0
f7d67abec0a2ed71d5125e6eecbd8db9,consoles_games,41,393,1,400.0,19.0,9.0,17.0
bee0c416b1b3ef44a263c18c47f76cda,automotivo,43,165,1,200.0,21.0,14.0,12.0
bfddb6c856f2b1dc2c2aee34842c31b6,casa_construcao,57,1447,4,5150.0,40.0,30.0,30.0
fe854c3521ccdb837e2daf3b653fb929,esporte_lazer,39,1201,1,1168.0,32.0,23.0,19.0
18a43ee7cdcd2dc5be2f2f063ad7a2bb,relogios_presentes,58,364,4,800.0,26.0,6.0,26.0
bacbde3cf27796fc624ee5fd465065c4,beleza_saude,33,1079,1,150.0,25.0,10.0,25.0
4cef9b930282f9210124c6b2ee2b945d,bebes,23,1059,1,100.0,22.0,23.0,16.0
9069c427ca36847bc3907c09712f6cf8,brinquedos,56,1138,2,6250.0,60.0,20.0,40.0
0d32505442753393a3f7eece24855c4d,artigos_casa,59,677,1,1350.0,19.0,17.0,23.0
e9e1e0a297e5a8f045e8c0395c4c745b,artigos_casa,54,682,1,1250.0,19.0,17.0,22.0
db71a8783ee43c3bb7ac7fe8f0cf9e6b,instrumentos_musicais,48,1891,1,1350.0,35.0,25.0,35.0
7b94353bef4c3e78ed02f8cdf33d407d,beleza_saude,40,662,1,500.0,16.0,18.0,15.0
7bcc0cf24eb0ae336943a57e67f6ab82,fashion_calcados,54,404,4,850.0,22.0,12.0,33.0
f7d4df9b0dceb85f4a856cd61da67ecd,brinquedos,51,180,3,400.0,16.0,13.0,16.0
10ea4a7c88d50bd3568146a5522d8d42,telefonia,37,922,2,100.0,18.0,6.0,11.0
8307d6d6781b40a6b3b4c222da56f274,variedades,,,,500.0,23.0,15.0,29.0
ee0324bc19887939d7d0fcfca68ee955,moveis_decoracao,35,306,1,2700.0,37.0,30.0,20.0
58f758eeee057547a0acc8e95ffed7f4,papelaria,37,474,4,600.0,30.0,16.0,27.0
beefe69ad05b3ad47376e388d3b5ea22,malas_acessorios,54,444,1,1200.0,40.0,10.0,32.0
9314e4d46aeb2c297e05d4ed36365efe,esporte_lazer,46,3749,1,443.0,26.0,18.0,17.0
e36d6f9698990032f410888ab17c2d87,utilidades_domesticas,53,522,4,1900.0,28.0,20.0,28.0
852b19e59727d554cf958607536d86d9,relogios_presentes,36,1517,1,417.0,18.0,12.0,14.0
9ecb510f43c3b1502981c262624e98c8,moveis_decoracao,52,1215,3,4300.0,70.0,15.0,15.0
fbd4031ddbc3d02b95834b62769d3ad0,utilidades_domesticas,55,375,2,10050.0,37.0,61.0,26.0
3f4269f81421aadbfc643a23d5dbf3ff,automotivo,55,228,1,200.0,25.0,10.0,16.0
82bbea2a39c7d1745ad49a2479460e75,variedades,44,732,2,3050.0,62.0,30.0,26.0
ba52dec9207d2066d783571524614078,brinquedos,23,112,2,836.0,30.0,38.0,21.0
196c1cb4773764eca858159261a90f35,perfumaria,33,849,1,400.0,20.0,20.0,30.0
2136c70bbe723d338fab53da3c03e6dc,relogios_presentes,55,167,3,200.0,16.0,2.0,11.0
01da7f08d8327e0b4fab7edaa0c417a4,telefonia,49,1019,3,350.0,16.0,3.0,11.0
8cc117b0bec16e2f0b683e40846ad09c,artigos_casa,50,748,1,850.0,16.0,10.0,16.0
0d9cceec564febe77a44f8123dc2279b,telefonia,52,815,2,250.0,27.0,5.0,20.0
95ebf42730dea8baa19b9c8794da556b,jardinagem,21,598,5,2460.0,34.0,44.0,25.0
b3d072a13181cceaf88c1a8de7c6e73a,automotivo,56,1326,2,650.0,16.0,28.0,16.0
59be0d716996dda6b7d60b3e839efad3,beleza_saude,53,783,7,350.0,18.0,11.0,22.0
fcddf470369a3a13fc7b6146ac3a816e,malas_acessorios,39,975,1,20300.0,50.0,80.0,30.0
a90d217d7252f0035732f1cf802151e9,utilidades_domesticas,43,287,4,1500.0,24.0,5.0,13.0
0a28355911f72609e396a3dc10b11c90,fashion_bolsas_e_acessorios,34,241,1,100.0,16.0,5.0,16.0
1b770da1c339c216e545d69ee2965da1,beleza_saude,47,1123,1,750.0,20.0,18.0,23.0
0ca0e1d4e4c7a404e472d27c0c19c3f5,utilidades_domesticas,53,251,1,650.0,25.0,25.0,25.0
ba7bd7333b4f0c78d1c1e1693a4f97b7,informatica_acessorios,27,978,3,1450.0,25.0,15.0,25.0
70d7a4737a91965066483a5b0d26a19e,instrumentos_musicais,46,638,1,2423.0,36.0,17.0,22.0
1fd10191b0bcd5aa4020c0721372510c,bebes,56,2176,2,3200.0,55.0,10.0,40.0
5a8f056272cbc4ea04c72f989fcb85f8,fashion_calcados,57,2245,8,1150.0,33.0,13.0,20.0
bb6f30a0d7b5ea35ae9e052d52324002,moveis_decoracao,59,935,3,850.0,37.0,8.0,37.0
4bef81d2cb50510aad6c671195a82151,relogios_presentes,34,333,1,316.0,17.0,13.0,14.0
2ae47bec8bb5f5a00c0b9504481c4e19,telefonia,60,540,3,300.0,17.0,4.0,12.0
7e645d977215580aa17b5b84063cdf24,variedades,56,66,2,425.0,24.0,17.0,21.0
23ec19b685ee9d7d8eea8877cb27cdf9,moveis_decoracao,60,479,1,200.0,16.0,88.0,16.0
27f6ada7e1fbb3d1d6e77f685bd04bd1,eletronicos,56,2126,3,700.0,22.0,14.0,20.0
46c24b0c339975a99512fd7f9e781063,bebes,36,489,2,400.0,40.0,8.0,26.0
62e456c867c6e980b926b96362a76468,utilidades_domesticas,59,299,1,700.0,27.0,6.0,32.0
e068431664ce238cade1160a834a946e,moveis_decoracao,38,351,4,1100.0,45.0,20.0,35.0
d5e84279347d5f46ae9fdbbdd570a71d,telefonia,51,1074,9,133.0,17.0,5.0,14.0
68fb1d8f0c51d866116189cb07e652ea,variedades,,,,2000.0,90.0,5.0,30.0
567f4f60d4e44c92dd00ecd0920ce6b1,esporte_lazer,21,260,1,100.0,16.0,14.0,14.0
b2045685af214c671f348b163996dc93,perfumaria,40,3894,7,850.0,25.0,7.0,20.0
8712db6af2dd7ce2e4a97137859a86ec,perfumaria,59,278,1,390.0,20.0,14.0,13.0
e5cfe28c9837136280f5f3e5e260e858,papelaria,43,462,3,18150.0,74.0,42.0,35.0
504f07e36481e5e72043def3d874b92a,esporte_lazer,53,847,2,600.0,33.0,5.0,16.0
99ab9c8051f0c77d025711fec98514e2,esporte_lazer,58,630,1,550.0,85.0,15.0,15.0
e88e5a87ca25def10ad4f2dd2a967f23,esporte_lazer,46,1344,1,2970.0,48.0,46.0,46.0
508f0e9cc116910a45a3d133491a929d,ferramentas_construcao,54,906,2,600.0,16.0,5.0,13.0
0657f64d203d600602279807d6cb1dd8,beleza_saude,38,554,1,1600.0,35.0,11.0,17.0
b534af96f1c598768bc7379aca584edd,bebes,55,1212,5,1300.0,28.0,13.0,21.0
4e424a1cee1626e101d211bd604b10e0,eletronicos,54,675,2,350.0,16.0,16.0,11.0
a03b43c945af2e3500b0dde49fbd87c6,artigos_casa,56,256,1,6083.0,51.0,32.0,50.0
2a8c2836c76d1810ac79e84bbdeff3a3,automotivo,46,273,1,275.0,21.0,54.0,16.0
499152ec860819480e1b2d5598d1e29f,automotivo,58,695,6,7075.0,56.0,11.0,32.0
d54a7e69c3102b38b13952aeae0bc8f3,moveis_decoracao,58,372,1,400.0,37.0,15.0,27.0
c82a4bcc05f054e3084e20df4ee969cf,utilidades_domesticas,59,642,4,550.0,27.0,8.0,27.0
61e0273e790dee51cd095c1ea887bf23,telefonia,60,486,1,150.0,16.0,6.0,12.0
e10d888b873f7479560f0b2606bf2c02,bebes,29,1465,4,600.0,20.0,9.0,14.0
db1410474e61a057cffa687656918ddf,eletrodomesticos,60,111,1,200.0,18.0,8.0,13.0
cfb2e04130d80dc8944679f3db75df76,perfumaria,37,431,1,200.0,20.0,7.0,15.0
d87fc3441d23a38e9921cd2fa603b931,casa_construcao,55,652,1,3950.0,30.0,35.0,30.0
c5895cdcbceeadcbbb3eb786638d2c6f,beleza_saude,49,707,1,1200.0,16.0,16.0,15.0
cc696680ea0cefcd5d7d5d928afb8de8,fashion_esporte,48,1108,2,200.0,27.0,14.0,13.0
ad02436dd1e1332d5f75dced36e0a73e,eletronicos,60,1533,3,1000.0,23.0,12.0,18.0
0fe09f32709c79ba4bf19d43c4e49515,variedades,,,,800.0,16.0,9.0,11.0
16a993ef9171a0380273f4fbcb0e8b71,esporte_lazer,49,295,4,150.0,20.0,4.0,15.0
adf67f81126a8ec9e0968dadbb49083f,utilidades_domesticas,45,1523,4,150.0,16.0,14.0,11.0
f2f80444318155ff4846edcb98aa8697,variedades,22,349,1,3100.0,35.0,35.0,35.0
01c96f284d6c40f92f25142a59328511,ferramentas_jardim,47,2179,3,3750.0,27.0,19.0,22.0
1ec3e93251df2e23babb7daa30c52496,esporte_lazer,34,231,2,100.0,16.0,16.0,11.0
ffc9caf33e2d1e9f44e3e06da19085f7,beleza_saude,22,279,1,2134.0,25.0,22.0,16.0
c76eef5f50220461d23cfc786e6e82b2,moveis_decoracao,56,1493,2,600.0,68.0,7.0,13.0
31edc407aaeb20e9126f4f8553bdfd39,artigos_casa,45,462,1,1400.0,37.0,23.0,35.0
3a95236711511b32855804d3a6287595,fashion_bolsas_e_acessorios,57,92,3,150.0,16.0,2.0,11.0
b795524e6ddbae40e910d169242dbcd7,pet_shop,37,993,1,513.0,23.0,27.0,21.0
50edb1bcf0a1445b8a3015800f9fd4cb,automotivo,52,666,2,5000.0,65.0,25.0,25.0
467c6bb41a33d10e03816f139e7baf85,esporte_lazer,53,1085,1,250.0,25.0,17.0,19.0
c654d5057f4120825c0e11665770b56d,brinquedos,43,275,1,600.0,33.0,3.0,13.0
52d828eb9a52d8cfcc750bd79254b9ec,informatica_acessorios,27,404,1,830.0,29.0,16.0,16.0
081c9dacbe5aed5910bef759117070a5,moveis_decoracao,63,693,1,450.0,45.0,15.0,35.0
c9f715b64f3ef33d99418422fdacd013,automotivo,60,1382,8,150.0,18.0,5.0,12.0
3ddc79cbdf7e79ea75449765656c3b3e,artigos_casa,49,359,1,1250.0,45.0,10.0,15.0
d34efb58e1930773fcde9b951892b1b1,utilidades_domesticas,53,1533,1,1050.0,22.0,26.0,22.0
95ddb6784d69952b116fd5bb2408b788,utilidades_domesticas,53,458,1,1600.0,34.0,27.0,23.0
fe4d09201362b0d4332259c78af0f761,jardinagem,56,688,3,800.0,25.0,18.0,22.0
329851bd191cfd30470ffd5aa5457c23,malas_acessorios,45,218,1,500.0,47.0,10.0,31.0
d60ad4f168fafa0a30d6d5f03b6b7572,fashion_calcados,54,451,5,3000.0,36.0,37.0,16.0
22e1d28f941306826ef9642bc41822a5,moveis_escritorio,58,1283,1,9000.0,52.0,51.0,17.0
bc45f8d4954ef77dcaad81627640cb2e,moveis_decoracao,56,296,3,1700.0,100.0,7.0,15.0
0521fe3eb04940304b489d0fb49a37dd,ferramentas_jardim,58,686,1,1450.0,90.0,6.0,18.0
848064637fb2f160e5456e94f1f58d5c,artigos_casa,52,236,1,1200.0,38.0,7.0,29.0
ee02ba5de3da259a602cd51ac7e5ffd9,brinquedos,31,1333,3,1200.0,32.0,28.0,13.0
6113c803231ccd88d4f0d30cb9b3edec,variedades,45,637,2,400.0,60.0,16.0,11.0
f97f76f99938e39b50564219a24365e7,pet_shop,58,1312,1,700.0,23.0,29.0,11.0
6972a2007571907bdd466492ffa86638,variedades,,,,750.0,19.0,6.0,26.0
24daadd871657fb36dacde66b92cf0ff,seguranca,43,1243,1,680.0,18.0,15.0,17.0
ed5590a83212f920e325df8d11c9931c,brinquedos,49,824,1,2075.0,32.0,28.0,29.0
127c0cde3ea832c4c4901159cf902d0e,informatica_acessorios,59,3723,1,750.0,16.0,9.0,12.0
deff29051b7f3eb939ef8bf8ca0e85a2,beleza_saude,50,493,1,300.0,16.0,3.0,11.0
88bcd4cc43e257bf69ac62b2540f1c14,relogios_presentes,55,384,1,450.0,25.0,10.0,25.0
19600534553df3c5578890657d824296,variedades,45,633,1,20600.0,30.0,80.0,51.0
e9ece5b909d4feee55f77a610b262367,utilidades_domesticas,55,1726,2,27800.0,80.0,40.0,40.0
19c52e78b5b8f36b9865283bc507be1d,papelaria,43,375,4,500.0,30.0,40.0,11.0
c2b89f69031e68bf1a02822eea9c155b,esporte_lazer,41,1726,4,400.0,30.0,15.0,15.0
26ce0f39be4f4b86ab1b75e9d5015e9d,moveis_decoracao,34,160,1,300.0,20.0,12.0,15.0
6d1a636d0dfad7437edea256c20c8c79,artigos_casa,55,242,1,3500.0,37.0,23.0,35.0
851e00fe0c1176f5bfc7ddddb3c8021f,papelaria,40,127,2,600.0,32.0,10.0,20.0
d9545b3e8df3155bca5b302d0f7c3c1c,informatica_acessorios,58,1672,2,4350.0,30.0,20.0,20.0
be4d4aacf88585bba5689cbc3393e0cc,esporte_lazer,59,613,1,2300.0,16.0,4.0,11.0
9bf55e9d85e0b309f79e92927449d211,beleza_saude,50,216,2,100.0,20.0,15.0,15.0
065855099f5c20755e412cd48702d996,beleza_saude,36,1290,1,900.0,16.0,12.0,15.0
21a44a88917ec2c8db5908b4942e8d47,beleza_saude,35,3882,1,450.0,16.0,5.0,17.0
a87229f9d53610c8fa59579c82e1da8f,malas_acessorios,49,278,3,850.0,20.0,5.0,20.0
d59349a33fcba18707a61aa852c02c5b,artigos_casa,50,1005,1,850.0,30.0,6.0,26.0
8aaeae26573fd33a2512d3fb0d8bea6f,pet_shop,59,779,1,3900.0,40.0,35.0,40.0
350a6b20271be9e499b7e5f05396a940,brinquedos,26,504,1,555.0,23.0,24.0,14.0
3a0ddc9fcc7d62e474b62ea3e2a45d39,brinquedos,48,470,2,650.0,40.0,20.0,20.0
a129c8279ee7fa447a6e8726f619dac7,bebes,60,392,4,28750.0,40.0,62.0,22.0
86d2f8d99caf3dbfc14925df61b62557,beleza_saude,54,724,2,200.0,20.0,10.0,15.0
2d966327355281a1ff85f267e0d08781,eletrodomesticos,51,362,3,625.0,25.0,9.0,25.0
7f2b84e06353dbec6da66923271c98aa,utilidades_domesticas,59,898,1,550.0,16.0,25.0,11.0
5fedaa257cce9d3db6da91f9cfd815c1,bebes,60,551,1,342.0,25.0,12.0,21.0
af263cd25f64b87a292cf71ea42d505a,papelaria,38,375,1,200.0,19.0,5.0,13.0
39a1a3b9314738724fce4b2907ae6686,artigos_casa,60,198,1,1550.0,34.0,7.0,32.0
2391e872fbc176a9378c25b0e5ed4b2f,esporte_lazer,53,54,2,250.0,20.0,25.0,25.0
bdef57e26e989447aaf5ae0f7ccadf23,esporte_lazer,34,733,1,233.0,17.0,15.0,16.0
0c5aa7be5dfd5c67689eef12b537a466,informatica_acessorios,55,170,2,100.0,16.0,8.0,11.0
9a64551b89ff695cc7dbf380ec7eb9a8,beleza_saude,17,885,3,1200.0,27.0,22.0,39.0
d5c766013132edffbda7017835a9e2d1,beleza_saude,50,1573,1,755.0,29.0,14.0,23.0
547ef2af00ca493818dd33eb5216b22e,informatica_acessorios,43,1183,5,650.0,24.0,10.0,16.0
2947c2678aab0b7bfc86dd062d9c3318,perfumaria,36,412,1,532.0,19.0,17.0,17.0
caf864611f0c6a9c238876119d725182,brinquedos,13,574,1,1575.0,37.0,14.0,27.0
ebcb541a782d81080d82782ab65cc98a,ferramentas_construcao,60,559,3,1550.0,25.0,17.0,25.0
11810c1eaac441e272977edc26016b38,fashion_bolsas_e_acessorios,50,1359,1,200.0,16.0,2.0,11.0
6856ab01ef22301e08a45d5842ccb247,artigos_casa,59,271,1,1600.0,45.0,15.0,35.0
924d6619805478222273ab8ca2540b25,relogios_presentes,56,195,2,200.0,16.0,2.0,11.0
3929458059a1c837b0d37c96b1e3f30a,variedades,52,2922,8,1600.0,42.0,14.0,27.0
dac10a81c7091cad557ed66495179ca6,malas_acessorios,45,1544,5,750.0,20.0,50.0,40.0
5dcceb4689c06ac693117bc4296986ef,artigos_casa,59,679,1,1000.0,28.0,14.0,16.0
0c08876047d07cc4448ba14159a454e7,ferramentas_jardim,57,1361,3,200.0,20.0,10.0,15.0
da727a53b3315a1efeb68f23a95eae97,relogios_presentes,43,156,1,543.0,16.0,12.0,14.0
edac4210602e69d752554780d5a913f4,ferramentas_jardim,60,1302,1,450.0,17.0,17.0,17.0
0887a4b7b87c4f53d81db7c95de4a6c3,brinquedos,41,1367,4,1800.0,22.0,34.0,40.0
0c3497a215eb37d2e70682bfde05c93a,beleza_saude,33,222,1,150.0,16.0,10.0,15.0
7b951373f6045db69ff7a2e4d8c40071,relogios_presentes,46,232,1,184.0,18.0,10.0,13.0
85f0972baa5c063019825fbf04f0d6a9,malas_acessorios,48,114,1,800.0,30.0,15.0,27.0
136b6cbf8a83c5c36c45157cbf05a6ec,automotivo,58,2030,1,1350.0,35.0,15.0,29.0
fec8c282124bc6f504cbc6e9ec38450a,automotivo,50,1800,1,22100.0,16.0,2.0,11.0
2b7aa376a6e728560bddb5558cc48e89,moveis_escritorio,59,1296,1,13388.0,54.0,47.0,28.0
4a523a9f00bf299d2496151b0e2a3238,esporte_lazer,53,525,1,1500.0,31.0,32.0,31.0
c560413e458f53c059e83a25d2c2338c,artigos_casa,28,270,1,1000.0,40.0,4.0,30.0
b3b26495345ede7a44d86de9a32221b5,moveis_decoracao,55,1673,2,550.0,52.0,11.0,11.0
521037bc7634babf82c004187b6673e7,esporte_lazer,51,1117,1,1700.0,20.0,9.0,16.0
9b1c33398191d2026558e5d3940a0d8b,fashion_calcados,54,404,4,1500.0,22.0,12.0,33.0
7efbc2ce01bc5ac5d5390c330f90376e,moveis_decoracao,59,478,1,7550.0,52.0,18.0,35.0
78ccde395e4f559885f083b17a32dd22,brinquedos,42,891,2,500.0,16.0,35.0,15.0
80459e1beff7fc5d0e2fbe676d043a64,relogios_presentes,53,627,1,350.0,16.0,12.0,12.0
3cb883c745ef0016bbfc89e032b5a853,beleza_saude,31,485,1,1250.0,30.0,10.0,17.0
3395972e03af62d7cb9bdb8a601383d8,perfumaria,23,1035,1,1000.0,16.0,16.0,16.0
86513cbf63bb505ec42c62b661324672,variedades,54,811,2,1500.0,40.0,30.0,20.0
0c859e9bb0591751e168d476ab0bb6e1,moveis_cozinha_area_de_servico_jantar_e_jardim,60,172,1,12950.0,31.0,81.0,31.0
f0b3ceddcb44ad6d8fa4a3453686e693,relogios_presentes,50,426,1,500.0,20.0,16.0,20.0
d0f55c5c2132eb126eb5f97f9cf04259,bebes,39,546,1,11850.0,65.0,23.0,50.0
0174eb125f49a617bd9c6277e5aa76a9,eletrodomesticos,52,394,1,250.0,27.0,13.0,17.0
b0ea553bf35b42dfe69a5c2eae9e96f5,automotivo,58,448,3,100.0,20.0,4.0,17.0
84ec0a02f8de1e53710c6ef4a40134cb,brinquedos,51,703,1,10750.0,75.0,30.0,45.0
95c2f466171b1c183f5e769563bdc7cd,telefonia,60,776,3,250.0,19.0,3.0,11.0
1c696af1be46efd0d4028f3f88c7e3dd,automotivo,47,445,2,450.0,36.0,6.0,30.0
0b2d8323940867a9979b90f7692dcbc0,ferramentas_jardim,60,732,1,650.0,19.0,16.0,16.0
22dd24a9dd84994cf260ad173576d1d5,artigos_casa,49,184,1,8250.0,31.0,71.0,51.0
ba31c397eec007a164fa766c6b90fa97,artigos_casa,45,729,1,2350.0,20.0,30.0,30.0
59fe488ea6ac9439bc86663f4a564c23,telefonia,43,299,1,275.0,18.0,4.0,12.0
7698e984bafd195f739522d13645012e,moveis_cozinha_area_de_servico_jantar_e_jardim,46,653,2,200.0,31.0,31.0,31.0
978dd538bf5e5185609b6e464ba25eae,ferramentas_jardim,47,466,1,600.0,31.0,3.0,14.0
88ff969d40429ca9a43c4e09620d6101,utilidades_domesticas,57,278,2,1000.0,30.0,5.0,30.0
ede2d3ffe8e999eeb81a29c30967c5aa,brinquedos,48,423,1,200.0,39.0,4.0,27.0
b16c2f0d8f720f01316cb3fcf81f18a8,automotivo,27,114,2,1600.0,18.0,8.0,12.0
30f07d8c84ca80de0248a40587de7d32,artigos_de_festas,58,607,2,27050.0,80.0,45.0,45.0
e0520a21b848aa7efcb536bbda142e75,variedades,,,,500.0,35.0,10.0,12.0
fb78b116998a9911245664c7823e1a95,telefonia,60,762,5,350.0,17.0,5.0,19.0
61a15da36ca0448be0565f8ee41dd37e,variedades,,,,1000.0,18.0,20.0,18.0
9c5eb07abad39517f560d32066739b5d,bebes,55,1673,1,371.0,17.0,17.0,12.0
17b21ab6bf081dfd3491d0e07c56b40b,bebes,40,217,1,800.0,35.0,35.0,35.0
bc5eb8763748dffc2350d94dca6f7a95,moveis_decoracao,60,640,1,2200.0,44.0,20.0,36.0
c8f3af40bfb84b26b7d88c30a0760b27,telefonia,60,808,5,150.0,16.0,16.0,16.0
41e0c51896d728080432ffa1de66e992,utilidades_domesticas,50,1386,1,400.0,30.0,40.0,30.0
72e13fd16060f40fa8bb8e40533a7f6e,artigos_casa,53,659,1,950.0,35.0,3.0,30.0
8c73649206e6aa4cb38d6fc019d5f95e,bebes,43,696,2,300.0,30.0,10.0,15.0
d0d132ac4a5d20f11e05ffd8ca3d2e3f,informatica_acessorios,54,1103,1,475.0,21.0,8.0,14.0
b11802a8f8d0f813ec6d3fa8967aab21,esporte_lazer,44,521,2,1550.0,42.0,6.0,40.0
fcc22617447eefe483e5e60d6bdf7b22,moveis_escritorio,60,593,6,1000.0,20.0,12.0,15.0
84c4e13ecfbf13c8e4039927f887154b,moveis_sala,60,1221,4,1100.0,54.0,11.0,11.0
94c8e41ff4b54668bf9a765e5a7fc9ac,fashion_bolsas_e_acessorios,38,387,3,200.0,16.0,5.0,11.0
b0cdc9ffc6cccfbf62da25a0d63c2d74,brinquedos,49,1155,4,592.0,19.0,13.0,18.0
4fad4b56635e58d6f0534f39b5614512,utilidades_domesticas,42,2665,1,1850.0,43.0,48.0,48.0
6c9e39d79ed78d8a01bd1e8ffc551a40,esporte_lazer,54,338,1,1750.0,35.0,31.0,19.0
5d4375e7c913f33dbefdedd357817946,brinquedos,53,226,6,100.0,20.0,10.0,20.0
64d553fec77e0fa6b5ea181beb0a8416,relogios_presentes,54,659,2,350.0,16.0,11.0,11.0
c268b49ab05de2f6d390bd3e5b53cf0d,ferramentas_jardim,55,1180,4,4900.0,29.0,19.0,23.0
d9bdf643d95cb89844c0da1a0df1d16e,perfumaria,39,572,1,475.0,20.0,9.0,14.0
3adf5cedad91de2688486727f5ae4d95,beleza_saude,57,838,1,343.0,27.0,17.0,16.0
99fb0293e181af6a2b692fef4ddac420,esporte_lazer,59,2148,1,100.0,16.0,15.0,15.0
cbe506e38c6bcaa995a8f629a4d59d22,eletrodomesticos,46,397,3,25650.0,101.0,23.0,68.0
510c5b37537320271cbcbbec65740c16,moveis_decoracao,34,471,1,1900.0,20.0,20.0,20.0
3ff53c0418c367eb333906f83eff8fbd,papelaria,60,343,5,350.0,30.0,20.0,20.0
1aa464d8b37fad27aa67da15cb76d312,moveis_decoracao,59,2007,4,3000.0,69.0,11.0,11.0
0268130c8c3e3cac87b5ec4931348c73,papelaria,60,543,1,1400.0,25.0,20.0,20.0
0d146484c69d613fe015c0229056b065,moveis_decoracao,24,458,4,100.0,80.0,10.0,60.0
9fbfc0d1a475bb65f9c0e39bb927a99a,utilidades_domesticas,38,772,1,4450.0,16.0,29.0,23.0
5cd5c2ddc5e34238df2b53739013c255,esporte_lazer,29,1813,1,300.0,20.0,10.0,15.0
8ef3e9415bd7cc041d96fe685ad6dfc2,esporte_lazer,31,238,2,2100.0,60.0,15.0,15.0
8694f037a1ff62c5b61939eb818e43ab,moveis_decoracao,57,314,1,600.0,40.0,15.0,40.0
d926e6d3f3a790d09e925e886eb8031a,utilidades_domesticas,59,122,2,800.0,16.0,25.0,16.0
f302b45f5aa089951788558a689713de,moveis_decoracao,46,783,4,350.0,22.0,5.0,15.0
1915d084b3657c8f7be072bd8cdadc74,automotivo,45,411,2,275.0,16.0,6.0,11.0
88722e1dbe9a41a0834374aaaf19ffd2,automotivo,48,85,2,250.0,32.0,8.0,32.0
586328f570ac0b651d452f1227db4d1c,relogios_presentes,47,434,1,119.0,17.0,10.0,13.0
55dae7585569be721ef89eba4379e38b,bebes,53,1608,4,1200.0,42.0,25.0,15.0
3d4aa956a54f2ab83acf747c6dfaf428,papelaria,50,178,2,650.0,32.0,32.0,33.0
60a233b2fb18e7982bd7a653c23d5a99,artigos_casa,54,217,3,3500.0,40.0,20.0,40.0
bd701724b9bc9f955e22db8ec65b5097,moveis_decoracao,62,445,2,300.0,21.0,12.0,12.0
3ca00c4e1220f5de09fed51ea33cec30,malas_acessorios,54,1735,3,1000.0,16.0,50.0,35.0
bb3542bf40cc975720ee44d03fcf0cd8,eletrodomesticos,40,3038,1,2300.0,22.0,17.0,24.0
2aef77073a11c1bb21ae9eabbc7a97e7,moveis_escritorio,50,563,2,16200.0,63.0,58.0,26.0
928dde0ef8b516ca002e8fd8ff0d8e17,moveis_decoracao,54,810,2,300.0,20.0,11.0,12.0
49955ea31be73ddf6fb6c2a5033dfcb2,relogios_presentes,55,697,1,538.0,23.0,12.0,15.0
92291ca5b617b6ee1259736eb5ad114f,iluminacao,58,903,2,200.0,16.0,11.0,16.0
99008b78e9206243c95a95cf02a71905,beleza_saude,32,1948,1,1467.0,33.0,21.0,21.0
f71a8f28bdda01d104586e674b4303de,utilidades_domesticas,49,419,1,550.0,17.0,27.0,17.0
87ac501420e10a4e559d1094f172eb63,malas_acessorios,58,1146,4,500.0,35.0,25.0,25.0
52e8598530d1015c00613dbb14c307f8,alimentos_bebidas,37,934,1,580.0,26.0,14.0,16.0
58f88ebb71c90b2d46a5b297ae6c3455,beleza_saude,60,2089,5,1400.0,27.0,12.0,18.0
8ab2bfb191a18b11427454a8419d01bc,variedades,36,1315,2,975.0,22.0,24.0,36.0
815d8a47625751d186ae410a78cb58bc,utilidades_domesticas,59,1035,2,1450.0,20.0,30.0,20.0
07bcd890d449e493b4ec23d05a9e40ee,esporte_lazer,34,237,3,800.0,30.0,15.0,20.0
fad8f41c2919d9bea348ae5792f8fc20,fashion_bolsas_e_acessorios,39,371,4,200.0,16.0,9.0,11.0
ed321c2cdae7c40c08ac0eae3d500495,beleza_saude,60,919,1,150.0,22.0,3.0,15.0
ec7b66dc5dc162790056db61a1d61c99,moveis_decoracao,41,711,1,3000.0,35.0,48.0,40.0
8203048d6e95e42c60a24edf3425ab90,moveis_decoracao,60,624,2,417.0,45.0,4.0,37.0
9d3bc872d8bb405d3cd5e7a8deaf4fa9,automotivo,36,438,2,250.0,16.0,15.0,11.0
9b02b650be0a39d8590be7d35be443f9,utilidades_domesticas,35,660,4,1200.0,25.0,12.0,25.0
068b5d27e848424be23fec630a415021,moveis_decoracao,60,458,1,900.0,30.0,4.0,20.0
af9e892bd23939d5eb523a507ad4c225,esporte_lazer,51,1130,3,250.0,24.0,8.0,16.0
6924997ec2d73795bb9d76519d9dfab0,automotivo,59,301,1,150.0,24.0,2.0,17.0
b4546f52515517c7e25a51a13695c1f3,moveis_decoracao,60,2070,1,3000.0,69.0,11.0,11.0
1f0d72fdb89c51b0b2fb2dd7baa63a8a,eletrodomesticos,56,122,1,300.0,28.0,13.0,18.0
12ec40668ef038e5778938c846060db9,esporte_lazer,59,670,1,1100.0,23.0,8.0,15.0
7cbe94f9b52c88ed1adf7a1300a7b3da,moveis_decoracao,57,108,11,1300.0,40.0,8.0,35.0
e7f85596b92f92cb501855897696f66b,fashion_underwear_e_moda_praia,54,1152,6,2300.0,16.0,5.0,11.0
0cdd996d482a30e6a2c4d222a9685c73,artigos_casa,45,370,1,350.0,25.0,2.0,20.0
ce710fd2f106cf7570a07aa47ee7395b,fashion_bolsas_e_acessorios,49,72,4,100.0,17.0,7.0,12.0
ae347727b83d554247d6cc36029a8392,beleza_saude,39,1448,1,9800.0,40.0,37.0,32.0
b39d5770ab89a440abad5360d7a17348,beleza_saude,38,563,1,550.0,27.0,9.0,18.0
05b4834511e1cdb34899d52589ac9271,livros_tecnicos,37,1212,4,850.0,17.0,2.0,24.0
b94608e1d6f0360030e816bf676af2a1,pet_shop,48,771,4,5300.0,49.0,32.0,35.0
066bbc3a1363adc4d73e093aefd9363a,informatica_acessorios,54,1374,3,1900.0,26.0,10.0,20.0
d79868fbfc500d54ebab71dca6ebe5b2,instrumentos_musicais,43,553,2,2200.0,25.0,12.0,16.0
12d4b1673bf8c3b07e339502d911350e,automotivo,59,324,3,350.0,30.0,15.0,15.0
d487ef7eb97ef91db077d19473d6e5d4,utilidades_domesticas,23,171,1,12000.0,40.0,30.0,40.0
929527e5f11ec479791e7419de270440,moveis_decoracao,52,999,6,10450.0,104.0,14.0,42.0
272f828875d25e7c0a395cb6ce703bf3,ferramentas_jardim,45,463,2,800.0,20.0,10.0,25.0
21a60ea134ec6f7e1544c4c71b998235,artigos_casa,52,431,1,200.0,16.0,10.0,16.0
2eb8c6f513599fd67149f8f9cd8e2ea5,variedades,46,983,1,1400.0,40.0,40.0,30.0
7559a915036030709d3491e1602099a7,moveis_quarto,39,606,3,5700.0,93.0,63.0,11.0
a2ea7c89ef0c55d5c0a4f7e26752a6a0,perfumaria,26,472,1,300.0,17.0,9.0,20.0
0c53752695db72c0c10c14f6b89322b9,artigos_casa,58,274,1,2350.0,45.0,15.0,35.0
c8e3a7fd4e2565e83122a3c9b17f7a80,informatica_acessorios,57,376,3,700.0,20.0,20.0,20.0
65400edfb5c91587f723f62138cbc40a,papelaria,57,83,2,1000.0,20.0,30.0,20.0
71c89e9d8fa274b017279aa322cd0e19,moveis_decoracao,52,1213,3,2750.0,70.0,5.0,15.0
606a5b6dec14661643801e2cbf308b04,eletronicos,50,84,1,600.0,16.0,35.0,25.0
65cee62426275381ec64d04922ee8a22,perfumaria,47,303,1,350.0,19.0,24.0,16.0
0cb3a271c0da633b811ac57f0c63d48d,utilidades_domesticas,52,902,2,2850.0,16.0,33.0,12.0
7e144b70c4543f5ea3b8d687435eff6c,ferramentas_construcao,50,484,5,550.0,30.0,30.0,30.0
28ef7ba5765422d40274d5ebeac97c9b,artigos_casa,48,365,1,10900.0,45.0,15.0,35.0
36b9f40522d1eee3f0240111792fac18,utilidades_domesticas,21,256,3,650.0,16.0,15.0,12.0
856d9d588dc3c29333a36027f22e2091,artigos_de_festas,39,94,1,800.0,16.0,16.0,16.0
284d7e2406319d5b3491ee65da648b6e,esporte_lazer,30,309,1,1125.0,32.0,15.0,36.0
659c04245988705deac370b5d5ca1db4,relogios_presentes,54,555,1,400.0,16.0,11.0,11.0
e8e3b26a966bdd1260fe48e92972f670,informatica_acessorios,42,285,1,250.0,16.0,11.0,11.0
76d75f398634bf194ba99d7297e7d1fa,informatica_acessorios,59,1775,4,350.0,25.0,11.0,15.0
ce497a3d92ec305f5d9ef0c4b6980a95,moveis_decoracao,58,196,3,1200.0,25.0,23.0,25.0
7d02633fd7494877cf1dde4210bdab8f,esporte_lazer,40,355,1,2800.0,30.0,27.0,34.0
952670bc019a73f0933157ec82ff6e4f,artigos_casa,46,162,5,3300.0,60.0,18.0,50.0
46eb4d4e006d97abd3bd84c23fcee7d9,perfumaria,38,1597,1,150.0,20.0,20.0,20.0
45441cbbcc1a9ff79903bb3b7c2e6670,eletronicos,49,242,2,2787.0,45.0,40.0,21.0
d40ab3a40d37ebabeaf061efefb4a40d,artigos_casa,58,277,2,1100.0,41.0,13.0,13.0
607e65dd8675090ad3f4b936fe6866f6,pet_shop,50,864,3,14400.0,30.0,50.0,32.0
7b0837837bc77c47aff31afc04286281,ferramentas_jardim,56,1087,7,10700.0,41.0,23.0,40.0
ede477387992b401ee287cea9d913e3b,pet_shop,37,415,1,1200.0,50.0,18.0,50.0
66e460f0a3bf13493f3eeda3d75c61b4,variedades,,,,1900.0,40.0,6.0,40.0
a734287b931bd7a03b9e30261ddc08ef,relogios_presentes,42,450,2,400.0,16.0,19.0,14.0
be5f0f785e9495b018017045cc207457,market_place,50,389,6,455.0,18.0,12.0,13.0
fce345e86ad30c0a8de7f92f71ecb4cc,beleza_saude,58,266,1,100.0,25.0,15.0,20.0
a5c6bb44f99a90b26c7871fd02d0b0e0,utilidades_domesticas,58,2427,2,8100.0,16.0,20.0,16.0
ff185e3474ddf11f1c87316de80f24b7,fashion_bolsas_e_acessorios,54,549,2,200.0,16.0,3.0,17.0
deafef42415ecde158b2a30ed7981e65,ferramentas_jardim,32,297,5,4300.0,33.0,16.0,33.0
eac4543cfde63c7427a4659b8c907098,eletrodomesticos,60,402,1,150.0,34.0,13.0,12.0
9831e59284189574c8b3dde0265e5230,variedades,56,330,1,2050.0,35.0,45.0,19.0
73222f60270e03cf855759fa6594a2e1,beleza_saude,34,441,1,900.0,22.0,22.0,15.0
912d1fc21117a94dc8a67186df6010a7,relogios_presentes,38,1069,1,458.0,18.0,12.0,15.0
b4a006be2cfa0a5ee4c36fe0b2e3d359,brinquedos,54,52,2,1495.0,29.0,21.0,17.0
d28afa86892b9020f79e6b0e01a7839b,brinquedos,54,102,1,850.0,41.0,7.0,28.0
52a8061c8e8e8cea30b41344aac26431,beleza_saude,50,757,1,600.0,74.0,15.0,15.0
82d81ab45858ba32dffde40acc8b3062,utilidades_domesticas,38,292,1,700.0,60.0,11.0,11.0
ab8b5aa9266aa1a8caceb8699dea0b1b,beleza_saude,44,3579,1,300.0,16.0,2.0,11.0
62a068fa5b6d1cb8015c754504a10bfa,moveis_decoracao,55,266,2,6300.0,30.0,40.0,30.0
3b9ae31f0791d281038b3ed1e1fe91d5,papelaria,56,114,4,500.0,20.0,30.0,20.0
888de7e3435c871d1020b85023328c5b,esporte_lazer,46,578,1,1200.0,21.0,27.0,21.0
3fa864b2eb9bb60d23bfe315213bb5d9,variedades,,,,200.0,16.0,2.0,11.0
03ed331c2c9bb4cd5c3d986928bc8d9c,automotivo,56,343,6,600.0,28.0,4.0,16.0
983fb87b74395e82bbe509cf694296ce,variedades,43,404,6,400.0,18.0,7.0,11.0
a1ab6d18d301b5ee14b244b946e52973,telefonia,58,92,2,100.0,16.0,14.0,15.0
259191163460b98721e75931dda0299f,informatica_acessorios,59,979,2,850.0,32.0,13.0,11.0
a000c3bbcabfea20a59fc2a10b9a6cf5,eletrodomesticos,48,180,1,350.0,70.0,13.0,12.0
507914b4af243e0589c389ac50545ef6,ferramentas_construcao,55,337,1,1900.0,21.0,8.0,21.0
ed77034b92386a1a8cfd3c648d715dde,telefonia,54,503,1,317.0,19.0,8.0,16.0
ea0698c943d7a9133e6d36de68654750,beleza_saude,42,413,1,500.0,16.0,18.0,15.0
9538a4d0d20e31d209def88993f8dca3,moveis_decoracao,35,781,2,300.0,17.0,4.0,12.0
d1b5b0f59a008dc63de7a7146326c0d9,livros_interesse_geral,36,1176,1,500.0,23.0,2.0,16.0
e5220f9798ae3f322484c60a48ec67f9,brinquedos,60,623,3,1500.0,30.0,18.0,22.0
6b7c52cac292a4faf72cffd7085837a5,fashion_calcados,57,404,4,700.0,22.0,12.0,33.0
522e80f11e2431474e70300f12a6e45f,esporte_lazer,49,1841,7,3050.0,50.0,39.0,12.0
0ec09d10ef472b982d230612dbd5bd16,artigos_casa,54,289,1,3250.0,36.0,10.0,35.0
d2ba9fb97c0a861f8a62383c434e3e1d,fashion_roupa_masculina,37,439,3,550.0,18.0,16.0,23.0
80736543f7c5c511bccb61d1544d9d0b,artigos_casa,60,310,1,4600.0,36.0,10.0,20.0
43c9506443a52a22cace92d7eef9cfcb,artigos_de_festas,40,358,1,1800.0,35.0,15.0,35.0
4b96786612ebe7463132fce2c4dca136,utilidades_domesticas,42,540,3,10750.0,31.0,61.0,31.0
21c00997a28e1efcdd07c8a67f26d4ce,variedades,51,729,1,8150.0,45.0,24.0,39.0
862984682247d8dbbf312e7104accb64,moveis_decoracao,50,575,1,700.0,30.0,30.0,30.0
c73ce46ad401dcf7c05da1cc8a65dea2,variedades,,,,300.0,30.0,12.0,40.0
bb819359cc1d57dab4210c9c8640d2b8,moveis_decoracao,57,647,1,6250.0,48.0,22.0,15.0
c1234c80dafde7ef3311b3eabd5069ed,artigos_casa,55,122,1,300.0,20.0,2.0,15.0
87283a98b24f9f1ac3a31b631073cf47,fashion_bolsas_e_acessorios,50,411,5,150.0,16.0,5.0,20.0
45ace3827ebfe577f1a9b99f35e23e60,malas_acessorios,52,163,1,733.0,43.0,11.0,35.0
91c36b03df2eb40a4dccdbd16394328c,automotivo,55,1664,3,550.0,16.0,21.0,18.0
d53fa4385b1c7af4bc099d079edd4b32,informatica_acessorios,57,377,2,350.0,30.0,10.0,25.0
e107fefc8820ce1d438d2d6543464955,brinquedos,57,273,2,300.0,25.0,12.0,23.0
40169f8d8c6b5ecde688c395f306812e,esporte_lazer,60,519,1,700.0,26.0,16.0,16.0
c72b807dcfa40a24d64f7adf35bfc205,papelaria,51,228,1,1300.0,16.0,39.0,37.0
e53023ab8367557ec53afdc82e03121b,relogios_presentes,43,540,1,425.0,22.0,14.0,21.0
7546d3467dac963558951a5f7817a625,esporte_lazer,55,1068,3,26300.0,80.0,85.0,20.0
47afe56948e4dea1c15bf6c808da1a22,moveis_decoracao,54,285,1,1150.0,30.0,10.0,30.0
99797fec32d275aa8d943b11bd6dd11a,consoles_games,57,1225,1,600.0,20.0,20.0,20.0
8ef74253fae312e2cd28e867fda5baa9,automotivo,60,183,2,50.0,16.0,4.0,14.0
34514da5b2b0b97f385623f08b4e630f,brinquedos,25,619,2,800.0,37.0,36.0,11.0
9afe5faa4fa31a0858bbac1b3821977a,telefonia,46,880,2,200.0,18.0,6.0,11.0
8596caf32035799ab3365b1f27f1cedb,audiovisual,50,1225,1,200.0,20.0,2.0,14.0
5b3b5f9ae84ca9ead3138b199420cc94,brinquedos,48,1146,7,5400.0,20.0,60.0,50.0
ed08c988bf45ddaed9d83ed92f015ec6,informatica_acessorios,53,998,1,400.0,20.0,15.0,15.0
04cb9679db724268544436f40166c3ed,moveis_escritorio,34,2558,1,15700.0,58.0,28.0,58.0
fc5feda8d6c915bdbd6ca84bac05e2eb,fashion_bolsas_e_acessorios,63,584,4,150.0,16.0,5.0,11.0
65f8c5cb16844ab87be3f0af4eed5e51,eletrodomesticos,58,758,1,500.0,18.0,8.0,13.0
81258a06e30546c898c31a062ae3da08,artigos_casa,57,258,2,30000.0,43.0,19.0,35.0
317a06884480d645d7f0bc82455ec277,informatica_acessorios,59,1926,5,650.0,25.0,11.0,15.0
a17923e795430dfd9d8e9d5bf444cee2,informatica_acessorios,38,3697,2,11500.0,30.0,14.0,48.0
c9e370a48c93410b221b46ce7ee41643,informatica_acessorios,59,297,2,700.0,20.0,50.0,18.0
b17a6664cea6ac6c23ff388f5a67c973,beleza_saude,50,212,2,333.0,29.0,6.0,17.0
87e24fe285640cc6f3d7580f673ee507,eletronicos,56,184,3,5875.0,19.0,17.0,18.0
dfb471e33709aa5bd232c625d505da46,brinquedos,57,654,5,7800.0,20.0,62.0,35.0
707bca6b5d739372cad12a1694ca7d0b,relogios_presentes,56,555,1,150.0,20.0,5.0,15.0
8f8e98cf133d4ab9a74486c3ce81da02,fashion_bolsas_e_acessorios,38,431,1,300.0,16.0,10.0,19.0
4d8ac542663b1d53ccdae075bc2a15ed,informatica_acessorios,54,228,2,300.0,27.0,10.0,16.0
b84186a036c7f3b9c2e4701800a02e45,ferramentas_construcao,57,1178,1,5250.0,16.0,16.0,16.0
6bfdbceb7790a17493f90ec854767268,informatica_acessorios,51,712,5,250.0,16.0,2.0,11.0
ff2b293ae4b3c204113bdec91e27a584,beleza_saude,57,1448,1,150.0,18.0,8.0,13.0
7cdd05e9483aff93c2c0a41cceb9b445,eletrodomesticos,54,335,1,100.0,18.0,8.0,13.0
8f2c823e12d58a9eec1a9191e3c34718,artigos_casa,51,650,2,900.0,16.0,10.0,16.0
076a6117fb6e62d15ef45ad6be8ddb1c,artigos_casa,51,373,1,1754.0,44.0,14.0,33.0
bf379ee1c9b696f70f97027e92279497,utilidades_domesticas,58,504,1,900.0,45.0,25.0,20.0
c8181e8e724bc31ef26d58c63f9898f7,automotivo,57,255,1,1200.0,20.0,20.0,20.0
03feb64db1d0ea0aaad178536a2d0640,utilidades_domesticas,57,415,1,3100.0,30.0,40.0,30.0
c79afda00334ce1f3f34aaa13edfd5cb,variedades,23,325,1,3075.0,23.0,23.0,29.0
6630485063578b527549697547ed3ed5,moveis_decoracao,46,713,2,1050.0,34.0,6.0,28.0
253aede415ef331d1262ffc3a411224d,instrumentos_musicais,59,358,3,700.0,18.0,6.0,13.0
946b20e2799c73ad1f8f95440f723ce4,artigos_casa,63,409,3,16800.0,45.0,15.0,35.0
75f492a14681b1e6558a531bbb970c53,moveis_quarto,59,423,2,10200.0,41.0,56.0,26.0
70aa499facb0946dc40ff974166fd522,automotivo,58,1683,8,2700.0,46.0,16.0,25.0
a7c7a8a5ae0e412843068fb8fcc30a86,moveis_decoracao,58,1056,3,700.0,35.0,7.0,27.0
777798445efd625458a90c13f3b3e6e7,brinquedos,52,711,2,1500.0,28.0,22.0,18.0
6c1942e17a86109a3608f6aac73ccfe5,automotivo,60,205,2,100.0,25.0,15.0,25.0
2bf5f3d61f1d45798de07f4edf31dbb5,variedades,47,305,3,11100.0,52.0,44.0,27.0
cfe6a5fd520bc8598643c28f7e9b3bb9,perfumaria,29,1047,3,200.0,18.0,10.0,23.0
e7cfb5f52c08494aeb59190d03ddf5f8,ferramentas_jardim,60,313,2,10700.0,30.0,30.0,30.0
9c60b810e32e14c3a278742567720634,moveis_escritorio,47,559,1,17400.0,63.0,58.0,26.0
4fbd8f51817097372c985d1d042cdeed,esporte_lazer,39,536,5,550.0,80.0,20.0,13.0
30b1231ba07a2b463b2197fd37716be6,utilidades_domesticas,43,495,3,900.0,19.0,14.0,16.0
76d11bfd9f3974c6f750e89582654ea4,telefonia,49,2201,3,50.0,18.0,6.0,11.0
c7a3f1a7f9eef146cc499368b578b884,eletrodomesticos,52,1372,5,7350.0,40.0,30.0,23.0
a95e101cee281e7cd36dfef5f80fabfe,agro_industria_e_comercio,48,866,6,9700.0,47.0,70.0,27.0
46b173c179c7e6904a5728959bee5b3a,brinquedos,44,1573,2,550.0,17.0,15.0,22.0
cad04bbd56e9e1392a586f51477a7e3b,utilidades_domesticas,42,1158,2,550.0,60.0,10.0,15.0
4cd429cde8cf80cc5c334eac09b4b965,informatica_acessorios,52,630,3,300.0,36.0,2.0,27.0
e950f579a1170b4e385f734c5771e9f4,moveis_decoracao,31,178,1,650.0,30.0,19.0,30.0
ea99388f66ccc3a78b6c2d7725184b12,esporte_lazer,57,373,3,1400.0,65.0,10.0,16.0
90973fe7cdce864c5345cb2eebdfa666,utilidades_domesticas,61,117,1,1400.0,20.0,14.0,20.0
d36078c6a92906c4c3a2b2a72c146230,fashion_bolsas_e_acessorios,57,156,1,150.0,16.0,7.0,11.0
3377b442347c19fe5f5d740892c180e6,eletronicos,51,1416,1,900.0,35.0,16.0,20.0
b25286ea1d4431a1f33b67a706e0f97d,instrumentos_musicais,56,94,1,1100.0,30.0,20.0,20.0
725cbfcaff95a4d43742fdf13cf43c75,variedades,58,537,2,1850.0,34.0,5.0,34.0
b28a05b86542471543370c2399f04fd3,automotivo,52,303,1,150.0,16.0,8.0,11.0
242e43e16717ea0a751d98a83b773d4e,ferramentas_construcao,52,547,2,283.0,17.0,10.0,15.0
7178ddaf7e590ece0dd74143bfc6fd28,brinquedos,44,724,1,20800.0,80.0,36.0,36.0
edb124ed00c0f8105a1504abd169aabd,telefonia,47,1712,2,6050.0,40.0,30.0,30.0
d65f3ccead8c91ecca73fb775ee50cc8,eletrodomesticos,47,538,1,100.0,20.0,2.0,26.0
57d9a5d185e8254383504f57c4b8ddcc,moveis_decoracao,55,466,2,500.0,16.0,30.0,30.0
15182e412b013f40aa860be89720c91f,livros_interesse_geral,30,922,1,800.0,22.0,8.0,16.0
7237404d77298a92c6f0af9184bdbafd,utilidades_domesticas,56,422,1,5150.0,30.0,30.0,30.0
ca6f1dddc138d9925f3a9b79dacbf1f5,relogios_presentes,44,820,3,550.0,20.0,12.0,15.0
d7ae40734de8ff910e5e84034b1e94f3,utilidades_domesticas,59,302,1,345.0,13.0,14.0,15.0
e47d150b1ca529641e12015c3109bb24,papelaria,55,189,1,5850.0,39.0,19.0,40.0
bff2390f68a7b76b01ef61b684888261,artigos_casa,55,555,1,600.0,16.0,10.0,16.0
1e8f7164e2c9b32dcd58e6a6b6b294cb,automotivo,39,77,1,2000.0,25.0,6.0,23.0
a321aef4233c6e0d55788de8b9a3aeac,telefonia,60,818,6,300.0,17.0,4.0,12.0
fb979d44fd4269b2ea30e300b66c89f3,pet_shop,49,294,2,1250.0,50.0,4.0,26.0
c01d651edb7447f99b72c1fb123f7b38,eletronicos,46,699,1,400.0,18.0,12.0,14.0
ab33dc82f8f99512a4a7086d5e143b96,beleza_saude,49,1004,2,200.0,20.0,10.0,20.0
322ecdda3eff7439376c27a5114fd114,ferramentas_jardim,38,811,1,400.0,20.0,20.0,20.0
f07dfd51b27ae763526ca43745920b7d,artigos_casa,36,578,2,175.0,23.0,6.0,13.0
244e3bff7e186eaf8248819370c22daf,ferramentas_jardim,52,61,1,600.0,16.0,35.0,25.0
ef8856db4e302ad33dc4d91e40f7593c,esporte_lazer,29,531,2,1350.0,41.0,10.0,35.0
07ecfc5bd0d3ca496facedede13afb80,relogios_presentes,50,389,3,740.0,18.0,12.0,15.0
e0104b143b87f5f1e013446c12add851,relogios_presentes,32,611,4,700.0,17.0,13.0,15.0
c45d02cc82cd779835094de9b29272cb,artigos_casa,57,246,2,950.0,46.0,6.0,36.0
e2b9488ff4e25e7fb5a2973a65eb79e2,artigos_casa,57,665,1,2300.0,42.0,12.0,36.0
fbb4594a7d9aff5d02ae898ee494b935,utilidades_domesticas,56,796,2,1250.0,16.0,35.0,22.0
17ec1cf6dc8dc7557ca34f1d64a93dc7,eletrodomesticos,45,537,1,1600.0,18.0,30.0,24.0
102977ffbec43473f129d2e77b019475,utilidades_domesticas,48,514,1,1138.0,35.0,28.0,24.0
99b7af24fd7be364e3621b9e751b048e,artigos_casa,56,290,3,2500.0,46.0,17.0,35.0
6789e81c62b672bf413759d22ecacaf7,utilidades_domesticas,46,836,1,383.0,17.0,13.0,14.0
86265224a1b25cd13f8b20ffeb6c8e5d,beleza_saude,41,596,1,1250.0,16.0,16.0,15.0
e9880042522806f124fdd4f8c8514d0d,pet_shop,54,830,18,2600.0,33.0,30.0,44.0
f6a4cf51bd4911bee9e0308879e005fd,utilidades_domesticas,31,802,2,200.0,16.0,30.0,11.0
b931645cdc2d9868f01544e8db63f5ab,ferramentas_jardim,59,398,6,4200.0,50.0,28.0,28.0
5e2ba75ad255ff60b1c76c5bf526ae9b,beleza_saude,47,1346,2,500.0,20.0,8.0,20.0
5f2d2e225329430182f0d167faa3779b,moveis_decoracao,57,242,1,1200.0,40.0,10.0,34.0
b246df143b8670b035cae900adf9654d,moveis_decoracao,34,580,1,7150.0,35.0,35.0,35.0
44291e25afe160dfe5f844da1b0f8b15,perfumaria,54,964,1,50.0,16.0,5.0,11.0
eccad33f3402b33fb855de9a980c5b8b,variedades,46,1021,2,2100.0,99.0,5.0,47.0
26db948671a4ad63637c2d2065477f00,moveis_decoracao,63,671,2,1000.0,40.0,15.0,35.0
41751736c87d2da5af7c27168bf45a9d,bebes,29,765,2,7950.0,27.0,44.0,40.0
1a2b5336765f0c7dd01d380a83a81cec,beleza_saude,49,567,2,250.0,16.0,7.0,12.0
fb3ac05315c8f4a1b54de74e098ef7e2,automotivo,55,3317,3,850.0,20.0,15.0,20.0
7ba65aaedb73677effa456995cb7ab97,eletrodomesticos,58,322,2,250.0,18.0,8.0,13.0
c0b4f7401d69d6cf3de3b96e0f2ead2e,utilidades_domesticas,40,209,4,450.0,16.0,20.0,15.0
6bca83dbf6e081bccb2b23188577ad36,relogios_presentes,45,344,3,250.0,16.0,9.0,12.0
9bda16ddb772f99c95a69cfd874de990,automotivo,56,347,1,2900.0,30.0,20.0,30.0
bb1fe952bdc16ef8974d4ca11aec19b7,beleza_saude,57,581,1,417.0,16.0,15.0,14.0
e7bae0ddf5866c9dec4a6b0be57e0534,moveis_decoracao,21,378,2,750.0,29.0,25.0,25.0
73edfe6b1784633221fbab2aa60e8456,relogios_presentes,60,663,2,2200.0,24.0,5.0,25.0
8ed3ae310714d18ee990923aeb411508,ferramentas_jardim,48,157,1,900.0,30.0,40.0,25.0
969a102d83f0c52f2da59c65bfeb173c,beleza_saude,49,2287,1,1300.0,25.0,13.0,20.0
c1e5b96342357985d492c02b4279ce9b,esporte_lazer,50,3823,1,1300.0,31.0,33.0,31.0
778da519962c5306049eafccfd72abb8,ferramentas_jardim,45,462,2,4900.0,34.0,18.0,31.0
3439529926df110506c6752e8f16d358,utilidades_domesticas,54,459,2,1190.0,38.0,20.0,22.0
c695342500b74ff952db47b541726de1,beleza_saude,25,429,1,200.0,26.0,18.0,11.0
92298b2c1c8b487f7029ce5ea3b87018,automotivo,58,676,2,1200.0,60.0,8.0,33.0
3d254dd1d443d5c733715c4ccb3d72ce,moveis_decoracao,37,962,1,2050.0,25.0,77.0,15.0
3aeed13a2a503382bb5925a5cf419dd3,automotivo,56,835,4,350.0,35.0,5.0,35.0
62744bf012b60074e5fa0fcd657cbd34,moveis_decoracao,59,595,4,400.0,50.0,3.0,25.0
ad1128daf194f4b6ac4256e16233497c,telefonia,32,580,2,100.0,16.0,3.0,11.0
e95703a89b7e347a78ac894708191b36,moveis_decoracao,52,575,1,3100.0,30.0,30.0,30.0
5911c9189c5956116eff6542156a1b32,artigos_casa,40,324,1,850.0,36.0,4.0,29.0
51546b31b0669a44f338a791d4f96ddd,informatica_acessorios,43,936,2,200.0,14.0,5.0,14.0
bbe2718f3f392fdea27314d5e2f3287e,esporte_lazer,56,964,3,500.0,24.0,22.0,22.0
ada916969296efb7a3f68cced80f60b8,utilidades_domesticas,54,175,1,950.0,23.0,26.0,20.0
822ec6c9995d2e4747d0c33e98d61ec8,seguranca,52,1298,1,700.0,20.0,20.0,20.0
6611f79f541df026cb3828e97548f79b,relogios_presentes,63,1184,4,1150.0,105.0,13.0,13.0
ecd15c67f7a723b7de79f4346911e122,informatica_acessorios,47,2164,3,150.0,16.0,12.0,15.0
b140cc13107904067b325ad095709d6b,automotivo,57,601,5,11175.0,27.0,16.0,17.0
16245c0134a3dedc3e2c124260925f70,artigos_casa,56,610,1,600.0,16.0,10.0,16.0
2c4930c4b284c7b99db2a4c52071a45e,moveis_decoracao,55,264,1,9050.0,35.0,30.0,35.0
c4444723412f21a52a81a4c14eadc0fa,telefonia,26,430,3,50.0,19.0,3.0,11.0
9af30b38efe5ca2a1a97330e77400717,esporte_lazer,59,666,6,700.0,22.0,17.0,12.0
fdcf45aa23bb8312ecc0027d6e1ef1c4,artigos_de_festas,39,258,1,250.0,16.0,12.0,11.0
97d94ffa4936cbc2555e83aefc1f427b,ferramentas_construcao,51,667,1,3000.0,25.0,6.0,25.0
b8985a4d0fd0f1502eec53355f322670,bebes,57,799,1,2100.0,31.0,43.0,21.0
f9392dda35e35d69c08288c2c670897f,artigos_casa,27,423,1,200.0,16.0,12.0,11.0
a934477935383c309a1c492e6c0e025c,instrumentos_musicais,59,347,1,10700.0,40.0,40.0,40.0
0a8611ab07b16ada9f45900722ed0e5d,artigos_casa,60,617,2,683.0,57.0,4.0,28.0
a1c4213421e6cf98f7167b2086e96ea2,perfumaria,47,402,1,133.0,16.0,16.0,13.0
ed7090839f8e749840a20f1c1cc78717,informatica_acessorios,51,326,1,817.0,30.0,15.0,15.0
7cdf063c858373234611848620a5c950,moveis_decoracao,53,904,1,12900.0,40.0,45.0,40.0
a3a7f611af275e93e51407214929f119,artigos_casa,55,844,1,1000.0,25.0,5.0,25.0
b5af7ee335cbfa18d8e9b3d66e6a8938,consoles_games,21,796,1,300.0,19.0,2.0,16.0
cefd572c70bd7ed476b5538fea3e0bce,artigos_casa,51,168,1,1500.0,45.0,25.0,35.0
ea57ad56367f3fecf63fcfb46d33f3a7,brinquedos,48,265,1,1000.0,36.0,19.0,17.0
b8fdad0799bd50231797580d63194b78,beleza_saude,58,1212,1,320.0,26.0,28.0,16.0
03c14a3d479e334e87ee5baf2563811d,ferramentas_jardim,56,1193,1,1500.0,20.0,22.0,22.0
f40e67d9fbad11e25f958cc8b534af73,beleza_saude,49,453,1,583.0,20.0,6.0,11.0
33210191b5878f3ffcb98ee93963da63,esporte_lazer,33,1330,5,700.0,24.0,19.0,23.0
e12f70be6bbe9361e612c973fcf15dcc,bebes,60,1882,4,5962.0,35.0,57.0,52.0
3af5874bd2429ed183a5445d1432fcde,ferramentas_construcao,51,150,2,100.0,17.0,5.0,13.0
425966339f6d9c933d8f5f23310d86a6,beleza_saude,46,1666,2,2350.0,16.0,10.0,20.0
34dcd1a460194e9a114524a6ec0ad39e,brinquedos,39,1223,1,350.0,17.0,15.0,12.0
4f6a3ad213467dd649e0538e97395a57,utilidades_domesticas,57,525,1,1600.0,25.0,16.0,16.0
e917a4c1765b98c448b7e4cadcbd0d36,papelaria,51,562,6,100.0,18.0,6.0,13.0
1f2a1eb53046341d5e07150430b9f091,casa_construcao,59,918,7,750.0,16.0,29.0,16.0
ca2a703b0fde4c81cf556baea471e978,market_place,18,1383,1,700.0,20.0,8.0,14.0
494e28e86f2b12df2d95e9d55266ef4a,telefonia,53,496,2,90.0,19.0,3.0,11.0
25e531393ced00e48e0c790fb864f1bf,perfumaria,59,680,1,382.0,20.0,12.0,13.0
ec5b5cce0b8464a1c618325f35c779dc,moveis_decoracao,60,2084,3,1300.0,69.0,11.0,11.0
616c497aa9cc2d4ce93eb380cf5cc121,artigos_casa,54,360,1,30000.0,45.0,15.0,35.0
e819fddd6622f30e872bfc89471c1408,moveis_decoracao,60,772,1,650.0,16.0,15.0,13.0
d1eae8696e58fd64c47a433ad605f2a4,beleza_saude,36,124,1,100.0,19.0,11.0,23.0
65fd9b358b7ee029fba34839e9c35fdf,informatica_acessorios,50,556,1,350.0,28.0,10.0,37.0
a687ed05398f0114eca6f663b8ced32c,eletronicos,59,126,1,100.0,20.0,5.0,12.0
7fa3e1a663cc86837564958cf16853b3,bebes,59,224,2,6200.0,75.0,15.0,50.0
8b3340da906941fd51ccdbf7b0e77d07,automotivo,55,343,2,100.0,24.0,2.0,17.0
6acb159c74b0fa813fb68bf88655c7ab,ferramentas_jardim,53,1052,10,1300.0,40.0,10.0,15.0
2c7f01e4f39f8ca21caddb86374d7b4b,eletronicos,50,395,3,8550.0,78.0,9.0,23.0
0b8d94b0bcf4e22c9bf886c98bb994d3,bebes,25,484,2,13800.0,60.0,32.0,43.0
5ab7d10303d38da7a0ed5c1a534490f0,moveis_decoracao,57,373,4,800.0,37.0,40.0,27.0
493d26747843694010877d8e73ef335f,fashion_bolsas_e_acessorios,29,306,3,440.0,31.0,31.0,20.0
6b59816f789d2ecd9884ca8bbb81dd93,moveis_escritorio,45,2161,1,14900.0,58.0,28.0,58.0
5a885007d9eed9680c983b19126a4bee,malas_acessorios,59,683,3,700.0,43.0,16.0,27.0
777c0b09022d68979d7c489251a4c7a0,moveis_decoracao,48,2019,3,6800.0,90.0,4.0,50.0
64d9a8168b3776844d8e4dac2a0efca3,esporte_lazer,59,449,1,100.0,25.0,25.0,25.0
b4b1c13bd539cdda68bd9a5e899767fb,telefonia,63,1548,3,400.0,18.0,16.0,16.0
15a581e2cae15fe40ac430f07dc6aa12,casa_construcao,57,1018,1,450.0,18.0,19.0,13.0
10cb4574e88302b21a629d95fe74c54f,artigos_casa,59,345,6,4950.0,56.0,12.0,40.0
c148ea72eba1b3bb6f9f5050183d533d,ferramentas_jardim,58,1245,5,5950.0,35.0,26.0,24.0
66870cddd12bb52a4bc95468f0bc9fa8,automotivo,60,873,6,2150.0,30.0,25.0,30.0
622a3f08e882eef68dd982a5d0feee69,eletrodomesticos,38,433,1,3225.0,24.0,24.0,23.0
df4bcf4a328103951507064660c445e9,automotivo,37,1479,5,650.0,26.0,9.0,24.0
15f4274d2a06f9da4e476ad9bb5c80b9,papelaria,53,139,1,1000.0,20.0,45.0,35.0
e6e3b7c71e3a84b79b0dc5300587fd6a,papelaria,54,357,3,900.0,25.0,6.0,25.0
e1da6ab77f4859eb17950e5df1c0f815,pet_shop,56,724,2,7050.0,50.0,21.0,21.0
ded0fc03d15300415b27c4b3342fefe1,artigos_de_festas,43,629,1,3100.0,27.0,27.0,27.0
27da9ff5303d900602623ce3b731e0bf,utilidades_domesticas,29,415,1,4100.0,63.0,25.0,23.0
6efb8e8a3fb0785e2b86c6c5e9c7bb9d,casa_construcao,44,331,4,1000.0,30.0,20.0,30.0
471538735ac6433154a0288a62b96292,moveis_decoracao,33,492,2,400.0,16.0,22.0,18.0
c3e34cbfe33021ebcb984bc07aef6b73,malas_acessorios,42,348,1,750.0,25.0,3.0,20.0
dd9ba6bfb2f1aaefbb43ec910485ccb0,beleza_saude,51,968,1,500.0,16.0,15.0,15.0
0a82c5e3af23bf02899280c8e1f4eea9,eletrodomesticos,60,264,1,1250.0,50.0,2.0,37.0
12587360502d12268a9841080015d52a,relogios_presentes,47,716,2,200.0,16.0,12.0,12.0
017457b0013d01d5a5a4a020ed1f14b9,variedades,,,,2200.0,28.0,20.0,14.0
9c985e2ff7b419faca8c549f4b1673c2,papelaria,58,489,4,500.0,42.0,14.0,30.0
08a5cbbd7adc85e1074b03fceaca34ee,ferramentas_construcao,55,569,5,250.0,20.0,10.0,15.0
3e43be936ce46c0ea61fb7aaf746fa17,telefonia,50,680,5,300.0,17.0,4.0,12.0
c3cdb28ed53f4ec5d9afe32753961641,artigos_casa,52,706,1,3000.0,30.0,20.0,25.0
fbcd9b07bda0301e7e776fc1ab26fdfe,artigos_casa,62,292,1,2200.0,45.0,15.0,35.0
76047a9f85e0601a31579a9a9e88a0e8,relogios_presentes,56,272,1,333.0,17.0,13.0,15.0
fc64f94fa41c3384cce3defbe89db72f,utilidades_domesticas,55,580,5,450.0,20.0,11.0,11.0
11491792277842adf3f5bac76ae3dbf5,instrumentos_musicais,57,2969,5,100.0,16.0,16.0,16.0
65aad7866bb1987f122e668fa84040f4,beleza_saude,60,1127,4,800.0,42.0,8.0,11.0
31a4e43f70b04f64268d63fd9193a8d5,esporte_lazer,42,2951,2,150.0,16.0,8.0,11.0
968ada41fd04a1d3221d01f7598db4a2,esporte_lazer,47,235,2,1150.0,60.0,15.0,15.0
2a7906396f06c254b7b32a8ed3e45894,informatica_acessorios,59,239,3,350.0,36.0,5.0,15.0
9bd01dd31e915573f3ab0bb9a6d7e113,informatica_acessorios,57,1177,1,1250.0,17.0,25.0,17.0
5d7a4ee1450d108913cdd64fff383338,automotivo,57,188,4,250.0,25.0,15.0,25.0
532576a988e8cefa38a4531cab18a354,ferramentas_jardim,52,68,2,250.0,22.0,9.0,15.0
9d374944ce89ce9afd8c8f79fb7f3bc9,informatica_acessorios,60,337,3,400.0,16.0,4.0,16.0
3fab9767a48fd2bbbf649feaab5b434a,esporte_lazer,59,199,1,700.0,30.0,30.0,30.0
1b81b117d19f1f282c2818484e52211e,automotivo,58,1381,8,550.0,20.0,10.0,15.0
348f3e919406e3bbdd723015432b3e1a,esporte_lazer,54,943,1,550.0,18.0,12.0,14.0
3487b8d662448326a09da14416640170,moveis_decoracao,56,471,2,400.0,80.0,10.0,60.0
c77330cb95bf8227f54bda2c2452a11a,brinquedos,27,392,3,150.0,16.0,7.0,11.0
609c35bf8122d5ab8186ed7a6bfcd843,beleza_saude,39,345,1,250.0,18.0,8.0,18.0
d66d9dba1b0d3aab8f3b6b02e4cd3f8e,utilidades_domesticas,46,795,1,23100.0,33.0,70.0,44.0
99ce9f06fbb85fb4f451c6a0691e69a4,variedades,34,3017,1,658.0,17.0,15.0,15.0
b6ada73818651fe7e64be10653062ea2,bebes,52,341,2,7900.0,45.0,25.0,45.0
fc44aa56f6950438772a08ec23552fd9,eletrodomesticos,49,150,2,750.0,22.0,35.0,25.0
6968d8e58726cfe8f9677155ffc6b251,beleza_saude,57,851,1,3700.0,29.0,17.0,15.0
71382293e7e1570ecfca5410c546267e,perfumaria,31,140,1,200.0,22.0,7.0,16.0
c2f2d10f8b047f5cffef731479a34432,eletrodomesticos,55,354,1,100.0,18.0,8.0,13.0
b19619526123b3f2a7a6ebc7bc23e710,esporte_lazer,58,488,3,200.0,16.0,15.0,16.0
c01529871fdb3a98bfd7c845f24f6c21,esporte_lazer,49,811,3,200.0,30.0,5.0,30.0
389e547608604fa4ffd18d40703b5416,ferramentas_jardim,52,1112,4,1700.0,28.0,13.0,15.0
b1434a8f79cb3528540d9b21e686e823,artigos_casa,57,184,1,13500.0,55.0,25.0,35.0
30a47cc354b9607076272300c899dce9,bebes,26,1594,5,450.0,26.0,7.0,22.0
3c6c21037ebd4ebe1f20aea71e85982d,livros_interesse_geral,46,1004,1,700.0,35.0,6.0,30.0
97722a15d9ccbf90ef47621baa79b87f,esporte_lazer,57,688,2,150.0,16.0,16.0,16.0
7ae27ce0834f80f4e3779fd06ca9ce83,beleza_saude,37,1096,1,1050.0,17.0,14.0,16.0
6f7c30c01b078cfe5a4adbceb9c363f9,brinquedos,58,1233,1,1567.0,49.0,23.0,45.0
30dd245a5cc5a0def5b5d42b024a17b0,livros_interesse_geral,38,269,1,8170.0,17.0,17.0,20.0
dc523b958f892102fd63bb7a60fea902,automotivo,59,1164,4,7350.0,40.0,24.0,48.0
3c54d3fdff96e2d3dc2115d08ef858c0,bebes,58,961,2,1200.0,42.0,25.0,15.0
0ce1adfdded63914231951b7b34624fe,ferramentas_jardim,59,728,1,350.0,18.0,23.0,18.0
05ed196725fbeca4876c2181780d89bb,instrumentos_musicais,52,541,2,1400.0,30.0,30.0,30.0
07755a0056db849613241c6d91eaf45f,relogios_presentes,56,470,2,832.0,21.0,12.0,15.0
f6a84928571f68635beb0f5c9333c6f3,esporte_lazer,60,1247,6,30000.0,86.0,66.0,36.0
429de6049b45a9fcb96aff1603f55d3c,variedades,56,654,2,150.0,16.0,13.0,21.0
ce4958776b3721723edac6bd9a05e833,utilidades_domesticas,37,256,4,5100.0,50.0,20.0,30.0
30d5e50fed61fb46e697b737f94e1468,brinquedos,49,214,3,400.0,45.0,15.0,35.0
ed355705438d608579451a9b3a230f1b,moveis_decoracao,38,1963,1,900.0,53.0,8.0,11.0
1df4766d26ab7bcb152eaf8c600210a6,automotivo,47,1198,2,900.0,40.0,24.0,33.0
dacde5ab7bf7b2163220279b65389393,utilidades_domesticas,47,896,1,400.0,20.0,15.0,16.0
f42229541a6335f3ed5268439ea9f414,industria_comercio_e_negocios,51,1139,2,4350.0,16.0,103.0,25.0
d1c965e9559fed1df80e7488ce88d53f,perfumaria,56,1123,3,551.0,19.0,19.0,17.0
4bae57411011b77f088dddbbde9a1f86,artigos_casa,49,301,3,840.0,37.0,23.0,35.0
af210e7b5709fdeb3984f93a10da094e,beleza_saude,53,1112,4,7525.0,35.0,32.0,35.0
e7d05769123784629c9484f57ad35176,perfumaria,44,216,2,550.0,16.0,11.0,11.0
82da31ba11331ed88419773d888bae7f,telefonia,58,372,3,200.0,16.0,7.0,13.0
bc14412610aee0e67600fc300c46226e,esporte_lazer,59,2853,1,2050.0,33.0,30.0,30.0
de480e3ae31eea2d2d97d694c43172fc,informatica_acessorios,48,535,4,150.0,16.0,5.0,11.0
26587700f0a79fcaa3cd891f837e284e,variedades,,,,500.0,16.0,12.0,27.0
6d5dc5358e4ea12ef2c8058d7773c0a1,utilidades_domesticas,58,245,1,2050.0,38.0,7.0,26.0
ba63ad9eaf3dc6369f8187e7251c0870,perfumaria,38,1813,3,5850.0,27.0,20.0,35.0
1747048d975dfb4b55bc232200ccc53f,utilidades_domesticas,46,1204,1,9400.0,59.0,43.0,43.0
c866cfc3cef7412031f09f918ed2cd90,esporte_lazer,52,233,1,1200.0,50.0,20.0,50.0
ed2067a9c1f79553088a3c67b99a9f97,alimentos_bebidas,52,919,1,750.0,16.0,12.0,15.0
bcc4b932676146a860f295538caaff09,variedades,,,,3000.0,40.0,16.0,20.0
1d27f15c0c084ccec3d472eb5c1eb29c,ferramentas_jardim,37,391,1,4200.0,19.0,38.0,18.0
b4436da747c3a53ab07ac0e71de17dcd,esporte_lazer,42,696,1,24450.0,105.0,50.0,20.0
1893eeba0f624153fe2b3f0711e4a554,moveis_sala,50,364,3,9850.0,47.0,26.0,46.0
6db72cc3d861dbea370e6959aa850b8c,utilidades_domesticas,58,682,2,340.0,30.0,6.0,11.0
de1aba30fa0ac366af9ced2db1b964a2,brinquedos,52,1156,1,350.0,17.0,10.0,12.0
8316da766ebc954ed00fe9bcf1413254,automotivo,58,523,6,100.0,24.0,2.0,17.0
9e4a852f41aff52bafff133d9deb5eee,papelaria,55,382,5,5700.0,38.0,30.0,28.0
5568499d3c902609fbaa24d6639ef909,telefonia,58,540,3,350.0,17.0,4.0,12.0
873c256958122a0b04f65c23f8bc2329,instrumentos_musicais,50,1046,1,250.0,16.0,11.0,16.0
b557b0bf18a9a94750f8e6f64bc99109,market_place,63,1107,9,450.0,30.0,16.0,25.0
f7b39dca4a425dcfd4a8b0b0aac4b7c0,utilidades_domesticas,58,296,4,600.0,18.0,19.0,18.0
a028a0cb37c1e9693e906ad948031da3,consoles_games,25,491,1,100.0,18.0,7.0,17.0
e4f77c9e32d6ed0e4902b08955d77b23,telefonia,63,265,6,200.0,19.0,5.0,11.0
a48138f7de6ebfed36f91a440fcadb64,esporte_lazer,49,1696,1,1800.0,31.0,36.0,31.0
0504d5c0f9b71510b2b0bee952e380fa,moveis_quarto,51,2240,1,16500.0,58.0,18.0,42.0
0668cf65b55579eb49c9f2d167c71dad,beleza_saude,59,1204,1,500.0,16.0,16.0,16.0
df0e9a5bffb15ea4905c45685321bc68,esporte_lazer,47,1273,5,3500.0,102.0,10.0,22.0
5af8f974918d5e68bc22ea894296adb6,ferramentas_jardim,41,674,1,800.0,19.0,32.0,19.0
d9c2eaccfa617895e2720f212e592de1,esporte_lazer,46,3820,1,1400.0,22.0,27.0,22.0
b2855c4e42b8a50f359904c6763eeddc,moveis_escritorio,35,2245,1,7625.0,52.0,41.0,69.0
22fc8dc1de226d2a731f5fa50303c388,informatica_acessorios,54,278,1,300.0,18.0,8.0,16.0
dad34da019832ea09413a1800947bec3,automotivo,35,562,1,650.0,25.0,25.0,15.0
b24d74b0c697ec38e9e6da20fa7b80d6,automotivo,35,117,1,900.0,38.0,7.0,12.0
99df082a12d86610e2f2d9505ccf852b,informatica_acessorios,24,339,3,75.0,16.0,16.0,16.0
8043608c406d413f7f645257cdc33f73,utilidades_domesticas,58,381,2,1350.0,26.0,5.0,32.0
27da598c46f42cc744ead106a289e677,brinquedos,30,478,1,1360.0,35.0,29.0,24.0
9effb20dca634f869835e52c4d9b619b,relogios_presentes,29,1562,1,375.0,21.0,10.0,12.0
831dceec53695bea375b42e2c602e913,utilidades_domesticas,46,220,1,790.0,17.0,14.0,20.0
5356e2836cb9f6038df28ba257acdc45,esporte_lazer,38,263,1,214.0,17.0,18.0,18.0
7094fadc9773845c7d453e51b04289a8,artigos_casa,32,253,1,1150.0,33.0,9.0,38.0
b87bbfdf00132276418f99d965fdf676,casa_construcao,31,462,2,6550.0,38.0,28.0,28.0
b45e1c65cd9f63e06b57f502caf50b78,brinquedos,33,378,1,5000.0,72.0,34.0,20.0
24619f43ab25b60db576926fd78edd39,pet_shop,39,585,5,18800.0,55.0,45.0,35.0
f2399cabe080029634d12cec4f60dbf0,moveis_escritorio,50,1117,6,2100.0,16.0,26.0,26.0
e091f07566a9a2c067bfca02620ced15,papelaria,60,125,3,5700.0,25.0,55.0,45.0
e2ba1ff659ac980030fe15554828f2eb,informatica_acessorios,44,451,1,600.0,16.0,15.0,15.0
3d13d2c1176a1a94d48df83ac45204bb,artigos_casa,60,558,1,5350.0,16.0,50.0,40.0
7f7a6b07907da42addc3ec06b4a62cfb,automotivo,60,925,2,5100.0,65.0,25.0,25.0
f6e3aeb40c00aec24ade8333c2ac1b20,consoles_games,29,1094,3,150.0,24.0,5.0,24.0
781883ae609d8782630ad91af967e018,livros_tecnicos,55,702,1,700.0,26.0,3.0,19.0
5d5288d3096b9becaa3566f64fe88110,esporte_lazer,33,656,1,300.0,16.0,12.0,12.0
3ceb44c75e6981ff0987bb90c95694c0,moveis_decoracao,63,1214,5,450.0,50.0,3.0,25.0
d6897f1dfdc99bbbdfda785158793d45,utilidades_domesticas,60,1064,1,390.0,24.0,20.0,24.0
7227ee318bad39a59d07d1d4235d1ca1,moveis_decoracao,40,329,1,1250.0,30.0,30.0,30.0
3865cc3c59d3375d97e65b938d9d25b3,ferramentas_jardim,54,500,2,300.0,16.0,16.0,11.0
507f37649c32210c0f297c6755cc8305,brinquedos,47,551,2,633.0,36.0,6.0,26.0
668c66401c7341a09fbde2bcf15c1d55,seguranca,60,331,2,11100.0,100.0,73.0,13.0
21f1d2b20d4942a15894bd1232b05a5e,bebes,32,760,3,7034.0,55.0,66.0,33.0
8fa15c06c596b8e4c43a9ff94ed8b410,artigos_casa,53,595,1,1500.0,16.0,50.0,40.0
bfc2a099685060215484bf116fc6471c,moveis_decoracao,50,345,3,850.0,30.0,20.0,30.0
ecae35cbcedf38b30bb6299e5a201982,esporte_lazer,38,1726,1,3400.0,32.0,18.0,18.0
c60da43ed0fc0f33c57242c2f631e99e,esporte_lazer,59,1276,5,26700.0,105.0,70.0,20.0
ae083e4a334a4210ae0ef7323f1584c5,beleza_saude,53,2789,1,250.0,19.0,7.0,12.0
c0f855945728161d7f6ea3db9950989b,esporte_lazer,44,811,3,1967.0,44.0,18.0,47.0
69d110cc75a123721c86bcfc77fa8afb,artigos_casa,58,897,1,1500.0,45.0,3.0,37.0
6461432b8ed2a147857b1405b71e4dc0,pet_shop,36,1633,2,300.0,16.0,3.0,11.0
0c52f6a43e88c007723e58cce9ef330e,beleza_saude,55,477,1,500.0,18.0,6.0,11.0
6164a01ab8ccd7fd2c68f5316aa8bec6,ferramentas_construcao,60,966,1,1150.0,26.0,42.0,26.0
5002827044a87d2de4309a5e7e6e7755,malas_acessorios,44,221,1,700.0,45.0,10.0,33.0
bcbeea161819eed81ab43bc9751e012c,climatizacao,52,284,1,250.0,16.0,8.0,16.0
4df187b7e8a4e64314a77ef4e9e05c12,papelaria,44,169,2,900.0,37.0,6.0,29.0
e1b36152443e58d382896be5d3af22d4,telefonia,40,545,1,100.0,16.0,6.0,15.0
6c1d133db7e26f35b03876c7f4c0177b,ferramentas_construcao,56,787,2,1010.0,38.0,33.0,28.0
e310aca86f3cb7cc3c492ec21980589f,casa_construcao,54,921,7,750.0,16.0,20.0,16.0
23a0496bb472d6854617a7cc173ff21e,variedades,51,934,1,1950.0,42.0,25.0,15.0
2b1ae6086a4f08fa4595cddf59e1bfab,brinquedos,14,267,1,5400.0,49.0,22.0,30.0
d144b22a69d676d4a756e2da50ec9487,utilidades_domesticas,24,49,3,800.0,20.0,30.0,20.0
69bad3501e439434005e16bfcb98968e,variedades,57,330,1,2000.0,33.0,44.0,19.0
376dbd64a8f0b17e74d40183e12f2f8e,automotivo,47,594,3,2300.0,37.0,11.0,16.0
c5215dd0ebe57e26ec6025f1c4b42029,relogios_presentes,44,281,1,450.0,17.0,14.0,15.0
b7029935abacaa5e117b31bc355e9341,telefonia,58,424,2,350.0,18.0,6.0,14.0
202d7062d09aa564dfd5aaa1aac775b6,moveis_decoracao,50,1538,2,1600.0,54.0,8.0,11.0
1c42962612d557f85753b24c2b97070f,informatica_acessorios,43,493,1,50.0,20.0,20.0,18.0
9dfb6a06c2c6ee3127e05b422b4a7a63,artigos_de_festas,56,154,2,2500.0,25.0,25.0,25.0
38f21c6fb55695dbc9bed247687a20ad,livros_interesse_geral,35,226,1,100.0,22.0,2.0,22.0
351358ab05b8025c4314bcf20f851701,esporte_lazer,29,608,1,3900.0,46.0,16.0,36.0
e2a7c81b9eb2c1ffcc5f4d80d1479e3f,fashion_roupa_masculina,37,360,1,250.0,17.0,7.0,20.0
c09fe7511f6db515d3738a84225ae39d,automotivo,56,627,1,7200.0,61.0,8.0,61.0
0e10dd7cc1cc793351f0a259df91cdfa,livros_tecnicos,34,1403,1,500.0,17.0,24.0,11.0
6991f4d85b6d2e9c27895e25c2485b52,alimentos_bebidas,57,3587,4,4550.0,30.0,15.0,26.0
1fa728d99803c8849b5c95cfeaf9b60c,pcs,63,451,6,3000.0,30.0,6.0,42.0
01ebdb7ca76a3c581c0d5229ed80be7c,ferramentas_jardim,34,288,1,600.0,16.0,31.0,18.0
7403af89b9c7d9c9eb4e5b25b5d492bd,telefonia,19,280,1,50.0,19.0,3.0,11.0
46434aefd24c5d19f7e7baebf97b796d,informatica_acessorios,56,1243,1,6800.0,50.0,25.0,18.0
c63232ceb5c57348893f48cc65f2f110,utilidades_domesticas,35,611,1,3657.0,43.0,44.0,34.0
91c1df7de7a609fea82ba617a6ec2d6e,brinquedos,19,538,1,650.0,35.0,15.0,25.0
f3a67aed340d9b5f218c2d177cc720e3,relogios_presentes,56,467,3,420.0,15.0,9.0,13.0
6aeed495dcb87dd06532f70dea6ebb5a,beleza_saude,64,1404,1,3100.0,16.0,33.0,17.0
a096400f2b6fbe9c868f7dd5f1333e5a,esporte_lazer,54,814,1,185.0,18.0,12.0,18.0
ef0045bdfc1b559c7695588c4bc324a3,malas_acessorios,52,476,1,850.0,50.0,9.0,36.0
9d0e4c40f96d84fbf6beb84671fb149d,utilidades_domesticas,29,127,1,4050.0,22.0,37.0,37.0
530fa1d000866012c51ce412598ef24c,fashion_bolsas_e_acessorios,49,267,1,200.0,16.0,10.0,12.0
5317355191eb96f3a163cad67055f135,automotivo,59,695,6,7125.0,56.0,11.0,32.0
0ec7b6a863e219792bc4d50d3a62a839,artigos_casa,60,2596,4,7474.0,54.0,29.0,40.0
78fb3aacfbed6d74a9ae27f69ffd6ee8,utilidades_domesticas,44,258,2,731.0,16.0,15.0,13.0
f1a7551730e920950fb0346630971099,esporte_lazer,63,1200,4,1800.0,70.0,12.0,17.0
06bb6e704f99920f51dbbb0559187d98,variedades,56,865,1,700.0,21.0,18.0,23.0
d4eb057c3dd5e4c9513bb461e9bb8ae1,esporte_lazer,58,460,1,1450.0,50.0,20.0,30.0
43223a70191edecae31b8241e2f16c67,seguranca,57,2040,2,150.0,17.0,7.0,17.0
40c6502218c2b8ae624cd1576aac13c1,utilidades_domesticas,48,1875,4,550.0,17.0,15.0,15.0
060109450b2f49e4d5c4fdfd3d8ebc34,utilidades_domesticas,56,497,3,450.0,18.0,8.0,13.0
a9e1892ce37ec3b694e45a58e3377556,moveis_decoracao,57,954,7,1850.0,90.0,12.0,12.0
0ac57b2df86eb6997b94d6ccf555e29d,esporte_lazer,57,487,1,137.0,18.0,5.0,13.0
9d6cac0b462fda440c3c262abd8228a6,automotivo,58,743,5,925.0,65.0,8.0,30.0
7b5dd48292a97af1c9629f910ecde05a,automotivo,60,1028,4,1350.0,40.0,6.0,28.0
0e9083f06ff39f2cfe1ba2c8f589f591,utilidades_domesticas,57,246,5,7900.0,45.0,20.0,45.0
db715cc52497b781151fa5d2968048c9,ferramentas_jardim,56,82,1,600.0,20.0,16.0,16.0
b66270a5d5b3a8585f8314b2f14420fb,beleza_saude,41,1541,1,235.0,19.0,14.0,17.0
2fc854e3ed45da2c8e6031bf79521203,artigos_casa,58,278,2,900.0,40.0,10.0,50.0
ca0019454bd5ddca0f4022fe89f6557a,artigos_casa,57,217,3,5700.0,40.0,20.0,40.0
b14f3a0990ba90e5ffa3ee7414424b58,informatica_acessorios,50,602,1,850.0,18.0,15.0,12.0
8baa04d18d4b88b620189531e5222f1c,artigos_casa,56,123,2,500.0,70.0,8.0,60.0
1cee481bc2bde9c49bba35c615d52e78,utilidades_domesticas,55,308,2,550.0,16.0,10.0,12.0
a1f7dace2a9af48dd48428c12001dc09,eletrodomesticos,59,190,1,300.0,21.0,12.0,12.0
f236d6f238239abfba8268f427d07c33,beleza_saude,29,538,1,3000.0,30.0,12.0,16.0
94475071013412139f862c0bd7e3bb37,papelaria,46,708,3,317.0,22.0,14.0,22.0
704f1dd407c5d6314f85a79b1318f3df,brinquedos,17,452,1,808.0,30.0,14.0,30.0
d9dc092dbac81302d24f47d21c716365,variedades,52,890,1,2800.0,49.0,39.0,17.0
ffa8916ae85546ee99d1965b28e447ae,moveis_decoracao,30,760,2,27800.0,40.0,50.0,70.0
9616caad30917a469d87d2f95cd603cb,informatica_acessorios,52,427,1,717.0,30.0,12.0,18.0
7efd7d1a1a985eae9fecdb134fd657d3,artigos_casa,55,2373,6,2750.0,30.0,20.0,26.0
0e1694ea20b32def37ee9eec200f9a5c,esporte_lazer,33,250,2,300.0,16.0,15.0,11.0
baddee1245c9736a49167f66e0912b0d,pet_shop,47,2017,2,200.0,16.0,2.0,11.0
88a2af245a615347730a6dcbee581040,moveis_decoracao,59,2130,2,3000.0,69.0,11.0,11.0
2318cf75da074f0a955f60eda2f9e320,brinquedos,53,996,7,165.0,19.0,12.0,17.0
44b6fc0101a9341e43ad3342a51ef75b,brinquedos,47,763,3,3600.0,52.0,22.0,47.0
edfbb2566914ddd223d3bd6fa1e9693c,variedades,40,1114,4,750.0,20.0,8.0,13.0
cb8588dd175ccc47f14755972a62ccc2,beleza_saude,46,803,1,300.0,22.0,3.0,15.0
de617af7dcabcd4b1eb8855381250940,eletronicos,52,1114,2,350.0,30.0,12.0,12.0
605d9e1329e4d2e960090c8da53d9c86,perfumaria,56,1187,2,500.0,16.0,19.0,16.0
b476230a04eae3e3bfdb0be6b6d61556,artigos_casa,59,152,3,2100.0,40.0,10.0,33.0
ad3bd5419246087e48ef4832de3516a4,beleza_saude,57,1286,1,2400.0,19.0,28.0,17.0
0ca16017057f20d572b8c01fcd7c5c28,moveis_decoracao,58,1497,3,2200.0,105.0,3.0,70.0
45f7c48e7ead07eb1afd9aebfe6de326,utilidades_domesticas,60,557,1,3100.0,48.0,38.0,11.0
3e45fc327c9740f1ae03383a8e201968,perfumaria,60,3098,1,107.0,21.0,10.0,12.0
dca7c7ab531682b89beb8ea79571cf0d,relogios_presentes,47,723,3,300.0,16.0,13.0,13.0
3f40e0e434d939f380a29f5e863cfb9f,pet_shop,58,2448,2,1650.0,45.0,8.0,40.0
4054af4df4c45f625279273f7ff3e138,esporte_lazer,55,513,1,350.0,24.0,4.0,12.0
bf3f9743aeca956fe97611364fec85d9,informatica_acessorios,28,1122,1,185.0,16.0,9.0,13.0
955e839e4a1e8af1dc811f11c4a5cdbc,moveis_decoracao,49,171,3,350.0,16.0,5.0,20.0
fc7138a8f96aee8302e42916bbbbb818,eletronicos,54,1460,2,161.0,19.0,8.0,17.0
0a9dafcfb351b0dd0fafd06b8f842b55,alimentos_bebidas,54,1342,1,1575.0,20.0,18.0,18.0
10097e23f7a5bf3ce7ec60cfa8603f4d,automotivo,53,264,1,1650.0,45.0,45.0,25.0
1a46dafd2935eadb540039ce3e8a3d29,consoles_games,35,771,2,350.0,17.0,16.0,20.0
4beaedeb352141968eb9374cae900996,automotivo,50,2304,4,250.0,16.0,6.0,15.0
94aa4a6893284c0236d6c79c194ef5a6,papelaria,44,899,2,700.0,27.0,7.0,22.0
17b41b007356c9b333b4e7c1fcedb066,eletronicos,50,966,2,23500.0,60.0,30.0,60.0
d00dbd119af813e45588c5ca9b88ffe0,beleza_saude,39,1242,3,1900.0,17.0,48.0,16.0
eb66cf8eb505819c951a23b4714fcd39,relogios_presentes,54,554,1,100.0,20.0,7.0,15.0
6e86c76c9073070701739dc4fae68a6b,moveis_decoracao,46,642,1,12600.0,45.0,35.0,45.0
b6c3ac7e88727311d75dc5695fb9f18e,esporte_lazer,23,163,3,1600.0,30.0,30.0,30.0
8eafc5708e563dd49b1060f162a690f2,beleza_saude,27,716,1,2625.0,16.0,32.0,24.0
015f06d7b83e5a6f7d1765fb5d8bdfa6,fashion_roupa_masculina,42,574,2,400.0,16.0,2.0,11.0
120fa011365fc39efe382cba4e50999e,artigos_casa,60,234,1,2050.0,34.0,8.0,32.0
41bdbb38ef223fae4cae15d6ffb0ce5b,eletrodomesticos,39,453,2,6100.0,60.0,8.0,48.0
47f7586890e8c177d7ec5ba18ecf5587,brinquedos,16,580,1,700.0,23.0,16.0,20.0
9c9abca7bb3490596a89a513233cb033,utilidades_domesticas,43,157,2,650.0,38.0,16.0,38.0
74a1695e5084889d058df1fafb5f9f28,moveis_decoracao,54,655,3,21500.0,76.0,60.0,31.0
d920f22cf9a7dbb8e09ce4a2f5391b25,papelaria,56,231,1,2100.0,20.0,50.0,40.0
289b15aefdff679d218b286e195e8f22,utilidades_domesticas,21,174,3,500.0,16.0,10.0,11.0
34c00d434e284d60c72377a53b0cce67,beleza_saude,42,1512,1,700.0,21.0,14.0,11.0
6291f9025c6b863241bb80ebafa4434e,utilidades_domesticas,30,55,3,200.0,30.0,5.0,20.0
bee7be9ff27f64fef1afeff03b298cec,automotivo,58,424,2,50.0,24.0,2.0,17.0
d3eacacc44cc941912e3e97ed52037c6,automotivo,45,582,2,10300.0,40.0,40.0,30.0
5ef700515181623872771a16d1371cd4,casa_construcao,35,504,1,12250.0,20.0,30.0,20.0
2cab0ee01c69f31fba46bafb8b1b6a77,beleza_saude,39,670,1,1250.0,21.0,16.0,31.0
16ce899c7af0c99f46948734a0d00f0f,papelaria,49,326,1,1000.0,18.0,17.0,25.0
9434f2004187b3e71abdb691ce47e552,eletronicos,19,285,1,1800.0,30.0,15.0,15.0
8458f51c49c1af4c4b388dab8810215f,esporte_lazer,54,1214,3,1050.0,43.0,19.0,13.0
c367cd626353eda46b3db64e735c2f6f,bebes,59,127,1,600.0,25.0,5.0,26.0
66babee723bbc5f12d8f113b7abe6d21,utilidades_domesticas,34,159,5,400.0,18.0,4.0,12.0
a8dc21a89753260d1d111c12004835c9,market_place,49,1023,4,200.0,27.0,15.0,15.0
52b626c2fc8fffbcd01084202221bf48,ferramentas_jardim,34,758,2,2000.0,37.0,25.0,37.0
0d2c4fbee7db55f38a730f4dd40a9f81,utilidades_domesticas,55,1745,2,250.0,17.0,10.0,14.0
1dceebcc5f23c02ea23e16d5bedca000,audiovisual,47,117,2,550.0,35.0,15.0,25.0
8e312c483d79e02dbc1d68cce77e26c8,artigos_casa,50,451,1,500.0,25.0,5.0,15.0
6e0b3bc6a8bcfcca9005f9d220fe4af8,moveis_decoracao,42,898,1,1900.0,35.0,45.0,35.0
e6f7ac15692aee63b79778de70c3d9fa,beleza_saude,57,3274,1,1900.0,25.0,20.0,20.0
1d6b1ff2a0ef2336832512132b3af6aa,moveis_decoracao,56,1892,6,1550.0,69.0,11.0,11.0
f71050e65776861c8c3ec7a2d2b0194c,utilidades_domesticas,49,506,1,3050.0,30.0,30.0,30.0
97e50905efad4b7cdb046db112ed9328,beleza_saude,49,704,1,850.0,16.0,25.0,17.0
91dd4f060a7d723513fd46c1d0cc1bcb,automotivo,60,1198,6,3950.0,53.0,43.0,11.0
88ca370ef97df0526aeaea6932a38bdd,variedades,,,,900.0,35.0,15.0,20.0
e8884e9848d271e0a15364723850aece,papelaria,56,258,4,10950.0,60.0,20.0,29.0
6f842ad54a86bf94d9254744d910ec56,moveis_escritorio,42,1089,1,8925.0,53.0,74.0,18.0
627025506c84c8b1d34791a89aa3a8dd,ferramentas_construcao,57,931,4,500.0,20.0,30.0,15.0
806dadaa58bab7f4f6c0e7c1f334975e,beleza_saude,49,750,1,775.0,21.0,23.0,16.0
a2307a34b16eb2201ce5206cbd7f9bc7,alimentos_bebidas,54,695,1,700.0,25.0,25.0,25.0
163302a9e5ed53e2b3062577e254ce16,informatica_acessorios,50,3052,5,150.0,16.0,16.0,16.0
5bd46344df36a730cedb3c85d2d1b573,informatica_acessorios,31,589,2,600.0,20.0,6.0,18.0
fe7df6d2f5226a4be89e7f2884c88e8c,brinquedos,26,466,1,3550.0,45.0,28.0,27.0
4ae9bdff117a3fa23f6f9d146a65f698,esporte_lazer,45,382,1,1125.0,32.0,15.0,36.0
0ec26c826d2fb3863640b6a8cfdc42c1,pet_shop,44,960,2,22600.0,93.0,81.0,18.0
b06f8079f1110e9edb2be867f2296544,eletronicos,58,1859,4,150.0,17.0,7.0,17.0
668b1e2b9471f837ba1797832e3f2012,telefonia,60,357,1,230.0,17.0,14.0,13.0
9492dac42243571c7f7807ea23691a33,instrumentos_musicais,60,216,1,190.0,28.0,7.0,13.0
8e6e42a2047122de7ae174a7840125b1,automotivo,40,545,5,100.0,18.0,10.0,18.0
c3d08bab8c7c6d9cc1f6cfb5a465c80b,moveis_colchao_e_estofado,32,2073,4,1950.0,41.0,21.0,21.0
25b6dee1ad3c218c030f73d5acac19cc,brinquedos,58,1222,9,1050.0,40.0,13.0,29.0
6f28dfca954a7cf2b3c3f96aaf059d94,relogios_presentes,44,853,3,500.0,16.0,16.0,16.0
e15f2eb4bd9c94996e56cc76c1394361,informatica_acessorios,56,156,1,750.0,36.0,11.0,20.0
0449db5eede617c5fd413071d582f038,ferramentas_jardim,37,1819,4,5900.0,46.0,20.0,46.0
351eb84de99fb5e43d8706bc3f41fbff,moveis_decoracao,53,575,1,300.0,35.0,10.0,25.0
46d35d41fbeb3693160ab97bdfa11cd4,telefonia,58,689,3,200.0,19.0,3.0,11.0
08a58dc963320d6073623382b9ceb920,informatica_acessorios,56,2590,5,400.0,17.0,7.0,13.0
c2904b502790c1dd0b39799f52b586c3,moveis_decoracao,59,1631,1,100.0,53.0,16.0,16.0
bcb73e60afae97b054a92e2a80759091,eletronicos,46,240,1,150.0,25.0,7.0,16.0
0b94c4b0f19b2fa4eaaa3dd2cbee42bc,utilidades_domesticas,57,274,1,550.0,25.0,4.0,18.0
b688ed97b957462c2510812cbfe7e6d8,informatica_acessorios,47,743,1,1350.0,30.0,16.0,20.0
9eff8192b50cf828d20417ae6c41f4b5,beleza_saude,26,1076,1,2900.0,21.0,16.0,31.0
1bbb8e929009e827868035f4fa7a5884,esporte_lazer,25,319,1,518.0,21.0,28.0,22.0
0b814a3c8fa6dbb849df7c28c1bd6831,moveis_quarto,53,530,1,10700.0,93.0,63.0,11.0
562f0027bf0b43b487536b01b2002a3e,artigos_casa,25,478,3,1100.0,21.0,29.0,17.0
9dc84f981b67da8644c8d5983c83c2a8,utilidades_domesticas,23,26,2,1100.0,35.0,10.0,11.0
e9d9bd328d6f02bda36796815133f39a,fashion_bolsas_e_acessorios,41,487,2,18100.0,30.0,70.0,49.0
4cf208eb95726ebefc2567bebba903bf,utilidades_domesticas,20,435,7,1105.0,34.0,47.0,14.0
b29c9ac1d3d4e8866f6c4ad814ae9591,beleza_saude,18,1177,1,500.0,31.0,11.0,23.0
6471da78a18edb60d175c10871161356,artigos_casa,56,310,1,13400.0,45.0,15.0,35.0
0c2b45d82e82097170c709f30037dcb7,bebes,55,1632,1,600.0,20.0,13.0,13.0
a0ac0067a7a7f7610b49cc1d211de28c,brinquedos,34,648,1,225.0,26.0,15.0,25.0
2eb6e8f39feaf75fc5163f774d38f0f1,pet_shop,53,1517,2,467.0,19.0,15.0,18.0
d49ab5dbfc9329699c524e4f513c5e7f,moveis_decoracao,54,510,2,4400.0,30.0,30.0,30.0
607fc06d7055bbb7c7649810df3bc0fe,beleza_saude,52,852,1,300.0,19.0,17.0,15.0
f37176efea4bfd72f257552d84235716,relogios_presentes,49,244,2,350.0,16.0,15.0,15.0
68fd321167f27536e8c0b182d358f854,artigos_casa,52,381,1,1800.0,47.0,21.0,41.0
1e1bd97639fea164c61d7f2260cb4033,moveis_escritorio,30,880,1,19783.0,49.0,54.0,52.0
c369969688c2dd9946c5dbf694e87904,moveis_decoracao,44,1224,4,900.0,50.0,11.0,11.0
bdeaa675b32e0db47bbb9d469cae4b25,moveis_sala,37,1126,1,7833.0,41.0,52.0,29.0
31d1f8d755567d184eb11305c6807034,brinquedos,59,681,3,550.0,40.0,20.0,17.0
b627df9914b9bf141437c51b8a749d35,artigos_casa,52,516,1,950.0,16.0,10.0,16.0
901283b66481331ad99c4eb953c04c43,eletrodomesticos,54,1212,3,21400.0,75.0,20.0,68.0
f2a7bb2516da405f550438e4cf82d06a,ferramentas_jardim,41,528,1,12900.0,39.0,28.0,25.0
aa0568a1b7093748a1922993f5817983,bebes,33,943,1,200.0,16.0,5.0,15.0
41f9d5d764dc0fa4928c9177275e5763,ferramentas_construcao,42,251,1,400.0,16.0,16.0,16.0
08208bc1d6a06c114cb662f3b2c95e05,seguranca,33,219,1,400.0,20.0,5.0,20.0
b368894280326461c8e42db35683af5c,eletrodomesticos,58,1293,1,300.0,18.0,8.0,13.0
985fda1ced7e13375bf52220071610e3,artigos_casa,59,207,1,1000.0,37.0,23.0,35.0
f032eaa3a45e2f8093255251a93efa70,esporte_lazer,48,927,1,1450.0,26.0,17.0,17.0
cae2e38942c8489d9d7a87a3f525c06b,moveis_decoracao,54,586,1,1700.0,33.0,8.0,23.0
a24e985fc6dbd5f0e50b2a013fd72ed4,automotivo,42,180,1,400.0,16.0,2.0,11.0
c63a8893a1a9a6fae0e060438e7f7cf5,esporte_lazer,48,1369,1,386.0,19.0,15.0,12.0
1b491493d9b95d9378103b4503948efe,informatica_acessorios,47,321,1,700.0,18.0,9.0,16.0
d3a8b40808854363a045f0f4131b0894,artigos_casa,59,1101,1,2726.0,24.0,28.0,28.0
1a28b6d0eb91221f9b752c533f9e0182,bebes,21,1007,3,100.0,18.0,9.0,14.0
11a5b67d535b545294cb946e2f7d5966,fashion_calcados,57,404,4,850.0,22.0,12.0,33.0
a0bcb790b8f1249bec0369de04a72d33,artigos_casa,59,1271,1,450.0,42.0,10.0,29.0
a04fd52c740629158cfbf0e0154f9f7a,moveis_escritorio,44,2161,1,20500.0,58.0,28.0,58.0
edba1f070ba4f8137a89925f6c016bfa,beleza_saude,46,1918,1,200.0,19.0,7.0,12.0
72cb4380c5a90c64048cafdf60d31f88,instrumentos_musicais,59,1522,1,500.0,19.0,16.0,16.0
2bb712ca1cdeeed53191f0f9404abd7d,moveis_escritorio,33,2062,1,14050.0,58.0,20.0,58.0
832b74a0faa3b602a48e0f20990adaf7,beleza_saude,60,919,1,200.0,22.0,3.0,15.0
602b1febe645768713bc50f7ba7a3697,informatica_acessorios,47,231,1,150.0,16.0,5.0,14.0
c4c7585167f8d6dc4ccc0b38f0d820ca,esporte_lazer,53,1330,10,200.0,23.0,7.0,14.0
1f32407ca906dd7917d2d3dc56b223ad,brinquedos,24,348,2,200.0,25.0,11.0,14.0
aad1c338e2a8906e2040a2fb0861acbd,telefonia,60,333,2,150.0,16.0,4.0,13.0
6070b7a31286e70e682b07423492f35c,utilidades_domesticas,41,201,1,1900.0,35.0,44.0,35.0
c53ca80f7d74aa37ac1512e8d9a8cb6b,artigos_casa,49,527,1,2100.0,30.0,15.0,30.0
1cbae91a0159b540e3d3a43193d3e970,relogios_presentes,56,555,1,150.0,20.0,5.0,15.0
2388149ad18c9beacbf6d6ff59af3ba7,telefonia,55,828,2,200.0,17.0,4.0,12.0
49659dedf501090b249d0b09ca7faaf7,moveis_decoracao,58,1969,2,3000.0,69.0,11.0,11.0
cff0f92f00bc55eda3414e941101ccb9,ferramentas_construcao,55,174,6,10200.0,44.0,15.0,33.0
69b7c4bad8ca0c2cddad020c139f7e95,moveis_decoracao,63,635,10,3600.0,38.0,15.0,23.0
bcf23a98430ab0bd4ee446c36b596c25,ferramentas_construcao,49,686,1,450.0,19.0,6.0,30.0
fe0a8502d28faaddaa89ebedadc543ae,automotivo,55,171,2,100.0,16.0,16.0,12.0
8bba564030745976b3975e212e113b6a,fashion_bolsas_e_acessorios,35,308,3,5000.0,22.0,53.0,35.0
8a5bdb0edeb5e2664a2f147198a52b9b,ferramentas_jardim,59,330,1,600.0,20.0,10.0,20.0
37ff4de377ca7a4bc299086c73de26b1,moveis_decoracao,57,395,2,4500.0,55.0,30.0,25.0
65610bb38e3ee3e20a94885411c3feec,beleza_saude,58,325,1,175.0,16.0,13.0,14.0
33edceeb3ecaca6ed4cdaf8085a21b3d,ferramentas_jardim,51,956,2,9500.0,35.0,8.0,35.0
deb8261d5bf5744407141a9447fb7662,artigos_casa,51,2424,4,16550.0,85.0,15.0,55.0
35c4a5bb0f191b77c8900661f047250b,esporte_lazer,33,186,1,1013.0,23.0,26.0,15.0
79997ca1a57c069a3bd377b86f844c04,artigos_casa,54,909,1,1000.0,25.0,5.0,25.0
3dfde6238edcdef675421817783b14da,informatica_acessorios,55,264,1,700.0,30.0,15.0,15.0
071b82cad6de748755bb587ff3feec2e,variedades,60,797,2,4700.0,42.0,25.0,15.0
ee9ed2cfda2266908e54a907de098d23,moveis_decoracao,45,182,1,950.0,40.0,2.0,30.0
9ea970cfea6fc415d0233c4cae13af4e,brinquedos,55,373,1,1400.0,45.0,15.0,40.0
d31224bf90ec7c6f8967f1f365105a35,bebes,47,1562,2,3450.0,30.0,30.0,12.0
07821918ef487fd64eb20b3c8aeb897f,informatica_acessorios,52,1873,1,267.0,16.0,16.0,16.0
d16c0ea701551e609316c77d5c533591,artigos_casa,43,616,1,635.0,22.0,11.0,22.0
6eac5126193b222ff1b41cf0fbac878f,climatizacao,60,723,1,10500.0,53.0,21.0,36.0
538948f39142c635d3132846c820e211,artes_e_artesanato,58,1073,7,500.0,20.0,7.0,16.0
2a3337404b573f113e7297f5c349db44,artigos_casa,54,302,2,800.0,37.0,23.0,35.0
07fd41c7a725529fe1213508557e0f4b,perfumaria,36,362,1,700.0,20.0,20.0,30.0
5f00c50de3d989194f0439e343480372,artigos_casa,55,486,1,1350.0,40.0,5.0,30.0
4a5c3967bfd3629fe07ef4d0cc8c3818,ferramentas_construcao,55,338,1,2750.0,25.0,8.0,25.0
6683234fec5b07e96c1bffb5e68e2e75,livros_interesse_geral,26,740,1,400.0,23.0,2.0,16.0
e83ffc00431d0012a217cd47b42c78f1,pet_shop,59,406,2,250.0,27.0,9.0,26.0
95ae4833a7cd4f9f7f90c3b77a993c1b,moveis_decoracao,48,492,2,400.0,30.0,20.0,20.0
7480c9c9deb4613f5a7a4efe0aa1d42d,bebes,24,136,3,250.0,25.0,25.0,25.0
97407223aaefebbaeb89d285e7c64f75,artigos_casa,56,280,1,1050.0,41.0,13.0,13.0
159e7e73295b609960c0797eb64b3d39,pet_shop,52,418,1,467.0,22.0,34.0,21.0
532940f97b6fcd27c471b66bb2a30e64,variedades,28,1059,3,500.0,43.0,30.0,33.0
02a1edfc6f788c8329299c7244acf2e8,esporte_lazer,30,489,1,800.0,21.0,25.0,21.0
156fef830e2c8871e3f1bf4dadf8e312,esporte_lazer,54,436,1,1000.0,40.0,20.0,20.0
12ae2f8641058da5952d2eedfde9d018,utilidades_domesticas,53,286,2,9100.0,30.0,30.0,30.0
56b81eaffe3c2e7e54f3bdf2a935164f,moveis_decoracao,56,296,3,1400.0,100.0,7.0,15.0
12fc9ab82dd45f3824881d94f79edb38,automotivo,59,457,2,254.0,18.0,12.0,9.0
fffdb2d0ec8d6a61f0a0a0db3f25b441,informatica_acessorios,47,501,5,150.0,16.0,4.0,13.0
467ee8619a328138b578ace663efbced,variedades,,,,900.0,22.0,15.0,16.0
f070820a71924fefc3de24e91434e8bb,jardinagem,54,1439,1,25750.0,30.0,30.0,30.0
6aafd3c0f3c474278b14545ef46bb99b,ferramentas_construcao,54,186,6,17800.0,48.0,23.0,48.0
33dc3dc62db9a9f1b48cc4c3809fadb2,brinquedos,57,234,1,293.0,17.0,15.0,14.0
e2cac69b319c0f8a21dbf04b925121bf,livros_interesse_geral,39,690,1,300.0,26.0,4.0,36.0
4629acd4e2c278e7787b2c48b006246e,artigos_casa,45,114,1,350.0,40.0,4.0,30.0
dcf52f4379548f058d90279fe9fc3f14,esporte_lazer,52,1192,1,400.0,33.0,21.0,27.0
d3dc47db6d5ab70560dcba1eee4d01ae,artigos_casa,57,396,6,6975.0,54.0,39.0,54.0
3742d0dd9b1cd0af83916e7be979d830,artigos_de_festas,52,383,4,1450.0,42.0,14.0,22.0
af34cea61340203305a39885c8331b01,moveis_decoracao,55,1892,5,1550.0,69.0,11.0,11.0
0294e314a033317e28ecc40aee9025e8,pet_shop,58,922,2,400.0,35.0,15.0,25.0
5f622da714951c5ae86acf68c0a03d30,informatica_acessorios,49,1238,6,150.0,18.0,16.0,13.0
e189be46c3e52f23ebe8a520e59d2c46,fashion_roupa_masculina,58,275,2,1050.0,40.0,6.0,35.0
946b65d028c40dd63ca9d45fa3e4b65e,informatica_acessorios,39,314,2,3695.0,41.0,27.0,33.0
0d86ab499a2af7f2352d18e2a6be12f4,artigos_casa,41,702,1,951.0,22.0,15.0,22.0
edd633de6667d87ad7e3f83d2e0e382c,variedades,27,190,2,3585.0,26.0,44.0,25.0
25292482a61cb3298df8dbe15ea69daf,beleza_saude,53,1865,1,500.0,24.0,6.0,12.0
66aa3b4b7c65efa2b0fb0aa8ebea9629,esporte_lazer,34,455,1,300.0,16.0,16.0,11.0
82ff671ac04e6599dbfb28ead3369f59,moveis_decoracao,54,649,3,21500.0,76.0,60.0,31.0
77bf7a2b26ff90d99d4af927102f1e8d,telefonia,29,750,1,100.0,18.0,6.0,11.0
23182071dae29b744722e647c64e8fe2,ferramentas_construcao,30,169,1,100.0,20.0,4.0,20.0
52bd2502183574fc11a434d5d215a4cd,brinquedos,46,655,6,900.0,40.0,10.0,28.0
631304377d9ae9aa0a4c1f21b571a502,artigos_casa,34,715,4,1550.0,20.0,20.0,20.0
7aa6e062307255430c735f98b847578e,utilidades_domesticas,44,743,1,100.0,16.0,2.0,11.0
393a34515d1baf69f595647e2d74c62f,artigos_casa,63,829,1,1600.0,43.0,5.0,30.0
7a2ce7934c70419330eaf46f20b159a0,market_place,26,906,1,925.0,28.0,10.0,27.0
ea45888166c303ff6ffc0abfcb52822f,instrumentos_musicais,60,1169,2,18950.0,16.0,26.0,28.0
b5b7b02332726bc71ed7ad7899bc3b58,artigos_casa,58,119,1,3800.0,35.0,15.0,25.0
36d2ea35ee407975d70fcef78e16e3a8,moveis_escritorio,49,2250,1,14050.0,58.0,20.0,58.0
e2f8ac7485aeb713af570cb9e117c6e6,artigos_casa,42,410,1,2000.0,31.0,9.0,31.0
163e6400e6dadd0fe04775c5e9331fda,bebes,29,462,1,500.0,47.0,10.0,36.0
be3c54a25f26acbab9e1190390293fe6,beleza_saude,47,1405,1,500.0,18.0,10.0,13.0
75423b8b404590d4f2f6cf28cfc80702,beleza_saude,46,1523,1,1500.0,27.0,9.0,18.0
a24198acc2d0e8240c40d914bd18df04,esporte_lazer,42,1006,1,970.0,20.0,19.0,18.0
3a58b2c6aa002adafb77ac772f768975,variedades,51,489,1,1200.0,32.0,15.0,15.0
8eed2a3a47f27f69cec34ff9562fc7b9,ferramentas_jardim,59,623,1,500.0,25.0,16.0,16.0
d9c01b484ada6a360c2715a08fdf1568,telefonia,33,913,3,325.0,18.0,25.0,21.0
009c09f439988bc06a93d6b8186dce73,perfumaria,39,991,3,150.0,20.0,20.0,20.0
2a0d1fb3e64019c7cf0e75d1cf336277,moveis_sala,60,411,3,8700.0,80.0,13.0,50.0
431df35e52c10451171d8037482eeb43,variedades,,,,475.0,21.0,15.0,21.0
ea555c5a04b369a1505d5fca42617d7e,informatica_acessorios,52,239,1,150.0,16.0,3.0,13.0
3a6b0b915f453650a8ff32d7872dbd6d,eletronicos,38,92,2,4400.0,44.0,20.0,30.0
62193e3c21994f1b746c4bd4f0c2e287,informatica_acessorios,41,247,1,400.0,18.0,9.0,16.0
9dd0e50af05b24eea64afcd011940a6c,alimentos_bebidas,21,108,1,1300.0,16.0,36.0,13.0
1529199a7d88ac40cef5b4a508f18f2c,esporte_lazer,38,1043,2,500.0,17.0,5.0,13.0
91846781ef75057e134949400768e272,esporte_lazer,59,1732,5,1550.0,40.0,20.0,20.0
38f0c2769dec3744c8cbe008650383c9,telefonia,59,74,1,250.0,18.0,18.0,12.0
ec9ec25e8e942a90369022c80ec9abe4,bebes,55,1636,1,600.0,20.0,13.0,13.0
98030fe87f5a7493a33f427054966596,eletronicos,54,1369,4,2300.0,25.0,7.0,60.0
7495ec707e2f2540347044dcb8f79d87,automotivo,56,398,5,100.0,16.0,3.0,12.0
7112e44ac350fab676c3f210c5c902b2,esporte_lazer,42,440,1,250.0,20.0,15.0,15.0
8a87e6509bce452609f32af429250f6c,informatica_acessorios,30,2740,3,400.0,20.0,30.0,20.0
24e3e6b37adf838150e7bd4dda394c31,artigos_casa,51,352,2,600.0,50.0,10.0,60.0
bebd360fe73dc670fd6439e9b943ceb7,relogios_presentes,31,948,2,250.0,19.0,14.0,19.0
b1e67d8a817ad0c6d4681dc28be1cb18,moveis_decoracao,48,599,2,1200.0,65.0,12.0,12.0
6434153dec7be552cbe53604122a19c6,esporte_lazer,49,370,1,113.0,18.0,5.0,15.0
a5a6a6f715af9f3f16761c445f932103,bebes,37,1438,4,700.0,21.0,10.0,15.0
ba9801d3385d4a4f778fb1cbd1318ad5,esporte_lazer,28,227,1,300.0,32.0,11.0,17.0
13d10ec6bc5633f5b34c710ba5ff866d,beleza_saude,60,884,1,450.0,20.0,12.0,12.0
cb80d84cdedee288c467491ed98f5e1f,artigos_casa,56,1401,1,2000.0,28.0,10.0,26.0
13d3b13128633fbe0d43079cdfc7582d,telefonia,58,1440,3,150.0,18.0,6.0,20.0
f2e9bb932d99a4a695ebde162fcefc35,moveis_decoracao,34,143,4,1750.0,20.0,60.0,20.0
fa66c43e63966d8b1770f6df326e05fb,esporte_lazer,28,1290,2,260.0,18.0,11.0,14.0
2a0c7978182ff664a3bc452b7e5f0b6f,moveis_decoracao,56,534,2,80.0,20.0,4.0,30.0
167a34ebcfa0fb05f642dcc65619d85a,moveis_cozinha_area_de_servico_jantar_e_jardim,55,652,2,1400.0,31.0,31.0,31.0
073f139ce5bceceb73c9f287e2540eb3,moveis_decoracao,49,505,4,1050.0,30.0,20.0,30.0
f0fd2799d9eb02ccb6efa890519a6c4d,moveis_decoracao,59,456,1,5200.0,60.0,40.0,45.0
13b39e2e8f2621e6645afa77a459f3f6,instrumentos_musicais,50,1106,1,350.0,16.0,5.0,16.0
80e7f6c61346d1feb1bca71585ac62e4,alimentos_bebidas,55,338,2,500.0,17.0,12.0,17.0
154b6772d166a9c3398661ea26350dc6,esporte_lazer,51,512,3,7750.0,103.0,17.0,28.0
b6af4177bdc4b1acc9f8d9d52d614616,beleza_saude,55,485,1,1150.0,35.0,15.0,15.0
41c8165f95f664347510a0bd739f2509,brinquedos,43,258,1,4480.0,46.0,29.0,35.0
447540e8fcd91fc4f9b1587aed39882c,variedades,,,,1100.0,35.0,15.0,20.0
8794dfe7cd526fa69414f8364e09470c,fashion_bolsas_e_acessorios,51,220,2,150.0,24.0,4.0,34.0
aacfae7cd4bac4849766f640abf2db8a,beleza_saude,38,639,2,317.0,17.0,11.0,12.0
cc71571b2ddfca828e182f9d029bb764,beleza_saude,59,725,1,400.0,30.0,10.0,17.0
b74dc0cea31c255d5208d2a80c10ae19,seguranca,58,246,2,1800.0,18.0,25.0,19.0
466ae6b34dc96acc7e8501709b5f89f2,eletronicos,29,256,2,4600.0,18.0,16.0,14.0
fc935e2845dacecf29f0555465bed91b,relogios_presentes,45,437,3,600.0,19.0,9.0,15.0
d2bcc21c60051598876d7c58318682c0,eletrodomesticos,56,362,1,150.0,18.0,8.0,13.0
1891f20b2a27a8b700d7a7ff5a7a0039,artigos_casa,42,110,1,400.0,40.0,4.0,30.0
1846ec5a92ed15d0dbf9e0e86c29085c,eletrodomesticos,60,210,3,300.0,27.0,13.0,17.0
2b7f2a7cf1025b94bc5dc6c28746beaf,variedades,,,,800.0,29.0,11.0,23.0
328885b1f935efd7c06eef905173ec44,esporte_lazer,33,371,5,100.0,16.0,12.0,11.0
0f1734abf5ee5d3b99353b7ccb117426,relogios_presentes,33,194,2,200.0,18.0,6.0,17.0
c4332b2ff3cde1b0c62f5b9c8ae84bdc,instrumentos_musicais,43,1283,5,1650.0,30.0,20.0,15.0
88d165f46820f016a6840428dd5b7996,perfumaria,40,535,2,475.0,20.0,14.0,18.0
c39071c6647a7c3e20d61989ec98c305,moveis_decoracao,42,544,1,450.0,32.0,2.0,22.0
125a5e9f83814692513618359a50735a,automotivo,40,717,7,1750.0,28.0,15.0,13.0
edc388b2ba34de112c918ddcd465f5e9,telefonia,47,723,1,100.0,19.0,3.0,11.0
33c599c2bf23093baae8f760a49a58a1,ferramentas_jardim,44,203,1,3500.0,42.0,28.0,42.0
d8d6eb6c89543ae74874e910422e1089,artigos_casa,54,365,1,4550.0,38.0,25.0,25.0
6f840285d8144b4bf384115658527591,moveis_decoracao,55,241,1,1100.0,36.0,4.0,30.0
3ab209559fd2ae18ae1e8013f790e28e,telefonia,43,215,6,300.0,23.0,16.0,17.0
389c2351d11b4f543c93ceb7e966315d,informatica_acessorios,38,665,1,850.0,16.0,11.0,37.0
286bcf62e47dfc1e51cf0d525bd4d1bf,artigos_casa,52,852,1,4200.0,31.0,43.0,21.0
a5b27ab457629a351464825096c64688,eletronicos,42,453,3,3000.0,40.0,12.0,20.0
4903460ef3e8a5a22e2b8027f3f63dd6,relogios_presentes,59,1403,2,500.0,16.0,11.0,12.0
a8b5e02c7f69ca5ccdfa99417079d135,livros_tecnicos,41,1002,1,2050.0,28.0,5.0,21.0
7a6aebc4c1205818e64f9275475a73e9,moveis_decoracao,37,998,3,12850.0,36.0,56.0,56.0
ec037c3c954465515942793fc7ce665a,casa_construcao,27,869,7,2600.0,40.0,13.0,25.0
112dad9870ca76046f327b9c08f00b29,brinquedos,40,1493,1,700.0,31.0,5.0,25.0
5b71073dc2a8c72a945d7c5000c3c199,bebes,35,265,1,218.0,18.0,19.0,17.0
af2808733a159ce5dfb2db7ec510f8d4,utilidades_domesticas,54,641,1,1425.0,27.0,19.0,17.0
6b49772d87f1d85e27eacdb9a273fb4c,automotivo,42,86,1,650.0,16.0,9.0,12.0
ba3a7bd4aec1ff58474f768b3446045a,eletrodomesticos,51,507,2,750.0,20.0,13.0,21.0
6c55ba2343f9df32c7f88a468352ff22,relogios_presentes,58,167,2,250.0,16.0,2.0,20.0
99677dee227bf43413b320b5add01fca,fashion_bolsas_e_acessorios,52,194,3,200.0,16.0,5.0,11.0
cc23781d58ff64842afc129409521776,moveis_decoracao,51,1750,3,2400.0,105.0,3.0,70.0
da758620170454b7f60f39146bfca7bb,brinquedos,59,948,3,700.0,41.0,13.0,26.0
5321c283dcbf309eac57110f5e306cf0,esporte_lazer,50,1959,2,152.0,19.0,11.0,11.0
4a30399699a6eec1407c46b218e67bb3,esporte_lazer,47,473,1,1044.0,23.0,23.0,22.0
6a222302a2e1749b050b0897a01765f2,automotivo,41,276,1,950.0,25.0,10.0,15.0
1d2b1480b69b37d1d9ea481a4ab88fe3,bebes,53,436,2,343.0,21.0,14.0,15.0
2197e985613d6f73425b6baf8401c728,esporte_lazer,46,905,2,1050.0,23.0,10.0,20.0
60d49071f68566b7254c39a7d4ea5c1c,eletrodomesticos,56,385,2,100.0,19.0,8.0,13.0
a076986c6dbcb66fb479167aa5a1b68e,esporte_lazer,47,985,1,900.0,18.0,16.0,15.0
c5ad0e6b10f446cbb63f9c56fe47c3f1,moveis_decoracao,60,2240,3,3000.0,69.0,11.0,11.0
1a176fab8a52145e8b7566fdc0ace3ed,moveis_decoracao,54,913,4,6600.0,45.0,35.0,45.0
dc82d7e8f99966cb4c641f7ea5590eaf,bebes,63,60,1,200.0,30.0,20.0,30.0
07778ad3984dfbcc6b9dfd8b8595ba7b,utilidades_domesticas,37,679,3,400.0,20.0,28.0,18.0
ac800affc1cff06ce347292284498993,artigos_casa,52,183,2,550.0,70.0,10.0,40.0
25faa7f2253c7e5c40a0ffa4d5bbdb25,esporte_lazer,47,1451,1,417.0,17.0,15.0,13.0
050ab8e1f87a468de0eed97451da3efd,bebes,52,1488,1,8450.0,76.0,21.0,21.0
6ab9d49c399f239bc88ea28c7568213f,variedades,,,,250.0,22.0,2.0,32.0
0ba06da542ffefa9b9dfb94fe19fd165,esporte_lazer,42,457,1,500.0,57.0,14.0,14.0
576327798e521889c9a2b63d732cfcef,esporte_lazer,50,1082,2,100.0,20.0,18.0,18.0
0a9a9c25c5a06532d1766e00db833a7f,beleza_saude,36,365,1,100.0,16.0,3.0,15.0
c445e66ff5aed16191fd41e4d9fcf2aa,artigos_casa,54,853,1,1175.0,29.0,7.0,28.0
7e68b55d4ee384bfda2b61c827d3f33f,brinquedos,44,228,2,350.0,16.0,16.0,16.0
e245d0b2b8c02f14e840abef856cc149,informatica_acessorios,56,1654,4,525.0,19.0,10.0,17.0
f1b067568bb39768f754b0d1ab1abcf6,papelaria,54,241,4,3750.0,60.0,2.0,15.0
ed52d46b8e1ed9b1051575c9ed262092,informatica_acessorios,51,217,2,150.0,16.0,3.0,13.0
48fb8c1ee3265ce23502eaba1bd413df,moveis_decoracao,53,1750,3,2150.0,105.0,3.0,70.0
d3f466b2502b985d472e7f0fb60eb678,artigos_casa,39,254,1,1000.0,50.0,30.0,40.0
65d1e9d7432a5bdb5456b22f91747ab3,informatica_acessorios,54,179,3,200.0,30.0,8.0,11.0
cadb69af336c16aba5c5223599821245,eletronicos,41,386,1,200.0,25.0,7.0,16.0
18fe664c1fb46f0c237ac8f434697d07,bebes,31,438,1,550.0,26.0,18.0,21.0
c8f6689f642d2ac60ff34490bb59fc9a,perfumaria,53,432,1,536.0,21.0,11.0,15.0
455819d0d2ccab9c6041aa8de3ae6b16,variedades,,,,2400.0,42.0,15.0,27.0
0ae6165016bbebd759d0ac2414e59049,artigos_casa,49,336,2,400.0,27.0,7.0,27.0
d48bb8824fcf4720229d970fff608fda,moveis_decoracao,62,222,9,2800.0,36.0,11.0,26.0
07a5b461cd248343de7826334c5a03aa,esporte_lazer,39,637,3,600.0,40.0,10.0,11.0
e30d5b80f5e85b8f9e7c627b5d594b38,perfumaria,55,347,3,1000.0,33.0,16.0,20.0
2ac71e1960d313613f4f4cd468c602cb,esporte_lazer,37,737,1,442.0,19.0,16.0,17.0
37470d84427730445b3b251bb796d528,eletrodomesticos,53,472,2,125.0,23.0,8.0,13.0
6d23462e8e2016e7e18692e67a9c5b4b,artigos_casa,49,320,1,250.0,34.0,12.0,22.0
02335f37af17baf50a91273e4bdc8ef4,brinquedos,27,791,1,450.0,29.0,16.0,11.0
19396b91a7c64a48aff0f42cd35444a5,moveis_quarto,39,243,2,100.0,16.0,5.0,14.0
2b6d377fa9397de28c3d3e1684bb2c4d,automotivo,36,534,3,20450.0,61.0,61.0,37.0
5abf8ac7fdb8291904445c4bd64ac917,malas_acessorios,55,596,2,4200.0,55.0,25.0,37.0
6c3c95f656ad4d31b662c75b31c09f1e,livros_interesse_geral,53,1025,6,475.0,14.0,16.0,15.0
6c69e1be6be2ab7ad5a9e4fe8a763b7f,perfumaria,34,315,1,500.0,16.0,16.0,20.0
561bea95142a07c5a363216f47879cbe,brinquedos,44,2586,3,22750.0,32.0,82.0,52.0
53b7965906cf23c063da1ff89f50a257,artigos_casa,55,562,1,600.0,16.0,10.0,16.0
ac35486adb7b02598c182c2ff2e05254,beleza_saude,50,1517,1,1175.0,22.0,13.0,18.0
acc444eb5ad26f79d5a11baa6a03c439,moveis_decoracao,53,626,1,9400.0,35.0,45.0,45.0
d725b0198c31ea044c691b51d13656d4,variedades,,,,8100.0,36.0,27.0,54.0
ce3524ed518a9e6ad7c72872ed88e461,telefonia,55,1311,2,50.0,18.0,6.0,11.0
d192ac5bf8aba3337a65b551375445a3,esporte_lazer,49,216,5,450.0,25.0,15.0,20.0
691c1cc8a89f47bf99b00a7aeee5c4f3,beleza_saude,55,180,1,5350.0,30.0,10.0,17.0
e3f154094d70c797fdb364c6f7160252,esporte_lazer,52,237,1,200.0,16.0,7.0,11.0
380b4664ba5bb18cc9db78ee6bac3558,relogios_presentes,44,322,4,250.0,16.0,2.0,11.0
ba4a91633739ceceb2b73b627e2cfbc3,moveis_escritorio,57,1296,1,8750.0,52.0,51.0,17.0
28ac6af4008a402e5039f3e042a36e13,fashion_roupa_infanto_juvenil,48,488,5,500.0,36.0,10.0,26.0
579447868ed3bc1c03b199dd2f0dcd07,moveis_escritorio,48,1014,1,8200.0,52.0,52.0,17.0
e1ecccdfd47d369563db0edf20549475,moveis_decoracao,58,320,1,1400.0,50.0,15.0,30.0
46bbd7e6d1f636953ddaf38d4abdf115,esporte_lazer,55,2013,6,675.0,25.0,30.0,28.0
144b8110f0a755915d67660ab747d9d6,brinquedos,29,252,5,3825.0,86.0,14.0,22.0
edcd467c7d7e9c938260a63084594296,beleza_saude,60,1471,4,1250.0,22.0,12.0,16.0
69f07c49379a0c4bd660dd794a72f02a,variedades,47,1793,10,925.0,20.0,41.0,15.0
0ed343b480193b11dbe4dfa81ac98ff1,artigos_casa,63,837,1,1500.0,43.0,5.0,30.0
b6e47cacea0b2e89b721529d6d8683e7,automotivo,55,721,3,950.0,22.0,8.0,14.0
5c9ef6c35fdbad9275157b1929c37fb0,variedades,,,,1500.0,48.0,4.0,18.0
1f357ab8013614c1df271ebd662dd7a2,automotivo,59,651,5,4300.0,78.0,4.0,47.0
df1d7f15348e965b342ce28a7feba374,automotivo,59,398,3,300.0,16.0,16.0,12.0
186fe07c8b8005ec6a498587ffbc1352,relogios_presentes,60,193,3,200.0,16.0,2.0,11.0
c741b4e884aadcb383abe964529d76ce,beleza_saude,37,1050,1,475.0,20.0,10.0,12.0
77b49ce38659731ae58ff7404a8cf515,automotivo,60,264,1,8775.0,43.0,14.0,20.0
f72b7888719ff77bf96e14bc97b64430,artigos_casa,51,1076,3,9800.0,65.0,20.0,45.0
1d32c0582d833b02199e449713fad071,artigos_casa,54,449,1,13500.0,55.0,25.0,45.0
957192c198a5b58aa452ca6b1d04d837,moveis_sala,58,450,2,2800.0,83.0,5.0,23.0
9483476ac5b7549f7df5ff12fb6fb5d9,esporte_lazer,52,183,2,300.0,20.0,14.0,20.0
193b9369c44fc846482364039dde2ac6,automotivo,60,651,5,7275.0,64.0,5.0,39.0
dff6fc6c464afef2e1838ae9c787f125,esporte_lazer,45,349,1,200.0,16.0,6.0,22.0
44d9fb0bdded04f3b128fffc4cfbc48d,fashion_bolsas_e_acessorios,36,453,4,100.0,19.0,3.0,11.0
6d53aac0a317895a3d25dd19d821ec0c,moveis_decoracao,51,990,4,400.0,50.0,3.0,25.0
a151eeef55883e0b64e1ceb52810db4b,eletrodomesticos,50,411,1,300.0,27.0,13.0,17.0
7e42f7c4405ac2fdec454c0497facd83,fashion_bolsas_e_acessorios,29,622,5,1100.0,42.0,42.0,14.0
9847d08b81ab75c5bdaf6823c7fe00b2,artigos_casa,59,465,1,900.0,39.0,19.0,18.0
551aefc4745dcc77aff9bfa0b4fce507,esporte_lazer,56,1434,1,1400.0,26.0,9.0,16.0
1fc6e1729d564ec77eeeb9df95fca74f,fashion_bolsas_e_acessorios,38,827,1,100.0,16.0,5.0,16.0
b8073c83c3cd7f305f4c9c52a5cc9b96,telefonia,60,524,4,200.0,20.0,5.0,25.0
3a98bcea866c31f53b35a41d3822f908,telefonia,46,378,1,100.0,18.0,3.0,12.0
de20fea8f26ba09202b61d3e5ea8bbc5,utilidades_domesticas,38,370,1,1815.0,23.0,23.0,16.0
a3d7c3deb27013525667b8dfee3aa788,relogios_presentes,55,550,1,300.0,19.0,10.0,15.0
969a9ead309cdd6881492b674cbe5433,beleza_saude,60,1409,1,1000.0,27.0,10.0,19.0
1e114096c8024159923dcf2c857e4ca4,alimentos_bebidas,57,606,3,150.0,22.0,4.0,17.0
8ccd37c870e395f818066927a748565c,beleza_saude,54,1179,1,600.0,24.0,18.0,14.0
20e5127b0dda6370dd7795b2952da13a,moveis_decoracao,58,2043,4,1450.0,69.0,11.0,11.0
c6bf9d9c72cf49bf97dc95d9fbb43868,moveis_decoracao,63,709,2,1950.0,35.0,10.0,35.0
b4ce8d32dea944f1720681420c4cd5ef,artigos_casa,58,560,1,2050.0,43.0,11.0,35.0
2b8d2d937f84136de5b941aba77d4bcc,perfumaria,53,273,1,486.0,23.0,13.0,19.0
0b28e43610654365d0266f77070a71d9,relogios_presentes,60,478,1,200.0,16.0,11.0,11.0
36e76b21975cb010ce431815283898dc,ferramentas_jardim,34,143,1,250.0,16.0,14.0,11.0
c2fffbd2b50c3f612755de49109e6d97,variedades,,,,100.0,16.0,2.0,11.0
24c5c7be57099780f07ded545f898d8b,artigos_casa,53,539,1,26550.0,58.0,50.0,49.0
7220c6a818067f0a916279b9a207f299,variedades,40,2066,1,2000.0,35.0,44.0,19.0
b37d494fac3555124cd9562148fd3d05,esporte_lazer,57,941,8,5500.0,90.0,15.0,25.0
6947c3397dae24c49aa4b34b68bf3b09,artigos_casa,38,68,1,300.0,20.0,10.0,15.0
c4e37559b6608454ca8661bb6f3190fd,utilidades_domesticas,60,368,1,2000.0,75.0,7.0,50.0
7cabdd3cd47d37e33d2c6eabff08c1a6,informatica_acessorios,31,1078,2,150.0,39.0,2.0,30.0
629397d35e30e4a0b7d3da8bf69be7ca,ferramentas_jardim,57,612,7,1900.0,18.0,22.0,20.0
dafc178b7166ee2eedeb1fccc31ad432,moveis_escritorio,53,1159,1,9813.0,45.0,64.0,39.0
259a24ea2a742082c43dd2f5ce116b52,bebes,28,381,1,1454.0,24.0,22.0,20.0
1b1c7f2438d9c2eb23fd29f14a2322d2,moveis_decoracao,59,603,1,5950.0,40.0,35.0,35.0
f745d12feec8eda8a2a4cd70bbb9a067,brinquedos,44,206,2,800.0,34.0,22.0,25.0
5f88f5e2b16a63a297be961b7f4f2e68,moveis_decoracao,45,185,2,800.0,33.0,8.0,24.0
134afbb1d3ef60a407f8e4491dd63622,artigos_casa,59,352,1,500.0,30.0,5.0,20.0
919b08607e72077425654ac5fc0b5528,moveis_decoracao,56,279,2,17250.0,55.0,30.0,55.0
90df1d60e33ed1bdadec994d809f4bfd,eletronicos,52,147,1,1200.0,30.0,30.0,30.0
2b7b1f651958920266a6ca5c671b4230,relogios_presentes,55,590,2,433.0,18.0,12.0,14.0
6777865be5ee937f7deb9c390e9d920f,moveis_decoracao,63,314,1,950.0,40.0,5.0,30.0
d27144c40fa89d288b74adfd0e20db91,moveis_decoracao,63,462,2,300.0,80.0,10.0,60.0
a2a1a65832c02f8a82d82c12aa0dbea9,moveis_decoracao,53,987,3,400.0,28.0,9.0,18.0
590386f8c7dfc7ab1adac3857a4c074c,malas_acessorios,25,177,4,550.0,31.0,12.0,22.0
84a87daa85c8b432d90bc1baa0cb4388,bebes,37,1266,3,700.0,21.0,10.0,15.0
58e14150c9316b8f981742498dd97606,beleza_saude,42,2699,1,1567.0,22.0,16.0,17.0
5d66715cc928aadd0074f61332698593,eletronicos,52,390,1,150.0,20.0,13.0,18.0
230518381a40a558cfbd1a9d0b73daa2,bebes,50,264,1,400.0,23.0,4.0,23.0
15466e7f0fab155f0f387bc49eb7e304,automotivo,28,2355,4,16100.0,61.0,61.0,18.0
65869c674f968fabec92e25a2b43d6ff,moveis_decoracao,60,557,2,1300.0,37.0,5.0,28.0
3ef787b4af18c9a34154a46928b09b24,automotivo,55,527,1,100.0,16.0,6.0,16.0
dfdbfd7997881adc15da4916717e46aa,moveis_decoracao,52,267,1,5600.0,30.0,30.0,30.0
068ee5d8c45732d9731fde32b47594df,moveis_decoracao,59,624,2,417.0,47.0,4.0,35.0
f93abb853eee25cbbce73bbc1c10667d,relogios_presentes,55,807,4,300.0,16.0,2.0,11.0
0b13080e2bf193c4ff096b09e0758c7d,moveis_decoracao,57,600,1,750.0,25.0,25.0,25.0
f194a56fe15513535bd5b51e2f7086c3,relogios_presentes,45,1045,1,2400.0,23.0,7.0,15.0
9957ffc65a8cdbdc39584b7fc0b42aae,artigos_casa,55,597,1,1600.0,16.0,50.0,40.0
a11998d0de02ca907c060119dabe8ead,utilidades_domesticas,40,979,2,12050.0,22.0,65.0,40.0
c7fb0056fa75e5d946d5c12ef59525be,eletrodomesticos,38,626,1,400.0,20.0,30.0,11.0
945d5b64caf3027a69078cd3254657a7,variedades,,,,750.0,24.0,10.0,18.0
d96ca12749a77265b27b2cb841f80590,variedades,,,,1000.0,24.0,40.0,15.0
ae5f5d4cad780bc59652d9ca6ba3b1a7,brinquedos,38,154,3,250.0,20.0,11.0,20.0
3d82497d58f46e57e5fdb6cd68a03a2b,utilidades_domesticas,54,1696,6,525.0,18.0,8.0,14.0
a6560efcf4467e1e097914a84362b833,telefonia,59,167,2,100.0,20.0,5.0,12.0
c1af5ce247fd5fd18c52ba645c3c87b6,utilidades_domesticas,57,956,3,350.0,17.0,16.0,17.0
65618ab7607d1878a338904c41cff515,informatica_acessorios,42,274,1,617.0,34.0,15.0,15.0
55173a802b298464557e1f61c71927bf,artigos_casa,41,803,1,1100.0,20.0,16.0,20.0
caacfe6fb59d88b766dda4c46f8be6be,climatizacao,49,686,1,3575.0,39.0,33.0,29.0
de22daecfcb85b59fdeeb4fc2d9ed80e,livros_interesse_geral,43,1209,4,1768.0,19.0,14.0,19.0
a741ba9d329996cf515841327718913d,bebes,39,914,5,188.0,20.0,6.0,13.0
dc491f9f25ee589f7daee8c44672b8ee,telefonia,32,269,6,50.0,19.0,3.0,11.0
c33c4c004ece60b63399db2f36374f93,ferramentas_jardim,58,1318,1,4600.0,25.0,8.0,25.0
a4d2e285495aab9c4dfa00201bedcb87,telefonia,60,562,3,50.0,16.0,3.0,11.0
59d8034bb2a82cd5092e78d42148fa44,pet_shop,19,348,2,250.0,16.0,4.0,11.0
e424f69523d159f82480c01a1ebf9f7e,esporte_lazer,38,1080,6,1025.0,40.0,17.0,36.0
786733d317255508bd4d648585977611,papelaria,55,153,2,7050.0,30.0,20.0,17.0
2a4d7470cdcf5e02f7ad83e56971bb80,pet_shop,60,770,3,12800.0,45.0,50.0,34.0
4a5cc900bb2910a2b8dec20cebf1c0fb,variedades,43,1294,5,18500.0,63.0,63.0,55.0
f1cfcd7f3806fd98650ab8dda3b7dfea,variedades,,,,300.0,16.0,11.0,12.0
b18e0067418085fab0785606c86d875c,esporte_lazer,45,772,1,1300.0,30.0,30.0,35.0
20dce72985857d1c8d09d506a8ec5187,automotivo,44,1400,1,15900.0,65.0,25.0,45.0
2b0c892ab2b8e600a0b186db31f5947d,esporte_lazer,49,903,5,4325.0,40.0,25.0,33.0
779dd392d4fbe5ca656bf3ceabecbf0b,ferramentas_construcao,29,1530,1,5450.0,23.0,24.0,23.0
e307be52f60992a07fd121769b8ea9e8,artigos_casa,52,169,1,1450.0,35.0,15.0,25.0
ac43429cfe2a3933709b85dc2acacca8,relogios_presentes,56,1075,4,650.0,18.0,14.0,16.0
feb4ade62e32b8d74c6f69f635057964,moveis_sala,26,926,1,12325.0,54.0,64.0,18.0
b038e05741e96f7a40a750921f95a7b7,beleza_saude,46,777,1,1100.0,16.0,20.0,16.0
99fdc04e6b6614fa8899cefafe793fa7,variedades,,,,950.0,26.0,26.0,26.0
0b18bdc51d81f585573501ece135a6fd,jardinagem,36,1041,1,500.0,17.0,17.0,16.0
3a65f793b3e854ca1f31c6d7c636f117,informatica_acessorios,49,3940,8,900.0,20.0,15.0,20.0
5e3e2d54c975cf95b62c112c4d1d935d,utilidades_domesticas,60,1034,1,300.0,35.0,13.0,22.0
0ab3b52bba153ddfc7857b11c900fdea,variedades,,,,2250.0,40.0,8.0,30.0
5c8aa5d67cf54ed7a5e9d4dd57ef7708,automotivo,55,402,2,100.0,17.0,11.0,12.0
cd5f3705d31440675796beb0ee641fa8,brinquedos,40,430,2,640.0,23.0,24.0,39.0
79bd832302282bb4f305c5947c2bee1a,artigos_casa,58,597,1,6550.0,30.0,30.0,30.0
eb1549e153933dfee0b9589cb1ae1b64,industria_comercio_e_negocios,41,111,2,4550.0,40.0,20.0,40.0
59614aca5e5ddb29fd461f83c8f32b1d,moveis_decoracao,54,942,4,550.0,34.0,6.0,23.0
115e606ac8059e4cfa1c6c3310fb365c,informatica_acessorios,57,1525,4,285.0,17.0,10.0,13.0
22500b6336f180e88d85ec61888a1f1a,consoles_games,57,213,1,50.0,16.0,2.0,13.0
1c5cd477820c6046039178150f6f8916,moveis_decoracao,47,271,2,2900.0,44.0,15.0,44.0
5c46708ea8570006a3503f2a69e259b4,moveis_decoracao,53,1972,2,600.0,60.0,7.0,14.0
19e17f268ccea61dbea86367763aec38,casa_construcao,47,510,1,300.0,16.0,11.0,11.0
4d8f78374f31cd4b4932c1f2a42c4674,perfumaria,54,171,2,100.0,16.0,16.0,11.0
e83aa5bdff2b1da49a8a8ebcabf3d66e,fashion_bolsas_e_acessorios,60,657,3,600.0,43.0,16.0,27.0
23f11493a631ec3806f6a0b529e82820,artigos_casa,55,147,1,1050.0,35.0,15.0,25.0
bbf76ccd9b620fb13136c95bc5adb5da,artigos_casa,60,490,4,18600.0,58.0,40.0,49.0
42b3cf00e662d57725bd2425b106563f,eletronicos,56,146,1,1300.0,33.0,24.0,24.0
30d577873676f4d719154369ba416dbd,moveis_decoracao,57,184,11,2550.0,36.0,21.0,36.0
33c74cb7d421dc91de9cf6422f37baee,relogios_presentes,51,309,1,225.0,16.0,17.0,16.0
b549c6b4b6f48d8a5e899eeca74ce846,moveis_decoracao,41,232,1,200.0,20.0,30.0,25.0
eb2e510c7e0f62651d0156e769928970,automotivo,51,817,2,150.0,20.0,6.0,17.0
a4d28309950a3658ecbe8ee7395bac12,utilidades_domesticas,57,2819,5,1050.0,30.0,12.0,30.0
70488833a84564f5dceaa93e1a99fae5,automotivo,50,925,2,3500.0,65.0,25.0,25.0
404c6e8590cbb06f8c5e911d8a90b1e5,esporte_lazer,43,231,2,2700.0,60.0,15.0,15.0
42a953368300be8c91cc2fc62fda2aba,telefonia,59,1188,3,255.0,16.0,12.0,13.0
7afdd65f79f63819ff5bee328843fa37,eletrodomesticos,48,305,1,750.0,20.0,20.0,20.0
5494497e1078148d7b0e41d4551412a7,artigos_casa,59,678,1,1250.0,19.0,17.0,23.0
7a10f0794d6c8bf257417ac22866e78d,automotivo,57,369,1,1675.0,25.0,15.0,20.0
587ff13bc6c58e023e298ac897fa1a3c,moveis_escritorio,45,2175,1,15200.0,58.0,28.0,58.0
d103a59e482517dd37f6865b1bf5499d,ferramentas_jardim,55,1209,3,1650.0,25.0,25.0,20.0
da21de83c22b0b56be14738b1bd6348f,artigos_casa,59,596,1,450.0,27.0,6.0,22.0
ff3fd6df22de9102d81c4a963a694629,telefonia,57,430,3,200.0,18.0,4.0,14.0
ba80c9f47a84d1e08465f72e22930c83,pet_shop,41,901,1,150.0,19.0,10.0,15.0
84ef572c9b97343b83ab437a3ad75461,eletronicos,36,54,1,650.0,16.0,35.0,25.0
5d5472bc6ef147ff1d2ca0b78127caae,beleza_saude,35,706,1,355.0,22.0,14.0,17.0
a92187be87fdc3bf8079f30ec9b151f4,fashion_bolsas_e_acessorios,48,276,7,700.0,20.0,50.0,40.0
7b717060aa783eb7f23a747a3a733dd7,variedades,46,595,2,500.0,16.0,12.0,22.0
7efd6fed8c0563a28c70b4eef35ba25d,utilidades_domesticas,52,197,2,600.0,16.0,12.0,12.0
a57878a3c4874b342d09d163ae63e596,variedades,37,963,3,773.0,37.0,24.0,19.0
c29000fbd43fc3693f8ad048b2e511d2,utilidades_domesticas,37,886,1,1800.0,25.0,40.0,25.0
f7f59e6186e10983a061ac7bdb3494d6,utilidades_domesticas,59,459,1,3700.0,32.0,22.0,46.0
fc86606232e0da421bf450a13068a4b4,relogios_presentes,60,352,4,1300.0,32.0,7.0,32.0
20cfa43a881c16cdedaaab83e139d302,informatica_acessorios,46,339,3,247.0,29.0,7.0,21.0
b2717842efa4cfa2f813f3c59f187869,brinquedos,43,631,2,517.0,21.0,23.0,21.0
ecac086eca2f806295b1f43b4f6ca119,fashion_roupa_feminina,40,1628,2,600.0,60.0,60.0,15.0
e1ed3c28e40cbce2783e79eea79e8701,moveis_decoracao,57,241,1,1800.0,40.0,8.0,35.0
b5973136cdf32af9a89515d15dc370b5,eletrodomesticos,58,127,2,12300.0,35.0,46.0,35.0
fadced14c797b6382fe83c56c85f7eb0,seguranca,47,1446,3,520.0,19.0,13.0,16.0
734a3078bba2d8bf0113b808a86dc7bc,utilidades_domesticas,40,372,2,350.0,16.0,16.0,16.0
c20a3f598c16d77249da67e81caa8317,utilidades_domesticas,57,529,4,575.0,16.0,18.0,12.0
e8ac111f2d0b0e9a43d2980d387d0e7c,beleza_saude,40,2521,1,3100.0,19.0,16.0,19.0
329b87911ef12e53aa7eabf196d17690,livros_interesse_geral,46,250,1,250.0,25.0,6.0,20.0
8e4417928fc0f31f904cdd25c131f6f2,esporte_lazer,59,3155,1,900.0,16.0,15.0,15.0
6c820263f0e9e90bbadcc67c22461414,telefonia,24,1966,1,250.0,17.0,6.0,17.0
57e5c7033739b88d673eba67e9cf9376,telefonia,50,361,1,200.0,24.0,21.0,21.0
c36140521283624c2368a1f6c2fec1ab,bebes,53,1608,4,1300.0,42.0,25.0,15.0
823fbf290afe6e92a33834f5ca39e0f9,esporte_lazer,59,502,3,14100.0,71.0,53.0,23.0
780d24bfcf24b143f013354507158385,informatica_acessorios,37,497,2,600.0,20.0,10.0,11.0
bb3ba3a4e6d7471b6754e8e3f13f1464,brinquedos,59,1075,4,850.0,25.0,40.0,15.0
a4d0871577d73bc394c482dd0998af7d,beleza_saude,60,466,1,800.0,18.0,16.0,16.0
78cff417987f620d4277395265379d6a,esporte_lazer,33,1153,1,200.0,16.0,16.0,16.0
11b9c6d7a3eee514887db2204eb97ec5,moveis_decoracao,58,242,1,1300.0,40.0,10.0,34.0
e573d90224029758a6430e5c3e9beeb2,informatica_acessorios,51,163,2,703.0,31.0,19.0,14.0
0ac092fcd35bffaeb624017d498172d1,relogios_presentes,49,461,2,500.0,16.0,11.0,11.0
f4a38926843e01497a3f63a5d5740c72,eletronicos,38,375,1,150.0,22.0,13.0,17.0
d97a2cd1d784e47c2ff7e14b54ebb6e2,automotivo,55,729,2,500.0,17.0,21.0,11.0
1fa52682d6938b129312ef4cffac1711,informatica_acessorios,30,351,1,550.0,34.0,14.0,14.0
f7684280fac20a1c9cb683d7ea7d9514,informatica_acessorios,59,816,4,1725.0,29.0,31.0,16.0
40422223c107e3094c19c4709a320ead,artigos_casa,50,769,2,850.0,30.0,4.0,20.0
4f921f8c68e266afadbeacb7897b2803,artigos_casa,54,244,1,1950.0,45.0,15.0,35.0
ff1f1de0f05e0ec5b2d721e2fb425b0c,ferramentas_jardim,49,1592,1,2100.0,26.0,26.0,24.0
89ef1e2b72322b4831f2730966b61a30,perfumaria,43,199,2,200.0,17.0,9.0,20.0
ea70c7ac7beedf6663e1ddbde272384a,pet_shop,55,583,2,550.0,24.0,30.0,16.0
097ca319958c11c2425d2f111f860707,moveis_decoracao,58,184,2,8550.0,40.0,32.0,40.0
d3d5a1d52abe9a7d234908d873fc377b,malas_acessorios,24,520,3,4900.0,38.0,55.0,22.0
eee404f099d4035b0f3e4dc374669a31,eletrodomesticos,57,194,1,150.0,16.0,11.0,11.0
49a4868ed73389c051a0da7af4bd7a2e,pet_shop,30,706,1,9550.0,60.0,20.0,46.0
54f45413afc0d5480c59f5dfeed2d19f,beleza_saude,31,490,3,2450.0,20.0,12.0,28.0
8cc0b6265dda0e4e8aced3d1446b80bc,beleza_saude,47,227,1,367.0,16.0,15.0,14.0
d12429bcf1d0ffe5940f9df2a8761c79,artigos_casa,44,1054,1,6900.0,31.0,51.0,26.0
bb0d5e6aed6ddf6c6ca1bd5e448bc106,variedades,46,2522,5,900.0,16.0,8.0,13.0
f2d3be8d725ab19aae58ceb837f57897,informatica_acessorios,38,423,1,820.0,23.0,16.0,15.0
19bdd86ca06c5bcaf94fe9e856bd6a3f,brinquedos,51,780,2,2450.0,55.0,21.0,30.0
6a94da4070a7f1dcbc3872b181ce55ff,moveis_decoracao,58,1472,5,1600.0,53.0,8.0,11.0
188a7a06ef624d9549bad5dea5e84ea6,moveis_decoracao,60,855,2,16515.0,42.0,77.0,42.0
3aaf169c291f3a9e57cae0428e82e545,ferramentas_jardim,56,236,2,16900.0,40.0,55.0,40.0
6733b00d25e0fc17a8e8d97ce792c078,pet_shop,56,720,1,1900.0,50.0,30.0,33.0
90d11936871062d5cb6d23175734ea91,consoles_games,45,677,1,283.0,20.0,10.0,16.0
7cee15aa6f33557c7056ba1fee542b79,brinquedos,54,675,2,1125.0,46.0,37.0,23.0
c5abb4a7296fc26dc57bccbe8ae2d677,perfumaria,57,728,1,150.0,16.0,5.0,12.0
28f486789a96800dc97bb98e780e6d31,perfumaria,50,357,1,450.0,20.0,16.0,21.0
86b7407656326df779576645e8e4531d,bebes,44,1184,1,200.0,30.0,9.0,30.0
60e77eeb5275ed33a04d1fd482feaac8,informatica_acessorios,51,155,1,50.0,40.0,2.0,24.0
6df11ffefdab6d8afd1532c5f2f05fb3,esporte_lazer,34,292,3,850.0,45.0,8.0,25.0
5071625b1813fd174bb748137b5bc134,esporte_lazer,42,269,3,500.0,34.0,12.0,19.0
81677c98b443baa033a7fc18b862cea6,bebes,51,796,2,266.0,23.0,14.0,20.0
b6b76b074ed0d77d0f3443b12d8adb5e,relogios_presentes,46,531,6,300.0,16.0,2.0,20.0
564a04f027fb97b53ca08464632db860,relogios_presentes,46,2021,3,550.0,20.0,12.0,15.0
945f3073eeafb360bba960560cc63bcc,automotivo,57,695,6,6950.0,47.0,19.0,23.0
a07d0595ac61dcdd44214f0426431c9b,fashion_bolsas_e_acessorios,45,385,4,150.0,16.0,5.0,11.0
bc89f8dfbd722882c9b67d50870bfd1c,ferramentas_construcao,59,326,1,700.0,25.0,25.0,25.0
3089d427128cebffda89d3c8fd04fb90,beleza_saude,63,3933,1,750.0,16.0,16.0,15.0
76f4e994b24c20555320f08cf10d28bb,ferramentas_jardim,49,543,1,200.0,22.0,10.0,14.0
bfa3278e134f379b6be461cc463009e3,eletronicos,31,925,1,313.0,17.0,14.0,15.0
be27cc436326515a57609d15cdbb3a30,moveis_decoracao,59,685,1,160.0,32.0,2.0,32.0
6c2fe5434c020b8dbca31fc36b64a2d1,telefonia,57,598,1,200.0,19.0,4.0,11.0
d738e1dea9fdf4c28741fde625c0d500,variedades,52,659,1,1400.0,40.0,40.0,30.0
ff09b38ea3889c433325e313807936ea,variedades,,,,1600.0,16.0,36.0,13.0
49234079fb9aa607c3cddd19e1032c31,moveis_sala,35,341,2,5900.0,50.0,36.0,20.0
591d4f16311726b70ab348c9e3c49a33,artigos_casa,46,171,3,12000.0,60.0,30.0,70.0
137d0bf5250717a478bd7f9c74410bda,esporte_lazer,49,569,1,250.0,26.0,16.0,16.0
9ecadb84c81da840dbf3564378b586e9,moveis_decoracao,41,789,1,950.0,20.0,35.0,20.0
62487ad072596c457fd65db240a755b8,moveis_sala,31,350,1,4725.0,58.0,15.0,53.0
a01df785213c3ea6d2a918f9095af482,moveis_decoracao,63,630,1,18600.0,56.0,48.0,38.0
f77f1ec838ed490adc1529eedf7810ea,papelaria,35,412,2,980.0,32.0,21.0,21.0
1da502ed939a029f4bee6cdc8341b4ac,livros_tecnicos,36,1345,1,600.0,23.0,3.0,16.0
e8c96af1d3fb65e0f0e8a0c8a707b0a1,bebes,32,1054,1,250.0,30.0,20.0,30.0
24aba57735be13fd785bc04d1a8812e4,variedades,,,,21600.0,45.0,42.0,45.0
0df95ac688e582eb91f23b4b3ffe7ee8,bebes,60,454,1,2200.0,40.0,35.0,20.0
83fa3277de5135b715fb7ba8a357b19b,pet_shop,53,889,3,550.0,25.0,25.0,25.0
060cb19345d90064d1015407193c233d,automotivo,49,608,1,7150.0,65.0,10.0,65.0
6767719f80aabbbf16ab2491899c32d9,telefonia,56,2569,2,375.0,16.0,8.0,14.0
58df80b6468d09d24264a3cbb890c9d0,bebes,30,182,1,600.0,28.0,4.0,37.0
b395922ca8e9ba82b2a81822968d0cf5,moveis_decoracao,56,297,2,800.0,100.0,5.0,20.0
8ec49c92046701e29cd13082ae8034eb,beleza_saude,32,3682,1,3550.0,20.0,20.0,23.0
7ffd81a5a062250921d431ad78ecb9e7,beleza_saude,47,1119,2,340.0,28.0,21.0,17.0
d1fd2ceaad67026458fe610f27c4c7b2,eletrodomesticos,55,133,1,200.0,27.0,13.0,17.0
4cc8bfa581f41841ce5e24aba773a44a,artigos_casa,50,381,1,875.0,25.0,18.0,40.0
628677036f276f6c0792cded8e9211ee,artigos_casa,37,1156,1,1300.0,40.0,40.0,40.0
7d280add4441effb2c942c68738b3faa,moveis_escritorio,63,1288,1,12550.0,57.0,54.0,21.0
aad0c94aa869497ef036b7549451134b,brinquedos,33,278,5,300.0,16.0,11.0,14.0
5522eaf5bba15bca311ea28c518b01f3,jardinagem,56,394,1,300.0,30.0,10.0,20.0
b80b016be1b34855b86e03ce28c3b66c,perfumaria,30,414,4,100.0,21.0,4.0,15.0
ac0ac7fa83bfae616a1a9e049c2d5a2a,brinquedos,45,940,2,300.0,27.0,9.0,18.0
f0f3c686ec837b27ec9da08762d85317,automotivo,41,353,2,200.0,25.0,42.0,25.0
eaf84e31d1e891449aa5cf7130e75fc6,artigos_casa,55,384,1,1350.0,50.0,5.0,50.0
87c622f009c352a3c10cb90169b2a21b,artigos_casa,53,152,1,300.0,40.0,4.0,30.0
6f5d8820ea24c5ac882ad57132f092b7,eletrodomesticos,47,68,1,100.0,20.0,13.0,15.0
f1de94230ae234a2f348835b969eeab1,beleza_saude,39,850,1,1550.0,20.0,7.0,20.0
766b2d2c334df279c3c6c7f138b9a38b,telefonia,59,1127,2,600.0,23.0,7.0,15.0
92157883fe5bfd9c6967c8738c03d590,instrumentos_musicais,23,279,1,3000.0,105.0,16.0,40.0
8af5b5f4f89849cc4dce36dee73dd9de,moveis_decoracao,43,730,1,1000.0,35.0,10.0,35.0
29e9fe1d94a27d6f1ce03c157921964d,informatica_acessorios,32,840,2,450.0,23.0,6.0,17.0
8434c9cfbd72cba6e81064e65d2f05d7,moveis_decoracao,29,334,2,900.0,30.0,8.0,23.0
eab4c9985a59caadd3c0f14448eaeac3,esporte_lazer,14,776,1,650.0,20.0,30.0,20.0
9d86a51639004c70d7b6037f43ecc070,ferramentas_jardim,64,1210,4,2093.0,58.0,51.0,17.0
6d97e5cb4df5111845c6aaafba7111ca,eletrodomesticos,55,657,1,417.0,22.0,25.0,27.0
cedc314dea647b3337f14e20c6fe1234,variedades,35,1212,2,600.0,25.0,8.0,22.0
b45f7bdbcde1de2d0d4641caa10001a6,artigos_casa,29,527,1,250.0,26.0,10.0,26.0
ba22b6bb8962ab07830d463eeff99b9d,artigos_casa,47,524,1,1290.0,22.0,22.0,29.0
b3f1e0023ba728711006866a37f62b19,automotivo,59,1333,7,8150.0,60.0,15.0,25.0
1998a489d7fafcff255f51e7ebb38068,variedades,55,743,3,10800.0,44.0,21.0,38.0
39581a590c262629c9854596173834bd,informatica_acessorios,60,133,4,200.0,16.0,2.0,11.0
5cb44566230140a581c49436b00584f1,automotivo,49,152,2,100.0,16.0,7.0,16.0
c7dc39bcc7f9bf8a9b253b8727a0cde5,consoles_games,40,658,4,150.0,26.0,5.0,24.0
8d34ccb4a1bc14737b6bc7848346cbec,relogios_presentes,44,492,1,425.0,18.0,20.0,16.0
d7ec0aa2d69643c6709f21fd76f010db,relogios_presentes,44,523,3,550.0,38.0,12.0,38.0
4340de579ecca5b411504b2d06d2edc3,moveis_decoracao,60,239,2,2300.0,40.0,10.0,37.0
8381ea12b1b0b93589326894a9b3a00d,relogios_presentes,47,710,2,300.0,16.0,11.0,11.0
ed1e39b938c6cc6867d8f5fd408ce319,utilidades_domesticas,50,456,6,650.0,16.0,20.0,30.0
70b04b1d699a19d1b0aed994d64d13f9,perfumaria,58,698,1,500.0,23.0,8.0,15.0
5f19455f0c3902e89f16a6042bd4221d,beleza_saude,53,1136,4,7600.0,30.0,31.0,38.0
c853cdc7ab9eab59b04f753cd9a2f27b,utilidades_domesticas,51,2780,1,400.0,18.0,19.0,14.0
58778cc2f8f189ca700491f7b17a0052,telefonia,18,285,1,200.0,19.0,3.0,11.0
c81ae6207142d6d844dfe928e7e51b04,fashion_bolsas_e_acessorios,18,251,1,200.0,17.0,9.0,11.0
d3b6a4e19012dd1e65f587d3be501fc1,market_place,36,381,4,100.0,16.0,9.0,11.0
b1642ee7c8c39a5516b207935b1fe108,artigos_casa,52,289,1,4800.0,43.0,15.0,39.0
2202fbe16d5626431835d6000350cea3,fashion_bolsas_e_acessorios,44,378,2,100.0,16.0,16.0,16.0
263849cef3655e2a54a6f55d4ccad401,relogios_presentes,56,451,3,200.0,16.0,2.0,11.0
7ec7316a34a907336bae0f4b56d12d24,moveis_decoracao,47,477,3,50.0,16.0,3.0,11.0
efa8552bedf9407db4b7b26dd5a84d88,variedades,54,696,3,650.0,20.0,20.0,21.0
5cb678a06e40c3a2e49564fd664dac70,automotivo,56,814,1,575.0,29.0,5.0,24.0
0e0b3c0d93556bb5357924c59cad48c9,artigos_casa,54,289,1,3900.0,36.0,10.0,35.0
3d98ab25b3b0c893c78f2ce1dc31e1c4,consoles_games,33,379,1,389.0,20.0,16.0,16.0
2f5895fbda5cbf713513c5b641383a97,ferramentas_jardim,57,931,3,575.0,16.0,13.0,14.0
7416f209ecc901d8c6c64377f12cd1d5,moveis_cozinha_area_de_servico_jantar_e_jardim,57,1125,5,8200.0,65.0,10.0,50.0
06de2a2e4731091ff794ab6240951b7d,artigos_casa,44,470,1,2560.0,16.0,2.0,11.0
ff8ece719f2d16180dbf891250635093,alimentos_bebidas,53,1007,1,1867.0,25.0,31.0,21.0
4397fe12c3beea290f2022592b0afb09,pet_shop,55,1338,1,1150.0,22.0,25.0,22.0
18be199494e360c90f302b3ef82ceb43,moveis_sala,39,180,1,8400.0,74.0,5.0,46.0
1afdb4e17af189582b06591ae8a031a4,fashion_bolsas_e_acessorios,59,131,5,250.0,16.0,2.0,20.0
801f748b352e480bd143bcbb6fe86cbb,beleza_saude,52,1059,5,300.0,16.0,9.0,11.0
210feb9ae3b060d29ec884aac60e5f10,variedades,50,629,1,1050.0,37.0,22.0,26.0
77ff4f618d7c0d6b442ecdf5f02f6a74,esporte_lazer,32,222,2,2150.0,60.0,15.0,15.0
2de2a40099e05d5f0e47d69623a3c178,eletronicos,48,1193,4,1800.0,46.0,15.0,13.0
e53197022fd9f554e01b9cf4f3c9f249,perfumaria,30,138,1,150.0,20.0,5.0,20.0
d7350806253f6a1e1351c97a39b9c931,automotivo,59,1139,3,19200.0,34.0,86.0,40.0
25c9bd06b9af867e935cca386b6acece,artigos_casa,52,720,1,7550.0,21.0,47.0,41.0
b53de21d6ac42f6bc21b82af0e89a002,beleza_saude,58,311,1,500.0,20.0,16.0,19.0
46d418ab71bf88eeaa978665d4b0f693,variedades,,,,162.0,16.0,8.0,11.0
1fad46b84ac1748ff47bf2d703565a7a,climatizacao,40,929,1,9300.0,38.0,36.0,35.0
7b07f25dab76a821beca96d40ee0553e,artigos_casa,46,519,1,300.0,40.0,15.0,35.0
653e9d44d27743337fc1868e4346d661,moveis_decoracao,63,732,1,1450.0,32.0,12.0,30.0
99025f5f3c5b28d7598894c93f120308,utilidades_domesticas,40,301,2,3800.0,39.0,6.0,30.0
1d94d1e0c7fb2dcf2811e093d2ca303b,variedades,,,,17150.0,62.0,36.0,46.0
de70c9ebe399d6ff687b4b64fd51aa29,relogios_presentes,57,627,1,300.0,16.0,11.0,11.0
af6099f8d0d98a9eb5c0a67be73cb9b0,relogios_presentes,36,442,1,750.0,18.0,10.0,13.0
f4b9c879eda44418e4df17af2723d04d,utilidades_domesticas,59,1643,1,400.0,17.0,14.0,13.0
55c92040e28679eab480673900f0cf51,artigos_casa,51,423,1,14200.0,16.0,10.0,16.0
43e6aab5f2602eb0af739f270de920d5,esporte_lazer,21,310,1,150.0,25.0,30.0,20.0
9f7d332f12854dfcd37f8b22a85053b0,moveis_decoracao,49,202,3,1050.0,25.0,23.0,25.0
226be9996759442f90f73b7d24c6baff,utilidades_domesticas,50,246,3,1950.0,16.0,105.0,14.0
90c6d279023ee6c3b1f494883e90b6a8,bebes,52,233,1,6950.0,41.0,40.0,40.0
bf128b5dced56e2ec0391179eb70443d,bebes,55,728,4,2300.0,24.0,26.0,36.0
0f6e214a2c5baab8c1ccb053a0829f13,perfumaria,30,138,1,100.0,22.0,7.0,16.0
e3e0c67c30ba9f25ab3a0f8e293737ed,variedades,,,,10100.0,33.0,30.0,44.0
fe5915b903037937488e868f2dde0ff3,moveis_sala,58,1534,5,30000.0,50.0,60.0,65.0
a9b7f02ab7d9c64b4aa0ed31c74fd1d6,moveis_decoracao,39,578,2,3450.0,38.0,28.0,28.0
1ba039173f93b4ad2c34545eb1f64f24,beleza_saude,50,784,1,1000.0,30.0,15.0,30.0
0568858419b609bd068bec047de0a1c8,perfumaria,51,395,2,425.0,18.0,12.0,15.0
0dd71bad88beb4fe0f85284f5b06e028,automotivo,55,832,6,2000.0,30.0,25.0,30.0
274a778944c803fb95ea5a5b2c50611b,perfumaria,44,261,1,350.0,16.0,17.0,12.0
b5e6d813290cd06e3015f41d246512e7,papelaria,32,137,1,250.0,23.0,11.0,13.0
7a42af4cfc71b5e250b2effd6f37cb35,papelaria,55,332,5,400.0,26.0,16.0,21.0
3516632e8f52b679ff83d1665ecc990e,informatica_acessorios,45,267,1,167.0,16.0,12.0,13.0
1055db476dfbed87313ac8481c2597c0,beleza_saude,58,826,3,1250.0,28.0,6.0,28.0
32a5dd316c0a5ff63e2bdbb820bc1506,variedades,53,989,4,100.0,16.0,7.0,11.0
28a0aebd7bf7ec9b31443c4cfd3e0f0c,informatica_acessorios,58,238,2,350.0,16.0,8.0,11.0
8e7d61accfa0de8e8981dba016ab2646,fashion_bolsas_e_acessorios,10,143,2,400.0,20.0,20.0,20.0
a2bc332584f4a8cc07f2758b3dd64554,livros_interesse_geral,42,555,2,900.0,23.0,3.0,16.0
63a02e48edbe315a16efcd9c9a389785,utilidades_domesticas,51,565,1,800.0,30.0,40.0,30.0
308e5ad92ea784e15a8f632465837c4b,ferramentas_construcao,56,636,1,600.0,16.0,12.0,16.0
cb61a9727a2f74ec0c80652f4d62e812,moveis_decoracao,47,1094,1,6833.0,52.0,52.0,17.0
446cf7e594fa3103f5d26069356b55e2,artigos_casa,54,797,1,800.0,16.0,10.0,16.0
c98dbc2130cd3fb72c34211b31843bbb,relogios_presentes,47,903,1,350.0,16.0,13.0,14.0
9363662bd84410483083a4fe6f06242a,papelaria,31,56,1,500.0,16.0,16.0,16.0
1a080577618e7fe4d9ddd8fb2b47a964,relogios_presentes,33,623,1,425.0,19.0,13.0,16.0
f62dcd57a6a4e93aff69aecc1f3d6513,relogios_presentes,53,578,3,336.0,16.0,13.0,11.0
90111fe8e74ecb8fb94fa93f76efbfe9,fashion_bolsas_e_acessorios,45,135,3,200.0,16.0,2.0,11.0
0b01ff8012c6301714339a530e7f9879,beleza_saude,44,664,1,750.0,27.0,9.0,18.0
7fa1ba3a83d923bea1b21e52ba66b384,artigos_casa,58,363,1,700.0,43.0,8.0,33.0
de754726ed19ef7c77b2b6164046c9dc,artigos_casa,54,208,1,550.0,16.0,10.0,16.0
a6621d4ee609f3f917d04c11ca8f0161,brinquedos,55,889,3,2800.0,48.0,27.0,18.0
525947dbe3304ac32bf51602f9557c12,artigos_casa,60,236,1,2600.0,34.0,7.0,32.0
dc6518b93adefc206b0d220c057f8b56,variedades,,,,200.0,16.0,2.0,11.0
39397cf4e7567e4360d1cdef4e29744c,moveis_decoracao,55,125,1,1000.0,40.0,7.0,34.0
7f457254a89d62960399e075711b3deb,automotivo,60,558,6,300.0,17.0,4.0,12.0
16912e490fe2abaa95eb78b2f656f805,eletronicos,57,1168,1,550.0,19.0,12.0,16.0
a893bc71728f68147175c1535d952357,variedades,52,323,2,1285.0,30.0,20.0,26.0
1cc5f038fa8645580602fb2423d3a50a,perfumaria,56,681,1,400.0,22.0,16.0,16.0
b42f9966116a4518f832f1a13ec8456a,eletronicos,56,280,1,200.0,25.0,7.0,16.0
5fec075d001fba20a6bdeeb5d9b22dbe,artigos_casa,53,403,1,1050.0,16.0,10.0,16.0
4bffe7ecb920bd4c858f48e9da04dd89,bebes,39,1778,4,380.0,18.0,26.0,18.0
3bad4452b9bf0554748e82f3a4a5673c,ferramentas_construcao,57,819,1,750.0,18.0,30.0,11.0
a638c3e5a768a4bdec5ef22363011a49,informatica_acessorios,55,340,1,217.0,16.0,16.0,11.0
df25e7b5824286070a418f1fc2f78629,relogios_presentes,60,595,1,700.0,16.0,27.0,17.0
dddeb2ee7ac86f0b08c51249f8f329ec,moveis_decoracao,54,198,5,1350.0,30.0,25.0,25.0
9c4eeb196595cc056eb99a83f6ee3034,artigos_casa,55,610,3,16500.0,70.0,30.0,70.0
577f102553175d51e571885be1347546,casa_construcao,59,925,2,775.0,28.0,33.0,20.0
e61bf3c66ce1e3491166b89fd29baf58,artigos_casa,60,870,1,19200.0,58.0,40.0,50.0
0c9452f6a812935c0615faee8bf8646b,moveis_escritorio,58,1104,1,10050.0,100.0,45.0,20.0
72a97c271b2e429974398f46b93ae530,perfumaria,59,685,1,450.0,16.0,17.0,16.0
7e6850f360e60da72b7d3b1b37f42312,informatica_acessorios,59,859,3,800.0,33.0,11.0,14.0
7753469de7e5148e75172503ebf82f1c,utilidades_domesticas,55,147,1,1500.0,66.0,6.0,39.0
20da3eeeb6af0e217f80b316439a94be,informatica_acessorios,44,609,1,1300.0,16.0,16.0,40.0
abad2a82d0a25653323cec918ba3e54c,beleza_saude,54,1207,4,2050.0,18.0,8.0,20.0
cce5fb9f7c1ec276edfcf70741b519bb,variedades,22,414,2,1735.0,39.0,23.0,25.0
edfdce0d1155be85dd53074e63bb9e8b,fashion_bolsas_e_acessorios,47,366,4,150.0,16.0,5.0,20.0
497bf3fd2bfb679b5fb1bdbde4950ff1,moveis_decoracao,27,117,3,300.0,17.0,9.0,11.0
5a286d54a7400c4a0921c6e99300d684,informatica_acessorios,36,135,2,85.0,15.0,10.0,15.0
078a6c96f58d2261cc4241dc9907b143,informatica_acessorios,48,1329,3,533.0,25.0,3.0,12.0
a8bac9bc4001039c362db47eee5aee9a,informatica_acessorios,34,1545,2,6250.0,15.0,15.0,20.0
426be80a0de4f47c2f3945e914fad433,moveis_decoracao,57,2052,3,600.0,68.0,8.0,13.0
db2d715ce06590efca91eb47b8452d97,variedades,36,1512,1,2000.0,28.0,36.0,27.0
315274d6751133f612a67ccfa00c0522,instrumentos_musicais,30,599,2,350.0,17.0,7.0,11.0
1e9e02777a02de03c17eb432be7daf71,variedades,,,,200.0,16.0,5.0,15.0
5eb564652db742ff8f28759cd8d2652a,variedades,,,,,,,
7c2de4db4b4bbf1bf34d1051536313ae,casa_construcao,56,906,5,9950.0,52.0,22.0,52.0
7e1cd234017755c3d884de59cbd15ca7,fashion_calcados,57,404,4,1400.0,22.0,12.0,33.0
30d2a003c4b64468d0a341faaf1a7fef,moveis_decoracao,58,1840,2,1150.0,69.0,11.0,11.0
1bc1199ed7fbe6f13ea973952868b93e,telefonia,63,265,6,200.0,19.0,5.0,11.0
84003eefe52bb4112252409a24ae3a73,perfumaria,48,450,1,400.0,19.0,19.0,16.0
14c6b9fe1b59f7ac6bd12e243d859461,relogios_presentes,56,475,4,2000.0,42.0,10.0,37.0
1c080978925cd796eb3f7bace4ef4239,seguranca,55,1012,1,1080.0,24.0,27.0,20.0
d3a746573dd35b279b6d0e3177496422,automotivo,60,260,3,100.0,24.0,2.0,17.0
430d215740da7fdda91cc938f8fd92f6,telefonia,50,2641,8,260.0,19.0,7.0,13.0
de7087431dce1f95bf39105df32825cd,esporte_lazer,35,1660,1,200.0,16.0,16.0,16.0
f5d8fde6bbeab928266d4cc80eecd701,market_place,63,420,3,250.0,16.0,4.0,12.0
c060e10a2d12cc32962f598397156c20,artigos_casa,34,2770,1,600.0,16.0,22.0,11.0
41797ff66598803fa9ac0480e2ab3bc2,malas_acessorios,24,513,5,9800.0,42.0,70.0,25.0
018e4943e4cc9ed099f6fc1a7b65b07d,utilidades_domesticas,37,465,2,300.0,19.0,12.0,12.0
15c30c08ae39469fbf52befff9569adb,eletronicos,29,247,1,490.0,18.0,11.0,13.0
f0c28cf1f8a109a1dc6708397a353ec2,fashion_bolsas_e_acessorios,43,89,2,100.0,20.0,20.0,20.0
d97cfa719a6198d4a66453e0c6ed596c,fashion_bolsas_e_acessorios,57,66,1,250.0,16.0,2.0,20.0
6004f0ea115c80b51e2f0e434233c0ca,variedades,42,559,1,2225.0,30.0,33.0,28.0
d69f56b9e4b6d98bc1521db5ba96846a,esporte_lazer,47,1198,4,400.0,20.0,34.0,44.0
89ea72335f0b688b56ba7daa5a2e98c2,relogios_presentes,59,470,1,140.0,17.0,9.0,11.0
1c19fc5db55cbd645b6021cd2841bdb4,artigos_casa,57,184,1,1200.0,44.0,2.0,35.0
0b33e28a934b68a0475650499b9ae509,esporte_lazer,42,1203,4,250.0,20.0,34.0,44.0
ab959a147167f22f3e0c05eb06845771,eletronicos,59,242,1,150.0,24.0,9.0,18.0
161ccc972b7b25a5e2d43376b8b333c5,utilidades_domesticas,51,700,1,600.0,23.0,23.0,20.0
1ccb5f6ac19a5ab7b66d96ca902b41dd,pet_shop,59,768,3,400.0,35.0,22.0,28.0
f429bcbed72851b21f20d2daf4330bce,brinquedos,47,946,1,753.0,26.0,14.0,17.0
e97c75fa6d2e8a1b94aeb56327b25493,artigos_casa,47,729,1,3050.0,20.0,30.0,30.0
34aca5f4e567c3b675a3e43a17e0b0e5,bebes,57,537,2,13450.0,60.0,32.0,42.0
bb5fc9090888f494938ab2b3c90dda7a,papelaria,36,406,1,150.0,16.0,6.0,11.0
e4e48eb0d37d47a169208324e8e4d6ba,variedades,60,2067,1,200.0,16.0,16.0,16.0
01886ce599b5837b3e1966cdafacd080,artigos_casa,44,701,2,1000.0,50.0,12.0,12.0
25da7af0ae86de644e6410fec1d599d1,automotivo,41,2716,1,26000.0,60.0,60.0,17.0
b4ea7aecf6304f60fe63221697a8e33b,fashion_roupa_masculina,33,315,2,400.0,16.0,5.0,16.0
10e7b44b01fc53988df2b73395cec6fb,instrumentos_musicais,57,937,3,650.0,70.0,12.0,25.0
8af2faad4d636a6f4f1d465cda23268f,relogios_presentes,55,280,1,700.0,23.0,15.0,19.0
6acecf7108cde510886d761f5d107fe1,papelaria,56,666,5,1000.0,20.0,15.0,31.0
4cd531c7f4447ebff6dd6bd12993fab8,ferramentas_construcao,30,1663,1,21400.0,33.0,36.0,33.0
25c774ad0d618117638d514f121dc66f,fashion_bolsas_e_acessorios,29,101,1,200.0,16.0,3.0,15.0
bd149e7e19bab469011f129cdba049e6,moveis_escritorio,45,2149,1,16800.0,58.0,28.0,58.0
d5cfc4570ec66c853873c3a7be07e377,telefonia,59,466,3,400.0,17.0,5.0,12.0
4033dc4f8f073776b3048ba040d67697,perfumaria,47,416,1,90.0,16.0,9.0,18.0
bb72e3bc2b09ab0edf7fc724639afafd,brinquedos,46,793,1,2394.0,31.0,17.0,24.0
06fe3302412088c32997cf915fced4da,beleza_saude,39,666,1,825.0,18.0,9.0,12.0
ee649ca4e5cd395d0b2ad35f3f6b7d4b,variedades,59,1657,4,942.0,29.0,26.0,13.0
942bede3ef6a71e73b5f0ae6ca2f64d9,fashion_calcados,41,192,6,300.0,29.0,7.0,16.0
700ff1308acc55817d35727a03397c3c,relogios_presentes,55,485,2,350.0,16.0,2.0,11.0
24733e805ef8654c136808e550e87626,bebes,51,545,1,172.0,19.0,7.0,13.0
2929ca606d5307bc5c4867edd6875add,brinquedos,51,1223,1,250.0,17.0,15.0,12.0
65785506a1566ea8655e9e1665754947,automotivo,56,215,1,200.0,16.0,8.0,11.0
0e4fe8b32f8101e9c6e915281498cf1b,moveis_decoracao,49,829,1,600.0,20.0,35.0,20.0
9f94fe66050fae9e9351d5c83f4667c8,brinquedos,45,548,1,500.0,23.0,10.0,17.0
a7bf90b233b7fe72d46a97b0cfb3eb33,esporte_lazer,29,456,2,1300.0,29.0,23.0,23.0
ade881d3a9e73b511c630460c74dd92f,informatica_acessorios,31,1078,2,200.0,39.0,2.0,30.0
af14fe70f0c9ddfe9914b0ced0998d40,artigos_casa,59,405,1,1650.0,36.0,14.0,42.0
fb973e8b27e30aa34b8bee900dd1cdf8,moveis_cozinha_area_de_servico_jantar_e_jardim,36,1338,2,12800.0,33.0,33.0,65.0
abc441040d9aaf2e1ad52c2309873c04,bebes,49,560,1,400.0,20.0,10.0,17.0
fec76cdd2170ca10b02e2f0d81ff4123,esporte_lazer,48,888,1,200.0,16.0,6.0,12.0
11fd9d7ba552e1d28872e008acf1e050,variedades,31,1194,3,10225.0,19.0,11.0,11.0
b32ca9d6896d74d345424426815c06a7,fashion_bolsas_e_acessorios,41,815,1,100.0,16.0,5.0,16.0
d81d3da04eaeaf9608d87763815d7885,utilidades_domesticas,63,457,5,4750.0,61.0,12.0,38.0
c3b9c5a3a88d5cd18800fb865741d9ad,artigos_casa,47,162,3,2800.0,35.0,12.0,30.0
ad7a16ba4103bc75d3971c1c43d49674,papelaria,50,226,2,6050.0,60.0,20.0,17.0
f09200c710b69c7c562bd3b606eb69c9,moveis_decoracao,32,206,1,750.0,33.0,8.0,25.0
828097693199c9c0da94cf532dd2427d,eletrodomesticos,56,155,1,300.0,27.0,12.0,17.0
5f6b99538b396c18e5e310c2c187dc8d,beleza_saude,28,662,1,1250.0,16.0,12.0,12.0
9faadcbfeed012c5a26f8cda328af7f7,variedades,54,1675,1,1000.0,22.0,12.0,24.0
e0bdfa15e49283425504297eb6f95928,pet_shop,32,440,1,1250.0,69.0,3.0,45.0
3bbacbe586e957acbf26c63b3ed532a3,pet_shop,53,1687,2,8750.0,50.0,8.0,45.0
8ddbf2c953e42ed2a627c4ac08706bc2,utilidades_domesticas,49,556,3,5150.0,20.0,30.0,30.0
9d0487f0ac5a5c3a772771c0df6f4135,esporte_lazer,35,130,4,600.0,25.0,25.0,25.0
b7dbb2c93670c4764ab45c860d999d74,ferramentas_jardim,60,192,3,50.0,69.0,5.0,30.0
ed50991bf7ccfa075d2cb1ca9a29adae,moveis_decoracao,63,395,1,1100.0,45.0,15.0,35.0
c9341fe3a3cf071d813a92b6b012efde,utilidades_domesticas,55,1899,1,700.0,17.0,9.0,17.0
4cfda9c405b4bc926663d2c0d1ddc832,utilidades_domesticas,42,337,4,700.0,20.0,15.0,20.0
a8eed0daf7e2db5e074d2d4f65046946,esporte_lazer,28,808,1,3200.0,25.0,11.0,11.0
e8bcdbe05fc628060f32e367d5e5f4d1,automotivo,43,904,1,600.0,18.0,5.0,12.0
9592ea6bf88d20db726179927bbefeb2,utilidades_domesticas,56,1127,2,800.0,40.0,15.0,25.0
b7ad178ccbed2224215575de21bc1416,moveis_sala,36,851,1,6850.0,61.0,11.0,46.0
216bb0e0cd43ffd832e0973d35e0377e,iluminacao,56,1082,6,200.0,16.0,16.0,16.0
3b68c9e3c1775f3343e6643b793a5b02,relogios_presentes,52,555,1,450.0,18.0,12.0,13.0
004636c889c7c3dad6631f136b7fa082,utilidades_domesticas,46,647,1,550.0,30.0,10.0,25.0
29781581fb82fe2389560a3a5331d0ee,utilidades_domesticas,20,90,1,150.0,25.0,24.0,25.0
ff46e29063ede0062c2cfb22f05b54ef,beleza_saude,39,611,4,200.0,20.0,10.0,15.0
7148a8f67a1564b5a6c5944398357e18,papelaria,60,688,3,800.0,23.0,7.0,16.0
d84339772d824505b7f19e647f373ec3,variedades,42,158,1,325.0,19.0,2.0,19.0
f72144308168311d3ca5926e40e784e5,agro_industria_e_comercio,59,545,6,10200.0,48.0,73.0,27.0
ae154f7a67e5289488f78670d3e5b971,eletrodomesticos,56,349,1,150.0,16.0,8.0,16.0
c820d5a564b86f81b760ed04c7d327ba,telefonia,47,1455,2,100.0,18.0,6.0,11.0
9aa3269c14e72d138d7e346897444d0f,moveis_decoracao,49,1155,1,9617.0,55.0,55.0,19.0
3175584031f7db97743c7b8aedeb3d03,automotivo,59,1446,4,300.0,20.0,20.0,20.0
09a1f8a0ac3f2a9d3eed87339b7fd9d2,artigos_casa,59,123,2,400.0,50.0,8.0,34.0
8beaa9c2347824b1bf4f8784a0cb5ee4,esporte_lazer,38,166,1,900.0,20.0,20.0,15.0
cbf5cf4e5d906cda4c6d91d5b7b15e8b,beleza_saude,47,174,2,100.0,20.0,15.0,15.0
b95aa596a845b94878fd6d210d7fd9b7,papelaria,53,316,2,1350.0,38.0,30.0,28.0
b88182b83c726595532324fd84ac7db4,automotivo,60,324,1,100.0,16.0,3.0,11.0
bf4ff42133c7bced3bda24a521a5e12f,utilidades_domesticas,60,446,5,11550.0,45.0,28.0,45.0
2414abf17e03ee28b8c062a03ddedab5,automotivo,59,459,2,1650.0,17.0,7.0,12.0
50562cf6349c8e6b13a79d9dce87c4c7,fashion_underwear_e_moda_praia,63,469,3,375.0,19.0,9.0,27.0
6d0a373c460a041c86167a92a5d3383e,moveis_decoracao,60,2043,5,3000.0,69.0,11.0,11.0
5b9d4c71cc2d0a2417c2635818b654d7,automotivo,60,1798,1,500.0,16.0,20.0,20.0
82fd0e5d33b58ad696f75449679c1470,beleza_saude,51,745,4,1087.0,29.0,29.0,22.0
43b069f855679eb3d3589e55dcfe968e,moveis_decoracao,40,1438,3,150.0,35.0,2.0,25.0
a872be779eba6b4c95df8ac1eea09ecb,moveis_decoracao,55,291,6,300.0,24.0,4.0,12.0
3a73521bf3da5249f02a6f3843d707e8,beleza_saude,44,1161,1,900.0,16.0,25.0,13.0
8fe6b4466c75060534fb161548531a7c,papelaria,51,1506,2,1100.0,24.0,4.0,24.0
54df5de144ebb2166a494aa271142af2,perfumaria,60,562,2,500.0,16.0,22.0,11.0
1c9a944d6bfe1ff027b2836e96277f2c,informatica_acessorios,49,1588,4,800.0,17.0,10.0,23.0
d200fc8d5203c55e6779ccd6253a799f,pet_shop,60,739,1,1300.0,25.0,25.0,35.0
68a61f99e823ef8b90bebd0161b95a0c,automotivo,53,1311,3,400.0,16.0,7.0,11.0
7e53a61dd91122cf3f80674ab5068403,beleza_saude,52,1219,1,950.0,20.0,10.0,40.0
6ef1b4541a8b88076d3833f127617025,relogios_presentes,39,361,2,400.0,21.0,14.0,14.0
1463ac0b4db553452c58c71a65c395cf,automotivo,56,700,1,50.0,32.0,2.0,24.0
f7e5d0186f539b61586d7ddd247d2996,moveis_decoracao,49,833,1,2900.0,40.0,8.0,40.0
7d4293d63939e17d3b331866cae7735f,utilidades_domesticas,43,352,1,2700.0,30.0,20.0,30.0
f50038f8fae2efed02781cfcb79122d5,artigos_casa,53,641,3,1150.0,16.0,10.0,16.0
8f2a61109d01cbda2cc6cdea233b1102,esporte_lazer,56,1464,1,100.0,16.0,16.0,16.0
5e3da89d8383d36cb307c87410f5c2b5,papelaria,48,484,2,1050.0,21.0,15.0,15.0
a47295965bd091207681b541b26e40a5,telefonia,60,818,6,300.0,17.0,4.0,12.0
5825c8e4e13409ac13639e711804cce6,ferramentas_jardim,63,732,5,6950.0,50.0,16.0,30.0
e8e2e3a2e72afdb46b919f47023740e2,moveis_decoracao,60,2050,2,1100.0,69.0,11.0,11.0
c201a862c6018d402222594d5229c613,automotivo,56,916,1,1675.0,35.0,8.0,23.0
4272f4544f17efd4fa4ccdc76912feab,ferramentas_jardim,27,961,4,1042.0,20.0,24.0,20.0
100260bf9206d859dc8db128c8c5afc9,utilidades_domesticas,46,79,3,300.0,21.0,10.0,18.0
ca86ba8060f4ced18a06aabd5449028c,utilidades_domesticas,32,507,1,800.0,38.0,20.0,16.0
4715eb4e21b1833327567e8c62ce5790,alimentos_bebidas,33,2787,1,150.0,16.0,9.0,11.0
d4acdbef7d891f217e147a935dd18043,relogios_presentes,43,281,2,550.0,18.0,13.0,16.0
596d1e7e989ec020b831dda867d90292,automotivo,57,228,1,9650.0,55.0,35.0,30.0
525a5744fb5d26e4035d0610446900c5,market_place,57,386,1,375.0,16.0,13.0,15.0
ac17046d8fec49dfeaa896fc00e5e848,relogios_presentes,40,1219,1,500.0,17.0,17.0,17.0
612a71b9833d6a383aab0aefd3995583,papelaria,50,166,1,200.0,26.0,14.0,14.0
f23459b2e5eda87926f1f1a12dd87723,artigos_casa,42,314,2,1200.0,37.0,23.0,35.0
ab43fe3b7b61e3d4ebd20a816b641df7,beleza_saude,58,540,1,300.0,20.0,10.0,15.0
3a9621dab36a841a88d2bf767f12fee4,esporte_lazer,59,1086,5,650.0,18.0,10.0,14.0
f9088946a1127f1713187e8d1e0921c2,esporte_lazer,58,1622,1,2200.0,31.0,6.0,42.0
3991c74594bbda8156ecfbe9e8b7cbe9,seguranca,57,629,4,408.0,23.0,4.0,20.0
30e2b9deadd5211496426065065c71a7,bebes,51,1158,1,1500.0,42.0,7.0,31.0
89387716a7138913d0233d899b959c04,brinquedos,50,1492,5,6000.0,54.0,31.0,31.0
a622b421b0b5684a1e110c5b1d9133f4,esporte_lazer,36,512,4,1400.0,27.0,12.0,49.0
e2f36cf818988a81e1a572308f22d469,moveis_decoracao,58,229,1,800.0,42.0,2.0,32.0
48c454cc27f02a4e40c8971eb898b30c,industria_comercio_e_negocios,57,1058,1,2100.0,35.0,20.0,35.0
37f1683632915589a5622c5e7db4c0d0,telefonia,58,1215,2,662.0,21.0,13.0,27.0
6a3370dbb5bd5817ac81a5db12cb2baa,perfumaria,39,340,1,267.0,17.0,14.0,14.0
12c27e1b053851f5d71c8f551a4a724f,moveis_decoracao,59,1972,2,1450.0,69.0,11.0,11.0
46b0edb9f3206f9c093f3ab71e77710e,moveis_decoracao,31,449,4,4350.0,27.0,17.0,46.0
059edbecfc72eba55fbd079a25c4ab6b,beleza_saude,36,1129,1,473.0,22.0,18.0,21.0
4f7d43c1033d092cbf61921a482a1396,perfumaria,37,169,1,150.0,24.0,13.0,17.0
787031fcba26480c47bc89a7595a73a3,livros_interesse_geral,31,1037,1,550.0,24.0,3.0,18.0
c211c9404dc28e0540fd11e5a9e17bf5,esporte_lazer,31,615,4,200.0,20.0,20.0,20.0
217069e9233500f56584e23e8fb5489f,pet_shop,47,835,1,167.0,25.0,8.0,13.0
d81c7dbb2e9fc8baa4ef878a57de8980,artigos_casa,59,140,1,1350.0,36.0,8.0,29.0
f54fa23cc86cba6fb247f8e5f868cf8d,relogios_presentes,59,672,2,2000.0,16.0,2.0,11.0
d34761aaa1f96394cd795fd65e9b68e2,utilidades_domesticas,51,84,3,200.0,30.0,5.0,30.0
8db97c571a61d830930cf029a34c33ef,papelaria,51,222,1,5550.0,30.0,45.0,30.0
3029bed64528f136c9e636666b9a9cba,telefonia,37,248,3,100.0,19.0,4.0,11.0
ae61923c5593e8c2f7063cf4ffaac4fb,esporte_lazer,52,637,1,300.0,22.0,15.0,22.0
f5889057b0c061390ce20f4b7b842ac0,artigos_casa,59,392,1,1100.0,25.0,20.0,20.0
931a7f2e9c4ebeadd0891fcda934652a,automotivo,40,1021,3,29600.0,56.0,15.0,36.0
81a5ad77c14cd83d0c853e4c317cb837,ferramentas_jardim,64,1146,1,345.0,19.0,16.0,23.0
5dec0a1a4dd30fb1ac9031f5dc4e2f5e,telefonia,41,1662,1,300.0,18.0,11.0,15.0
c39e3869763358c110302e22df757450,alimentos_bebidas,49,3587,7,3400.0,30.0,15.0,26.0
81e171883f20e3585db28d4ee81bd75c,eletronicos,47,959,1,550.0,17.0,17.0,17.0
9c064667d9ec4411a799e80642919849,artigos_casa,46,710,1,504.0,22.0,11.0,21.0
f4b915a1ffcc06f7c282fe1958bfccfa,brinquedos,51,585,3,567.0,22.0,14.0,23.0
33bd1a075f35400643129b5f3d936845,relogios_presentes,58,3145,3,1900.0,49.0,10.0,28.0
b52385de7f52a8dc46d4195e2f77f965,variedades,,,,400.0,20.0,20.0,20.0
a08e089c16d4fe47da5a11c6620843da,variedades,,,,200.0,20.0,8.0,11.0
e8b2fecb5049dcecf8c1ff4cfdb03c61,informatica_acessorios,60,572,1,315.0,19.0,12.0,16.0
b52ae0bad7fdf62bcb3ed59fdd259705,utilidades_domesticas,38,725,1,17900.0,42.0,58.0,33.0
6d6a3d7c546173af704995f09e1edc58,moveis_sala,54,525,1,4700.0,20.0,4.0,60.0
b2a64b4fda22208e4da85dd69e895ec4,esporte_lazer,45,795,2,400.0,16.0,10.0,11.0
d89ed37e2fb1f15513f2e8f8723b203f,livros_interesse_geral,52,196,8,1100.0,16.0,25.0,11.0
bc75ffbc500b02276f9c55aef39014e9,automotivo,41,91,1,30000.0,50.0,50.0,50.0
d475247b8adc9f4c339da83abee9a351,esporte_lazer,57,1658,1,500.0,20.0,20.0,20.0
177b172621777704a3e39ac9d3568946,ferramentas_construcao,54,1648,3,550.0,18.0,10.0,11.0
7041ae473941c8270e3a0f3cf73a379f,artigos_casa,62,665,1,2400.0,42.0,11.0,36.0
8fb53b50707bbdc789037c2c9500ec4e,bebes,46,446,1,100.0,42.0,25.0,15.0
71bdf1a4d18c3cd68f108547f0b4cd1c,moveis_decoracao,62,1699,1,700.0,60.0,11.0,11.0
18d87751433e4198e697c51bbbb66003,variedades,60,1265,3,100.0,17.0,6.0,20.0
ab2d32e4d6a79780270601c807f391d9,eletronicos,31,465,2,7650.0,40.0,25.0,40.0
5177d018e1fe8b629d1b7481638b1965,informatica_acessorios,57,1638,3,4663.0,32.0,17.0,12.0
ebe9b72c17b25034d971a1609ef8024d,beleza_saude,46,803,1,200.0,22.0,3.0,15.0
acce642ddd64b83faaf4c3e30200cf63,relogios_presentes,47,1302,2,400.0,16.0,11.0,12.0
254908dbd8bb2d7279d5dc897f81b593,seguranca,55,1204,1,6867.0,41.0,18.0,41.0
ad8e0edefe027764fe36f6a6dafffa29,esporte_lazer,43,385,2,325.0,21.0,18.0,18.0
2bc2ae6c1bc16aa9da7d549088c2e10a,fashion_bolsas_e_acessorios,48,364,3,11800.0,16.0,9.0,11.0
efe4838ca7d6540e8fa0ea4cf5660b46,papelaria,56,1247,5,1100.0,28.0,13.0,25.0
d600d7ad2039ff6169fef341624fd281,eletrodomesticos,60,262,1,1400.0,65.0,8.0,38.0
fa14bd9c7f14dcb70cde3d73a1dff285,bebes,56,1476,4,1150.0,42.0,25.0,15.0
2e1dac7e67aeeeb635f3214858b39184,fashion_bolsas_e_acessorios,37,446,5,1025.0,51.0,42.0,12.0
d5c6f370cae2b55a234255c110feb95b,informatica_acessorios,57,1225,1,775.0,30.0,13.0,15.0
bb7181410b4e02f93f3697f765db53c7,bebes,36,1058,1,14950.0,77.0,20.0,53.0
d9de30e71874dfe17522cbfbc5c72921,ferramentas_jardim,51,1599,5,1300.0,19.0,32.0,13.0
5be7a7ee7e822ab5e2001f21d96e48a2,eletrodomesticos,36,1213,1,14733.0,32.0,51.0,33.0
abe322c6be89693af3c42ba847966166,utilidades_domesticas,58,1137,1,22450.0,43.0,68.0,41.0
708cf9598cc7a8ed22f6f060d3ab547c,variedades,58,1392,1,2000.0,23.0,14.0,16.0
8cd056753a29f6bd8bef9fbabaa74f43,esporte_lazer,52,148,3,394.0,22.0,15.0,20.0
c87a617241993d71f043ed39858daa43,beleza_saude,59,2141,1,475.0,36.0,18.0,21.0
f0973383ec656ea00297313758897094,utilidades_domesticas,39,1092,1,5800.0,25.0,95.0,25.0
2839fc3ce459dcf23896d23113470284,esporte_lazer,22,655,5,8350.0,20.0,5.0,15.0
d4a3a15f99c94c6741d16d3375b928e6,relogios_presentes,60,179,3,250.0,16.0,2.0,11.0
6cdd53843498f92890544667809f1595,beleza_saude,51,625,1,900.0,25.0,12.0,38.0
e27bda0525e1555db5e6941211cb33cf,papelaria,39,35,1,300.0,16.0,6.0,16.0
114f462f985151e853a896d958657416,fashion_bolsas_e_acessorios,49,313,1,150.0,16.0,7.0,11.0
cfa2843c6df5537243befd7c3553d65b,artigos_casa,53,251,1,1500.0,39.0,14.0,26.0
234495ab7809d4517bc1330c439da1bb,bebes,63,659,19,8900.0,32.0,49.0,34.0
3a4776f99a3e55bb2489252ab56253b9,telefonia,57,1356,4,500.0,25.0,7.0,25.0
8ee4a65ca0dcdad7f10393ca2788bce5,artigos_casa,37,212,1,1000.0,40.0,8.0,35.0
cb89dfa8adec9df2aa87b8072985b655,esporte_lazer,27,159,1,130.0,16.0,19.0,15.0
9cd2db58a42140c6e5dbb6ddd5c367d7,fashion_bolsas_e_acessorios,53,398,4,200.0,16.0,9.0,11.0
fef63ef09494166bda2812ff585be979,esporte_lazer,57,3119,11,375.0,29.0,15.0,15.0
64f905cf518f84bfe0fbcc33bf6f0e9a,esporte_lazer,26,303,1,983.0,28.0,15.0,29.0
562f1e9b58672d3c016b72f43579d118,beleza_saude,51,353,1,1377.0,21.0,17.0,16.0
ba4f075aeb56726d1cf52b7ca557ca70,esporte_lazer,52,383,2,350.0,20.0,12.0,14.0
af82bdd672f63ec5fb84b31302e39506,moveis_decoracao,53,506,1,1500.0,42.0,9.0,32.0
ffa7e0cbe11656d11a117b534bb1db27,beleza_saude,35,752,1,100.0,18.0,18.0,18.0
762c5d72dfd6cb77f19a9e1fd79e43fb,artigos_casa,55,410,1,550.0,16.0,30.0,20.0
dfaa4aa108d9f919df2f99b86d45cb13,seguranca,54,774,3,600.0,20.0,20.0,20.0
bfde0959ec5f62871403b693d2fe68d2,artigos_casa,59,403,1,850.0,16.0,10.0,16.0
d901103375ad57cd89a207d15cf91396,automotivo,55,695,6,2550.0,56.0,11.0,32.0
e935787651bc6a165a8bfbba20333630,informatica_acessorios,36,469,1,280.0,17.0,15.0,16.0
572a90c3bb49f037f9400e6b5937e831,brinquedos,42,212,1,350.0,30.0,30.0,30.0
6af5ae31a7d598601b840d205e11eb9c,pet_shop,40,711,4,350.0,16.0,7.0,16.0
6ccbeb9656e37cb5fd5086f838762471,fashion_bolsas_e_acessorios,55,405,5,500.0,16.0,9.0,11.0
5b7c8200bab71ae7cc1a0a7073b6afa1,papelaria,47,231,1,700.0,46.0,10.0,33.0
33c818b0b45badf24c437fdf7982f58c,informatica_acessorios,47,294,1,278.0,16.0,9.0,11.0
bafb66175e7c8250500ed50faf512dc8,artigos_casa,43,201,1,700.0,50.0,6.0,40.0
0c8fac7d7944ea8906fd291a8609474a,automotivo,51,920,1,350.0,30.0,12.0,20.0
f5059e551244b19994cd977bf5853bda,utilidades_domesticas,52,602,3,2250.0,50.0,3.0,30.0
660c32ce966761f6ed394953aef732b4,moveis_decoracao,57,241,1,2600.0,45.0,12.0,40.0
3edc3d3ffe806f5115118f86cbf5a021,esporte_lazer,26,621,2,300.0,26.0,8.0,16.0
ff9a23dcd6b233811bd2a7be174a8e4c,beleza_saude,53,841,1,150.0,20.0,10.0,20.0
1a73ae8aa2b02829f07c8d5ec7bbd659,relogios_presentes,22,785,1,500.0,17.0,15.0,15.0
87e583842cc9122ded9f8eafbf42894c,eletronicos,55,359,3,850.0,17.0,5.0,14.0
8f9eb414b31a9433e8c89178813a2072,pet_shop,41,1009,1,400.0,20.0,20.0,20.0
05bee157001350b29b1e48395f6736a5,market_place,43,1234,3,2100.0,19.0,27.0,38.0
abb1b334edaeb7f4de5f7724b7fd94cf,moveis_decoracao,55,1750,3,2150.0,105.0,3.0,70.0
9cf02957cdf023b6b8dfebede6c64755,utilidades_domesticas,47,505,1,500.0,16.0,25.0,12.0
790b3ea50b7d2c4e44e6221a402e1e5d,artigos_casa,54,270,2,3120.0,56.0,26.0,53.0
906b864d4d4058844e5187d9fb4109a3,utilidades_domesticas,58,614,1,1600.0,30.0,35.0,30.0
44c7b85d371365e52230e2e0efb8e0d8,beleza_saude,43,1268,2,750.0,40.0,11.0,20.0
8158477dcd2a668fb6faf6aa4131b0f4,bebes,52,1220,4,600.0,26.0,22.0,14.0
bae07c7efc89a25b04daff4b11b7d853,artigos_casa,60,161,1,1700.0,45.0,14.0,34.0
ab507b0003df596e5511f33004ea720c,beleza_saude,50,1901,3,650.0,40.0,10.0,25.0
53edb39964473cfdfad5b78c9134bc7f,artigos_casa,59,289,1,450.0,45.0,15.0,35.0
2b3c98438883cfafc4ac288ed481b045,telefonia,50,845,2,200.0,27.0,5.0,20.0
3a14e4f8d0d1c5be2acb3cd00d9c8047,fashion_bolsas_e_acessorios,58,718,2,200.0,16.0,2.0,20.0
5d345f462eb17adfd93612708672afb7,moveis_decoracao,58,1988,3,2750.0,65.0,8.0,45.0
f2bcc887769f563eb4f126389e64715a,artigos_casa,40,207,1,700.0,35.0,7.0,27.0
f1da618218e0af87b633532b561f5e6d,esporte_lazer,43,1406,1,767.0,16.0,16.0,17.0
77f374d14bd53f0ed5f29613363973b2,utilidades_domesticas,35,310,3,300.0,16.0,16.0,16.0
071b6fda0410cc12642f1083210f6703,utilidades_domesticas,29,594,1,1400.0,20.0,26.0,20.0
e71bbaefe62c59ffa58c1c4864b7e283,ferramentas_jardim,34,776,1,2100.0,26.0,7.0,26.0
c1000786be861c72021fee27d0add9fd,beleza_saude,56,2747,2,200.0,16.0,2.0,11.0
2a11460730aaa623c8897e343fe38cb3,informatica_acessorios,46,2760,3,675.0,20.0,20.0,20.0
a1ebb47a48200e6566603de49b83f621,esporte_lazer,52,474,1,2900.0,22.0,28.0,42.0
b84520a57891e7a8ae2c68741dcc7146,relogios_presentes,56,660,3,250.0,16.0,2.0,20.0
c70b0f9e669ca384c59b1230576199ab,beleza_saude,54,1629,1,4025.0,16.0,14.0,15.0
b2432f253fe77388b09fde407a2cc37e,brinquedos,36,1140,1,1300.0,46.0,7.0,26.0
f1f01d27cb8664e16d57ef4a8075f3be,esporte_lazer,57,615,2,4175.0,31.0,33.0,27.0
98e0291e1b138b5b5384f44fd7a2d149,beleza_saude,50,1987,2,400.0,16.0,21.0,11.0
ff4c1a248a5110d784de5c67a9106d67,pet_shop,60,590,3,1150.0,20.0,35.0,30.0
e108e472a045d8c76c43ba7f2cf4958a,relogios_presentes,54,653,3,500.0,16.0,11.0,11.0
9ffab56dff7071396d82c4b372e7f033,artigos_casa,45,328,1,575.0,48.0,11.0,29.0
0fa5346b6f4924f70dd712764271c52f,telefonia,53,253,1,100.0,18.0,18.0,18.0
f52bf37e391284aa9620c377d4dfe4e2,audiovisual,45,694,1,150.0,20.0,2.0,14.0
1357d7d30c1609c50ad43a42a204286c,moveis_decoracao,54,271,5,500.0,20.0,15.0,20.0
bd00b629f3671ea02795279de2915086,moveis_decoracao,40,271,1,3550.0,45.0,10.0,36.0
ab4d60f2cff5544a9e5a3d9c7a88373b,malas_acessorios,39,784,3,3800.0,50.0,25.0,40.0
3afa7dd2f0f5984b7949daa0860a6448,artigos_casa,40,110,1,500.0,40.0,4.0,30.0
002959d7a0b0990fe2d69988affcbc80,moveis_decoracao,54,1750,3,2600.0,105.0,3.0,70.0
93cbda98bb66aaaae2ab0a7789dfc87b,variedades,58,185,1,4100.0,30.0,40.0,30.0
8481795a5de647a07c409db1c62ba551,bebes,30,1254,3,6350.0,47.0,24.0,33.0
f59941a5cc5ec87593e49a0d49e788f2,informatica_acessorios,56,144,1,100.0,16.0,8.0,11.0
0f56d67a1f266a9cf5af6ffd7895bed6,pet_shop,53,1024,2,600.0,21.0,18.0,20.0
99a9a8fc2d8c8a57d46b5a50536f544b,variedades,56,531,3,800.0,36.0,24.0,16.0
89bab87bf3067b3e6614d53338c4d788,brinquedos,42,964,4,500.0,20.0,10.0,20.0
16afeb4db1b7fa1b52b58d3012ec56be,brinquedos,34,194,3,20900.0,50.0,20.0,30.0
0faf79119af5cb143f82d98d27d9c5e3,moveis_escritorio,59,1068,1,7133.0,52.0,52.0,17.0
632c37951cab36a4e928428cbc4fa4f4,beleza_saude,54,769,1,6850.0,51.0,39.0,43.0
48f933e4480c7187cd28b1637ddca29f,ferramentas_jardim,30,286,1,200.0,16.0,12.0,20.0
1966875cebbc7c844c1e89f9140bb82e,moveis_decoracao,51,1760,3,550.0,22.0,28.0,22.0
6fcabf3ae89dbc8a1c2b13d3d311bc35,utilidades_domesticas,57,519,1,600.0,21.0,21.0,16.0
2ddf9184f8aad1f832fdf5ecd1e53a17,perfumaria,58,560,1,650.0,20.0,8.0,20.0
4955b9229e73cd2a3344be9cd8ad0d5f,esporte_lazer,50,1440,2,150.0,18.0,12.0,16.0
1ba4e3fe92f16fd5a8942f7b7d804b52,bebes,52,341,2,8500.0,45.0,25.0,45.0
60f61a8c9946c02343e43b76bd909a86,bebes,26,483,1,11750.0,70.0,22.0,50.0
4ffa899df8e3d06efbdad07e76303eff,telefonia,32,494,1,200.0,19.0,4.0,11.0
d4a4ff95f641981ed47802cce0ea5c88,fashion_bolsas_e_acessorios,46,129,1,100.0,16.0,10.0,15.0
3344f3ccc35b04b81d8cc2aefabcbcdd,bebes,41,1764,2,7700.0,63.0,47.0,18.0
ffef256879dbadcab7e77950f4f4a195,artigos_de_festas,33,343,1,450.0,16.0,15.0,11.0
1a3f8351b158ae2a59427830a660eb0a,utilidades_domesticas,43,1069,1,600.0,16.0,30.0,11.0
9e8091e1021b25bdf15a9d203a278889,eletronicos,51,925,1,1050.0,16.0,12.0,26.0
3025303c80b01a0926fda2841cc31b4a,esporte_lazer,56,222,2,2100.0,40.0,25.0,28.0
db49e555273e8f70eac0f18f20919850,fashion_calcados,40,303,12,400.0,29.0,7.0,16.0
4a41bfa11528f2c8133c8fceb4494e84,perfumaria,43,3947,1,150.0,16.0,8.0,20.0
3938defa878985e56e22db94bbdea2ff,esporte_lazer,43,186,2,6250.0,30.0,25.0,25.0
0c46bfb6210825d07804a6d4f81a5a92,beleza_saude,54,1616,3,625.0,28.0,19.0,16.0
4256cf575577f02e6c98d452ad40fa63,moveis_decoracao,52,747,4,13200.0,40.0,60.0,40.0
2e1963427978dab49b4bcb0a07b109cc,informatica_acessorios,52,1000,1,400.0,25.0,20.0,20.0
b05e16a39e3c4fc195893fd921779363,relogios_presentes,52,136,4,250.0,16.0,16.0,11.0
6fab1c39de4cee5cf3a849f7f72cba57,audio,60,504,2,300.0,27.0,5.0,20.0
161c9558fccfbf0a9ed72b42285635ec,seguranca,59,592,2,450.0,60.0,30.0,22.0
576787fafc333d1cc0ed0be68a39d001,esporte_lazer,37,3760,1,2150.0,31.0,36.0,31.0
77ccda894b672fe1214b0101d108d7f7,beleza_saude,51,882,4,875.0,28.0,21.0,25.0
cfce05163d94540468fd6c92c62fa5db,utilidades_domesticas,60,766,1,8161.0,50.0,34.0,36.0
febdb23f0a5a9f93c101e489d2bfd352,automotivo,55,327,1,150.0,16.0,8.0,11.0
1cb60c9b90bc722828facc251de1cf94,utilidades_domesticas,51,684,1,9350.0,40.0,35.0,40.0
6f86fa71a6aa21f45e317590aacd0c3f,utilidades_domesticas,60,466,4,400.0,24.0,10.0,15.0
0f3de29f8370072525a20385ebbe889a,relogios_presentes,54,574,1,425.0,18.0,11.0,11.0
969c31fd56d207713e9475c051d984c8,beleza_saude,57,312,6,700.0,25.0,25.0,25.0
021c41b063949bf529b79289c58e0a8b,pet_shop,59,803,1,550.0,20.0,40.0,20.0
f2f6433af969cd131435a2b163d5af96,audiovisual,54,1219,1,200.0,20.0,2.0,14.0
2546d567ebfae0f9bc59addbaa2a16c7,utilidades_domesticas,40,786,4,11250.0,60.0,20.0,50.0
4060f51503152bf2d7592cec5b03fc4f,relogios_presentes,56,741,2,300.0,16.0,11.0,20.0
36940188c2ad1a212b94931a08cc3c29,telefonia,51,380,1,115.0,19.0,5.0,11.0
04262a7ed71aa34edfde0f8429598505,telefonia,53,622,2,350.0,17.0,4.0,12.0
8032dd9dcd307cde20d9caeac304b6a0,telefonia,48,1886,3,200.0,19.0,7.0,13.0
a396b88f085aa34d30a1405fd4f80140,eletronicos,58,100,2,450.0,16.0,16.0,11.0
20d458d013a3988f71009298fecd8607,artigos_casa,43,114,1,300.0,40.0,4.0,30.0
95d4fd03b0b54ae5c0202828f41bef12,variedades,49,709,1,1758.0,35.0,25.0,25.0
64805d6d421c30f6bcba4b28c41a1635,papelaria,25,398,1,600.0,37.0,12.0,31.0
5594eb45b3ced02488aaf71edfb32d92,artigos_casa,60,249,3,900.0,30.0,20.0,30.0
9823e38ee143a67b94ca6c264e2c91e6,papelaria,31,846,1,1067.0,16.0,11.0,14.0
948bd3e9180acc7aa263ae14a2075717,bebes,60,302,1,300.0,20.0,5.0,11.0
f28cbd414cd06f1ae84065c8dd8be834,esporte_lazer,60,806,1,700.0,20.0,12.0,16.0
7af69c11f2613a1f1fa6c519fd358b49,utilidades_domesticas,28,86,1,345.0,17.0,20.0,19.0
86271c025e6ff0c1d327388c0b4c811b,artigos_casa,49,207,1,2500.0,55.0,25.0,35.0
0314706dab9f01188f5cab6878b8f9b4,eletronicos,60,930,3,250.0,17.0,5.0,12.0
e566f2bdd9521bfcb63047b4ac0cfa2c,beleza_saude,41,1059,1,1200.0,20.0,15.0,15.0
cd2d21b047041ab1b899a91aadb7f9d0,artigos_casa,56,122,3,600.0,22.0,13.0,16.0
642a40d4d73b4b2604968937de13634a,artigos_casa,43,93,1,250.0,40.0,4.0,30.0
fb98e86cfbfbff699907f0a84784d474,artigos_casa,47,297,1,1400.0,37.0,23.0,35.0
27e83703cdd809616f51c1d456314ed7,informatica_acessorios,57,636,1,800.0,34.0,12.0,16.0
d0b183d64a31b20c18de673e6e1edd9d,beleza_saude,52,1400,1,500.0,21.0,4.0,16.0
3708b9e82cab4cd6e94e11a9919b1f8a,moveis_decoracao,60,549,4,268.0,20.0,16.0,13.0
7eaf66aca1ed54df09b3c864b7416110,jardinagem,55,2039,6,190.0,21.0,7.0,15.0
6029bc50edfd5d03b89293c6316b570c,artigos_casa,42,633,1,1100.0,16.0,10.0,16.0
5a24564e1fe7c08ef367b0151564ceae,variedades,35,380,1,1400.0,16.0,86.0,60.0
34beebdf2b189075548689f23441ad50,informatica_acessorios,48,747,1,2717.0,26.0,18.0,17.0
b67841db204fe56a1b7d0b4d7c6fca8b,relogios_presentes,51,484,2,250.0,18.0,12.0,17.0
8497f1169a2edddf1a2a226f653be594,esporte_lazer,54,1888,4,400.0,24.0,11.0,18.0
00929aaa7751a77220db9caa1ae6d3ab,utilidades_domesticas,56,279,2,2800.0,50.0,35.0,15.0
9644a7af60743efbb41bd30c624799c5,pet_shop,58,1048,1,2192.0,38.0,21.0,24.0
28dfc4b48aa78bae6d69b43b2742774d,utilidades_domesticas,52,182,1,5438.0,30.0,39.0,25.0
28a652ff04e43c1bc57937a9f8770f9b,papelaria,55,264,4,7700.0,28.0,55.0,37.0
4b05791ca096d2b0b87fd292dbd751a1,utilidades_domesticas,51,97,5,200.0,18.0,4.0,12.0
a17f13897e9a6dd83b91944452d54daf,papelaria,55,616,1,900.0,16.0,6.0,11.0
30674190b5af4d3b447868dff7f6ac61,utilidades_domesticas,57,339,5,6750.0,33.0,35.0,34.0
b70adcd90b3dc72e1b0243fbffd2b625,perfumaria,19,683,1,300.0,16.0,16.0,16.0
0e46632ce140985c23007bb52b4c4039,esporte_lazer,53,1815,8,23650.0,45.0,70.0,45.0
e058b9425edee1d43de03b07e83cd8c9,utilidades_domesticas,46,285,3,650.0,16.0,15.0,12.0
bdeca320bdf54d3cdbb982d737526dc5,artigos_casa,56,392,1,1500.0,50.0,5.0,50.0
583f158587cdecda3e8bdea694021e39,esporte_lazer,57,1042,7,800.0,42.0,8.0,26.0
bc3d15dd90a6794ea7710f1642aae319,variedades,,,,4050.0,31.0,24.0,26.0
e354794c0460552b2c9932026a6e0f22,artigos_casa,49,184,1,7350.0,31.0,71.0,51.0
f0354861ab19941a53209c2acbb1b604,brinquedos,22,546,1,1007.0,33.0,27.0,22.0
86ef699f48c083648732cf491b9ec515,automotivo,51,939,2,200.0,18.0,10.0,12.0
fb5bf004540ad1453e3903bdd2162293,malas_acessorios,48,395,2,8050.0,16.0,98.0,33.0
27bd615168b15793cc060588b2aadd60,beleza_saude,36,512,1,919.0,17.0,19.0,15.0
20987b1deed06bb23b0d711f72a1370d,beleza_saude,48,2410,1,1500.0,20.0,10.0,20.0
a8d8c3a49c2c4b4f2982b529311ce670,beleza_saude,38,1228,1,1238.0,27.0,21.0,20.0
e77303f7e13ee5a4ec287783bde94c70,variedades,,,,200.0,16.0,2.0,11.0
a04f52ded97b5530e8783e3c002b90f0,artigos_casa,54,192,1,900.0,44.0,2.0,36.0
0d86ff0b639e969a11a7b3dce67e181c,artigos_casa,55,486,1,1850.0,40.0,5.0,30.0
407729653f67fdfa6e588c6b0853edd7,telefonia,56,483,1,100.0,19.0,4.0,11.0
1b1bde24cbdf36a390e1abd717b2f7b0,artigos_casa,43,124,1,300.0,40.0,4.0,30.0
0816234aa8a9ed73333cc61afb578bd1,malas_acessorios,41,940,3,550.0,16.0,30.0,20.0
4884efc9339400dcffa6a8ef0d23c2bf,automotivo,38,496,1,550.0,20.0,10.0,15.0
65a664671b56435d4b383cdb373f1b94,informatica_acessorios,48,774,1,150.0,16.0,5.0,11.0
4c4a683ed26e07635c1be832f48df0ae,fashion_bolsas_e_acessorios,53,825,6,1000.0,40.0,8.0,40.0
aa968acdefd6d319d1f19bdc5c04670d,utilidades_domesticas,47,1275,1,17200.0,32.0,37.0,32.0
4e72c18c19fee00460f9504012cb244d,moveis_decoracao,59,205,8,950.0,31.0,11.0,26.0
39d4a8413d363755330d17445a28a76f,jardinagem,49,784,4,3250.0,30.0,16.0,40.0
cf9255e77d3ca4b5d560e28b2b5185c6,utilidades_domesticas,60,223,2,100.0,21.0,9.0,13.0
03da3203e7fba42baf48e3d87cd4b75b,esporte_lazer,57,2016,7,300.0,20.0,10.0,15.0
8a231b2009a17900eedc8a27cccf7828,esporte_lazer,43,535,1,900.0,20.0,8.0,20.0
ddb6c5abf4328c9648eae0b4a41c38f4,moveis_decoracao,42,190,1,950.0,40.0,2.0,30.0
9523bf75c55cbbd31a79ea86a9157a39,eletronicos,41,1033,4,11500.0,77.0,25.0,33.0
04e8d74439cda81827c2cff9f165f4c5,esporte_lazer,52,928,2,3500.0,60.0,20.0,30.0
8f0b605e0b5fe80442a0ea29b25f7c60,beleza_saude,53,300,1,350.0,18.0,15.0,18.0
b384160c8fb72e5debfa85d4511f7b28,telefonia,43,598,4,500.0,18.0,7.0,11.0
1ab21d1c80e214bc2cedfcb7a5ade550,moveis_escritorio,45,1352,1,30000.0,74.0,63.0,26.0
4a52073965ad17f345f579bdbdbabd74,perfumaria,58,301,1,350.0,16.0,5.0,11.0
4c841517250c8eeafc917a63bc78acae,utilidades_domesticas,39,297,1,650.0,45.0,13.0,30.0
b31f144164588b921d0dd301c3a3f78b,automotivo,48,691,1,2800.0,65.0,27.0,54.0
cf3aebf1fe742d73907fed51ead1945c,moveis_decoracao,40,242,3,6650.0,52.0,6.0,52.0
818b53f8e37f256043e855531bd9bbef,beleza_saude,56,915,1,150.0,18.0,9.0,12.0
64a52f25956dafbe36ae37ee5151334a,informatica_acessorios,45,443,2,150.0,19.0,5.0,13.0
938d2bbf637fa7e013e37477da0969c0,fashion_bolsas_e_acessorios,54,359,1,300.0,33.0,8.0,11.0
f463be14aa25e52cdddcccccb9baff20,automotivo,42,84,1,200.0,16.0,7.0,11.0
5b2b9681569c4b3088f3ac605b8576c4,artigos_casa,54,688,1,1083.0,28.0,6.0,20.0
c8fade3c4ba064e104828c4ad4461178,artigos_casa,52,289,1,3850.0,40.0,12.0,38.0
bffd0cca190f7b0acd504ac212996f4d,moveis_decoracao,61,694,1,5300.0,30.0,35.0,30.0
347492a8e06a539c0861eea7e527fdaf,casa_construcao,49,1194,2,550.0,19.0,19.0,16.0
6d2cb25a03acb6dd4e83969a770e772d,pet_shop,48,435,3,200.0,16.0,70.0,16.0
0dc3bdb1240958ec9be2c91cba5bcc57,utilidades_domesticas,47,232,1,250.0,20.0,9.0,12.0
28a0482239353fd069dcf3e6d625ed5b,perfumaria,44,389,2,424.0,19.0,13.0,14.0
8a494aeffa13ead64254d18d66189a22,relogios_presentes,50,434,1,300.0,16.0,10.0,11.0
dc751b73cf0f6958dc9c7cabb1a38902,pet_shop,50,666,5,1700.0,57.0,22.0,47.0
129b641cde2741761c409b8a44546cf2,moveis_decoracao,60,1710,2,700.0,60.0,7.0,11.0
dbb274a4fa7cdd5e025c365b70a41d99,fashion_bolsas_e_acessorios,45,403,3,100.0,16.0,9.0,11.0
1a131431da4dce6844b08bf2d6f4d2f3,audiovisual,49,720,2,150.0,16.0,5.0,12.0
64ec83de8f0026319c8829351e3d6e23,utilidades_domesticas,59,476,2,500.0,20.0,16.0,20.0
8d56572e0e7f9f3c82d73c8ebe61623e,malas_acessorios,28,360,1,550.0,16.0,44.0,35.0
3836f0abd1d2ccdd858b09f3101e1aad,artigos_casa,60,230,1,2267.0,35.0,14.0,33.0
7edfb4c96d69a75d28b973bdc2dbcfaf,alimentos_bebidas,28,350,2,250.0,20.0,11.0,15.0
27d38e5f89c1f61814444a5ac135b5a9,relogios_presentes,38,319,1,617.0,26.0,14.0,18.0
e28f07c46bacab1552060e39781cdfcb,beleza_saude,47,559,1,200.0,16.0,7.0,15.0
1e8c13efcd43c9fb018a870ba9dd73a5,beleza_saude,55,235,1,500.0,30.0,12.0,16.0
5e6839a9bdfcd4d454d5f48b4f681f30,moveis_decoracao,60,471,1,900.0,30.0,4.0,20.0
62874f62bbdeec35f7cd827b1716c47e,moveis_decoracao,57,567,2,367.0,50.0,3.0,35.0
f9e5efb845b51d764b06f149eb99fc7f,moveis_decoracao,63,715,4,1350.0,35.0,10.0,35.0
7674e3decaed7f0ebef4717b1db8334a,automotivo,59,3152,1,250.0,20.0,4.0,16.0
243c2fed5e34044dff827373bd65e9b9,moveis_decoracao,57,568,1,20600.0,58.0,42.0,50.0
64a15444d55d43542a7b8be3ccd08928,esporte_lazer,54,238,1,900.0,25.0,40.0,30.0
e273c62ea30d5ca1753739e6d25d15a1,artigos_casa,55,681,1,1300.0,19.0,17.0,23.0
9a811162b50289557dfbcf9ecd9953c7,esporte_lazer,58,746,3,500.0,50.0,10.0,30.0
df306b9d83f3a792369ff3360475936a,esporte_lazer,59,1259,7,22800.0,60.0,35.0,65.0
4a211fb7f2b6822d48f63629207a9f7e,eletronicos,55,79,1,250.0,26.0,15.0,35.0
5f12f6b1738fab26e4a9d7907452c932,automotivo,42,1026,4,29600.0,56.0,15.0,36.0
36c1f365be147f6c1c6d023ef73b17c3,beleza_saude,60,863,3,1500.0,30.0,12.0,28.0
c45f017c36f9112a8bb4f170edfb1870,malas_acessorios,45,702,1,1400.0,33.0,10.0,49.0
aa8cf1d1d094ac7ca06ad3df6d87633a,ferramentas_construcao,40,374,1,894.0,26.0,19.0,24.0
1eaf224c19e07b6e50bf0119eea1dd26,artigos_casa,58,189,1,1350.0,48.0,9.0,38.0
ffedbd68fa6f44e788ff6c2db8094715,livros_tecnicos,36,739,1,450.0,23.0,2.0,16.0
1341fe21db99218918b57ca553968a50,brinquedos,39,997,1,1270.0,31.0,16.0,32.0
9d123055622741ac77766a4dbfa4d1b9,beleza_saude,43,764,2,786.0,28.0,11.0,17.0
eebab579293fbe7c5bf6b18e1744a0b1,brinquedos,18,558,1,405.0,28.0,15.0,20.0
1a796d2b0c1498dead0d8102ee8ca9c4,automotivo,58,117,1,200.0,16.0,7.0,11.0
111a3ef82d77e13260a73fbf58c41da5,perfumaria,59,509,6,350.0,16.0,5.0,15.0
545448853bd8e282bb211e0d16158762,automotivo,57,234,3,250.0,16.0,16.0,12.0
a2a91fe6d8762e0371abd964cef88ec6,utilidades_domesticas,27,49,3,300.0,25.0,10.0,23.0
35ffbac108d291eae9a8df90f92f6fad,eletrodomesticos,54,186,2,950.0,62.0,17.0,25.0
2701fc4808fcb783d1347510b8b16698,utilidades_domesticas,39,138,1,1800.0,23.0,14.0,23.0
344e500a6d4d2085337b9e81c0b9c9de,instrumentos_musicais,60,984,1,200.0,22.0,10.0,15.0
e1165c7ceda460f9d14914648fc31631,eletrodomesticos,51,552,1,150.0,18.0,8.0,13.0
fa3a067994b6fd52b6ce674ee19a5bdf,utilidades_domesticas,52,1063,2,2200.0,89.0,5.0,20.0
ca74d0530e5f2c942254f4d63dd037c8,telefonia,19,543,12,100.0,16.0,3.0,11.0
0496f30fa502d5454825087842d7a497,brinquedos,31,182,1,250.0,16.0,19.0,19.0
2e910736c31392d46841f315e9511405,variedades,52,884,1,1100.0,50.0,40.0,30.0
a3cdb889819a08cb9f6a68de568329e5,consoles_games,43,846,9,1000.0,20.0,30.0,20.0
ee459f46c41c7314be5b18a4cad901de,moveis_decoracao,63,395,1,1500.0,26.0,6.0,20.0
acde6bd0b5f91190e2a123df389b0b47,automotivo,52,545,4,358.0,16.0,6.0,17.0
7435b3acc47c0cccaf692a61002d8908,moveis_decoracao,47,325,6,3300.0,28.0,29.0,35.0
de7be0e706ff92660bc06681f07ca950,artigos_casa,58,389,1,500.0,16.0,10.0,16.0
d6b80738418fd3491b89c8d2cf5f8256,artigos_casa,51,528,1,2837.0,36.0,8.0,37.0
385387db655fd8b33789a0cd6e8a0b6f,consoles_games,27,342,1,300.0,17.0,2.0,14.0
5bc5205ae68bc0e9997e05fa59b06194,informatica_acessorios,54,365,1,825.0,30.0,15.0,15.0
639f8bcf72dc560a99bc690a73258235,informatica_acessorios,56,161,1,100.0,16.0,8.0,11.0
57f90b6fc66c06410e02e8bacfba79b5,beleza_saude,51,621,1,250.0,30.0,12.0,16.0
1600dcf1cea8c0c83702e07b577ab231,relogios_presentes,57,181,4,250.0,16.0,2.0,20.0
db858d1d14f31fbf7f38036ac7a3fcf4,telefonia,51,1157,2,575.0,20.0,20.0,20.0
4cee4c57bf2e00c0c0e10918245491c1,artigos_casa,48,280,1,3750.0,70.0,16.0,50.0
4a16cff2de159237df876ff7ba0fceca,papelaria,53,754,4,200.0,16.0,5.0,12.0
a290d14df28cfebaa8e74935525de682,relogios_presentes,55,499,2,400.0,16.0,11.0,11.0
45e67c8e544137e6c9dc0b1786f005c1,consoles_games,50,423,1,200.0,25.0,9.0,21.0
c73628b1c3144b2e0c9c88072f21a213,automotivo,60,1892,2,850.0,20.0,9.0,14.0
299f6d537aa695fad79a42bcf3fdd3a2,artigos_casa,59,305,2,3200.0,45.0,15.0,35.0
cecbcf63df5c478acc233d45ee32122a,ferramentas_construcao,57,447,6,2750.0,64.0,10.0,40.0
77b433708de78b6f08c64d3cb465ad8c,telefonia,37,166,4,200.0,16.0,4.0,13.0
4a3fcddb44d39ff3d8d97e01a7dd8bd1,utilidades_domesticas,53,891,3,1050.0,35.0,18.0,35.0
66bd6e465a87926adb15dec604948867,fashion_roupa_masculina,55,1241,2,700.0,16.0,2.0,20.0
6f053a0a4d934dfde147e71bcedc99e8,relogios_presentes,55,457,2,450.0,16.0,19.0,14.0
2b0943c63387bbdc046d9a7692602388,esporte_lazer,54,586,2,1050.0,30.0,15.0,20.0
70c045e016db654c9c8fd04c4ce334c1,utilidades_domesticas,52,621,1,1300.0,30.0,30.0,30.0
44414d55ce2808a7b8f3568a92d1484f,ferramentas_jardim,56,1575,1,3763.0,49.0,45.0,34.0
10bebf92134e2365890500a92a4b2574,moveis_decoracao,34,252,1,400.0,16.0,34.0,34.0
214d074d545a9cedee55284805a1335f,moveis_decoracao,58,737,3,1500.0,43.0,9.0,43.0
c0315bd17c58be3dec2bd04dd4233b7e,perfumaria,59,827,2,500.0,20.0,13.0,20.0
417e213344336988e562ccc3975987f4,beleza_saude,59,770,1,1501.0,28.0,24.0,21.0
29427de7f8a9ee983d9dbc51cec569b4,variedades,54,995,1,4475.0,44.0,24.0,31.0
ee6e15447094b902e95fa175c5695cee,brinquedos,55,467,1,300.0,16.0,6.0,11.0
f6d6246239cec75f604b82f359cdf148,relogios_presentes,49,174,2,350.0,16.0,10.0,11.0
d9880e15196711e7f9fe7dabc5f74117,esporte_lazer,35,188,1,385.0,25.0,20.0,20.0
6d30e5e702df2b8719d9c6be1bdf425b,variedades,44,909,4,25000.0,27.0,23.0,105.0
512bcb8dec32fae04f4e4f0b407e8e74,artigos_casa,55,837,1,250.0,16.0,10.0,16.0
256086616d085d9fdedf74f8595f589a,moveis_decoracao,44,864,2,2450.0,40.0,7.0,60.0
178c02376540dea14abfbcc1af483528,ferramentas_jardim,42,561,1,550.0,19.0,14.0,10.0
64bdd5618789d2a145ddc94409a07579,telefonia,60,692,1,2200.0,16.0,51.0,17.0
2e0b9273624db778d82fd3b18becec24,brinquedos,57,707,4,345.0,19.0,16.0,18.0
8085332eae15bbb5b7daa5b11fad25dc,fashion_bolsas_e_acessorios,39,245,4,100.0,16.0,5.0,14.0
4d4321549f8f978a19a4d17588b1e770,artigos_casa,58,217,3,5350.0,40.0,20.0,40.0
1ccead49ab8f345a022f75586ecfc1b2,artigos_casa,45,310,2,1800.0,35.0,20.0,25.0
3bebad3cf2c8d1a8d3ce97174643e054,agro_industria_e_comercio,49,903,8,500.0,17.0,11.0,11.0
a9b36aaa68ebd315701524c822800f29,moveis_decoracao,54,532,1,550.0,70.0,7.0,11.0
02090f97a28b3d10d19a09f045f6df34,relogios_presentes,60,738,1,375.0,18.0,12.0,12.0
7fb04722aba7a2b632bac8f9819796f3,beleza_saude,48,594,1,1850.0,24.0,36.0,23.0
38fae4a77e7b8728d1ac50ff3c5bc7a9,artigos_casa,56,688,1,1100.0,28.0,6.0,20.0
3b60d513e90300a4e9833e5cda1f1d61,variedades,,,,450.0,20.0,12.0,15.0
923fd8ff0cec825036dbbfaa8ddda4b0,beleza_saude,45,376,3,800.0,16.0,16.0,16.0
dde7139085b54e2ea1771a2f9964d344,esporte_lazer,52,2145,1,3400.0,36.0,41.0,36.0
781273115293d80ac1f459cc466f8483,papelaria,59,300,3,250.0,20.0,25.0,11.0
42eeafd44530254139fba96265b34a17,brinquedos,54,666,2,450.0,25.0,11.0,13.0
9c0e03692735d7d179868554fc5a1d2c,esporte_lazer,60,248,2,2100.0,60.0,15.0,15.0
88007f00299939d563c9565c054d2cd7,brinquedos,23,423,1,500.0,23.0,25.0,11.0
fcd98736b0f93602db185e73afddefc1,beleza_saude,40,1395,1,850.0,27.0,9.0,18.0
072346978ec57ef87579ba2cea7c7030,relogios_presentes,58,846,3,275.0,15.0,19.0,16.0
1191e61a83c807323c6c1cb5eac9ff3c,telefonia,59,777,6,350.0,17.0,4.0,12.0
d2c277a6bd8e9119fa1a84c70f3eab5d,moveis_decoracao,40,133,1,2750.0,60.0,15.0,30.0
570df4c7c2a1ba5d810f27b93c584232,esporte_lazer,48,621,1,1200.0,19.0,19.0,16.0
3f3bb9a9009cafb307bc91e3d8a507b9,moveis_decoracao,63,208,2,7600.0,100.0,7.0,65.0
ad0ee460b80a7d61b2bb7ef4074726bb,telefonia,34,540,10,50.0,16.0,3.0,11.0
9ef3514cbcbf73d8b7d294036f99737f,utilidades_domesticas,53,1708,3,1650.0,69.0,10.0,40.0
d0d2f2b156caf4eecf8a6a9d25e52d36,moveis_cozinha_area_de_servico_jantar_e_jardim,28,328,1,9200.0,75.0,30.0,76.0
f6b848f09b07fa4ea068f8efc83174d7,moveis_decoracao,58,144,1,1600.0,50.0,20.0,40.0
09cbb58b67d2f010f3ce6ae6196f1ed9,moveis_decoracao,41,592,1,1900.0,65.0,12.0,12.0
c9a8800476293bb678ba46cf7df04460,automotivo,51,202,1,4800.0,55.0,20.0,20.0
d89b65ae21c1eed8128aafb8c3c553fe,ferramentas_construcao,56,952,3,1400.0,16.0,16.0,53.0
aa8d88eb4b9cb38894e33fa624c4287f,relogios_presentes,54,335,4,250.0,16.0,2.0,11.0
c4defdb2bce4d658abde5891e3be4bb3,perfumaria,49,367,2,8250.0,38.0,18.0,22.0
479c131b7a9955b2e137e8d8d2187c63,artigos_casa,50,372,1,1400.0,34.0,12.0,40.0
cebad0ed16ecd450b97d2be843d3da86,variedades,,,,800.0,16.0,20.0,15.0
b2e22c958b453a43a650a579dcac2e43,relogios_presentes,45,473,1,438.0,18.0,10.0,14.0
b9a4af1c160ac5edcc68db0b88785ea1,eletronicos,44,510,2,400.0,23.0,2.0,13.0
8fcc1d90544dc9032e38da313cd5d278,consoles_games,43,117,1,180.0,21.0,6.0,17.0
e59c0bdd870c05d20216271d1d605a08,esporte_lazer,50,781,1,983.0,24.0,26.0,22.0
d3d2f358e7e92dbbbc0a37d0b7435253,utilidades_domesticas,58,2108,1,2400.0,34.0,31.0,24.0
0c1d4f1cb61aefcfa34ff848581eebcd,relogios_presentes,57,907,5,500.0,16.0,11.0,17.0
1c3a3b443f2cc220733fbd7b49841187,perfumaria,52,795,1,453.0,21.0,11.0,14.0
e5ff2945f13a69162a72acc5170ba684,artigos_casa,58,303,1,20600.0,61.0,52.0,44.0
95ed6e881d471156e430b8546ea76ba5,informatica_acessorios,60,501,1,240.0,20.0,16.0,15.0
484619f908431240f47e8c9e96ca00d1,informatica_acessorios,48,1549,3,400.0,30.0,11.0,20.0
efd468c6398ce7cfa6b74b2d663a0b5c,automotivo,59,701,1,100.0,32.0,2.0,24.0
7058b559d90923e6e2a76b2e67f6f63c,beleza_saude,53,3071,2,1025.0,31.0,20.0,20.0
8bba4a8de8b5de57c7ff105d043254dc,beleza_saude,56,1849,1,1550.0,24.0,38.0,24.0
04c51bd1943710a970c0331518cdd2a9,esporte_lazer,35,432,4,350.0,22.0,5.0,12.0
e9c49fc758728b084498862fcabf3c5e,brinquedos,60,920,3,19600.0,45.0,50.0,45.0
5900bded018b6ea12771f169967122d2,seguranca,39,585,1,27100.0,38.0,100.0,38.0
f727147ccedba9da38dc2ab8b496a444,eletrodomesticos,60,245,1,800.0,16.0,45.0,35.0
3f7e7c162952dff0662dcc6186d82a57,bebes,30,1152,2,2000.0,50.0,25.0,40.0
668e8ee8f69c3545109fc40f72336e8f,esporte_lazer,48,626,5,1000.0,35.0,10.0,20.0
905a4d693124aa4be9299d68ee7ebd91,utilidades_domesticas,51,434,1,2550.0,58.0,43.0,25.0
23af6f1d463d55ba48b5b89085acb74b,automotivo,60,691,5,1525.0,68.0,9.0,36.0
1c928305f64aa4a643ca1c969c0abad7,automotivo,46,431,1,150.0,25.0,7.0,16.0
6d6c510f2222e168bf3b6b67e24c9535,informatica_acessorios,33,273,1,517.0,16.0,12.0,15.0
64fb265487de2238627ce43fe8a67efc,artigos_casa,55,329,1,1825.0,44.0,14.0,34.0
42f03aab9564c9b88c5d269eee68a79d,papelaria,60,126,3,1000.0,25.0,55.0,45.0
2741993686da5b94521e019e9181ed1b,esporte_lazer,57,862,5,400.0,30.0,10.0,15.0
c55c23548ed13b6e14bb2e516180f83c,bebes,48,471,2,250.0,70.0,5.0,35.0
d4257bb9c6abde06be66858be5e4e6e7,moveis_escritorio,59,476,1,20300.0,57.0,55.0,22.0
5d78060c4b02296fb129822fe0ac9ccd,brinquedos,43,255,4,600.0,20.0,20.0,20.0
e7d7558873ff13253317bd0aac27f072,telefonia,19,382,10,100.0,19.0,3.0,11.0
754abbe178ba64e121856bdf42c6813d,beleza_saude,43,560,2,525.0,20.0,6.0,11.0
555c681a23ca3d3adaaf1a74122b5bcf,informatica_acessorios,55,1883,1,5323.0,22.0,24.0,39.0
300033210146d71650e4805754be6a45,moveis_decoracao,35,423,1,450.0,18.0,16.0,16.0
e6c30d6c9696ee10542e7e25dcdffa92,ferramentas_jardim,45,250,1,1200.0,52.0,8.0,11.0
a993630a8281d440f812efcb8dec5c68,esporte_lazer,42,920,2,3050.0,28.0,24.0,11.0
afdb06ebeca917512783bcbaa8ed28c0,automotivo,56,568,4,1800.0,52.0,5.0,52.0
57eea82fdaafa70e1bda51d338583f9b,perfumaria,45,960,2,100.0,16.0,11.0,14.0
37ffcf68086496e428431de29b0b394d,esporte_lazer,54,834,4,900.0,60.0,7.0,58.0
84d587fc7738e0359fa9ec3e9620c45c,automotivo,55,1145,1,1100.0,25.0,20.0,20.0
8155728af949f234b666bf60ed257e6a,artigos_casa,57,280,1,550.0,34.0,23.0,43.0
b1bd2eebcf90443f4f17e71bb89468a2,esporte_lazer,52,520,1,200.0,16.0,15.0,15.0
c6aa164ce2d179e87318dacf63ba9d9f,artigos_casa,54,766,1,583.0,28.0,2.0,23.0
0e4ed218b40ef29464d9a9c778ea123f,brinquedos,36,389,2,1050.0,16.0,13.0,12.0
9e56753b5a372958503c899615659254,utilidades_domesticas,47,208,1,1000.0,38.0,39.0,38.0
bdf89d6a5ed033f3e4fb1266fc445f81,utilidades_domesticas,59,194,1,1225.0,20.0,17.0,15.0
02a3073438c0d024f60e34a05bd340c4,automotivo,51,732,1,850.0,41.0,45.0,11.0
be7af429d53adfab190dacdaad6a1c9b,papelaria,54,2562,1,21800.0,55.0,50.0,40.0
b19a2365309dfdd579a0383bfbe17416,moveis_decoracao,57,630,1,400.0,40.0,10.0,30.0
332ada06f1c62d8a675e44330d53f785,pet_shop,47,606,1,500.0,20.0,40.0,12.0
d85783d7c896fdb2fadbbc19c6a1c58e,variedades,,,,700.0,30.0,12.0,20.0
8c8361199b662437db44cff3bb7686ec,automotivo,56,1066,4,100.0,24.0,2.0,17.0
7c263994ef32b8ced2fa464a5d4312a8,fashion_calcados,54,404,4,800.0,22.0,12.0,33.0
c3097e07a0a5de0d4b4c836d90c5a284,eletronicos,43,425,1,200.0,22.0,11.0,16.0
e5130ccb07bdb4424ec93754a54c917f,beleza_saude,60,966,1,1000.0,19.0,28.0,17.0
a425439bda03235c54fcb21e14f3865d,moveis_escritorio,40,848,2,3950.0,18.0,23.0,27.0
6845447c5d4495dcddca6e6b494df3e7,artigos_casa,55,1337,4,1950.0,40.0,6.0,35.0
c36bf06e0eb9da82511d954d8f25114c,utilidades_domesticas,56,456,5,300.0,30.0,11.0,20.0
15f17270133dfedc0e1064782a60e374,variedades,51,305,3,6000.0,52.0,44.0,27.0
90d6c0080350ceabdb86561709163786,iluminacao,51,329,3,400.0,20.0,20.0,20.0
6dceb64b44142aeb9fe7397dfefae705,automotivo,32,348,2,150.0,24.0,2.0,17.0
ad673c1cd02b966e931f9db4fdc34791,informatica_acessorios,39,1321,3,350.0,22.0,11.0,17.0
065554bfe0244b9f5f6414f332106a21,flores,46,145,1,800.0,30.0,15.0,20.0
8d5ab785e6761f35bf54eca83846dd2e,moveis_decoracao,57,401,1,350.0,32.0,2.0,22.0
0a9c1eb587d41f043827b05a8b02070a,esporte_lazer,41,695,4,500.0,49.0,12.0,27.0
8bbaacd2cacfabe138774ccbebe689f9,esporte_lazer,33,522,3,900.0,27.0,12.0,49.0
82029e5d2411cd3a74021d94ee87d457,telefonia,51,535,2,508.0,16.0,17.0,17.0
2d771944d4a7dc7d95d974cfe4be96ff,artigos_de_festas,46,411,1,55.0,30.0,2.0,21.0
958cd4fc82ce0223c757f47bc9d67e23,automotivo,59,1275,6,1550.0,23.0,12.0,16.0
c37123a4ab536f2b55e1164f5759318a,variedades,60,1906,4,150.0,17.0,8.0,17.0
aa050bcc1f43af01b044c36285bbb87c,ferramentas_construcao,57,1519,2,450.0,28.0,4.0,13.0
ce4564d6cb17bf0139f4a0860565c338,utilidades_domesticas,51,583,1,1300.0,38.0,27.0,16.0
9b1954fdd0f9b4ef4ee2d267ac9de4bd,beleza_saude,33,964,3,100.0,19.0,11.0,11.0
03b58043df5d7424df7eac2be2511c51,variedades,56,645,2,1650.0,30.0,4.0,30.0
b84c4c7f1845f068f40e350865b803fa,beleza_saude,55,865,4,1400.0,42.0,12.0,11.0
8213da1c8eae3aa3fa5c70d87fc1581c,utilidades_domesticas,50,1002,1,550.0,16.0,32.0,11.0
f55169632cc26dde7d6f83fb5524a983,artigos_de_festas,58,358,1,4650.0,33.0,18.0,33.0
6d4c6c09abd1a1ca5f30f96341aa5555,informatica_acessorios,56,866,7,200.0,18.0,16.0,13.0
b5a7564f1621cb776aefe6ce4e63b953,automotivo,43,273,2,237.0,19.0,7.0,15.0
9adf1fe77e9fd5f8d3ade939b291029c,esporte_lazer,39,849,1,200.0,18.0,18.0,18.0
62a183c5f3895060ba1a8f1415694908,fashion_bolsas_e_acessorios,45,602,5,100.0,16.0,9.0,11.0
4f74d757aae5755017f9afc37c65afa6,ferramentas_construcao,32,566,2,2300.0,37.0,15.0,37.0
566837caf82af3f65421f9d9d8820a27,moveis_decoracao,56,385,1,700.0,25.0,2.0,17.0
3ba2b0de14984ce8f072c58be8d701dd,brinquedos,59,1164,4,6133.0,44.0,35.0,48.0
a7ae89769bab33a607946e0fb4a9c7c9,utilidades_domesticas,56,204,1,3300.0,36.0,15.0,29.0
461f43be3bdf8844e65b62d9ac2c7a5a,relogios_presentes,35,591,3,444.0,20.0,14.0,16.0
d3a82491c369d2be35eccefe6ae8306e,relogios_presentes,39,2101,4,300.0,20.0,15.0,20.0
7c256e07dc557658d97d070c34cde789,esporte_lazer,58,2307,5,6150.0,30.0,40.0,40.0
c72edc98e7d77f0c4c04ec80730c05f5,esporte_lazer,18,370,1,700.0,26.0,14.0,24.0
b7733895fca54f6ce4af8c29a3056680,informatica_acessorios,56,176,2,50.0,16.0,8.0,11.0
7ce4db889dbcd395526f583dbbd40080,artigos_casa,50,661,1,1400.0,42.0,9.0,36.0
eda35b044961997f258dbd749bce05cf,informatica_acessorios,60,452,2,1000.0,20.0,30.0,20.0
4e299043dd819cc6f103f77b4bcf11eb,artigos_casa,53,294,1,4000.0,45.0,14.0,42.0
6877393202eb24747508f62474a2c1c7,casa_construcao,53,919,7,800.0,16.0,29.0,16.0
a1b99f381afecd76d7e05ebe6542bcc3,brinquedos,34,192,2,1100.0,20.0,55.0,35.0
27822f63a7f1bbbf439dfbdbec05b129,variedades,,,,8800.0,40.0,40.0,30.0
df676834e2a38e1bf267bd85a2dc8e3a,relogios_presentes,43,987,1,550.0,17.0,14.0,15.0
efe89e1f6cc1e32f1971afcd4d56a4b7,beleza_saude,38,2211,1,4000.0,24.0,24.0,16.0
fa3ca099d117071049858cc82aafdcfb,esporte_lazer,59,345,4,20950.0,70.0,41.0,54.0
f565767fe2205fbf1e7c0d1c2fc5773b,papelaria,42,132,3,1100.0,50.0,12.0,25.0
c93b1a2e204567ed8b8b59a99456f8c4,automotivo,34,348,1,5400.0,50.0,40.0,40.0
bedb45388f9f994c1ce963354fd32469,esporte_lazer,52,393,1,2650.0,20.0,10.0,25.0
cfd6c873a8d86ecd3a2cc3b96fc63729,bebes,25,498,1,13450.0,60.0,32.0,42.0
e1e932dfb67414e80b87ad97688cf2a3,brinquedos,45,404,5,3850.0,52.0,7.0,55.0
9749d8875e250b3cb65d938c46efac5a,moveis_decoracao,27,400,2,3000.0,50.0,14.0,44.0
c221338cf5bbc53a58d3f15b3620e1f0,automotivo,57,295,1,12550.0,50.0,30.0,50.0
85f2efd301728b2f8f012f776d932fa2,variedades,43,151,2,400.0,47.0,3.0,37.0
a3e8b232951525e76e82577bd3729173,bebes,33,609,2,500.0,36.0,7.0,25.0
c647d965c3bd45fa151a61dc4233b7cc,variedades,,,,1000.0,16.0,50.0,12.0
8c90d88939a7bce735c315d9d8cd5274,pet_shop,50,1566,2,200.0,20.0,7.0,14.0
ab6894479165254fa26f0fbb31c53ce4,artigos_casa,55,731,6,9900.0,50.0,30.0,40.0
cf0d29a0ea1464f4c3e5594d0746c51b,telefonia,39,365,13,100.0,16.0,3.0,11.0
4749c60e1d85abdf15d45092c5a2cde2,utilidades_domesticas,40,2073,3,1400.0,27.0,21.0,21.0
6bd4d02c882f26ee1a4a2d037935382b,casa_construcao,63,270,4,200.0,22.0,7.0,20.0
fc4179aaee80873ac630e593d669256d,fashion_bolsas_e_acessorios,39,267,1,400.0,16.0,10.0,12.0
9523f1a3e7db9e38d55379435bd450c9,bebes,45,659,10,10400.0,33.0,30.0,44.0
e19ddcc85537b41f22116c8d5425ef46,moveis_decoracao,48,519,3,700.0,26.0,8.0,22.0
9a63fa9eca94ee429d997471304cb60c,perfumaria,58,1043,2,400.0,16.0,22.0,16.0
28ec94b0adef9c07f96a03ec8dacf6f6,brinquedos,33,1223,1,600.0,17.0,12.0,12.0
28ce57ecf4afba85e6020ec0209cada9,variedades,31,248,2,5650.0,73.0,73.0,20.0
615cdd12d2db03b570f68c5ac19ab026,eletrodomesticos,56,190,3,2667.0,28.0,37.0,33.0
9e47ae55f9327141d2dc2cbca3317e49,seguranca,59,551,1,300.0,20.0,4.0,18.0
5348b1bdd951b67a4d2a58992e2233ed,telefonia,59,818,6,250.0,17.0,4.0,12.0
2a2d8268d68108112cc3e66fff9c6a7b,esporte_lazer,48,1429,1,550.0,18.0,18.0,18.0
cc6a0d67ea3d63acca23c81500670843,artigos_de_festas,46,459,1,1350.0,23.0,17.0,18.0
b000447e24e31a4d7e628ca4d0622131,telefonia,33,119,1,250.0,19.0,4.0,11.0
a5f25345083fc9e537fe69c874886fe7,ferramentas_construcao,54,678,3,23300.0,65.0,58.0,37.0
76da62260c1793eadb05355edc9fd6ee,esporte_lazer,42,1599,1,3800.0,34.0,22.0,22.0
2dc2efef0bbccb4ea53e2a21cdd52dc7,bebes,55,704,4,5650.0,60.0,20.0,50.0
47d663d481777efdbd7f947f96d76bc7,brinquedos,41,528,3,1300.0,16.0,34.0,52.0
08f7d5ada29287296d46f79ec4d397d5,beleza_saude,58,2398,1,3100.0,20.0,20.0,16.0
ad5d8ddac19451ea0f20b6c38afc3bc1,esporte_lazer,56,1860,1,200.0,17.0,12.0,15.0
6a9f754fa948a2f0304ee2b75f801da6,brinquedos,38,436,1,550.0,28.0,6.0,15.0
063d6951f9aa6a9c2122a9492480d9ef,moveis_decoracao,60,1141,4,1200.0,60.0,22.0,16.0
aef5dacb8cffba210a6e307dd01e4923,variedades,55,410,2,1150.0,36.0,16.0,24.0
b5c9804aab5c4cfd555ebfbc609de43d,esporte_lazer,48,1062,3,400.0,22.0,12.0,17.0
71835d687609f578b92692f98ab16100,moveis_decoracao,29,1698,1,3500.0,55.0,5.0,40.0
6a6ac21bea0794ba578bd5614699dcf3,perfumaria,36,520,1,7650.0,60.0,50.0,16.0
2b82632fc977852ca422e8bf3255912f,ferramentas_jardim,46,512,2,1488.0,28.0,24.0,22.0
e4a944ceb290f6743bc262b3963471e2,papelaria,23,462,3,800.0,32.0,44.0,13.0
fc2053a22dde0b067898ea436a86ec6e,artigos_casa,57,158,1,1900.0,38.0,10.0,33.0
eed8b513f23793f1d52a3baf41f38392,alimentos_bebidas,39,920,1,350.0,21.0,10.0,15.0
8ee57a1f636eb2e009706bbdb0818ecc,beleza_saude,50,533,1,700.0,27.0,9.0,18.0
0b2b7a2dbcdf63ca0044d9e9ef8aa4fa,seguranca,54,1684,3,200.0,17.0,7.0,17.0
a1edc55bde3207643a142f3e6074e942,variedades,,,,400.0,16.0,2.0,11.0
27d089865ecb267c190122ec1feddb8a,relogios_presentes,60,539,9,250.0,16.0,2.0,11.0
b9da2805666fccbb12f3aa73f0e94ec6,esporte_lazer,43,1362,3,150.0,20.0,8.0,16.0
77feb885b9ca6c9b64934b33e3c0e15e,ferramentas_jardim,54,683,3,6300.0,37.0,15.0,37.0
99867d4e33798b303108f7eeb2f91b41,perfumaria,27,755,1,85.0,17.0,7.0,13.0
01a630ec9b9f9387e5a91c1f83bd209b,moveis_decoracao,46,381,2,300.0,27.0,13.0,16.0
c23ce1a424314067b298aeca014aa15c,automotivo,56,788,4,200.0,20.0,6.0,13.0
03fbf722447bf7fb4a99aff40b8ede7a,instrumentos_musicais,59,761,2,7550.0,37.0,23.0,38.0
ab142a566883e92ca907236477173c6c,variedades,,,,250.0,16.0,2.0,11.0
8b5a201cdb79e1962baa08534f71d382,relogios_presentes,59,488,2,250.0,16.0,11.0,11.0
5b4b8595bd33017cf3c87c8ab09c2e42,papelaria,54,231,1,150.0,17.0,6.0,11.0
deff454ecdd9cb013e9e13a32b1b41e8,automotivo,58,492,3,100.0,24.0,2.0,17.0
ca92f5c2276bfd491db575cd9de5a70d,fashion_calcados,54,404,2,800.0,22.0,12.0,33.0
6f62dd1f280a651e3334c84c4f1d96b6,perfumaria,57,663,2,1000.0,18.0,10.0,20.0
0c8862859cb952ee81428f80dc8140d9,ferramentas_jardim,47,730,2,6000.0,44.0,28.0,25.0
a55b43b743437ab4a7ffcfc47d2927c7,beleza_saude,47,716,1,1583.0,22.0,15.0,14.0
045c0f3faa3d81ff1af071e0811b2711,relogios_presentes,49,570,2,200.0,16.0,11.0,12.0
a877b6c534fc8a71968d0c24877651e9,utilidades_domesticas,47,375,1,350.0,19.0,20.0,19.0
7ea6e431566424822291438eddf3091a,telefonia,36,520,1,99.0,21.0,3.0,14.0
e564a5055dc25c8f77b59bc847898184,seguranca,26,698,1,300.0,31.0,4.0,15.0
bd05b9bd1dfd93e2b7c7b7e0a9acb17d,moveis_decoracao,48,723,1,1400.0,30.0,11.0,21.0
f25c46ee777a6bee45ade2bec5b85c52,eletronicos,47,425,1,1450.0,48.0,5.0,12.0
f5043f8b770cb875d3157ec66f8a9dd3,telefonia,56,501,3,125.0,19.0,4.0,11.0
a3c933b29543a2b90e9aca184ee7397a,artigos_casa,55,184,2,350.0,50.0,8.0,40.0
be62f0c24387eae79f18265ad2a5d8cc,esporte_lazer,60,2214,1,4100.0,16.0,10.0,16.0
a17986e7f2991a5f5fcbfae5639ca1cf,alimentos_bebidas,35,246,1,300.0,16.0,2.0,12.0
f3fddc967610429e8ee3cf2d089817bf,utilidades_domesticas,31,137,1,150.0,18.0,9.0,16.0
b56ff361e0733eebc1d010432936b706,bebes,48,985,3,200.0,70.0,15.0,50.0
349dcde76e42ad7a08253c7e825af897,pet_shop,28,2161,1,700.0,30.0,10.0,20.0
6dab56beb5263f0d554cae5c55809208,beleza_saude,56,966,5,175.0,16.0,10.0,18.0
b2c888bdc2e3b970ec418f4c9f9877a3,variedades,,,,250.0,17.0,14.0,16.0
65f037a133d9ffc71164a5d69dee187e,pet_shop,54,1069,2,2000.0,50.0,20.0,40.0
d0b746fab0f305184f317eab7547fec3,beleza_saude,50,833,1,1525.0,25.0,16.0,18.0
4daac62d42cfbad476c3e42791411412,fashion_bolsas_e_acessorios,47,567,5,100.0,20.0,4.0,13.0
7a218e13b9e58954adb01957402cf4d1,beleza_saude,17,577,1,130.0,16.0,11.0,13.0
387e781bdd254dd8821e6194af0fa8d7,utilidades_domesticas,63,497,1,9950.0,47.0,20.0,60.0
847a5815be924c5d9466f44fe78b47c1,moveis_decoracao,58,454,2,467.0,47.0,4.0,35.0
38bbdd7cf8ec37b401531aa741bf2394,telefonia,43,292,2,270.0,16.0,14.0,11.0
4f81e9ee3504409c3c3b4a79b8a80332,brinquedos,16,992,1,1750.0,35.0,20.0,35.0
85b6cd7f57f7a06d180c93e8c74f6381,artigos_casa,55,555,1,650.0,16.0,10.0,16.0
c0b6b3f28ce02f61610abda2a6049de7,beleza_saude,22,1263,1,1267.0,20.0,19.0,14.0
468d0a8c1313382adf379d69bae15798,telefonia,38,393,2,100.0,19.0,3.0,11.0
c00f76b76f52037b0fc9f71fd8a7ac10,perfumaria,45,615,1,100.0,16.0,5.0,11.0
f5980f601cc5c58c4fd5dafc2e8b10c5,beleza_saude,55,841,1,1300.0,16.0,16.0,16.0
ee75970e2871fe4204cf7bcdda61d08a,informatica_acessorios,58,577,2,1400.0,22.0,9.0,16.0
4c2f7da64105e3313b293f6a11950c17,artigos_casa,60,715,1,1200.0,28.0,5.0,20.0
3c516e321c28ec378c4342e1845c4332,esporte_lazer,39,55,1,300.0,25.0,25.0,25.0
0320a1be5c5224f64bfbffa583cf03d6,eletronicos,48,1337,2,167.0,16.0,3.0,11.0
081dc33e4b9964d2ffe752a977a29998,eletrodomesticos,48,523,1,50.0,27.0,13.0,17.0
211d84789fe01a27d1e5e12a60a30c85,beleza_saude,60,1709,1,2400.0,17.0,32.0,11.0
bd041552679986d30dd12e9cc32e3fa1,livros_interesse_geral,57,1043,1,1200.0,30.0,4.0,20.0
4e122118ed3917312e52ddd02a164b13,artigos_casa,37,1372,1,1400.0,45.0,8.0,35.0
38add59349dc5b9c3effc6b93925cb97,moveis_decoracao,60,449,2,1100.0,30.0,30.0,30.0
a0f3c43b288de04ccb40d26cf26c639d,moveis_decoracao,50,1722,1,1200.0,53.0,8.0,11.0
2033d09ad6c9ca9a5f3344e4846ca449,beleza_saude,28,686,1,1200.0,30.0,12.0,16.0
4a3b0111d9c112251e4732b44d1d118b,telefonia,52,865,3,300.0,20.0,15.0,15.0
bf128711128b70eaa9e07df69e9a75e2,telefonia,61,992,1,600.0,23.0,6.0,15.0
896496916bfd78848143a60e492dbcf8,alimentos_bebidas,35,567,4,225.0,21.0,9.0,14.0
8c5de6354d95c9a3cd8243bbab60d301,artigos_casa,31,390,1,300.0,16.0,10.0,11.0
9fc0c73ce4d0eaaead44e81eeefebeb0,esporte_lazer,57,1949,1,350.0,21.0,26.0,21.0
1d2d3b19f5c3d093d4dbccd3cd963a8f,esporte_lazer,46,408,1,2050.0,28.0,22.0,20.0
629506c6fad04664b0daf2a5105d6748,moveis_decoracao,32,394,5,2003.0,37.0,27.0,24.0
e7228451ffc2ec406b400e12d315960a,eletronicos,53,2144,3,1150.0,20.0,5.0,18.0
0ecaf0629e5e227413504f3892bd76ba,artigos_casa,57,337,3,3800.0,45.0,15.0,35.0
979a52ea2c0c4e9e7e7e4a766d4eeda4,artigos_casa,44,452,1,1550.0,35.0,10.0,45.0
20fcf54ae3433ede318a3587bfe559c4,papelaria,54,318,4,1350.0,38.0,30.0,28.0
4c27931f2ba16e902f287a9f89ed0723,beleza_saude,35,1294,1,2400.0,55.0,40.0,50.0
4ebb7da18bd79f78995f5eb2243203e1,esporte_lazer,57,58,3,4800.0,20.0,40.0,30.0
02ee0862685e90b57cc241b7c9885f95,perfumaria,55,784,1,555.0,24.0,8.0,15.0
d275bb0f793c1f80031e1f6ae7e1ab00,artigos_casa,62,702,1,2676.0,42.0,16.0,36.0
c093ba6c37ca8fed7c9149c5b87cf405,relogios_presentes,60,888,7,600.0,19.0,8.0,14.0
7906969207605466bf075a806a55d656,moveis_decoracao,55,894,1,1850.0,34.0,34.0,11.0
4fe43f61e04cd41cadc3bebf606fe77b,seguranca,58,787,5,1500.0,20.0,20.0,20.0
9127a26242f9a9cfb2154f60f2dd5951,beleza_saude,42,740,1,2000.0,30.0,12.0,16.0
24fffbd0188d2b7ceb351214c514b28c,perfumaria,29,616,1,426.0,18.0,14.0,14.0
b89aa9d4a130c4556741ebc4a93d8844,esporte_lazer,51,239,2,1050.0,60.0,15.0,15.0
cd594cc360d11f5d9cb49954a618d9bd,esporte_lazer,60,1341,5,7050.0,20.0,15.0,82.0
899b5d294953a6361e3f9081f052af7d,esporte_lazer,51,686,1,1067.0,24.0,23.0,23.0
cd8ae7bcd06f2f7a49f20424afa80f60,esporte_lazer,28,519,1,350.0,22.0,15.0,22.0
9c95d0d9517c58ef69dfb739a6e387dd,moveis_decoracao,63,398,1,3050.0,40.0,15.0,35.0
ac85c1f3006839a0ad6995824c497974,esporte_lazer,57,220,3,1150.0,90.0,10.0,15.0
472e40d731e031417dbd21ef8bf03f8d,informatica_acessorios,52,2295,4,900.0,16.0,6.0,11.0
3f0cf4a04c36ec00d58b827e79ad8074,brinquedos,51,862,4,400.0,20.0,25.0,20.0
63de2743d05ab59d85caa49e49459ac1,beleza_saude,51,951,1,178.0,18.0,11.0,17.0
dc6fe08afddfeb23ce334ce4cf5890eb,beleza_saude,58,1560,1,200.0,16.0,4.0,16.0
7fd2dfb9d85ff5f61bf8d9abf82014f6,esporte_lazer,54,291,1,400.0,22.0,15.0,22.0
74f6667fd85d8261aef8e980f235a38b,pet_shop,54,485,2,150.0,27.0,9.0,27.0
8b39be5bbb8a4585ed19cacbf4162c27,esporte_lazer,25,1418,4,100.0,16.0,6.0,11.0
3509901ff64b893ac034805e4ebc7dd6,utilidades_domesticas,58,1135,1,16950.0,43.0,68.0,41.0
77ab8b22b7f8062a284b90d51735b11e,moveis_escritorio,29,2524,1,14050.0,58.0,28.0,58.0
4901f0f8eba79934ba3cdfa1fbc02893,seguranca,58,3306,1,600.0,20.0,20.0,20.0
01ecf875ab885ebcae3dd2b1ccc4715f,eletronicos,46,730,1,550.0,30.0,20.0,30.0
71218f861be8873ed7900874b9497582,moveis_decoracao,58,1969,2,3000.0,69.0,11.0,11.0
246aa84ea966f137a2d87ef0041fa6ef,moveis_decoracao,37,734,4,1600.0,38.0,18.0,21.0
bc7cf3d66f149d2e85e57f93106201f9,artigos_casa,58,125,1,1750.0,35.0,15.0,25.0
1a4247b6eddc27c68f7995dcc68b01e2,beleza_saude,39,453,1,725.0,21.0,23.0,16.0
d6678d48e432cbd4f704872edb1cf409,moveis_decoracao,60,2000,3,1450.0,69.0,11.0,11.0
b598f3e8cd6dedd51d454f6123a6e1e5,esporte_lazer,46,553,2,500.0,31.0,10.0,35.0
345f6c48d7dd28adc3242eafba3592ce,utilidades_domesticas,55,1725,1,825.0,26.0,15.0,22.0
9e9bcd34c15bc1bc1e9472a8e351b526,moveis_decoracao,47,1596,1,1400.0,65.0,15.0,15.0
63bf9538f62d875db59d948ceaa80bbf,esporte_lazer,53,322,5,1000.0,20.0,15.0,15.0
a2f3be463c1d322c27cbe55cf03e5fda,perfumaria,40,994,1,600.0,20.0,20.0,20.0
bbb23cc68ebfaba3922a65b9c985a111,telefonia,49,286,3,100.0,16.0,3.0,11.0
ca0934a412295c936586b99c0254e067,beleza_saude,55,963,1,610.0,18.0,9.0,17.0
fcf311603fa276d415c006188e7bd070,telefonia,53,359,2,90.0,19.0,3.0,11.0
4965fd68b4fa0cab5fca575c3b4f4b73,fashion_bolsas_e_acessorios,45,234,3,200.0,20.0,20.0,25.0
14e95770921ccb6caef2e6134c182d78,variedades,55,1050,1,1850.0,42.0,25.0,15.0
9e1e3b58ffd16b2135f9508e21c75afe,moveis_decoracao,34,259,1,5950.0,40.0,30.0,40.0
c98b240226f68cdb71a1b4b24d5f3843,variedades,18,140,2,800.0,19.0,11.0,12.0
0bfd2b8146cd034448f6e4c8ac8e47f0,informatica_acessorios,44,800,1,1100.0,31.0,12.0,11.0
9644931193891477e4863fa05363f594,alimentos_bebidas,41,2035,1,322.0,18.0,22.0,13.0
39b5afc4814b4e72b2bfe4f4806aac25,relogios_presentes,56,679,2,600.0,16.0,11.0,11.0
cdb8d3c880b6639a70764c6734e6bb69,beleza_saude,25,447,1,30000.0,58.0,55.0,44.0
b29fcbd778387a0218e2f058e57bce75,variedades,,,,8750.0,36.0,27.0,54.0
c3da6347b3df112e52de0d6f9443158b,ferramentas_construcao,41,654,3,2900.0,43.0,14.0,17.0
866294ab885455ed4543a8be0ddb0b99,artigos_casa,56,704,1,600.0,30.0,10.0,25.0
e4985e03cd939f1a9f81c65e949f1688,beleza_saude,31,386,1,50.0,20.0,10.0,15.0
1d52a166aed7c327a5040a26342198f1,informatica_acessorios,52,534,1,120.0,31.0,10.0,15.0
d8737a754ac6dd6d2d255b9bae326388,telefonia,58,1303,1,105.0,19.0,5.0,13.0
af91083bde899b201798b52ae89babea,beleza_saude,44,937,1,350.0,19.0,12.0,13.0
c0c17f0a42c3ebda98f5805722969aee,telefonia,34,198,3,100.0,16.0,14.0,15.0
471e714759273827991f1746906737d1,fashion_bolsas_e_acessorios,51,529,2,300.0,35.0,8.0,35.0
4c19782230ac2c3708497b730b02abe7,alimentos_bebidas,25,360,1,50.0,16.0,3.0,11.0
c34602bed32c7b68dd5713b4abd953e8,esporte_lazer,35,363,2,1200.0,20.0,12.0,12.0
981ded16f0a16ee18baf49b12796399a,ferramentas_jardim,37,2768,9,12500.0,30.0,30.0,25.0
cb9650b0b86415106d480099a14b9d6d,beleza_saude,56,1546,1,2300.0,23.0,23.0,33.0
89a85fb039d401c099e30c569a6f2e07,automotivo,52,313,1,5200.0,41.0,19.0,41.0
9f1c81345a82b501fef3164ba8c937ef,beleza_saude,54,573,1,1000.0,60.0,16.0,11.0
e58a56ad705cc3e02d6db9ae1a16c406,iluminacao,49,522,4,150.0,20.0,10.0,20.0
29a42e500c8eae1e055a5ad893b46119,brinquedos,26,581,3,700.0,16.0,34.0,34.0
e7342d120adbd81168c43c95f8bd642a,beleza_saude,38,2077,1,1128.0,20.0,15.0,17.0
ec599713785663cb46e6cb801f28e5f8,eletronicos,44,662,1,300.0,35.0,10.0,20.0
7b0c4d9da2e7edd82a2ee63609d09c69,papelaria,43,152,2,1700.0,35.0,45.0,16.0
2c2d16b60daef1f9ffb0eaec89527624,artigos_casa,53,497,2,6700.0,50.0,20.0,40.0
7cb189885a8c492d7fe0ebad09449b3c,esporte_lazer,46,515,1,600.0,28.0,25.0,25.0
2abe5f959812799488689885a0fa4cbd,consoles_games,23,803,1,100.0,17.0,18.0,15.0
20b4ef73ecadd46e16830ece8483b656,variedades,50,1605,5,1850.0,29.0,12.0,56.0
18409550226f40a1a8990fcd7e517c53,beleza_saude,45,1884,1,1283.0,30.0,16.0,22.0
c82c977a03a931a50b77e934538a89ec,esporte_lazer,42,783,1,2700.0,30.0,26.0,21.0
98e55bdc6487be7b8c32b0eb689dcb8a,moveis_decoracao,50,397,3,200.0,21.0,16.0,21.0
4048d207d5f97fb47be6486952d641aa,eletronicos,60,2429,1,10800.0,100.0,20.0,70.0
38a3986954ae656fba0263c496a8b447,artigos_casa,55,161,1,1300.0,46.0,7.0,51.0
26facbccf840188b92bcc8cb89fe1f64,ferramentas_construcao,55,337,1,2050.0,21.0,8.0,21.0
7ea98051d29fdd0f6c015c6cdb4cb79f,artigos_casa,43,962,2,600.0,30.0,10.0,20.0
83512a315006faae70055f4dac2a642e,moveis_decoracao,49,1947,3,6400.0,90.0,4.0,55.0
d566c6f148d426bff95179d7e2e91d61,automotivo,25,1268,2,200.0,30.0,30.0,30.0
51930b8934b8991edff523246feb9ae7,moveis_decoracao,63,629,2,1700.0,38.0,7.0,28.0
19b25267e01c8587981e55ec96673eba,informatica_acessorios,60,1236,1,350.0,20.0,20.0,20.0
45817bdb08cc2ba11a384d7428d95da9,automotivo,39,331,1,9950.0,40.0,20.0,30.0
86ba3443f971ab0ff1381a973274f2a5,relogios_presentes,50,1034,1,300.0,18.0,13.0,16.0
d6dc2dcbb3ef25e47ef82f3c013ab820,casa_construcao,53,646,1,6500.0,30.0,35.0,30.0
69383c86144a5cfa4d16a0b7dc23d69a,beleza_saude,46,944,1,4300.0,16.0,16.0,16.0
5477e4aa56c945c4c90faca63a98cb7a,utilidades_domesticas,35,212,3,700.0,16.0,14.0,14.0
5dc01f0525d00d0b349bf2ff92f7d1a2,perfumaria,25,507,1,250.0,16.0,16.0,16.0
d0168e734683113fd73658071715084a,fashion_roupa_masculina,28,572,2,800.0,45.0,10.0,35.0
df56d8f81acf5a02dbe27e7f257c2029,malas_acessorios,43,399,5,1450.0,32.0,52.0,19.0
f2bd7bc9616070cc15853ce61ab8c826,esporte_lazer,59,2312,1,12250.0,25.0,30.0,15.0
4e52d603138fe095d25d2c44eb9f7c42,utilidades_domesticas,55,655,2,950.0,41.0,7.0,22.0
8a33c55582d40e0d441c76c2990c467f,artigos_casa,56,184,2,600.0,60.0,8.0,50.0
9835c8bfc26821647d0074e609402773,artigos_casa,59,123,2,350.0,50.0,8.0,34.0
24176f8ec4b087d7a48e356913fdd085,fashion_bolsas_e_acessorios,34,98,5,150.0,16.0,9.0,11.0
44bcb65af690208a4f3c2fc2a0773758,brinquedos,37,746,2,500.0,25.0,25.0,15.0
1becf32f9c527bad8d88e8e6aa99f021,papelaria,48,937,8,950.0,16.0,10.0,50.0
cdb19f3ee5c8bd5e98f566e4670612da,artigos_casa,60,123,2,500.0,70.0,8.0,40.0
8f220439e328e0c1b68510c238d07e86,automotivo,51,670,3,6500.0,20.0,20.0,20.0
3abb0e27cb9374f334c59074d868bcbe,esporte_lazer,48,1936,2,200.0,17.0,11.0,15.0
394022f6655a84ccaf2e13389a8ec779,bebes,60,1299,1,10745.0,47.0,58.0,43.0
4af84afb6aeb941678e2c3c56ee66343,beleza_saude,57,1123,1,500.0,26.0,6.0,21.0
cbff74049dbad803004f05ba4197e540,informatica_acessorios,58,2426,4,175.0,16.0,2.0,11.0
9c7da616e5b3dd8100858b72e883b7a8,artigos_casa,54,123,2,300.0,50.0,8.0,34.0
ffd2365fb8224dc66883df9351d65deb,relogios_presentes,60,630,2,333.0,16.0,12.0,13.0
aa8d767a6316127a012fc3d16b84dc7f,instrumentos_musicais,50,1051,4,500.0,40.0,8.0,23.0
b2deacef3cd033a4c5b247c4e03b1744,artigos_casa,47,635,1,800.0,16.0,10.0,16.0
c4556419c189a626f2b0808c0e6d310c,moveis_decoracao,60,639,2,1500.0,38.0,7.0,28.0
ea8b738ef7a9baaf574870d6041ebf52,utilidades_domesticas,56,341,1,200.0,30.0,40.0,30.0
12fe5f63ed2e43c806260b2476886351,ferramentas_jardim,57,2130,3,12700.0,46.0,40.0,46.0
1f388485320e7817bedef000d1890c0a,audio,58,1138,3,200.0,16.0,3.0,14.0
7d88ffedac5a08939ab9b5fbbc6b61ba,bebes,19,1245,4,1000.0,25.0,10.0,30.0
cf77fbd3b6f8bccc81829127933fba77,beleza_saude,46,1861,1,1050.0,16.0,25.0,13.0
bfdf2b8f64e8464211813710134b205a,beleza_saude,46,1682,1,700.0,21.0,14.0,11.0
23f2ebdf4d6f7badc8bbd40af362f681,casa_construcao,50,894,1,866.0,21.0,18.0,21.0
4123c46f0ed03bdd39d7d6d94bdbec00,beleza_saude,58,651,1,150.0,23.0,7.0,12.0
7c4dcc33f7e49dc0d25078b036baa162,automotivo,58,651,5,4200.0,78.0,4.0,47.0
35914e5a38be926bea034b6ed34b8501,fashion_bolsas_e_acessorios,29,547,4,200.0,16.0,12.0,16.0
dbf3e2f5d46c8f84f8af8825a2cbd8f6,automotivo,60,1819,5,600.0,66.0,10.0,11.0
41f5f13f79496717b1d90ef30551333b,automotivo,56,695,6,6025.0,56.0,11.0,32.0
3c0f50234e2cac5b619f358d4325be0d,papelaria,49,251,3,1500.0,60.0,20.0,29.0
eb8d25c0cd79b71775e91ed30a8fb8e8,variedades,,,,1100.0,17.0,25.0,17.0
c59e4be236b11e5763f64785de026039,beleza_saude,38,85,1,1275.0,18.0,19.0,15.0
d42869d5edf603eb87c4b4cb40d11ca1,pet_shop,54,459,1,9200.0,37.0,30.0,39.0
3e4684507e866b7418a457863bfcd3fe,brinquedos,26,3376,2,300.0,18.0,18.0,18.0
da2d3c0905cbb6888fc1ca9a18f38ba3,variedades,33,658,1,1400.0,42.0,25.0,15.0
985917955434700f83de118d8978d560,fashion_bolsas_e_acessorios,44,574,2,100.0,16.0,16.0,16.0
f8b8f8501a0656a7ad4c52d3982b2f2e,utilidades_domesticas,48,605,1,1050.0,25.0,25.0,35.0
1490307eb0bc9c499936ad716b79ca45,climatizacao,53,204,1,4975.0,45.0,51.0,35.0
54a7f89b9e0013d11224b5ae0bf8b274,esporte_lazer,47,496,3,400.0,30.0,15.0,15.0
dd42371d570cdd9aff81b02961d6bafc,fashion_calcados,54,404,4,900.0,35.0,12.0,20.0
13f7fc9df5f3c16d2757b7421bc40ba7,informatica_acessorios,46,383,1,840.0,25.0,18.0,17.0
b1ab8c16165f6d66427b01ac9b26e141,beleza_saude,40,735,1,150.0,16.0,2.0,11.0
876a957a8b27aa25e5d201128eccf205,ferramentas_construcao,59,671,1,100.0,20.0,3.0,20.0
706800c6a2efb6aab86c1fe3745917f8,artigos_casa,47,345,1,550.0,40.0,21.0,20.0
3a5bfc952a6ad85598f16e431eb7622b,ferramentas_construcao,49,811,3,2530.0,19.0,17.0,17.0
37c599910c4de68c0bf1af0c6428ab1c,moveis_decoracao,37,357,1,650.0,33.0,33.0,11.0
bd0d616460e11aa700ff20780d8240e2,automotivo,60,703,6,7700.0,56.0,11.0,32.0
fedaaeb6d54cd9772c003ec97ce92ff7,artigos_casa,54,220,1,13000.0,50.0,20.0,50.0
1d182262154abc7c75392cf645118ce6,perfumaria,46,313,1,1100.0,16.0,20.0,16.0
0d60ec9cf77726af8257bc483d038a72,artigos_casa,49,566,2,1075.0,30.0,30.0,14.0
64a23a999b90cc6722df6d12c2ee5bf9,beleza_saude,56,537,5,300.0,16.0,25.0,15.0
e878662b68e175a58b5951e44574d5c8,variedades,,,,2000.0,33.0,8.0,23.0
b2a276c8b8261ba2c2c46bcfa1f522ee,perfumaria,44,828,4,1000.0,20.0,20.0,20.0
4509f2dcb7651bc7c7fab76f3a87e700,relogios_presentes,59,550,2,900.0,30.0,10.0,30.0
f582884ed8bb76a4b6317b8c9e966d98,utilidades_domesticas,41,325,1,1950.0,43.0,10.0,33.0
38d070104c7e27171e177d581758a90f,beleza_saude,36,498,1,450.0,16.0,30.0,11.0
d9e4756491e0521cc3d0925d9d2bd0d9,instrumentos_musicais,14,422,3,25000.0,70.0,75.0,36.0
2b104f2d1b2c3cc5a0cc98c1212e29c9,bebes,35,290,1,345.0,31.0,8.0,12.0
b91e21bfc2c8edfe31dda8ab56cc8791,utilidades_domesticas,57,991,6,5050.0,36.0,33.0,26.0
85c35088e92ac74354061edbe3de0b74,ferramentas_construcao,51,782,2,350.0,16.0,9.0,12.0
9d40080a29872ddbfe64f036de4ccdd1,utilidades_domesticas,38,1236,1,1350.0,40.0,19.0,24.0
142c759524da90ea8c592f9b3b1fedb5,artigos_casa,60,249,3,7100.0,50.0,30.0,40.0
a36955f15051e4fe65bdfd31b48788b1,seguranca,40,99,3,500.0,29.0,18.0,28.0
2115a2dcb35d50b3726fbd24ab04aaa1,papelaria,43,483,2,600.0,45.0,2.0,35.0
0f4188ecc00cfd99f81763ee9725487c,moveis_decoracao,59,376,1,9600.0,55.0,17.0,45.0
05431e0dd637e910dd67d7ad823e8437,moveis_escritorio,42,2115,1,10850.0,58.0,20.0,56.0
a85fa7ea0b6ca7f780ad3034bf943070,malas_acessorios,51,445,1,1350.0,32.0,10.0,45.0
3de040f7129e3e1aa3a1fd1d6c1f9f2d,papelaria,30,548,2,500.0,16.0,10.0,25.0
d1eea738a68140149b595ee5cd0e9434,telefonia,49,1440,2,100.0,18.0,6.0,11.0
8b8191f9283cd3c98fa9b37a0b0f99ef,perfumaria,45,854,1,400.0,23.0,10.0,20.0
d3a386ad58b99f0ddcc216ed9efb03c3,artigos_casa,42,702,1,840.0,22.0,15.0,22.0
140568dfbaaf1a45e378cb87a346c91e,utilidades_domesticas,47,469,1,1100.0,17.0,39.0,32.0
366980848ec5025f19199579ff57bd6d,ferramentas_construcao,54,657,1,3800.0,27.0,7.0,27.0
acb9adf09c2067284e67a72f46cc17cf,artigos_casa,58,614,1,5900.0,30.0,30.0,39.0
f2317e7dd5b1b4dea36595ff6db6f14b,variedades,,,,500.0,19.0,7.0,11.0
f075897551d47345068c1d90ed454fe1,agro_industria_e_comercio,48,948,1,6820.0,54.0,54.0,35.0
51f906f965ca71722df2059f9a7c1b62,variedades,,,,25000.0,52.0,78.0,36.0
4c8fae70c244a7ff63b9c1f73fb0a987,ferramentas_construcao,54,338,1,2750.0,23.0,8.0,23.0
46ead842b29537e02adb2ef48b03b01b,casa_construcao,46,126,2,1500.0,35.0,20.0,20.0
9c7ce59c96e74dfdfc51f13a4a6c3869,relogios_presentes,59,261,2,250.0,16.0,2.0,20.0
b3d0dc381a72d9d125dcb88e31a3e00c,ferramentas_jardim,56,274,1,1200.0,30.0,30.0,30.0
d73a7e3009d1b8f498a0ffd3e8ae6565,artigos_casa,56,207,1,700.0,50.0,11.0,40.0
ba7222211fd7b69689ab84024518e155,papelaria,56,212,1,250.0,18.0,6.0,11.0
19421075ae0b585f2dc13ff149e2119d,esporte_lazer,32,1797,1,150.0,16.0,16.0,11.0
a38b238734207eeb0388676235cf56ec,relogios_presentes,60,416,2,3200.0,16.0,2.0,11.0
825ec0968cc8bc32096c6a91e2bbe125,esporte_lazer,57,3726,1,1400.0,20.0,30.0,30.0
1fa0405a3e10af836278d7667629623e,relogios_presentes,41,352,1,650.0,16.0,11.0,11.0
24aaea2bb541cc5d78141f2bc053cd37,relogios_presentes,56,712,1,500.0,21.0,14.0,14.0
16cb37c8d7713ae295b4c1a92a3f338c,perfumaria,50,855,1,213.0,16.0,12.0,11.0
31d22f91c17551712034a105e70ab838,moveis_decoracao,29,451,1,30000.0,50.0,50.0,50.0
e5196a46c6c0e0874d6e41ed149dcf20,artigos_casa,46,128,1,250.0,40.0,4.0,30.0
369d0f92fe7f4588530a8fb9a1d7019d,eletronicos,39,392,1,100.0,25.0,7.0,16.0
ecf11081ba69df87eeaa46e5c3de564e,utilidades_domesticas,59,682,2,900.0,16.0,33.0,14.0
3a0a3519bcf5912cff87d401e007c5db,variedades,55,132,1,5600.0,25.0,37.0,36.0
0cb255418b89587f063171ca707b85e7,ferramentas_construcao,31,2002,1,750.0,16.0,12.0,11.0
e2d13b6570070d36a9996b74e3eb190f,automotivo,60,498,1,250.0,16.0,9.0,16.0
1585efae0c3719cefae4c6b411f07fb6,moveis_sala,60,650,1,400.0,32.0,29.0,15.0
7db0be610d29a1eef23666fd3da04544,artigos_casa,44,171,1,1200.0,45.0,10.0,15.0
a8a6407563f042ecbfd5e63dca6453c5,artigos_casa,45,475,2,1940.0,48.0,8.0,39.0
5c67f41a8b8f3ca4b29c6709498f96c7,beleza_saude,56,931,1,375.0,19.0,14.0,12.0
720ebc8cf4ff92f142d18b2cc3615ec3,informatica_acessorios,51,264,1,125.0,20.0,14.0,15.0
4f2fc8cdef58f68813e6c93a314b6ec3,esporte_lazer,46,352,3,750.0,30.0,25.0,25.0
1aaf6070d787633a51243dcd6efa127b,malas_acessorios,46,289,1,16050.0,60.0,40.0,40.0
0963fc9330f54245d1aa396893591037,beleza_saude,63,855,1,600.0,16.0,16.0,15.0
bb48c8fda6bcf73c9a0178fd1a1a366d,artigos_casa,59,58,1,400.0,20.0,2.0,15.0
247b2f886148b431daa66061b43dd078,telefonia,53,679,3,150.0,17.0,8.0,11.0
e03f15d18d2bd7da2bf129890fadd8db,artigos_casa,52,362,1,400.0,25.0,15.0,25.0
e8a1dffbef0392ef084cca41655a13d1,ferramentas_construcao,59,906,2,500.0,30.0,30.0,30.0
ee0c1cf2fbeae95205b4aa506f1469f0,perfumaria,44,334,1,200.0,16.0,16.0,13.0
cea1262b2dd1dd56c1b4f1f1c19b14d4,eletrodomesticos,59,138,1,200.0,27.0,13.0,17.0
fd55ab8af788f6bba621cd37a8701889,esporte_lazer,46,186,1,3900.0,20.0,78.0,55.0
5b8423dc7f23089c9c59c5d140eb5a1c,brinquedos,59,1629,3,5250.0,51.0,15.0,52.0
11bbef4e2a44601d9dd471aa1fb433e6,beleza_saude,52,1222,2,838.0,28.0,14.0,21.0
ebc54f7936d9bcdc7f5dff7986d4f789,casa_construcao,28,638,4,500.0,17.0,27.0,17.0
15cd17d090c2d99322fbbe56d7571fb6,moveis_decoracao,43,328,7,4150.0,36.0,36.0,36.0
a929e5cc2191b78c668771531cb7d277,esporte_lazer,40,851,1,450.0,20.0,20.0,20.0
9295e6204ae4b6e0948ab60d4ee304f7,variedades,33,908,1,1000.0,42.0,25.0,15.0
87de61f4132195b028aa9453616116cc,automotivo,60,713,6,4075.0,53.0,5.0,56.0
5ad86ef8dc129fabfd8b952ad4dbf483,moveis_decoracao,57,2064,4,5700.0,85.0,10.0,40.0
24bf010d82955430eeea5ed7643711c7,esporte_lazer,53,1232,2,28450.0,105.0,65.0,25.0
74f5b185b9ae404c59b0dfca346379c9,relogios_presentes,47,580,2,400.0,21.0,14.0,14.0
1e662f768907b55013557beb5ccfbeaa,telefonia,38,2276,5,400.0,18.0,13.0,18.0
484970ea2647dc058e9c81ca31e65ce9,bebes,24,371,1,500.0,28.0,10.0,25.0
f444092e1a9f9dedb91cf0717d6c4cff,automotivo,45,144,3,350.0,19.0,19.0,14.0
ed6d2fe9a24cfdfd0f4c40094db5145b,livros_interesse_geral,23,727,1,1000.0,11.0,15.0,20.0
ff5bdcc63751127e726cb69cff0cb5de,utilidades_domesticas,40,335,2,2150.0,41.0,20.0,27.0
31aaae9f2af6869bff6b8cbbaf195e65,utilidades_domesticas,51,998,1,1300.0,22.0,36.0,22.0
7945bb528c42095fccdf46321742afce,utilidades_domesticas,31,536,1,775.0,44.0,3.0,34.0
2031ee6574c322f4e3be624d8433052d,automotivo,60,179,2,150.0,25.0,5.0,20.0
f8e02d03ec6d8976eb802198aab5b4bd,moveis_decoracao,54,43,1,1250.0,20.0,12.0,12.0
f7ee078cfab4ad9144e1d75fd0258c5b,perfumaria,56,703,4,650.0,43.0,16.0,27.0
138059a996d59a87553da752d48cc130,utilidades_domesticas,58,1481,3,400.0,36.0,2.0,46.0
75a47765c76d844336312e1fe832184e,artigos_casa,60,554,2,567.0,53.0,4.0,40.0
542b3d80712d51eefe3a3cd1c5f4e8fe,variedades,49,223,1,400.0,30.0,30.0,40.0
85164bed8643cab6d655ed0643bd9613,automotivo,33,303,3,950.0,37.0,29.0,28.0
1e1a186a03f0d98268516827690d4fd2,bebes,60,1078,4,575.0,16.0,18.0,17.0
689b01074243aeee72049c8da42d2e22,brinquedos,57,147,8,900.0,30.0,25.0,20.0
d4da317ad85015e956ee18ef11fc60f5,informatica_acessorios,52,1009,1,250.0,16.0,15.0,14.0
03e4e6709b7d6415746769c0bc3e9131,brinquedos,42,762,2,3890.0,36.0,28.0,36.0
daafec509b3be08be40be8318dcd1b79,artigos_casa,56,123,2,350.0,70.0,8.0,60.0
1f24b46fe73e9c77bfdf756f69f3ea8b,fashion_bolsas_e_acessorios,46,691,1,100.0,17.0,7.0,12.0
0a311a14cbefde1a7b83f0b7ed99c422,utilidades_domesticas,56,1645,4,375.0,18.0,9.0,12.0
7374fc6499912f1f91f7cc2bbddb0869,instrumentos_musicais,54,1012,2,1925.0,21.0,18.0,15.0
4e1346d7b7e02c737a366b086462e33e,artigos_casa,59,477,1,250.0,16.0,10.0,16.0
95e35900a686aeaa02fac4e06350ecbb,esporte_lazer,59,837,3,250.0,16.0,10.0,11.0
9206d854259f0baf2b1c76d63c04e673,casa_construcao,55,1647,1,1850.0,28.0,35.0,15.0
9e2ee57a77fedecd33b6914e9cf61199,beleza_saude,39,1083,1,100.0,16.0,16.0,16.0
b8d157185e5abaabd9244275aca22a7f,fashion_bolsas_e_acessorios,39,247,5,50.0,16.0,6.0,11.0
310b993294194cea025dcc9c23637b62,utilidades_domesticas,54,417,2,8650.0,80.0,15.0,33.0
6c3effec7c8ddba466d4f03f982c7aa3,consoles_games,56,237,3,100.0,16.0,12.0,12.0
8e96968cb84d255da9c325f3906909ad,livros_tecnicos,63,1269,1,400.0,33.0,6.0,22.0
2c36bd802c645850497100e08f9dfc80,beleza_saude,55,931,1,3598.0,41.0,18.0,51.0
90ba60817ac3ba85da42f002b2eb1360,artigos_casa,41,451,1,200.0,16.0,12.0,11.0
d01c8040e9da57814b24757884d840db,relogios_presentes,53,1344,1,600.0,18.0,12.0,13.0
e357a8646a17191f03fd9f833a0fa29b,moveis_decoracao,52,1348,6,1175.0,34.0,20.0,22.0
a6f449f6257f26e556013151cee46b4b,papelaria,57,1470,3,700.0,20.0,50.0,40.0
106686a363064e034fee1344220be7bf,malas_acessorios,54,929,2,4000.0,35.0,20.0,50.0
7161466081eb75dbc357bd171fa5e94e,moveis_decoracao,49,600,2,1200.0,65.0,12.0,12.0
e5bd4928528bfa0551202a5e1dfbd3d3,telefonia,47,382,11,100.0,16.0,3.0,11.0
7d2e5a2c70a96151cd14274d426589d5,moveis_escritorio,49,2268,1,10850.0,58.0,20.0,58.0
d1180aba69fb6030500e0f31034779e3,artigos_casa,38,273,1,500.0,20.0,20.0,20.0
4228398e19ac96e84e14924449bac556,brinquedos,49,403,4,6800.0,20.0,25.0,16.0
e4f3a10338ad9594098e83015a3a7c6b,moveis_decoracao,59,438,1,400.0,20.0,5.0,11.0
e316e505ab5f17bb7fcfed3dcff53a3e,automotivo,54,553,2,250.0,30.0,30.0,30.0
b43ceb87eafb3eb7ceab88d9dd8645af,bebes,26,446,1,350.0,27.0,35.0,32.0
d357105bd504c78d8470ffd247747eab,beleza_saude,17,341,1,255.0,17.0,13.0,15.0
f4a2e2f1cf569d9cee134511bdd0f969,informatica_acessorios,60,171,1,350.0,16.0,8.0,11.0
eb883e95b710f252cb15d0fb41d8bbe9,seguranca,54,908,1,3000.0,30.0,30.0,30.0
d97c5487557a0aca3250d1d02b05a72e,automotivo,60,455,2,100.0,22.0,22.0,16.0
758acc685222455688ff4b46d5f5dfd6,moveis_decoracao,39,867,2,11600.0,65.0,40.0,40.0
0f3777229e40207d248acfd6e1f716b6,esporte_lazer,64,640,2,30000.0,42.0,105.0,47.0
6c5b27706c0796f8eefd847f9bc02be3,informatica_acessorios,60,537,1,800.0,30.0,16.0,16.0
741ab0ea9712d54a420f0a347ce71613,relogios_presentes,40,266,1,200.0,18.0,14.0,17.0
ca4b7ea1410f94107b9c97b09a6d4182,bebes,26,1594,6,450.0,26.0,7.0,22.0
708695ee28aeef6c879a6c9d5f5269de,papelaria,59,316,2,5900.0,38.0,35.0,28.0
51f876eb62be778c757503cf7f8a3b74,beleza_saude,33,198,1,67.0,17.0,15.0,14.0
7bd4adb5f860206e946bf3c575c1a4fe,fashion_bolsas_e_acessorios,56,442,4,200.0,16.0,9.0,11.0
e1b7112bffdaa21bd9b003dc3238f58f,alimentos_bebidas,53,314,1,600.0,24.0,8.0,23.0
a233e06dacf6de1293acf72ab6e9fe52,utilidades_domesticas,41,786,4,3750.0,41.0,26.0,20.0
c0b530b460b26961dd375e84c48377fa,esporte_lazer,48,926,1,2500.0,25.0,20.0,35.0
87a9ce65cf1cfe4f8a81d3c25f0b8874,esporte_lazer,52,1160,4,100.0,16.0,6.0,11.0
9a31d1755410172ded96acb8fd59ba02,consoles_games,32,902,1,150.0,20.0,3.0,18.0
b35d60271c8d79aaf431cc378fbf92c3,relogios_presentes,56,816,1,600.0,16.0,11.0,11.0
d66c729cd3b64c98515a18898c6b65c3,eletrodomesticos,56,80,1,100.0,20.0,13.0,15.0
b52af48deef5c1fb35c99248a5269973,variedades,59,566,1,15300.0,98.0,32.0,28.0
25a2985f8f3f93ddf1c1d26847658dad,informatica_acessorios,57,334,1,300.0,16.0,10.0,11.0
58db79da5975332e9006ec0fca77226f,automotivo,58,974,6,800.0,35.0,20.0,20.0
a1c4fe3ca474066396d42c07b0194fb0,artigos_casa,40,276,1,1350.0,45.0,15.0,35.0
900d210e9ea6ee40dd0290df76bde9fc,eletrodomesticos,47,2262,1,425.0,27.0,12.0,12.0
f74ed500ab93d12ce3fbc611474d89af,papelaria,31,386,5,1900.0,35.0,45.0,15.0
d95cb21837d0498ccfa0943b03808f79,eletronicos,57,441,1,1100.0,89.0,15.0,35.0
8bb2ca7d3fbcb7de9ff7b8250cb292b5,moveis_decoracao,58,582,4,10600.0,41.0,66.0,41.0
7d490fb7ec6eac63302590beef157c10,seguranca,59,1622,4,2300.0,30.0,30.0,30.0
d596ce99ed43dd6fd753b1f6c078417f,esporte_lazer,34,1099,1,15000.0,91.0,14.0,91.0
0cbb82f3f9549ec4aeab968a4be5e7a9,beleza_saude,39,1236,1,575.0,23.0,15.0,16.0
e94df75b2e9a8b056be0c144a731f55c,pet_shop,56,1538,2,625.0,23.0,17.0,19.0
10b0226d162bdc55d60c0eabf68c7021,esporte_lazer,29,502,1,200.0,16.0,16.0,11.0
98d61056e0568ba048e5d78038790e77,automotivo,49,546,1,6400.0,63.0,11.0,63.0
2bab55f6233b0221e968b4b5283ba064,industria_comercio_e_negocios,58,1058,1,3050.0,35.0,20.0,35.0
32267de030005084d4b6af64f22143b8,moveis_decoracao,51,567,1,1150.0,30.0,10.0,30.0
b61876c706bbc5039b24a479eb415d62,moveis_sala,59,1025,3,7100.0,36.0,18.0,20.0
15b47fee52c928cd7d75996f767efb8b,audiovisual,49,503,2,150.0,16.0,5.0,12.0
9cc68866bc5d718be3ed87d84e92cc87,fashion_bolsas_e_acessorios,38,487,2,21100.0,31.0,79.0,56.0
fb988b242cef4ef4694a39fd9eed5e46,bebes,55,196,3,1100.0,30.0,30.0,30.0
f43207084859ad72eeadb819a7314a4e,moveis_decoracao,58,296,4,300.0,22.0,6.0,15.0
9593c9f08aa51804674aae0eca66dd0d,variedades,42,1434,3,700.0,26.0,16.0,34.0
ec20bfc2bad5031fd6cfd400304841c4,esporte_lazer,34,542,1,350.0,25.0,25.0,20.0
3683804ff8a49ef19b7d77189e9d1280,informatica_acessorios,31,491,3,150.0,25.0,2.0,20.0
b5a3bb1341d217322573b76c03d7b81e,variedades,45,2066,1,1650.0,33.0,44.0,19.0
7a670a2551a3ac07c9152f8078eee043,variedades,60,2204,4,300.0,16.0,16.0,16.0
7532d12ded8aa3d108d6326a05466bc6,livros_interesse_geral,43,2717,6,1500.0,18.0,26.0,14.0
9f82fdef2a36bb15d22d70af1aedb3ce,ferramentas_jardim,57,906,2,30000.0,60.0,50.0,50.0
8eb72e039f7857d796c5afe824d0c64c,esporte_lazer,43,1185,1,1600.0,21.0,18.0,18.0
5016388edcd982069aa2d39a8a878da7,esporte_lazer,33,201,1,22800.0,65.0,50.0,42.0
fbb63264ad9777810766ae4bed802224,fashion_bolsas_e_acessorios,54,1382,1,200.0,16.0,2.0,11.0
8145324c201f9a26420e555a504a8c9d,utilidades_domesticas,51,114,1,300.0,35.0,5.0,11.0
fb5dcf669bb92534be46c2fef1131651,telefonia,60,802,9,2250.0,23.0,6.0,23.0
64b23fdd98cd2a2dfbc3da831481eaa2,beleza_saude,59,909,1,150.0,20.0,14.0,17.0
7e67ad012ae8e50272b3856ec8e63667,artigos_casa,58,124,2,800.0,95.0,8.0,70.0
0a9c1531aa7c17c8c64157b634fa9ba9,relogios_presentes,46,395,2,700.0,30.0,15.0,30.0
10a845be3ffe8a78dc20db2941c2d951,beleza_saude,48,886,2,450.0,34.0,11.0,17.0
fe5554d1ac1a1d70c97854dca21facb0,pet_shop,63,677,6,850.0,40.0,20.0,30.0
b5c1a16643b475591d742c4ef29d3202,automotivo,54,925,2,5350.0,65.0,25.0,25.0
006619bbed68b000c8ba3f8725d5409e,beleza_saude,45,569,1,150.0,16.0,7.0,15.0
7fbbe412c783af7237d40b9145aa5a8b,ferramentas_jardim,51,204,1,50.0,37.0,8.0,25.0
5a115520de38809b60a0dc27539a874f,relogios_presentes,54,599,2,450.0,19.0,13.0,13.0
990776b3e410ccb3cc725fddb0d20db9,fashion_calcados,55,404,4,550.0,20.0,15.0,35.0
2b1253c7c4fc2b039a4a91b0a5f1cc68,moveis_decoracao,64,517,2,700.0,80.0,10.0,60.0
c388aa3cdd554588ebcc869156381ba3,esporte_lazer,46,463,2,300.0,35.0,4.0,25.0
563d3acc8617b83d2db122e43905a17d,artigos_casa,47,789,1,1950.0,16.0,10.0,16.0
442cec8fcec2cb2c32671cd0dfb02971,bebes,35,815,1,12733.0,36.0,61.0,36.0
11121012a254e9ef9972155d93f9def1,esporte_lazer,47,3084,1,2186.0,29.0,23.0,25.0
22c6a8a913119595b77ec3d747e9079a,beleza_saude,60,919,1,150.0,22.0,3.0,15.0
2bba3a44641e194c111c2907c17ab7f5,esporte_lazer,38,684,1,1950.0,24.0,17.0,17.0
3e78cdf699d65e94e6a716be72fb4472,esporte_lazer,34,403,1,353.0,25.0,23.0,25.0
245883f1fe3a5b61da001c3cdb59b641,malas_acessorios,36,594,2,635.0,28.0,19.0,16.0
966df4b1e05f53d4048170d49bc650a6,utilidades_domesticas,47,658,1,3000.0,45.0,13.0,25.0
3e67af30c5e3eae465fbf496aa88fc8b,esporte_lazer,46,1352,3,450.0,28.0,13.0,24.0
c9f62bee5c17494edcb5c3f3f56d75ad,beleza_saude,59,3561,5,325.0,28.0,13.0,12.0
ff5ecb2f7628793844e861076ab8e467,brinquedos,41,215,1,450.0,45.0,15.0,35.0
dc404a1496a08f9f5540c8b5d4b92925,brinquedos,46,753,2,1582.0,31.0,31.0,35.0
de20d958de7cf841ac6558a6d467a13c,utilidades_domesticas,49,409,1,2450.0,72.0,47.0,13.0
0ff5f3f4eb547a3d1ff9625cd85e4ad0,esporte_lazer,35,681,4,200.0,25.0,5.0,25.0
0581c05e8e3c0d17ea0ef8904419ec00,utilidades_domesticas,59,667,1,1250.0,30.0,30.0,30.0
cdc731da6af5a302388654c1b8e74c11,climatizacao,37,117,1,450.0,27.0,13.0,17.0
ca140156f7f81f8e406cc66cb8f12a67,moveis_decoracao,42,204,3,800.0,20.0,11.0,14.0
34fa176b8be0f1b6cdd8730dc3ce178f,moveis_escritorio,55,1122,1,20900.0,23.0,55.0,58.0
9db0293d362d2f9de7b54eb02297ce5a,papelaria,45,238,1,500.0,46.0,10.0,32.0
8cbd33515c33f6bc2042660baff504b5,moveis_decoracao,53,595,2,650.0,50.0,7.0,33.0
ca1cda1c95c49298cc81d8815c1c1af1,moveis_decoracao,55,623,1,5300.0,30.0,36.0,30.0
833d58e31839b5a0787025d59a21b79b,pet_shop,59,341,3,900.0,46.0,8.0,11.0
f42a421aee7e5f8a70a9b68cfd53ef55,eletronicos,35,317,2,350.0,17.0,3.0,12.0
3889a02f55ae9a5e5e321c4a4d2eee64,moveis_decoracao,60,448,5,16300.0,30.0,30.0,30.0
130cdbc1715f7e1b5d9be728ce04398e,artigos_casa,46,519,1,500.0,18.0,12.0,18.0
a2975d20c0bbb1c763629eee19615fc1,artigos_casa,57,387,1,450.0,16.0,10.0,16.0
15d0beee06988a8a3a98717582e478e6,esporte_lazer,44,3674,1,1400.0,31.0,36.0,31.0
10717ff440b2320081989126e858b220,artigos_casa,52,263,1,4867.0,70.0,16.0,50.0
377c6ec197b02c784f237bd41ce84d16,brinquedos,50,956,1,250.0,23.0,7.0,50.0
72ba1b1e37ca92467fe787728625c76a,utilidades_domesticas,44,833,4,4050.0,22.0,51.0,22.0
5657ff1fa4fd6988207125d788e6be2c,papelaria,36,96,3,300.0,25.0,15.0,20.0
8c1a8cf9502b112acc0012cf14de7c0b,variedades,33,893,1,1400.0,42.0,25.0,15.0
9361d7d8750b24496371f42a056065b5,bebes,41,600,2,3000.0,37.0,20.0,43.0
01a88bd2633c52bcc66348307cb3ae15,automotivo,44,907,1,11800.0,61.0,61.0,19.0
ff285e6c96040323d3763dd184924018,informatica_acessorios,52,268,3,150.0,16.0,8.0,11.0
ef3736bfe2ee33f00649ddfc8e535f10,automotivo,59,695,6,6050.0,47.0,19.0,23.0
6caea101e4c5049412e73cd5e6c03876,industria_comercio_e_negocios,58,2222,1,3100.0,30.0,20.0,30.0
2848023ffcfb063bb7aa0d0c447bd116,musica,47,2730,4,9750.0,27.0,31.0,16.0
3cb3bb626c59ddde2c270b33131b356e,beleza_saude,55,842,1,1200.0,25.0,11.0,15.0
b0fd001716da5648244fe5c374d03df8,pcs,56,1645,4,2400.0,16.0,31.0,39.0
e7db781221480388a59e686261772dcd,brinquedos,45,230,1,250.0,45.0,15.0,35.0
4247f66c2a8c9b3f147d74bff1ac79fd,variedades,33,835,2,592.0,23.0,14.0,14.0
575a31c3324630960ae12bf5bb9618e4,moveis_decoracao,38,447,3,400.0,40.0,40.0,15.0
a9abe602de6316ec55cb409407d23be6,consoles_games,36,199,3,225.0,16.0,9.0,12.0
7ca64c0215270be35559fa18afe2ed7a,moveis_escritorio,44,1077,7,11000.0,47.0,66.0,39.0
4c8541293fb2d3359cf52485b4d59b8e,beleza_saude,46,1005,1,750.0,25.0,13.0,14.0
88e2fc6c65d64b3edbf2cade16ea82d9,utilidades_domesticas,56,595,1,6850.0,30.0,30.0,30.0
ec222365cd276f7e9c328d64f023c6ac,eletrodomesticos,50,200,3,250.0,27.0,13.0,17.0
73a0e2fb5e04e869a6b73faa18e0fb46,informatica_acessorios,33,722,2,200.0,19.0,5.0,13.0
ea9e7b142ab7562c2d2c0e5efcf617bd,moveis_cozinha_area_de_servico_jantar_e_jardim,39,655,2,11200.0,38.0,60.0,38.0
d83509907a19c72e1e4cdde78b8177ec,esporte_lazer,25,303,2,200.0,25.0,5.0,12.0
e9def91e99c8ecb7c5cef5e31506a056,brinquedos,34,867,2,500.0,19.0,11.0,20.0
aa49abfbe4f971849628bdae6a7e5efb,esporte_lazer,55,374,4,300.0,25.0,12.0,20.0
28b2775c30336108f0b6b4df4c7097cb,brinquedos,55,364,1,158.0,21.0,16.0,12.0
4fc38c7dd401191c16f9ced89baf4877,artigos_casa,45,597,1,3117.0,44.0,14.0,34.0
0b871b4731c7bee9332c7c0b9a742f1e,brinquedos,29,251,1,14327.0,58.0,60.0,54.0
af8acb9fc1592c0d00bf5b8a3d43e8e9,utilidades_domesticas,57,582,1,4550.0,30.0,28.0,28.0
7c20caef078d055077dcf2c8a6f49b46,variedades,53,353,3,2300.0,30.0,20.0,30.0
27e16487e531314a52b2c29f94ce1231,moveis_decoracao,47,766,4,400.0,22.0,6.0,15.0
55f3ffb0a4d7d7ba70756209da63c8d2,alimentos_bebidas,15,1053,1,350.0,19.0,19.0,12.0
d678178aa4291cd25a755a90188375c8,moveis_decoracao,43,789,1,950.0,20.0,35.0,20.0
10fcf43ab3ca71e2b2e99bd6e6caf7a7,esporte_lazer,33,587,2,1550.0,20.0,10.0,20.0
af1b8b408617b07914d3fb6652859e3e,brinquedos,35,685,4,22350.0,80.0,51.0,56.0
50c3b0ec236af400b6113521763e34ce,eletrodomesticos,59,256,2,600.0,20.0,13.0,15.0
2cd4861a56a6f98288e0281e47f4b1d5,artigos_casa,57,293,1,6250.0,60.0,10.0,40.0
231a4c5f70ff00bbb2d76f80604af2ff,beleza_saude,35,998,1,1450.0,21.0,50.0,21.0
59ebd2c07d59483d0855b5b3d5e18728,telefonia,58,818,6,300.0,17.0,4.0,12.0
49770e2e1a22b61e15a13c2cbfbfcbbd,brinquedos,60,1243,4,7950.0,52.0,34.0,18.0
2942938c3d7cfb0161ad93b80cd60b01,alimentos_bebidas,37,99,1,1750.0,32.0,16.0,18.0
b45cf16d3053d517e0ac445498e4915b,utilidades_domesticas,53,755,9,14100.0,38.0,34.0,34.0
a743637eea3be2e0ab81acc155c9cce2,artigos_casa,56,1096,2,7600.0,30.0,30.0,30.0
5eb0dafaaed0ede2f7957dbbef6a071c,fashion_bolsas_e_acessorios,31,243,2,288.0,52.0,27.0,20.0
156bb7508d25ad3108035c7ec3a3d2fb,papelaria,44,127,1,800.0,38.0,8.0,30.0
aa7fd7ef22424867db4621a2ab54e59c,moveis_decoracao,57,1586,8,22000.0,16.0,45.0,50.0
0e362037e5f02f62c8ce89f49cb9d520,perfumaria,53,666,2,133.0,20.0,10.0,16.0
6447947a13b0cd3fa652bd0c4bd4d534,papelaria,54,246,1,1250.0,32.0,30.0,32.0
fd3ceef50842d4449ec638256dcf2147,informatica_acessorios,52,552,1,3313.0,18.0,20.0,15.0
0856c40d9a18fc6aa8bb4be6a092f95b,artigos_casa,57,399,1,10965.0,52.0,24.0,52.0
f487b1c4ef5ac6ad6d09b6f1426fb6f0,utilidades_domesticas,58,331,1,1600.0,37.0,14.0,31.0
9e19a9f505fbb25392c5443cba13d224,automotivo,45,339,1,500.0,25.0,25.0,25.0
29f4b939c9bce7b71f366ba0eef2c4d8,esporte_lazer,45,728,1,1050.0,21.0,27.0,21.0
16b5adf7a7890633a2642ea9bd8a9ea5,eletrodomesticos,52,885,4,1800.0,30.0,30.0,30.0
12fd27a8bb6012f32f607fa18de1978a,esporte_lazer,59,2215,1,4000.0,31.0,32.0,31.0
4e76a66033e3afa48e5ec8bf18e1c855,artigos_casa,58,159,3,1250.0,35.0,7.0,28.0
ab60483af7942c4bf838242e83eafee6,moveis_decoracao,57,1390,7,1750.0,50.0,13.0,40.0
0f025e441822f059a260a6ec3001ec0e,artigos_casa,47,612,1,550.0,30.0,6.0,22.0
eebe3620616be538e26842c73df11e65,telefonia,32,409,5,100.0,19.0,3.0,11.0
b1e1af0d92d503c0ad5bc5546c16ba43,pet_shop,54,1127,2,1900.0,30.0,20.0,40.0
419365ae77de855075ecb3c55d2ebc10,beleza_saude,40,434,1,1050.0,25.0,11.0,15.0
b25a0f93e25104798df2d1664495d157,moveis_decoracao,42,789,1,550.0,20.0,35.0,20.0
b7277571c3b0c8900e528b94ad5a05dd,automotivo,60,514,2,6125.0,53.0,9.0,53.0
e493b6001e292d2cdb2c6172bac9d0a4,moveis_decoracao,46,709,3,1300.0,50.0,30.0,30.0
e75eb9d7737188be4d7fd8b90b88803e,moveis_decoracao,63,114,1,500.0,24.0,24.0,16.0
101c0247b2686b1ec77fbd9b7bc7cb17,beleza_saude,57,1104,1,2225.0,33.0,20.0,17.0
49f57e8347e394d0ddfcc1c8acaf9b2d,utilidades_domesticas,60,943,1,4100.0,32.0,75.0,32.0
b667e64d366991432e4c9c45ec4d6d1a,esporte_lazer,49,336,1,187.0,18.0,16.0,16.0
32b8ee42e46363609baa9d10ce94d460,esporte_lazer,53,390,1,290.0,20.0,18.0,16.0
99306a16cc05ea73566ac3a2d92122ce,brinquedos,38,355,1,300.0,17.0,13.0,16.0
a2fce4213a6ac271129618259a334261,pet_shop,51,433,1,200.0,40.0,7.0,32.0
7a764d2ad0306a21f83f06ae99b397b7,artigos_casa,60,249,3,7150.0,50.0,20.0,40.0
5496efb86aea6e3862b6cb394dc020f8,informatica_acessorios,55,545,1,800.0,30.0,16.0,16.0
64a420f0bb1580b084eab33a8c47fc65,esporte_lazer,32,149,2,300.0,16.0,7.0,11.0
d60c281a9b31d5342030a89846998c5a,artigos_casa,59,335,3,2550.0,53.0,23.0,48.0
a73521e768a217ac6a47c1752ceaf71e,artigos_casa,51,649,1,5600.0,57.0,16.0,45.0
922ec0e0e2ca6416b4671198410cbf50,malas_acessorios,60,472,4,20900.0,50.0,50.0,50.0
be8c497ccf955e3f8817bbd38626ac29,alimentos_bebidas,53,314,1,300.0,24.0,8.0,23.0
f00cc56c5df0c63515f85365d418e199,pet_shop,53,372,2,300.0,16.0,16.0,16.0
4941b2c06706332ebfd9072d7b1fb23c,variedades,,,,50.0,32.0,23.0,33.0
51bd37bb8517d5bfdb1f54c11fb01d27,moveis_decoracao,43,87,1,3500.0,20.0,20.0,20.0
ffae6024df16802ba75f761d9aa24367,telefonia,52,845,2,150.0,27.0,5.0,20.0
3dc95ebe4e59153d4655472acb2c0785,perfumaria,24,609,1,200.0,17.0,6.0,12.0
d00af18ab556193d160b6ce26d232a96,esporte_lazer,42,2498,1,3000.0,22.0,31.0,22.0
56a37c8f41558bf4f515e0a835083543,artigos_casa,46,148,2,300.0,66.0,6.0,49.0
fd1061ebebbb9892c59897096066dec5,fashion_calcados,57,404,4,1400.0,22.0,15.0,33.0
c5db51af7d9a58228bcea932010cf080,brinquedos,56,859,4,6000.0,58.0,27.0,33.0
24c002cf6aa7f3c184a964064e2a2e5c,utilidades_domesticas,50,903,4,3000.0,22.0,51.0,22.0
30c687d22c1be52d2fdf233f0dcadf24,beleza_saude,58,1629,2,3600.0,48.0,22.0,11.0
754d489a7a6c5b5f63c6e1ea42f9125f,moveis_decoracao,12,920,4,125.0,16.0,16.0,16.0
875877153c6086d3c0e1fcedcee6a77b,beleza_saude,41,3571,1,300.0,16.0,11.0,11.0
33f38661c7e75dfddb833dc4cd2f1c27,moveis_decoracao,58,271,1,1450.0,44.0,18.0,34.0
038967227fb1bc9b30d6e1c81fa2d2be,automotivo,45,1161,1,200.0,16.0,4.0,11.0
313d98472cf2ff8d80bcccbed7bed6b1,informatica_acessorios,54,2394,4,550.0,28.0,10.0,26.0
b19e331e05bee8900ed6e582b4c8dab6,artigos_casa,52,382,2,3500.0,47.0,21.0,41.0
08f69c9f1af250a8046c21b78a1ef52a,moveis_decoracao,58,1749,4,1200.0,65.0,3.0,45.0
e99d30bfed97b6061153d250f19d381b,moveis_decoracao,41,447,3,400.0,40.0,40.0,15.0
24d8da2d499efba175b1092826b7e390,esporte_lazer,35,248,2,150.0,20.0,6.0,14.0
8afd2ec5bf821e4d1a061e7ca31cac24,relogios_presentes,60,522,4,300.0,16.0,2.0,11.0
0e2c6b2fc22b192f824a68a0fa537aa0,esporte_lazer,55,525,1,1400.0,31.0,36.0,31.0
115f1b22fcff1674f62e4e4dea4aea1a,relogios_presentes,58,1843,3,300.0,16.0,11.0,12.0
2a74acb77e71d1cb27a9dd28cf95e561,papelaria,59,303,3,5050.0,38.0,30.0,28.0
6e4b48692263d4b62965273275cb2b66,papelaria,46,365,4,300.0,18.0,4.0,16.0
f3c5f7d4a6b87b94a7ce5fa1c1b2ca10,artes_e_artesanato,53,927,1,200.0,16.0,5.0,11.0
aae719054702e4738807983cf772e8ac,artigos_casa,56,164,2,1500.0,47.0,21.0,41.0
efa1b15e58071189595afce796e08bdd,relogios_presentes,48,160,1,540.0,16.0,11.0,11.0
282606dd11c6108bfa47f0e4b0918cfc,eletrodomesticos,52,294,1,500.0,55.0,40.0,46.0
5096e827f6152df3974343e735a52dc9,ferramentas_construcao,45,890,1,2800.0,16.0,2.0,11.0
c42a54d639771f80d5ea22dd39a0d845,moveis_sala,38,244,1,10800.0,56.0,16.0,55.0
044de1dc695094f06e9eca6c19921f20,moveis_decoracao,56,296,3,1300.0,100.0,7.0,15.0
ff922797a6771cab4e0c51d482285ec3,market_place,37,537,3,1725.0,31.0,8.0,33.0
2c484c3b1f80b8c735fcccb9b1f0f0e6,variedades,,,,900.0,20.0,20.0,20.0
d0e298a57a1e2c2bfc451af91b3073a4,automotivo,52,1112,2,350.0,16.0,5.0,11.0
0454c95c31d75e5f86c354896a3d9814,moveis_cozinha_area_de_servico_jantar_e_jardim,44,246,1,25000.0,98.0,14.0,40.0
a9e1f2fff48f21f5e6fc9dce739e1160,esporte_lazer,59,834,1,1275.0,62.0,16.0,16.0
725a6c1520c48838212406e45e2ce4bb,eletronicos,55,977,1,340.0,28.0,11.0,15.0
bca5c45c40f5c10e76d44d5104ecb9b5,ferramentas_jardim,39,90,1,250.0,16.0,10.0,11.0
73dacc49330dc5cc9b1c1983c16200e7,automotivo,54,299,1,5450.0,40.0,16.0,30.0
dcea90efda71f06e7a5eafd530c7ff8c,informatica_acessorios,45,705,1,600.0,36.0,9.0,13.0
78e4f0bfb0f64274be5b054164c602ed,beleza_saude,50,585,2,1500.0,30.0,12.0,27.0
f6d9b167294712de476f696ad722ae73,relogios_presentes,51,415,1,550.0,16.0,2.0,11.0
ed3f40dab41c0bd6f688e3e3f846b893,brinquedos,26,175,1,1500.0,54.0,14.0,16.0
f940327804bdcb40342a12c93de069b8,ferramentas_construcao,42,1571,1,450.0,38.0,12.0,14.0
a4cb01ef37cd2734263f1ea9f1f8e7e4,relogios_presentes,54,567,1,100.0,20.0,7.0,15.0
80d63636780c5975e5c93b63236d481d,beleza_saude,16,2709,4,2700.0,18.0,24.0,16.0
f5c47e637a96fcf0de8c1c6baa75d856,eletronicos,45,442,1,110.0,18.0,8.0,13.0
11fb5797b3ae9cf31bc0fcb8d907979a,ferramentas_jardim,60,1675,4,6050.0,32.0,24.0,32.0
19b29af06176f74d13a42e350b14e2d7,automotivo,50,2357,1,1000.0,40.0,25.0,40.0
3465048c898b00affaf9ec533dc95351,artigos_casa,60,146,1,1200.0,34.0,6.0,41.0
b0b302c4ad94c584fba79e1252093ceb,artigos_casa,52,281,1,1215.0,37.0,7.0,29.0
f849624adffb78b4cd40066ecf73aaeb,variedades,,,,9400.0,45.0,39.0,33.0
5f6906793eb1d554d76c39398ce08693,moveis_decoracao,56,297,2,700.0,100.0,5.0,11.0
e3dd947c8bcb459df421e3f41bf034c2,eletronicos,49,132,1,200.0,20.0,9.0,15.0
b0364648b1c062169015d9234d97d306,esporte_lazer,46,233,1,383.0,20.0,9.0,14.0
635fc0b4d628df01648c6b2624a04b46,moveis_decoracao,46,2600,1,600.0,16.0,2.0,11.0
25d33550509ed49bbaa58492c99b1bcc,moveis_decoracao,31,218,1,700.0,25.0,25.0,11.0
0dce093fc7ec4dec214256df878e3c08,relogios_presentes,57,1049,3,200.0,16.0,6.0,11.0
62f9a2fb6e52ef49cef0254cecab4ba7,relogios_presentes,36,659,1,190.0,23.0,16.0,18.0
38db388d2fc1b20662fcfd3f38b0be28,ferramentas_construcao,60,2060,3,1700.0,16.0,32.0,34.0
fc49395ccfb1f65ab0d1352684772112,variedades,,,,500.0,17.0,8.0,13.0
d000acae704b825c2cbf14a022afaf05,pet_shop,42,627,1,5350.0,49.0,18.0,34.0
8bc9663f392c9296600c684c5736a674,moveis_sala,35,304,1,4300.0,50.0,15.0,46.0
2431772a8c7ddb73d24a2ed6d0913f73,pet_shop,49,346,1,1000.0,30.0,15.0,20.0
1bc01b1481a6f018de8711ef213d7bb9,brinquedos,44,635,3,500.0,19.0,35.0,27.0
8d983bf701cac84da430105440a801f2,moveis_decoracao,37,594,3,900.0,84.0,6.0,20.0
6d3ed96ab50e4f44b2d3ce250d05e46b,automotivo,58,864,1,500.0,20.0,15.0,15.0
a8d30122a99d04c7437d4e7b022a7231,pet_shop,38,2416,1,138.0,21.0,10.0,16.0
09ef2dc9a27e35d3eba18b0defec70cc,beleza_saude,59,1673,1,1000.0,30.0,30.0,16.0
9ed00cd89e3b3a0107996fe62feab381,telefonia,59,818,6,350.0,17.0,4.0,12.0
a3e72c791e95a01e787e7eaac25f7b2f,brinquedos,47,671,1,800.0,20.0,16.0,16.0
b7a60a397d4efd05c1b5d398fb9f9097,agro_industria_e_comercio,50,1534,6,22050.0,40.0,42.0,36.0
8aa2eacfedd0c7a0c34febc7480708a7,climatizacao,34,1048,2,6170.0,36.0,49.0,37.0
b453858c312812141a610b1f511f609e,perfumaria,53,158,1,450.0,25.0,10.0,18.0
9d7dfc4cb2caec57922343876f5d3ff3,brinquedos,48,609,2,1100.0,65.0,9.0,20.0
3a1d765ba460f89749b9db2c1889140c,telefonia,56,771,1,100.0,19.0,4.0,11.0
108c2bc00375b068ec4d353bfe3649ce,fashion_bolsas_e_acessorios,57,61,1,300.0,16.0,2.0,11.0
e00d2c49504aeaf7acdc9ff7cf8a6107,brinquedos,23,587,2,2079.0,30.0,27.0,24.0
b4c2b69bbc589dd1bcb0860261000bd5,automotivo,55,865,2,800.0,35.0,10.0,35.0
4473a7a8a08e406e2df4a7200c8a0b5a,beleza_saude,45,709,1,150.0,20.0,10.0,20.0
3a96bcbf644a5d390107570628568026,artes_e_artesanato,53,529,2,325.0,27.0,10.0,14.0
a87595e0311a6cb55db1cef3c1c0e7a0,pet_shop,52,1126,3,1250.0,30.0,10.0,18.0
1f851a7f6257c8bfa62e1853e4b6bf63,bebes,55,1575,1,3117.0,37.0,31.0,43.0
9a19dd63632e958f42a66a46afc0f05d,ferramentas_construcao,36,485,1,150.0,22.0,10.0,15.0
c82cf18016c429035d415a45a1546652,audiovisual,53,924,2,200.0,20.0,2.0,14.0
134e9349b6b54e115f640c6df85fd3bf,malas_acessorios,55,131,2,10200.0,42.0,38.0,41.0
5ef15970297e8282ea1f0e3ddc528503,artigos_casa,47,187,1,475.0,16.0,13.0,18.0
f78f73f3c49ae249f939acc5d0f66b24,brinquedos,45,363,4,6400.0,45.0,25.0,32.0
32c6fb2c7b8966ea413c684eb15186f5,esporte_lazer,60,580,6,400.0,30.0,16.0,16.0
0d2b42712574296324f669c9d2b25cb5,moveis_decoracao,45,297,3,550.0,18.0,5.0,18.0
4219d6fd389ceff96094be6ac39acf1e,moveis_decoracao,61,198,6,1550.0,31.0,11.0,26.0
850fd992aca25ac2d7768b434ab3ceca,automotivo,45,365,1,300.0,20.0,20.0,20.0
f207b010add19c1090a2c248d30a0c30,eletronicos,39,151,3,300.0,16.0,6.0,14.0
bf80e0bf47dacb5f19bac03656bcf4bc,beleza_saude,56,740,2,350.0,22.0,18.0,21.0
7a295e6687ed3e00c8143498115f6ca5,beleza_saude,23,786,1,353.0,36.0,6.0,16.0
8e74e3853aab7e70abf97b857562fee6,papelaria,55,62,1,100.0,16.0,5.0,16.0
39a7355be858c501ee022aaf6461bccd,ferramentas_jardim,39,1091,3,8800.0,33.0,28.0,20.0
564d0015be20622253aee5b6e875bea8,telefonia,53,420,3,150.0,19.0,6.0,11.0
b17110b2eaee2f703cc79fca95fd624e,utilidades_domesticas,41,715,1,550.0,16.0,22.0,11.0
2a55bbbba62db632421607d23042a393,beleza_saude,59,2729,5,400.0,20.0,8.0,14.0
3e224d87f9ed6e9ac1b36889371dfe49,moveis_decoracao,58,538,1,12300.0,56.0,28.0,40.0
0f40837cdd9606e43215010f9e8fce41,brinquedos,39,618,1,1600.0,40.0,11.0,35.0
7e50b75774c90a76cd3fa12f33de892e,artigos_casa,57,503,3,19800.0,58.0,40.0,50.0
fd15dec337d57a332d25ec667eb5e859,relogios_presentes,49,471,2,725.0,26.0,6.0,27.0
05fb095572e53e2a567a685765101704,brinquedos,58,1077,4,695.0,30.0,33.0,27.0
a027d4d9a0ffc6b3c2cf45636b044078,utilidades_domesticas,59,297,1,200.0,25.0,10.0,12.0
040f34fe061b6024771f641fe922e782,relogios_presentes,18,796,2,750.0,18.0,10.0,15.0
e1f4f59902f2935d4266b1e238d6f563,casa_construcao,53,1052,1,650.0,20.0,30.0,20.0
d32a2781668246350c2a5cfc1459771c,fashion_underwear_e_moda_praia,61,359,3,400.0,17.0,9.0,27.0
3169599d82995a40fa97869fb853cdd2,iluminacao,49,878,7,500.0,17.0,27.0,17.0
9048cbd294fe0c1a3ec8c8248bc2cadd,instrumentos_musicais,63,927,9,7500.0,55.0,18.0,45.0
a883c6cc6b971869a2c962f76fb73ab1,artigos_casa,55,2293,4,1100.0,33.0,15.0,42.0
9938217cedf3d56b2abaf11f2d3feae7,automotivo,51,2165,1,2646.0,19.0,24.0,12.0
e707c577789af56087a82650995ed3c8,artigos_casa,54,188,2,2450.0,45.0,14.0,34.0
edc044b1d3b518153d2b3b2c811ff0e2,variedades,60,1707,2,2200.0,62.0,7.0,35.0
20090bcd0d43eb49feb63d53d387780b,variedades,63,2597,10,300.0,17.0,17.0,20.0
7743659ed8c624dbee1d9806c3396064,telefonia,55,1324,3,900.0,18.0,20.0,17.0
79bcd1f7f00535c801244eb999d8d290,telefonia,47,607,3,300.0,17.0,8.0,13.0
566d57dc88c7ca3fb90725bef1498b51,perfumaria,59,460,1,450.0,23.0,8.0,15.0
31945c8811d04df20bf86224210b4084,variedades,48,919,5,900.0,40.0,17.0,18.0
cb3fe5272f5eb5d9c10f4274866bfc0c,telefonia,55,71,4,150.0,16.0,5.0,11.0
44b6d6f40d9b822201e81c9d5cb5b937,utilidades_domesticas,32,465,2,1025.0,20.0,11.0,11.0
a0c2204c3d4f44050951935fc9eac14f,automotivo,46,540,1,4600.0,20.0,9.0,17.0
3a04684bdbb06427b4adc0acc1236def,esporte_lazer,43,214,3,214.0,18.0,9.0,15.0
77b61edc47d5dda4e6fb3568962d3e63,market_place,45,163,3,300.0,16.0,14.0,14.0
a266930db2217c102cb34cb715b5d479,perfumaria,45,968,2,433.0,16.0,12.0,14.0
3949e64107312670dd261c3d6edbfcea,brinquedos,57,904,2,5300.0,70.0,12.0,40.0
9617bfaed9fe3ab156b98d8e20dd01b9,esporte_lazer,57,2329,1,3700.0,30.0,18.0,18.0
3630dfb4709c08ff762e5fba24d4341c,moveis_decoracao,59,971,3,200.0,40.0,10.0,16.0
adb7c806d2677f27a3316188d57564f2,automotivo,62,1218,6,100.0,16.0,3.0,11.0
8cf22b2cc9465d64474a09853b62f5b2,utilidades_domesticas,44,150,2,3250.0,50.0,10.0,60.0
8d165e4e114bdd886972a3061c44ebba,esporte_lazer,59,608,4,650.0,30.0,16.0,16.0
754cad4d4066b7675d65d47ac51d29fd,artigos_casa,54,317,1,20100.0,45.0,15.0,25.0
f84ca2376ed799523593afad3bdae70f,eletronicos,58,2382,7,4150.0,23.0,23.0,23.0
03c94210a8223f2f0c811f6783fe3d22,utilidades_domesticas,42,422,1,3450.0,32.0,25.0,26.0
26679d24a4e81ddc13cce48ff1a9d001,esporte_lazer,36,642,5,600.0,20.0,10.0,15.0
6f9cd9232c9ff3227676284c0b13c70a,esporte_lazer,55,576,2,400.0,20.0,5.0,15.0
356bc9278252d4fb0c566e64612fc83e,jardinagem,55,2038,6,200.0,16.0,3.0,12.0
9df2b21ec85378d71df4404712e17478,bebes,45,1042,2,750.0,21.0,23.0,35.0
dcca0e1c43015b958b03fe982abd84e6,livros_interesse_geral,42,2142,1,300.0,16.0,22.0,15.0
9cd247c427356957dc2478f5691192c5,artigos_casa,57,247,1,750.0,24.0,15.0,18.0
18c2db7204cdc97ff47fb6727bb1aa19,beleza_saude,51,1237,3,425.0,28.0,15.0,28.0
e1dae76b5f1c39746a05aebb9ea23d1d,esporte_lazer,54,638,1,350.0,26.0,12.0,17.0
6c273bcb49e4c78e0de3043e5efe81f9,artigos_casa,59,552,1,400.0,26.0,2.0,20.0
912ab68074130a81d1d94f48b67150a2,ferramentas_jardim,53,647,4,2900.0,58.0,26.0,28.0
f545f84233a92063e33a7539832b63c7,beleza_saude,54,509,1,775.0,18.0,15.0,13.0
6a83f2e07c29ded9b8734d14a7d93c8b,bebes,52,1342,3,1500.0,42.0,25.0,15.0
4cde3ff89f4a66c712c088e5542ee7a6,moveis_decoracao,55,241,1,2100.0,50.0,12.0,40.0
f8151230cb18f55f6155136134adc842,bebes,53,932,4,400.0,29.0,36.0,15.0
63649d34b09e8bbcc41a6e770d9be55d,bebes,41,1201,1,7350.0,40.0,25.0,30.0
d9800a25632b4cca5f4207408c25fc3c,papelaria,58,297,2,450.0,20.0,18.0,15.0
a6e0877ffaf0725d90e31e4350a3276e,esporte_lazer,42,578,1,100.0,20.0,10.0,15.0
51899631eb4e0fed8bd38bbff9894229,moveis_decoracao,61,370,1,600.0,32.0,2.0,20.0
c37b54279b1f2a715659501bd54e7976,esporte_lazer,55,303,1,200.0,16.0,16.0,16.0
e7db73845e4033124467595ff6c0c237,informatica_acessorios,60,515,3,425.0,17.0,23.0,12.0
5d9090aa267e7bc806b62f257ce6fe52,eletrodomesticos,59,3452,1,200.0,27.0,13.0,17.0
de45c2dffd4261e8324c0ebafd3cf858,casa_construcao,51,868,2,1000.0,16.0,20.0,16.0
dc4d44dc2f46a439a0e3a38ee540eb34,esporte_lazer,37,359,4,800.0,25.0,25.0,25.0
0e089f539eaa543b2d6e4b4b4e128a3b,moveis_decoracao,36,1313,4,1367.0,39.0,15.0,29.0
8e3ef5c51c19686700a34ece0cc33c87,perfumaria,36,76,1,200.0,20.0,15.0,16.0
ce7e06311e2348c426f27c78e056676d,moveis_decoracao,42,590,1,2850.0,30.0,30.0,30.0
5ed1d686373e3b3a2ddd9a4ce44f3fb2,utilidades_domesticas,41,669,1,500.0,21.0,10.0,17.0
864bcc07e87ab81710031595fff68671,utilidades_domesticas,59,434,1,300.0,30.0,2.0,16.0
9011dc38b7f50972289ff46cd50b40e2,moveis_decoracao,59,438,1,900.0,30.0,4.0,20.0
8922a988522761e78f0444350218e73b,moveis_decoracao,47,2002,4,150.0,16.0,2.0,11.0
0693bcecfea57f2ad547d1ff56c7d9ea,artigos_casa,46,400,1,1000.0,35.0,5.0,20.0
884186aaa2ba70b64827a86966f583bd,variedades,31,804,1,1185.0,26.0,26.0,33.0
b72999ed0f16aa488170a68272834792,artigos_casa,55,605,1,550.0,16.0,10.0,16.0
d6b4d1a0d7b4224aa86e3ceff1d78217,eletronicos,49,2370,2,8050.0,35.0,46.0,35.0
1c55a8be0613dd888ed9c039cea3d660,moveis_sala,56,1043,2,3100.0,30.0,11.0,30.0
3bdb08012e5381f32cf7618d008aebee,artigos_casa,50,218,1,3000.0,35.0,15.0,35.0
1df5ecdbd7a222e8e37cc6aec3fccbb7,beleza_saude,41,1023,1,550.0,19.0,12.0,13.0
25e2023ed83352bde98dc1490d14c3d8,brinquedos,30,1024,1,887.0,30.0,22.0,20.0
00b264091d1c8df03976c3f3b176b35c,automotivo,59,351,2,250.0,16.0,16.0,16.0
c1d05d28dad5612edefcf3106e4276fc,automotivo,29,516,2,15400.0,61.0,61.0,19.0
462c87a3fc71bedec932e8fbadf1a9d5,livros_interesse_geral,48,3177,1,880.0,28.0,6.0,17.0
0a4d993019c68fcc5269dada27c3db6d,esporte_lazer,57,313,6,750.0,36.0,20.0,26.0
0e0872c9ae03640015df6e5b9e746a77,relogios_presentes,60,364,2,900.0,30.0,10.0,25.0
f179cb33bf416c1b0e9e7aa745d2f6fe,informatica_acessorios,55,252,4,250.0,16.0,6.0,14.0
b27b9df9f45462cc40727ef0681d5995,beleza_saude,55,1508,1,250.0,19.0,14.0,11.0
17d8b8e9c21ec0fc5b33724e32fe422e,artigos_casa,26,212,2,1000.0,30.0,4.0,40.0
ad1810f996eee7a0049c7f1e7e74a62f,artigos_casa,55,242,2,2700.0,37.0,23.0,35.0
95d9302f8b3a134daca8adb478c92813,artigos_casa,57,503,1,25200.0,58.0,40.0,50.0
f177b434709ecb652dbee4f4b19aef2f,fashion_bolsas_e_acessorios,56,197,5,200.0,16.0,16.0,16.0
fe1cef1f560c521e9ed426383ed58ac2,brinquedos,52,418,1,467.0,21.0,22.0,13.0
31c92d83aa85cd3c98fcc6fa9ce6329b,moveis_decoracao,58,1969,2,3000.0,69.0,11.0,11.0
c0737ec7b87906c79f130f39cec3d3ee,artigos_casa,29,248,1,1025.0,35.0,10.0,18.0
9da1c863c2389407fa1da532a5238d47,fashion_bolsas_e_acessorios,37,368,4,300.0,16.0,9.0,11.0
47ae44a186225b8a87ebb7bf39cc1444,artigos_casa,45,2126,1,1700.0,30.0,23.0,11.0
5ed2407e517ceac8615bb4d1ea238fe6,telefonia,50,375,1,150.0,19.0,4.0,11.0
49e038a7b8ba2e18d9a7a26c1f238544,seguranca,52,729,3,13750.0,65.0,65.0,22.0
9548f3f06fa6c1983a2278e2a16ecdcb,papelaria,52,206,1,290.0,18.0,4.0,14.0
59d8532a95091840b5c93184e2f4fdca,variedades,42,1919,5,650.0,36.0,16.0,11.0
d7324c6fc32d3b7077415f24e259ed8f,beleza_saude,48,204,2,50.0,19.0,11.0,23.0
9290dcd745e8dcacde07c289f4af71c4,artigos_casa,60,636,1,900.0,29.0,8.0,34.0
ae8b1d2c414a22d06ba197876eff92f2,beleza_saude,54,939,1,250.0,17.0,19.0,15.0
ce49d8be84e535ca2a5eb0e76c09c348,fashion_bolsas_e_acessorios,45,1012,6,100.0,17.0,5.0,19.0
fe038e16fec390e96e4d557ef433e280,papelaria,44,75,1,100.0,24.0,7.0,14.0
d5bf1e6386a450dd26acf14a6f41768f,artigos_casa,25,352,2,450.0,45.0,11.0,11.0
dbfa741e0e5dfae13c9f023d8b8cbd96,bebes,58,784,2,5400.0,25.0,45.0,45.0
0c4b18883bc29b747b948c827adb9485,telefonia,34,162,7,200.0,19.0,5.0,11.0
2f317a0a64c7ddcf9677e60016354d0c,relogios_presentes,57,613,4,150.0,16.0,2.0,11.0
67af4652c2b8667182c0071f68af84bb,eletronicos,45,239,1,150.0,24.0,8.0,13.0
1c45430f3f3063bdb54d28e87824ed34,artigos_casa,56,729,1,5200.0,20.0,30.0,30.0
e2b02dadb01104e3f9f588311b3f2612,informatica_acessorios,60,589,1,188.0,16.0,16.0,12.0
eb4e1e1c54ecc1c4ff689edf7dd7753d,brinquedos,52,859,7,150.0,16.0,12.0,18.0
f684be31b76bed019a2871f30ee1b6b3,relogios_presentes,38,545,1,317.0,17.0,8.0,14.0
aa24c81b22e63fb31eeefc10f52d4350,alimentos_bebidas,51,823,2,300.0,16.0,10.0,11.0
033e5e4f49acb5621c782ac8a37aa90b,malas_acessorios,43,533,2,175.0,16.0,10.0,16.0
6fca157ebcc1a1b76d529f8e32f2358f,beleza_saude,41,413,3,400.0,17.0,38.0,30.0
3319ec949aa117693a4d6fd941858af9,malas_acessorios,36,468,1,1200.0,40.0,22.0,30.0
b3793f4676bdf327ca34c40d236ee2b2,automotivo,56,875,1,2363.0,26.0,10.0,26.0
dd9e631c9f1f8008b90fff5170d02c2a,variedades,,,,200.0,16.0,2.0,11.0
970694629024df557d9b71b3088a488d,utilidades_domesticas,49,597,3,2850.0,50.0,3.0,30.0
f35a1bcd7e07f3841b0490d477612fae,papelaria,52,92,3,450.0,20.0,30.0,20.0
78f406813b3b37ed963ec0f2aff0a585,telefonia,58,373,1,400.0,23.0,7.0,15.0
6edf191bc69fa313660424f725f82041,esporte_lazer,45,577,1,1454.0,23.0,26.0,23.0
c9845573653d06921e63975a8eca331e,telefonia,48,461,5,150.0,19.0,4.0,11.0
a58d73d571793d350bfd31a624416f2d,artigos_casa,58,1491,1,1600.0,28.0,10.0,26.0
5640c59a8f6a08b3758272590693eec3,bebes,46,554,1,17600.0,65.0,36.0,45.0
3f4a7c8646dfebf0d04ed19adab8e9cb,artigos_casa,60,277,1,1950.0,37.0,8.0,35.0
450c25d98ed6923154a934554475bf13,beleza_saude,60,1946,4,19150.0,87.0,76.0,16.0
48c9b5b0aff66a99d74fbc6e2c600b33,beleza_saude,57,548,1,30000.0,55.0,75.0,61.0
a6b7073cf928329df156bb534b95b2cc,relogios_presentes,45,482,2,450.0,23.0,16.0,21.0
2c14b8fb1b0888410324f12fc6748772,ferramentas_jardim,58,1318,1,2500.0,20.0,10.0,20.0
9849ba603e33119ef0dcbdba63338aa2,moveis_sala,47,1322,1,24400.0,50.0,50.0,45.0
d129a973e3b21bd2f01b9c25d930d2e8,relogios_presentes,56,471,1,250.0,16.0,11.0,11.0
7f55769896fc6596e7251490b8b5e536,moveis_decoracao,45,520,3,450.0,30.0,10.0,25.0
6711372a1a1512247ae964b1e36525d6,bebes,42,508,1,8250.0,44.0,32.0,35.0
179527fe0673815dff87ca83539b0c58,automotivo,63,437,8,400.0,24.0,4.0,17.0
eebcc3eb19bc7e1f39fbc982e864f919,esporte_lazer,57,419,1,2500.0,27.0,12.0,22.0
723ab68453652dae58066eda82a8547e,variedades,56,330,1,2000.0,33.0,44.0,19.0
2167c8f6252667c0eb9edd51520706a1,industria_comercio_e_negocios,48,1581,1,7750.0,36.0,51.0,18.0
d842f3ca1facabd1a2d292b593dc8517,automotivo,59,90,1,50.0,16.0,5.0,16.0
53efd9ce31847b93ddaad249b879b88c,esporte_lazer,58,734,2,1200.0,82.0,16.0,14.0
60aa11b81de4e2fed1ba0961cbfc97e3,esporte_lazer,46,563,2,497.0,19.0,12.0,13.0
54a5d5e71d79aff47beae9f4402c12ed,eletrodomesticos,49,1122,2,2900.0,30.0,30.0,30.0
b155265e4297510af95358ac2018fbd0,ferramentas_jardim,60,288,2,400.0,20.0,20.0,20.0
d4b65aedaa1a847abd993dced5ed2e30,bebes,49,138,2,500.0,25.0,9.0,18.0
704ef63ad0ac345842ea734060a83db2,artigos_casa,55,249,1,850.0,38.0,10.0,38.0
0630f740d3f05c50f85d7dd7cffc60a3,jardinagem,49,414,1,250.0,17.0,7.0,12.0
7e0dc102074f8285580c9777f79c90cf,ferramentas_jardim,60,1251,2,800.0,30.0,10.0,30.0
09472f584cfc3f5c6aa0cc9fd52a6f34,telefonia,58,701,1,100.0,24.0,10.0,24.0
11ebbade0d9bf72ea23f49ef78f4b6b8,artigos_casa,42,861,1,600.0,20.0,10.0,20.0
a5f51ebc52e3337c55235f2e9d3e3acc,utilidades_domesticas,37,539,4,493.0,20.0,16.0,16.0
6aa2fc145b174e24db03a714aca32103,utilidades_domesticas,45,84,1,350.0,30.0,20.0,20.0
97df097e327bdfd11f7a1061fda6b89d,papelaria,59,255,3,1600.0,18.0,2.0,20.0
bb1abbbcf2a84fa906cf9ba0e3b00cb3,fashion_calcados,28,284,1,500.0,30.0,20.0,30.0
f0d393949e1e06ecb628e7ad8ebd3bab,livros_tecnicos,36,560,1,600.0,29.0,2.0,23.0
e4da15679c5e9692e847a2912c5db154,brinquedos,40,230,1,450.0,45.0,15.0,35.0
66fb81c8c95a92236d7858a4303dc0a4,instrumentos_musicais,53,638,3,250.0,16.0,6.0,11.0
149c06c0927fb59eff16690d31497f12,moveis_decoracao,29,456,4,200.0,18.0,6.0,22.0
9cd4e242b488f919520445a0623cc055,ferramentas_jardim,60,1736,6,1800.0,25.0,35.0,22.0
421890faa615c929339e62ace8ef69c7,ferramentas_construcao,59,145,6,9700.0,44.0,15.0,33.0
3a97c39e9f9403887cba9e4fe7bd789f,industria_comercio_e_negocios,54,2083,4,850.0,40.0,30.0,30.0
6f3b33646150fc4dc2fbc7b2ba144348,brinquedos,58,540,5,7500.0,100.0,8.0,56.0
58e3e57e37601dce8a567e7c1f9e2090,brinquedos,56,526,2,450.0,16.0,11.0,16.0
b22a81bf3aad8a40e439f0f55dcbdce0,variedades,,,,2800.0,16.0,32.0,16.0
c28294761d97af9befb205134aad66a1,moveis_decoracao,56,1463,6,500.0,16.0,10.0,22.0
3e8dfc6cfd5a615318051a93140c0286,beleza_saude,51,1916,1,200.0,25.0,9.0,14.0
01e66dc5bf4d5a186d856506a4f0fea2,esporte_lazer,60,328,1,200.0,26.0,5.0,13.0
7f1e346754bd4283e2261b71bc4bf4b0,consoles_games,17,1108,3,150.0,21.0,3.0,18.0
8084668e41771f2a83531876b0c35ebf,informatica_acessorios,51,472,1,250.0,18.0,9.0,16.0
d967e722339b5694c236717a78497634,casa_construcao,46,841,4,700.0,22.0,18.0,22.0
949079dea28b42bc2a7f048e81fe33c9,informatica_acessorios,54,1947,4,750.0,25.0,11.0,15.0
16725bba96fafc08bce8931aa03c09fe,perfumaria,48,1335,1,227.0,17.0,8.0,12.0
0c35aab0ba0e5a36a652fc2b10f2c102,industria_comercio_e_negocios,53,174,2,4917.0,33.0,23.0,33.0
58528e42f4843601d879c7d3687800bc,pet_shop,53,1241,1,5775.0,25.0,25.0,25.0
6cbfc716ebf92d25d1047a5fe47af5de,artigos_casa,53,244,1,2000.0,45.0,15.0,35.0
d636661ff9dbdf576019c25999974ef9,moveis_decoracao,40,452,1,7600.0,85.0,10.0,23.0
09661a3f29765eeafd2f05d7ad22310f,instrumentos_musicais,59,504,6,6250.0,99.0,28.0,36.0
4af7719ff3907f9e7f11a7652dfe5d90,moveis_decoracao,37,678,1,5400.0,68.0,7.0,68.0
48b412d7a87b3279a7dda5f00e23ca91,relogios_presentes,62,807,4,400.0,16.0,13.0,13.0
991b1552415b78c23b466a622ce28c9d,beleza_saude,54,508,1,566.0,37.0,12.0,29.0
014a8a503291921f7b004a5215bb3c36,bebes,37,497,4,150.0,16.0,7.0,11.0
a82f0e2c1b417c32e3812235e6cdacd4,beleza_saude,31,1337,6,650.0,25.0,15.0,15.0
252dc7b8f5d41ea6efcab73213ea1417,informatica_acessorios,44,914,1,193.0,16.0,16.0,13.0
e8c221d6e4cc4e52388be533deda1740,automotivo,51,761,6,600.0,26.0,16.0,18.0
937ac3a2f4aec64b560e6423fb50aee9,eletronicos,60,71,1,275.0,23.0,18.0,28.0
15b0e8706bf37a95f2bb3665c4cc4c6c,fashion_underwear_e_moda_praia,55,487,3,250.0,17.0,9.0,27.0
31d4faa6002674842cc39184d65374bd,informatica_acessorios,60,2605,3,600.0,35.0,5.0,15.0
5eda929e3621fe903d57208a6939acf5,ferramentas_jardim,44,358,1,900.0,16.0,7.0,21.0
d4a8ab90e626911fa92af68c07228390,moveis_decoracao,59,438,1,1000.0,30.0,4.0,20.0
31c4cfda24c7c817aa9761fa55185dd2,informatica_acessorios,20,159,1,433.0,21.0,15.0,11.0
0fca2bf7fe83539c429a0357389333e7,artigos_de_festas,53,332,1,2100.0,30.0,35.0,30.0
2aafde3b2df26664216fa72787b7dda0,brinquedos,56,661,9,1700.0,40.0,8.0,30.0
b16cbe318e5c99bf0c0ffde3a92a5ff2,informatica_acessorios,58,1031,1,233.0,15.0,11.0,14.0
765424ab0bedf806eb8cbc97be0bea93,brinquedos,57,679,5,6750.0,55.0,15.0,16.0
a24f6d0afc1fcbb52c93dd5be7cc15c8,pet_shop,49,403,1,100.0,16.0,16.0,16.0
32e390b4e48d09326cac6e93679160aa,brinquedos,56,455,2,1800.0,42.0,20.0,40.0
3d482fda7c84e7e2eb013c19760f5c46,ferramentas_jardim,55,1154,1,6500.0,29.0,21.0,11.0
cef9d587c2c31442c9b95eef617db1f4,telefonia,54,838,2,600.0,16.0,2.0,11.0
8a8f06e954adeacfeb28b9af2efdc354,bebes,39,779,2,14150.0,52.0,63.0,31.0
06c950c36d589b39b34f5dc1d4a75e29,beleza_saude,53,885,4,667.0,30.0,14.0,16.0
a9d70f6d031016d058af905f309260b0,variedades,,,,4200.0,31.0,23.0,26.0
5eedf4c1aa6ce63c49b7e0c547bf0ad9,moveis_decoracao,52,747,4,14500.0,40.0,60.0,40.0
1937b3e587fc766c8d1cef0c11c6aa53,esporte_lazer,44,1675,1,300.0,18.0,11.0,16.0
6c1f4831ccdb5827090656c9f1551d3e,artigos_casa,42,458,1,1840.0,48.0,8.0,39.0
be0dbdc3d67d55727a65d4cd696ca73c,informatica_acessorios,47,493,1,245.0,19.0,14.0,14.0
1c99e26fcd1d46507751938718e31f87,pet_shop,59,803,1,550.0,20.0,40.0,20.0
1364bd15aa3e46ec4f3795a7aaf39e99,pet_shop,47,481,1,150.0,16.0,17.0,17.0
16d903db54452c6e230d4750b57926de,industria_comercio_e_negocios,60,705,5,5000.0,45.0,27.0,36.0
fa64259a73edf6f724b7ddf23aac1bb0,eletronicos,60,179,2,350.0,16.0,35.0,25.0
f321a5d546506f8837f12d88408d9b77,esporte_lazer,48,683,1,875.0,19.0,19.0,19.0
ff7263dfb3cfff5421ada48c3899c313,ferramentas_construcao,28,210,1,1100.0,20.0,20.0,20.0
7b73a648fbaac51347a498d0a0b93740,beleza_saude,54,2359,1,1563.0,22.0,17.0,18.0
e9ecd4439d61af4f3d00acb52d5314b1,automotivo,52,510,1,600.0,20.0,20.0,20.0
442fbdff3d856511168100ed3bafaadc,livros_interesse_geral,59,573,1,243.0,16.0,15.0,16.0
d73378cc66536ea4da8b4026e23ec2cf,moveis_cozinha_area_de_servico_jantar_e_jardim,56,652,2,9200.0,31.0,31.0,31.0
7b024909c999cdbddc27bcd2a1eaf889,bebes,59,556,3,9800.0,65.0,60.0,15.0
2149e9d51d629c16ce77c0f14c887e01,esporte_lazer,45,2768,3,200.0,18.0,16.0,11.0
f3b2306f96001e34d8130f7887b331de,telefonia,44,169,1,100.0,16.0,4.0,11.0
cba54528d3adcef3c12d8e8b9a48bc17,artigos_casa,30,1036,1,700.0,45.0,10.0,35.0
b5d70fb85371ee18cb7742bb1f7fb119,brinquedos,38,217,1,400.0,45.0,15.0,35.0
c13e94ddeafb40833a4c2e02c65bbb5f,beleza_saude,57,425,1,30000.0,55.0,75.0,61.0
2a71952901bd77a33530d79a65b13747,automotivo,54,705,3,100.0,16.0,6.0,11.0
e91803613f8e6488d2042a797a6ea40b,utilidades_domesticas,14,116,1,50.0,20.0,5.0,20.0
a95db8c4b3cfdf4a5d518e0d738e4374,beleza_saude,59,560,1,258.0,18.0,16.0,14.0
dd47d9ab7372c7eeae29cff125c1561c,beleza_saude,39,1314,2,1286.0,20.0,13.0,17.0
c819922a96f5ae043d8f960f6635ba98,informatica_acessorios,56,1455,3,250.0,16.0,3.0,11.0
73790673cdf7d797f2011790e71c2c91,moveis_decoracao,30,232,1,700.0,21.0,28.0,21.0
4a1759556510b507ede067b7e191b927,artigos_casa,58,168,1,1100.0,31.0,8.0,21.0
916bcfd7e756e0b65372da1378d1c125,livros_interesse_geral,43,713,1,1600.0,25.0,7.0,18.0
ba9eeef22d7f8d8ce64d99839cfdcee7,beleza_saude,60,2983,7,2525.0,26.0,16.0,31.0
25e3dbdd14cfd1a5b4638f0a9d41e70f,artigos_casa,53,337,3,1850.0,45.0,15.0,35.0
566aaaec94561903dba698b1ff3cf459,fashion_bolsas_e_acessorios,48,589,4,300.0,22.0,14.0,22.0
232f608487cd2ed6669631eb468f2ed0,variedades,47,409,2,900.0,20.0,20.0,20.0
bea6df30df5a4d9e7edb50d44857dd54,variedades,53,1549,2,2000.0,20.0,46.0,13.0
39ac5a8bd0d6a65378c7d952d58b4478,esporte_lazer,58,791,1,2300.0,40.0,6.0,46.0
039e946aff78252a2e83b8fa1adf837d,variedades,56,404,4,2100.0,44.0,16.0,42.0
ca6eb076f02230568bacc7f8abbb6b5a,fashion_calcados,43,455,4,700.0,36.0,18.0,27.0
893a6dd696a6d0d57792987e0df04371,variedades,51,871,1,6050.0,50.0,40.0,18.0
3f935f9cacf1ef3e12e51f49fe7b62c3,relogios_presentes,40,1291,1,17175.0,23.0,13.0,12.0
42189544021ccb7369862e7ee218d828,beleza_saude,45,670,1,736.0,16.0,12.0,14.0
6c78dae2a9cfc8e02ee9cc39af4be3ca,climatizacao,60,724,1,4800.0,53.0,21.0,36.0
d12a5178024ccefb3582170a9ab45a0d,variedades,44,422,4,3288.0,25.0,45.0,25.0
d34ffc1c0b0efc09550c49be7eb7896e,eletronicos,47,219,2,100.0,19.0,5.0,13.0
9cc0259ca653fa86df45978b3791b155,bebes,54,704,3,6300.0,60.0,20.0,50.0
0e53d55e7f56c386b4545fb0e9f4dc6f,utilidades_domesticas,49,771,1,4200.0,38.0,38.0,38.0
aa36c2127048efdcd47f4ad5b6b68810,artigos_casa,57,189,1,1600.0,46.0,3.0,34.0
45a6892a98568b366b52ffeec9a03691,alimentos_bebidas,58,1195,1,229.0,18.0,10.0,16.0
e3e8e08714c40e0101bd225f06bf4fef,utilidades_domesticas,52,514,3,600.0,17.0,7.0,12.0
dd12ee0c5287865a05d9a873944680bc,ferramentas_jardim,26,201,1,500.0,16.0,21.0,11.0
791052a0d5071f87efbc002b579ccb9e,variedades,,,,1800.0,40.0,10.0,40.0
5b36015bf5fe27bac862d0b8f109ddfd,utilidades_domesticas,56,422,2,1900.0,100.0,3.0,15.0
8cc012c0a83e6021df4f2b2d01d8debc,perfumaria,28,609,1,70.0,17.0,6.0,12.0
77b00b27cdf648f59626359c392cee1d,automotivo,60,627,6,650.0,40.0,5.0,40.0
a4b5771bb3bd270e2baacfc4430798cf,informatica_acessorios,41,533,1,150.0,16.0,6.0,14.0
563ca93c70b8dbcd7c3738b349a033b1,utilidades_domesticas,39,285,3,700.0,16.0,15.0,12.0
27f7b5c6bcf21bb57da65887d11cbd51,artigos_casa,33,247,2,1200.0,40.0,10.0,30.0
b20004b530789d5db586f589da0ef3e3,brinquedos,48,804,2,800.0,36.0,31.0,26.0
214182ef6dd2635420e172166e7ee047,utilidades_domesticas,43,965,1,650.0,16.0,17.0,11.0
737b71349729cf37cfd2be8a7bf3b282,beleza_saude,48,706,1,1400.0,16.0,15.0,15.0
54716da70a63aba6d2edb21f14d75e31,relogios_presentes,57,160,3,250.0,16.0,2.0,11.0
7fe14f1d9c5f003f196c92337d12810e,moveis_decoracao,39,534,1,650.0,65.0,2.0,13.0
1fa5685b6d15b1f431092eb5e391250c,moveis_decoracao,39,317,1,1550.0,37.0,10.0,29.0
d9fbc33029641ba345b15a2c8dd86f10,artigos_casa,58,512,1,2250.0,38.0,8.0,38.0
509db8ad81eb83b247f4b73569bacc76,artigos_casa,53,244,1,500.0,45.0,15.0,35.0
fb310009e56c0ab32657c9c674bd402c,perfumaria,41,482,1,325.0,21.0,14.0,15.0
768ea53ea10b7fb3bfa4d3cc4f918772,esporte_lazer,48,370,1,125.0,18.0,5.0,14.0
d8e68bbaf74b873af3726c252399e2c9,artigos_casa,54,794,1,1000.0,70.0,10.0,11.0
c900eec3fdb80817c7bd189a548650b5,moveis_decoracao,56,548,6,750.0,36.0,21.0,36.0
e9dd44f666af26b50ebdc7eefb56877a,moveis_decoracao,42,1481,3,1800.0,80.0,10.0,15.0
203086d8efe5991e11ed8f673bd18d64,papelaria,55,873,5,650.0,25.0,25.0,25.0
9c05bfa05404168611d6340f43b4b022,variedades,,,,1500.0,33.0,4.0,33.0
4534bceddbf90ce5876ec482cc5c74d2,eletrodomesticos,60,215,1,200.0,18.0,8.0,13.0
40a031e5449e42ea991c4ebd5d8639ce,consoles_games,49,243,1,200.0,26.0,7.0,16.0
b5694f734bee2683d25bb188a7f45b40,papelaria,50,684,2,100.0,16.0,2.0,11.0
41b24e4f49504cc023666ed7cde3cf16,esporte_lazer,52,628,7,1800.0,25.0,30.0,40.0
e987fc6af8290fcf1db0510d52b65795,beleza_saude,46,99,2,250.0,20.0,10.0,15.0
6e2d41323c4b6d240b530b9e68e83de1,relogios_presentes,55,626,1,400.0,23.0,15.0,19.0
e76572c2ae4cede1e3b2ead512423efe,artigos_casa,31,352,2,450.0,45.0,11.0,11.0
e97ee7673459375fac14fe9a01a64e6c,brinquedos,36,515,1,289.0,17.0,15.0,17.0
d212ad4ac52091c8d50442a89fbbc7af,artigos_casa,52,160,1,350.0,16.0,16.0,16.0
99f83ce7f14247f186cb52d73bdd6e79,ferramentas_construcao,30,453,1,100.0,16.0,7.0,12.0
9539cddd99ab3f8ca77b6cad0a0899ea,esporte_lazer,38,1067,4,433.0,23.0,12.0,17.0
9fae04deab3bb1c353c27c50cbf3b42b,brinquedos,56,927,4,450.0,21.0,36.0,11.0
e64e3a0324fbd67bd7a686ffbd144c07,telefonia,58,818,5,150.0,17.0,4.0,12.0
f91abf665b0b3d4f46b39c2cafdf6415,telefonia,59,818,6,350.0,17.0,4.0,12.0
0ebeefa6b739bd9605dec426c7c8a11e,artigos_casa,54,577,1,5350.0,16.0,50.0,40.0
9e91c1a0603362cd90caa2e9f6580bb7,eletronicos,54,1001,1,2150.0,20.0,25.0,32.0
2a1e3c9dcf961bc044d917e9358041e4,telefonia,50,609,3,250.0,18.0,4.0,12.0
54fe74dbe5e746273980739ad1d24c7d,bebes,54,509,1,16550.0,72.0,25.0,55.0
5ea060e5498eaeee39d5dc4b4525b7ac,papelaria,58,771,9,450.0,16.0,20.0,20.0
e0fddcd9bdfbff9df8a8228f6a6346d7,audiovisual,60,2064,1,200.0,16.0,8.0,11.0
5ae2f57d379f89f995f9444cdb6d5c60,variedades,53,1621,2,133.0,16.0,9.0,13.0
b56d201af4e494d64897a4be5bb6782b,beleza_saude,42,563,2,6050.0,50.0,50.0,35.0
976ab50ce2361a9f99aaf9fd4037a00a,livros_interesse_geral,37,2578,1,400.0,23.0,2.0,16.0
2d0090282bd77e1ae0f6336ba500facf,beleza_saude,32,534,2,150.0,17.0,9.0,12.0
0cc562350ea5915979a9d5f1f888f131,brinquedos,33,924,2,1700.0,40.0,20.0,40.0
f3456a2585f6774a74e39abccf24a9b0,beleza_saude,36,121,1,100.0,20.0,15.0,15.0
99a9f319eaf0e11751538c624383f907,brinquedos,55,567,6,200.0,16.0,9.0,11.0
b57635031fff59d59857f6e0a18616c1,brinquedos,46,364,2,2900.0,20.0,11.0,11.0
d57df0660328af2e535fa009f227d575,moveis_decoracao,63,233,8,2300.0,42.0,17.0,32.0
c319f453652bff80bc8f9f71d87e56c1,bebes,46,715,6,260.0,24.0,19.0,20.0
48401d4a555fd20aa93a202a4ed3b598,industria_comercio_e_negocios,47,896,1,250.0,16.0,11.0,16.0
495dd714eb32a76c84c675fc016206f6,esporte_lazer,38,420,1,3400.0,85.0,6.0,23.0
8e87b57f5bc7661130ee7803017f3f32,fashion_roupa_masculina,33,805,2,300.0,16.0,2.0,11.0
34a7ef14a5e7901f4a1d52e7b543c9fe,automotivo,55,1122,3,450.0,16.0,5.0,11.0
fa80471d26662bb653b2286e4b735a5a,automotivo,40,2723,4,25150.0,63.0,63.0,38.0
36ab622c8cb4f831132849c587ba600a,beleza_saude,57,698,3,968.0,31.0,8.0,11.0
3c3b94d8e966e0a258d6baaa41549199,utilidades_domesticas,55,429,3,8200.0,35.0,40.0,35.0
190d9562bfbe9d3ed876c2ac6f2f5894,beleza_saude,51,405,2,150.0,20.0,20.0,20.0
9a3ba846b3c74a316408ccf07a40374b,perfumaria,35,707,3,505.0,19.0,11.0,14.0
ddc01db3147c02cb8f547ac87da1718f,perfumaria,36,47,2,160.0,17.0,10.0,14.0
d49f9f12cae797620ffae81f5cdf0f79,beleza_saude,54,116,1,350.0,19.0,11.0,15.0
f0be153642b7b0ea5f46bdbaa7f62ce7,moveis_decoracao,52,1000,6,2050.0,25.0,85.0,15.0
343822490e45c4d1d286b343ce41e634,automotivo,56,534,2,950.0,50.0,10.0,30.0
de72fab731d211f997cb9fac9d8151a1,moveis_decoracao,46,1757,3,250.0,23.0,28.0,23.0
134a6fc4a713a799266ebd6a4f4008d4,esporte_lazer,47,900,1,117.0,16.0,14.0,16.0
efd7af8312533d58ccb5ac26304dd3d5,automotivo,43,294,3,220.0,16.0,10.0,13.0
cb8c44cb7a6b9152db1dbb0f0342ce29,consoles_games,24,879,1,130.0,18.0,3.0,15.0
bf1b2e528a5bb0bbc9c121afd9b9c7ee,informatica_acessorios,48,208,1,100.0,16.0,8.0,12.0
ca33dbc1342572c1aa64e74fb42bab4a,esporte_lazer,60,113,1,300.0,16.0,18.0,11.0
4f34087fd58f28545be71ade9c5322a3,brinquedos,23,246,1,800.0,28.0,6.0,20.0
a5c9c1711f61d2b63cf996b4928092ed,brinquedos,24,669,1,1050.0,24.0,29.0,23.0
26c3ead5dff3d8e393e5331273f4e91a,informatica_acessorios,45,401,1,88.0,16.0,16.0,12.0
7a3bc1b5f3ad201ecd5d03d51d34bedd,beleza_saude,58,2881,1,250.0,17.0,11.0,15.0
953db9f56394a544b5659c4246eb37c9,artigos_casa,51,204,1,2200.0,55.0,25.0,35.0
108fa3ef6742ead062d9ad59b471ce26,relogios_presentes,50,1263,2,400.0,16.0,11.0,12.0
6020b332bb4a8888917d4844eba70bbe,perfumaria,32,265,1,8086.0,19.0,13.0,13.0
a06a7deca7108e64a94482aae448c20a,brinquedos,54,704,10,5100.0,29.0,15.0,40.0
5ac3db3f4250d6add6afca7518ea7ed9,moveis_decoracao,53,608,2,400.0,30.0,4.0,20.0
d64a5abc068bfa0e7e1b7ad7f64fe96c,artigos_casa,59,641,1,1300.0,16.0,10.0,16.0
2cb21a33326f4accdb9dcbaef4a46180,fashion_underwear_e_moda_praia,49,724,2,400.0,20.0,5.0,20.0
cbbc9abd5fd6bcf8db2e1dbafcb4ad42,market_place,29,1841,1,800.0,23.0,5.0,16.0
f494b6e2b8bd806b45b117992c959a8a,utilidades_domesticas,47,485,5,1250.0,30.0,14.0,28.0
0c173069a88cd29f5ef890155d8ea182,moveis_decoracao,27,490,6,200.0,16.0,16.0,16.0
99102d064da32428d01b71bd302880da,beleza_saude,41,482,1,450.0,16.0,12.0,13.0
458ae769e3911daa7d7e44ee726c7e78,bebes,60,551,4,300.0,20.0,20.0,11.0
c89996e9535e7501653008a29281b97d,moveis_decoracao,39,354,1,1850.0,30.0,30.0,30.0
0bec8ea972e7cf7bf6e81cf9c99c725b,ferramentas_construcao,55,216,6,11850.0,50.0,38.0,50.0
29751fbee1bd3194046027f675cdb5ec,beleza_saude,23,692,1,1400.0,18.0,27.0,11.0
af54833766006d685742bf140e6f0086,eletrodomesticos,60,171,1,1600.0,60.0,8.0,36.0
d92239d375e7626174b8545ea884b504,automotivo,60,244,1,480.0,27.0,8.0,14.0
be75efb07aff79cef2eec7ddc5de3952,esporte_lazer,31,236,2,1250.0,60.0,15.0,15.0
e67307ff0f15ade43fcb6e670be7a74c,beleza_saude,47,1474,3,150.0,43.0,13.0,14.0
f88154b7726e0c107fbc01ebab3a5b58,brinquedos,59,508,1,1150.0,16.0,27.0,23.0
0accb86cd9322f97f4d1523781e10fa5,artigos_casa,55,210,1,5350.0,40.0,20.0,40.0
b0ed7fe63babb3e705115f53fa74b20c,eletrodomesticos,38,928,2,1200.0,28.0,8.0,13.0
253d579d3a543d50016d25936dc1be2e,brinquedos,53,286,2,300.0,16.0,20.0,20.0
9019140ff0a590950d16c4e5ae5427f6,utilidades_domesticas,60,158,1,475.0,20.0,20.0,20.0
6c8e5644615f97690580b1b06650f56d,beleza_saude,39,1269,1,2200.0,36.0,27.0,19.0
f0c30886d15edcfa2589922d944f4816,informatica_acessorios,60,1224,2,4300.0,18.0,15.0,25.0
056193fc88b3f131fae751356896b168,utilidades_domesticas,59,1996,1,8950.0,40.0,30.0,40.0
17d4983a8766060a5977b2ea679617f6,iluminacao,55,3681,7,1050.0,25.0,20.0,20.0
1d4e4fe443679ead3a7eb8680e8668d4,livros_interesse_geral,33,754,1,475.0,26.0,5.0,18.0
e179287439bd1d5490f51fae398b3ba1,moveis_decoracao,46,709,1,1400.0,50.0,30.0,30.0
2d80e0dc6fc972cd1ba6ba2972792e82,beleza_saude,46,140,1,700.0,21.0,7.0,12.0
d72542d54fc3e2e41ba701982a67b1e6,telefonia,49,297,1,200.0,19.0,4.0,11.0
ce4748dc1d048c720beb91fd9af46968,utilidades_domesticas,59,543,2,2150.0,47.0,23.0,27.0
5804729aafca1ebee7b26895d830586e,utilidades_domesticas,42,799,4,9850.0,31.0,61.0,31.0
fbce4c4cb307679d89a3bf3d3bb353b9,artigos_casa,53,597,1,6550.0,30.0,30.0,30.0
c91d8f1735fd6207567a03390d4ee309,artigos_casa,31,216,1,800.0,65.0,10.0,45.0
ea6d336eee5645b36bd18f202f90c58d,automotivo,38,361,1,50.0,35.0,4.0,26.0
4e5bbc386fa77265275c4bb8c0d65be0,utilidades_domesticas,59,2507,1,400.0,18.0,18.0,14.0
6b0e88256be0d4e8dafd8b18ce15aba3,brinquedos,43,597,4,350.0,20.0,10.0,20.0
ddad89d4353753d93ac500b1caa5bf09,moveis_decoracao,57,184,11,2200.0,36.0,21.0,36.0
6be9d272e87bb43e70975434eaff3ea9,automotivo,59,1658,3,550.0,16.0,21.0,18.0
5b4c8d91d1870633efdb893f7b2bb44d,utilidades_domesticas,60,518,1,3500.0,35.0,24.0,25.0
7fe2ac55c3a8e1eb6cffdec46c37ef20,esporte_lazer,56,1295,1,700.0,18.0,18.0,18.0
97c58626cc3e15d514d2095f69650220,perfumaria,38,242,1,429.0,20.0,12.0,14.0
6760d30ebea15ef6773a57346f9990ca,fashion_bolsas_e_acessorios,59,1718,5,100.0,17.0,5.0,19.0
c372010a1ffe3950b8fdfd365ea26d88,malas_acessorios,59,849,1,3100.0,62.0,20.0,40.0
50e4fb90b9628bf559883ab24eed361a,telefonia,45,301,2,125.0,19.0,4.0,11.0
a2133c4dcac2ab7510a8c6136474f3fc,artigos_casa,46,643,4,600.0,38.0,7.0,30.0
07b6a220c2eaa7e458c5df73daec6e6e,ferramentas_jardim,29,318,1,4600.0,45.0,13.0,34.0
48cce5e4d2191b274474ac6327a3df2d,moveis_cozinha_area_de_servico_jantar_e_jardim,59,556,4,6850.0,47.0,23.0,37.0
b582be000fb3a394254623d5dff60f56,beleza_saude,30,2949,1,100.0,16.0,9.0,11.0
bdf3cfe384f8cd382e163ab1a5569232,pet_shop,50,554,2,300.0,20.0,20.0,20.0
04574f4bc055655311e798b4e277b9af,automotivo,59,435,1,800.0,18.0,13.0,16.0
6d81453f00fb94345c02d87149c52f00,beleza_saude,48,196,1,275.0,18.0,14.0,13.0
3aa87ff048f23ae9ac589dd73c21d98c,variedades,,,,950.0,30.0,30.0,20.0
fe1341006261b53f5f8415fb27772e66,variedades,,,,250.0,18.0,8.0,14.0
d47ac622fbf41c4fc51f979a13862000,beleza_saude,35,675,1,185.0,16.0,14.0,12.0
7f0340808fbbaa6d3a3122e72a394795,automotivo,54,175,1,500.0,50.0,25.0,35.0
c63f9ad806cc588df99a5f29323335b0,ferramentas_construcao,48,710,1,433.0,22.0,22.0,17.0
f4507b5a3e43bf8841e3c0a0b3348fa0,brinquedos,54,651,6,150.0,16.0,13.0,18.0
91f2cf69ef0c8fa7d0f98492e5fd8c45,moveis_decoracao,58,1750,3,2550.0,105.0,3.0,70.0
d787ebe896a3557db778d1fadf16ad85,esporte_lazer,50,3475,1,2300.0,26.0,22.0,22.0
eacb104882d39ffb53140b1d1860a7c3,artes_e_artesanato,57,942,5,500.0,21.0,7.0,14.0
13e15cb0da5286aed1a2c24bbba2a281,pet_shop,40,460,4,600.0,25.0,20.0,20.0
567c45f86af8863b92fd65d77298a599,artigos_casa,58,549,1,15650.0,58.0,50.0,40.0
543cfc1fc80d636c64df24e8545818b9,audiovisual,48,751,1,200.0,20.0,2.0,14.0
c50acd762180950385dcac913067fd44,utilidades_domesticas,57,739,1,1700.0,30.0,30.0,30.0
1b37d55343061aa2b18b807945ff9831,moveis_escritorio,40,1351,3,2400.0,54.0,10.0,33.0
b5adf7b72a7eb667aafd446581c35f3f,relogios_presentes,44,234,1,483.0,17.0,11.0,13.0
a215a5d82e179ca98b38d8846125c40f,fashion_bolsas_e_acessorios,42,517,5,150.0,16.0,9.0,11.0
4abef02c9dfc89006cb3d501d1f291c1,bebes,48,2296,1,250.0,16.0,6.0,13.0
8f4325bbe83f7ee057479e45ba62a5a4,informatica_acessorios,42,820,3,1500.0,30.0,12.0,14.0
dbb67791e405873b259e4656bf971246,informatica_acessorios,32,321,1,207.0,17.0,12.0,13.0
99a227ce7657e0627fae79ca776081c3,artigos_casa,57,1070,2,5300.0,20.0,45.0,35.0
b5f15ee3cd14a7ad279b7f07aa6c8aa3,beleza_saude,31,506,1,4550.0,30.0,10.0,17.0
0c7ec2b24166d57ac38a9db523711782,moveis_decoracao,22,250,1,1900.0,23.0,50.0,20.0
48ee9be392f28ae3a64518a070f4d06a,artigos_casa,52,534,1,700.0,45.0,15.0,35.0
63802c9aa03004b8c275b2a4630c0510,informatica_acessorios,47,1893,5,9300.0,105.0,12.0,55.0
c266cebdbbb7e17e23ffce382a4e3c3d,pet_shop,48,419,2,250.0,16.0,20.0,16.0
8279f484b70cb6fb2a87f36e766bd559,artigos_casa,54,383,1,1050.0,50.0,5.0,50.0
ee4a5109a6b0bf0dd3a3347b73955c95,artigos_casa,52,237,1,5833.0,36.0,6.0,21.0
375e5a8fcf452959ad89ad40ea2839aa,utilidades_domesticas,40,649,1,200.0,22.0,13.0,23.0
345ebf31824c3871cbb94c377190d6f9,informatica_acessorios,43,463,2,140.0,16.0,13.0,12.0
d3d10495159bcc41173e3d26a273529a,artes_e_artesanato,60,218,6,1200.0,39.0,12.0,12.0
1440c3493146c70f05302fa3edf1038f,papelaria,59,1937,5,6250.0,32.0,36.0,32.0
021f04378f9692f8747f926f38bb8281,ferramentas_jardim,58,220,1,16150.0,62.0,12.0,50.0
2a4147c2b7b63a57aba916e6a5a03493,fashion_underwear_e_moda_praia,63,3853,9,700.0,20.0,10.0,15.0
1fe7076c53248559454a7e1d6c1037f9,artigos_casa,55,105,1,500.0,20.0,10.0,15.0
b50a88003f2de609b7fb5d419bdb6b9c,esporte_lazer,60,715,2,200.0,24.0,7.0,15.0
d9ea8b9304d5ce0662a97af9337ee871,alimentos_bebidas,27,560,1,700.0,18.0,12.0,12.0
8973d773c115b9e347c34a248f17bc92,moveis_decoracao,58,671,2,1200.0,30.0,23.0,30.0
dd0a1a6e42db956ce68fad9bbfd7f35c,esporte_lazer,58,759,4,550.0,50.0,5.0,30.0
b8ce63487e1d8881dac505b123c8e9b6,bebes,53,715,5,1250.0,60.0,20.0,50.0
f355d2acaeb178b14ae4d780ec41e1b1,perfumaria,42,577,2,125.0,17.0,12.0,14.0
4395690ceee4379785f481610bf962ac,artigos_casa,57,217,3,1000.0,30.0,20.0,30.0
b096d990c6b4017851564c895ffa9e44,eletronicos,62,3247,2,11450.0,105.0,11.0,70.0
d75a0171edd3ca57da180fea05c00485,automotivo,58,651,5,16700.0,78.0,4.0,47.0
c63857f1b80521fbf01eb987423d0ccd,esporte_lazer,54,181,1,150.0,30.0,18.0,18.0
dc90d2a794a86578893c4ccdf6524d3d,brinquedos,47,492,2,1000.0,40.0,6.0,33.0
75a1a92a08e3830c261d5a45750e183f,ferramentas_construcao,56,211,1,550.0,25.0,15.0,25.0
c4cf7c2e1f190d51517eba7e8211c8e6,beleza_saude,50,1077,1,200.0,17.0,8.0,12.0
45f176c0bd310b5d35594fc78a8ed5e5,brinquedos,43,1324,4,3625.0,29.0,38.0,26.0
edf219cab1d0e435e3e499287dca9a03,pet_shop,47,852,1,200.0,16.0,16.0,16.0
d60c7a798d6fb6242ca9ace328f624e0,brinquedos,59,391,3,700.0,30.0,10.0,20.0
9dec5fc311dd0fb270109e8942847b50,bebes,13,850,1,500.0,60.0,3.0,24.0
6224528686b1996df2916984f548d310,consoles_games,25,2538,8,1000.0,20.0,30.0,20.0
c988a235aba9c5a522df4bff0ef2a182,perfumaria,43,446,1,450.0,18.0,8.0,18.0
802bc2a46b2276fc7488df8aac5c8971,relogios_presentes,55,556,1,200.0,20.0,7.0,15.0
c7b99e577e7d7948c7fab1d7c1326d22,seguranca,43,278,2,767.0,23.0,10.0,16.0
accb153aa91b42b1411c3b764f83385d,pet_shop,60,770,3,600.0,35.0,22.0,28.0
a080d0af331e8a4152c49bfc8113dec9,esporte_lazer,52,396,3,450.0,30.0,30.0,30.0
8722afd14143e0192b2abbcee6fe2873,eletrodomesticos,52,138,1,10850.0,35.0,46.0,35.0
d1e422d44f28b10c3899b6f494142de0,utilidades_domesticas,56,453,6,350.0,30.0,11.0,20.0
5aa24a87e18df35c06a69ba91d6d8970,papelaria,32,577,1,1047.0,29.0,26.0,19.0
e44f675b60b3a3a2453ec36421e06f0f,esporte_lazer,35,1058,1,350.0,17.0,17.0,17.0
d69f444e73428ff2177e524685c16d26,relogios_presentes,58,730,1,500.0,16.0,11.0,11.0
89039f76a4c1ed8e4c13f4b531f158ca,malas_acessorios,49,114,1,1400.0,30.0,10.0,32.0
8373c62235f446ffaae956121a992bf0,brinquedos,36,684,1,600.0,27.0,12.0,20.0
71f2ce4ae5dfdd3b55a51c7a2d3c4da8,ferramentas_construcao,52,1384,3,3750.0,40.0,16.0,25.0
d2a0d941f4d70b5ec52ae23a1290cd0a,esporte_lazer,26,440,2,600.0,35.0,25.0,35.0
3ac233805cb3141450d80bfc775929e3,fashion_bolsas_e_acessorios,56,572,5,300.0,22.0,14.0,22.0
db9640150707535e9dcddb8a78c87104,moveis_decoracao,31,434,1,6700.0,28.0,40.0,28.0
2c190bcce66ae256e9aea5f13cf0f8fa,esporte_lazer,52,3245,6,1350.0,21.0,26.0,24.0
f638a5563e72783a14acd5da63e6e372,eletrodomesticos,59,511,3,275.0,28.0,13.0,18.0
52690beab08122aee391378fbf246a58,variedades,60,813,3,650.0,16.0,7.0,12.0
9433628ec2932d31ae619e76e2dc1a4c,beleza_saude,43,439,1,276.0,24.0,19.0,19.0
c8d34c6111572ae311ff44e17a0fa81e,automotivo,56,484,2,150.0,24.0,2.0,17.0
4a68f101bf6034b9fe2c78dc988c5a74,bebes,32,1054,1,1900.0,30.0,15.0,30.0
dda262b26fcbc5dc618bbf9c12ee8779,moveis_decoracao,57,757,2,1000.0,35.0,10.0,25.0
dbbea200ac1f56940332252411b43503,papelaria,55,1273,3,8600.0,46.0,7.0,46.0
17eebb377a986cfb90285ec913767939,artigos_casa,49,657,2,6700.0,50.0,20.0,40.0
1405f399d2e4807af6ce6a2519e2ed7b,esporte_lazer,45,599,1,14550.0,20.0,25.0,13.0
595fac2a385ac33a80bd5114aec74eb8,perfumaria,29,178,1,400.0,19.0,13.0,19.0
0615dcf981da53a5ca8777cd6a80361b,casa_construcao,56,922,7,1050.0,16.0,20.0,16.0
7fd5ed44c2c119be619555591475b233,artigos_casa,56,248,1,1100.0,46.0,14.0,40.0
4bf69d3613878eefeaff2e9ab865e468,ferramentas_jardim,47,1174,1,150.0,16.0,15.0,15.0
9ff6b4148d8ade1b7b0d281f9de4447e,informatica_acessorios,58,946,4,450.0,25.0,10.0,15.0
3731a08877914ac1dbf9b7c995854f84,papelaria,55,298,1,250.0,16.0,6.0,11.0
97c2f81082289198f18c18dd5d936971,artigos_casa,40,416,1,27500.0,60.0,52.0,52.0
e51071c4622d7a15494656e912c8d55b,relogios_presentes,53,1648,1,500.0,20.0,12.0,15.0
b983a426eb1ebed80a196089a031a8f4,variedades,,,,3350.0,50.0,10.0,30.0
62b0e890638d64f8e51e7418813fea07,eletrodomesticos,37,1632,10,5050.0,29.0,37.0,25.0
7e97773e9c0333b4f05dfad68b6d3c03,brinquedos,22,130,2,950.0,39.0,5.0,29.0
652cee66eaed09b444b43463eee56cc7,fashion_calcados,55,344,3,1850.0,36.0,37.0,16.0
bbe3ff3b83f04f410e79b2209005cb9e,artigos_casa,36,187,1,7760.0,25.0,32.0,59.0
8d070077591cb06503a4933e5050bc69,moveis_escritorio,46,1200,1,10075.0,53.0,51.0,18.0
71e8988abd639b90bb7a7726b767eb72,brinquedos,27,3215,1,1200.0,50.0,38.0,11.0
1a0e5291bbd852f9da3a61379feaf37d,brinquedos,31,211,1,600.0,25.0,12.0,18.0
9783237142769b3f294c1dfb6a1cf69b,esporte_lazer,45,255,3,400.0,21.0,11.0,11.0
da2d389f29f1cb7e89b1174349e40567,eletrodomesticos,55,321,2,400.0,20.0,13.0,12.0
a28836d8a1918cbaac2b19733784f9d9,artigos_casa,53,679,1,1350.0,19.0,17.0,23.0
76603a4bccfedb23ac477d3cf1f69ce1,ferramentas_construcao,19,450,4,900.0,20.0,20.0,20.0
278fad1b533c93f58f93856792a87078,eletronicos,52,156,2,500.0,25.0,10.0,18.0
a92930c327948861c015c919a0bcb4a8,relogios_presentes,59,319,4,250.0,16.0,2.0,20.0
463013aa75c3e698fc887b04b225f435,ferramentas_jardim,59,466,1,450.0,18.0,12.0,13.0
eb25b740bfb245e32eb540c22c479adb,telefonia,54,1110,1,200.0,19.0,4.0,11.0
a3cd9517ebf5a50dca25acce54f3b171,utilidades_domesticas,52,1910,4,30000.0,75.0,58.0,65.0
8b0bbcbc6fab91d08a10c1fb25764bc1,variedades,,,,1200.0,45.0,45.0,30.0
0721efe2bcae3223969332d77f0182bc,telefonia,55,2139,2,421.0,23.0,14.0,17.0
5e48cea2e7cec25464ae5de34e700e68,utilidades_domesticas,56,595,1,1300.0,30.0,30.0,30.0
da023890ca0515244ea89dc905faceba,automotivo,47,348,1,300.0,20.0,16.0,19.0
296c8a36af881fa6e05b1266ed08b10c,automotivo,60,651,5,6150.0,78.0,4.0,47.0
86133a2151bd98a3ed2ad758709e6d1b,variedades,59,1634,6,1750.0,20.0,8.0,14.0
4a3ffd5293869f4b85d163eb3b4d0faa,flores,53,305,1,200.0,16.0,11.0,11.0
0e304ecd0adea545759479c04134c8a1,utilidades_domesticas,47,437,3,750.0,34.0,8.0,30.0
f748cb764b18656b28d466eff3cbda8d,beleza_saude,43,2265,1,2600.0,18.0,26.0,11.0
2fc1d23fa789d26055ab613cdb6173f3,informatica_acessorios,49,1281,3,450.0,20.0,5.0,12.0
ad3e8888fa82a721dd44c481da333ea7,papelaria,46,80,1,900.0,50.0,2.0,20.0
600add16084eeeead5c56279ccef0d7e,variedades,56,3515,5,700.0,25.0,20.0,15.0
ffccf0ce5eff1a158891296990107d08,esporte_lazer,60,3149,1,950.0,94.0,15.0,15.0
cd00bff3b274caea4aac883ee3a8da56,beleza_saude,55,1719,1,1275.0,20.0,20.0,20.0
f6fe388c9bfc145a2790437f1e4888d9,fashion_roupa_masculina,53,1434,2,300.0,16.0,2.0,11.0
54405df05005a5933a1a2851d1c69c86,seguranca,44,705,2,750.0,27.0,8.0,22.0
f3bd35fc9b0b0c276dabdedcb1969f70,moveis_cozinha_area_de_servico_jantar_e_jardim,46,655,2,14350.0,39.0,61.0,39.0
de400f332af871f44efa451ede873f94,beleza_saude,49,1257,1,1600.0,58.0,60.0,16.0
76bf75da18ed680c5e5d7c720a49e7aa,moveis_decoracao,58,878,3,700.0,26.0,8.0,17.0
cdc7f6db2a3e3050a31fd7e7f3eb026b,livros_interesse_geral,43,1134,2,600.0,40.0,4.0,30.0
be40e17908725e5bb30888064ff7e839,consoles_games,57,3211,4,11200.0,40.0,40.0,40.0
0271c9f7fe6a29e563ddb672cdcc2968,beleza_saude,39,588,1,400.0,18.0,18.0,17.0
bc911e68db068530ee4d709f33920330,esporte_lazer,58,1043,2,800.0,105.0,6.0,20.0
1b3634881407099b50ee5bca1026ef25,utilidades_domesticas,58,759,1,700.0,16.0,38.0,33.0
bf4362fc31d8f9821d9e8f3f9adca705,automotivo,58,2226,1,4950.0,40.0,25.0,30.0
8d5a307bf0bf94eceb4ccc2b0753f14c,moveis_decoracao,49,1478,3,1250.0,22.0,22.0,22.0
8903e02564eb6f9584dae521a9663b55,audio,47,557,4,400.0,18.0,8.0,14.0
bf3024b979e260a941c418cc5771fff2,utilidades_domesticas,50,372,1,800.0,26.0,21.0,21.0
1c955eb7c06e7330695a99212a99c0c8,eletronicos,58,613,1,1200.0,16.0,16.0,16.0
8c24ef6ef31f7c7b9e989cb1e0a66c9f,artigos_casa,48,323,1,9050.0,16.0,10.0,16.0
9c7140bb02241a5835bc69ab9ed3732c,utilidades_domesticas,44,1137,3,500.0,20.0,10.0,18.0
7b07e5afce1bb1e6fa3ffcdc718d7e69,informatica_acessorios,34,1006,2,175.0,17.0,9.0,15.0
0a74b9407eaec9d6c760a1e92c10d96c,consoles_games,50,269,1,675.0,25.0,14.0,25.0
dea564fb3ed59db512cb4df9c491c1ef,fashion_bolsas_e_acessorios,43,814,1,100.0,16.0,5.0,16.0
9aaa1a6ffcb1d4a15ae80b602b8def1f,artigos_casa,53,244,1,2000.0,45.0,15.0,35.0
fb8c11da2e1b1634e879d1c3c6762dc2,pcs,56,1658,5,2400.0,16.0,31.0,39.0
562cc921a8887a6be5832fc2db1c3dc8,esporte_lazer,33,993,5,700.0,24.0,28.0,28.0
d56c9fe93d4e5fbdec5bb1ffff397fd7,informatica_acessorios,34,43,1,400.0,20.0,25.0,25.0
d54c5b81fc2b38707588dd4eddc7c594,moveis_decoracao,59,455,1,7850.0,52.0,18.0,35.0
ab5b097435a43ee034c6c17438726945,perfumaria,39,508,1,1300.0,27.0,21.0,11.0
e3991d2e1045bf9b4f3474f50d5df842,livros_tecnicos,51,593,1,750.0,31.0,3.0,27.0
6f28f90ba66cfbdbe2b962446a0bec69,telefonia,59,1176,6,400.0,20.0,8.0,12.0
574597aaf385996112490308e37399ce,utilidades_domesticas,55,499,1,4800.0,22.0,63.0,22.0
915ff35b0555b98fe64bc60674da4c43,ferramentas_construcao,30,673,4,13350.0,30.0,29.0,34.0
07313d7b1ca6dbf3885412a763b626c5,informatica_acessorios,28,690,1,100.0,16.0,2.0,11.0
70ef02956d1b9d6a8b1aa4f7b206e210,esporte_lazer,38,1460,1,1700.0,17.0,29.0,22.0
41905505467674f4496fd2f6e9ebae6f,informatica_acessorios,49,327,1,150.0,16.0,23.0,13.0
13ed40194df36dfe1dc2bf7e4ce3bcf2,moveis_decoracao,59,197,8,1000.0,31.0,11.0,26.0
5dffc90ad9125991a7ba68cb88c2233d,artigos_de_festas,39,265,1,600.0,16.0,19.0,14.0
e7ce523709a63bb4254b103e76658a46,beleza_saude,38,629,1,1280.0,21.0,16.0,16.0
6cd57d91d76b7cb14085f9655d5e2ebb,pet_shop,58,278,2,300.0,25.0,6.0,20.0
327f871cb112db4bbbbf9dfb390b7374,automotivo,43,715,2,800.0,17.0,21.0,11.0
9d7cee5f2a133c35af653eea7e1eb292,perfumaria,58,349,2,400.0,16.0,16.0,22.0
425a12d4dd8e5e7ba3be5c4157f1fafc,relogios_presentes,53,657,2,246.0,18.0,11.0,13.0
f714f2e04474e89e781961c52081a5a7,esporte_lazer,54,1888,5,400.0,24.0,11.0,18.0
e731dfad79b4686d049d024b9fc97360,artigos_casa,59,127,2,7900.0,20.0,40.0,40.0
5ceafdc1d838f693f92b8c2d8c3bdc86,automotivo,56,423,3,200.0,30.0,20.0,20.0
532a5b62ca2802053af3cc40179813fd,fashion_bolsas_e_acessorios,38,211,1,200.0,20.0,20.0,20.0
914323edd50192310dd03435b0e6ad65,seguranca,48,373,5,200.0,18.0,15.0,15.0
d801510753de8d979707ac7f6dea3964,beleza_saude,53,667,1,700.0,20.0,6.0,16.0
688f7f7b6c5a6788b084c4cc80f988f8,telefonia,60,540,4,300.0,17.0,4.0,12.0
803668f063859a1f96b67b83b71e86ef,utilidades_domesticas,38,138,1,1800.0,55.0,10.0,38.0
9fd402a0b4e316e0945ec7a6cc106d08,moveis_escritorio,41,1466,1,14900.0,48.0,22.0,32.0
17f40fbed6dd51e0cc87eefe3d88f644,informatica_acessorios,56,1145,4,1300.0,20.0,30.0,20.0
272c04ff0de2f13b78cefa1d769593df,brinquedos,59,411,5,800.0,20.0,35.0,20.0
0d87a475cd933bc600f92e0b346e9c0c,utilidades_domesticas,53,747,1,275.0,27.0,15.0,27.0
28fb90993dc41cc9bd28407d44c581ca,esporte_lazer,21,604,1,8100.0,31.0,9.0,11.0
021426c19c264227de3c34e3f5e2f4ee,pet_shop,29,2918,1,1750.0,40.0,16.0,30.0
d689403366ea94295d3c38f630928568,relogios_presentes,34,375,1,115.0,17.0,9.0,11.0
818430a64bb4e935b35f1f4da32612eb,instrumentos_musicais,58,767,8,500.0,30.0,15.0,30.0
2fd409cb89bdd869516f53cf84e69cd9,artigos_casa,44,158,1,725.0,30.0,13.0,20.0
dfbeadbb1840417400f0c7683889a585,relogios_presentes,60,897,4,300.0,19.0,13.0,20.0
2b7fd8137a4b6427e3547cd05d3aca49,eletronicos,56,305,1,175.0,22.0,11.0,16.0
ab63f62c916db9ba192225d361b6ec44,fashion_bolsas_e_acessorios,37,421,3,200.0,16.0,9.0,11.0
a15bf6fcbc5578554a8d0da342a19175,informatica_acessorios,48,267,1,2475.0,56.0,7.0,52.0
581da9e6a6eda905b74a303dd719dd12,beleza_saude,58,461,5,300.0,25.0,15.0,15.0
06ef9525b604908b6ef27fa630b4f22f,eletrodomesticos,60,192,1,1800.0,66.0,7.0,38.0
5d8b1699ab3e7b3ca81ab0228c03e33c,moveis_decoracao,53,374,4,9950.0,40.0,30.0,40.0
5e9a6c707458f23644bb74a8b9c53222,brinquedos,42,1686,3,19250.0,55.0,50.0,38.0
a2e3365ef10ca17767e0228708414937,esporte_lazer,43,263,2,3650.0,60.0,15.0,15.0
9a36241ab9d33e23d58b50eddb5097c9,moveis_decoracao,60,872,2,2500.0,28.0,20.0,25.0
19de58ea609a59ce31f93672af50c09a,artigos_casa,56,581,2,3750.0,41.0,10.0,33.0
b254def59e0984c2fb00c579484e6654,telefonia,59,1170,2,150.0,18.0,6.0,20.0
28d6d6a10ceb0636ae572e7efafef612,automotivo,44,685,1,250.0,20.0,20.0,20.0
f5b11b51f8a211b6f304a2e351325384,telefonia,42,363,2,50.0,19.0,3.0,11.0
a93582af341a9c4d7e8f150f68cfa595,brinquedos,37,916,3,415.0,25.0,27.0,18.0
1dee3524e3a91274c8255b3a31373ead,papelaria,57,2042,1,700.0,17.0,12.0,17.0
66a0a6e02b7f543e5b021ce361f267d4,variedades,45,798,1,1500.0,50.0,40.0,30.0
076743539f8476d5c8a1e4e7b62ffc26,moveis_decoracao,57,108,11,3000.0,40.0,8.0,35.0
64b4fdd3c24f7e8c49133cad3718bfc4,moveis_decoracao,63,1253,8,30000.0,60.0,60.0,60.0
a6d040e128bd9c3f2f4c04f27f3ffbf6,artigos_casa,50,216,2,1400.0,34.0,14.0,34.0
0b3de7b77f38988388362460d76d884f,beleza_saude,31,838,3,350.0,20.0,12.0,15.0
a54244559e62c8ef2939e52189d65d4c,alimentos_bebidas,60,1088,8,1300.0,19.0,12.0,12.0
a69f15dfb803d485e8933e80b9742c1c,relogios_presentes,53,506,6,150.0,11.0,16.0,6.0
3f49f9bc923b6444dbfad29c569d7cf3,automotivo,57,1527,1,667.0,21.0,17.0,17.0
1f39e56ddd4944595b9a7d9d7e4e16f3,papelaria,53,576,1,2400.0,30.0,5.0,21.0
2400c93fe382bdcd64e277eb723adac4,moveis_decoracao,60,269,1,1150.0,35.0,35.0,35.0
55b8fd61c5b3198e5801450b75a656e7,relogios_presentes,37,286,4,1000.0,20.0,20.0,20.0
d34b35c6ebdef211ce82df0f54bfa678,beleza_saude,31,582,1,650.0,16.0,22.0,24.0
79f20b9626febd4142b00e95f0fe8487,esporte_lazer,52,1411,1,250.0,16.0,16.0,16.0
da37b1e69fd193ddbdb8721c9079656b,variedades,48,1021,3,2050.0,70.0,15.0,25.0
c4ff5e26b621356e9aa18a92f3743d55,bebes,50,269,1,350.0,23.0,4.0,23.0
686c91d509cb70a2148ac3ecbb8a4f75,variedades,54,940,1,2100.0,42.0,25.0,15.0
d696ead711c63f9d5d1af6fcfbc3fca2,beleza_saude,59,971,1,2200.0,26.0,17.0,19.0
920413d47417d9b3e04095f1704409fb,informatica_acessorios,33,321,1,375.0,19.0,12.0,14.0
41d7e4805e2a22cc8755e50fe37e5c6f,informatica_acessorios,59,1170,1,100.0,16.0,4.0,14.0
df2e41520cb6197bd02beaebfa6e788b,artigos_casa,50,648,1,6500.0,57.0,16.0,45.0
9615c720e219d641f4498abc24a54272,esporte_lazer,58,246,2,900.0,60.0,15.0,15.0
986b5076dbde32c7078395545cf40657,automotivo,54,840,1,1900.0,45.0,20.0,45.0
5218770ee0cbcad0666569202deebc4f,esporte_lazer,34,1118,1,3214.0,27.0,27.0,17.0
86c43103446290e7efacad3701cd654d,relogios_presentes,58,644,6,250.0,16.0,2.0,20.0
28452e5e58eb9105476492224d573c43,variedades,,,,300.0,16.0,2.0,20.0
2abe986592541f0d9448fe0af86903ee,utilidades_domesticas,56,266,4,300.0,16.0,2.0,11.0
36a3aa7d9d4e2bfcd7edb9c2abf061a6,artigos_casa,60,322,1,2450.0,45.0,15.0,35.0
bb7e168a9be3d6ead7cfdc295a63864d,brinquedos,49,893,1,725.0,50.0,5.0,50.0
40256a4f675b7f41f2ba899b022c02b5,moveis_decoracao,58,903,1,700.0,22.0,5.0,22.0
ffbb3c00e9687ad738ace3977e821da5,beleza_saude,41,2639,1,2350.0,30.0,12.0,12.0
b36f3c918c91478c4559160022d3f14e,variedades,,,,300.0,16.0,4.0,11.0
0d9e040b938001c020cc395f7ee87ce7,automotivo,52,126,1,100.0,16.0,10.0,16.0
21ff08c8ad08521e34ac18dcc59be52c,esporte_lazer,54,1548,2,350.0,16.0,8.0,12.0
debc531d0f769b8c390ac1cef839c12b,esporte_lazer,30,1003,5,600.0,22.0,6.0,17.0
f1d3e7a4605f6cd5f2a3cf9bde5c7845,market_place,40,565,3,1000.0,31.0,6.0,33.0
40876e499870e34fccde7cfb266a987d,ferramentas_construcao,45,1202,1,6250.0,16.0,2.0,11.0
8db17861b9c5d161d08b81e8f9f4a4be,utilidades_domesticas,49,949,2,6500.0,40.0,30.0,30.0
801209a2f42502b713a4c72df76c8e8c,esporte_lazer,46,554,2,425.0,31.0,10.0,35.0
56ce131d9dcf10be8c9eb0b670194766,papelaria,59,339,3,150.0,16.0,10.0,16.0
c2ece64199af7a53793ed9612a89a8cd,moveis_decoracao,59,955,7,2500.0,60.0,12.0,20.0
5c78cd7b50ea28c57bfe6cd09700dcb8,beleza_saude,58,1068,4,863.0,22.0,18.0,14.0
7fb2982ef87cf37c760ac841e5afb9e2,moveis_decoracao,60,236,1,30000.0,65.0,45.0,65.0
be0711db7f99b4443f68c8b9f13235af,beleza_saude,57,561,1,1000.0,30.0,10.0,17.0
759c00ad779b5fcc09add1f1efb62417,esporte_lazer,53,770,1,530.0,67.0,37.0,15.0
3ae13337333ac7ba984074d5a6349074,esporte_lazer,55,1294,2,3325.0,32.0,31.0,28.0
226f3829f99a5f02578560da8708c8f7,perfumaria,49,1208,2,200.0,16.0,8.0,11.0
1dc6a19ea34c75792743abebd47309d3,brinquedos,56,797,3,1850.0,36.0,36.0,37.0
6bd90496e4292446cceb64b93d7dbf81,esporte_lazer,51,1360,1,233.0,16.0,11.0,13.0
c3adcd846a294794059da678fb939220,moveis_decoracao,63,394,1,1200.0,23.0,18.0,43.0
046eee903d62294ffad4e38ae6aa730e,artigos_casa,32,219,1,9325.0,50.0,18.0,28.0
d5eaad1134bfeff3b2e4a051f652801d,malas_acessorios,59,355,1,600.0,20.0,5.0,20.0
556f5f6c941fc24540f7602d7079d1e6,beleza_saude,24,594,1,2300.0,25.0,15.0,14.0
97d1914c419fa8222dee93c465395aa4,eletrodomesticos,55,772,2,300.0,16.0,16.0,16.0
7167af17015615b513d5b429758969a2,variedades,,,,21100.0,38.0,42.0,72.0
b0868ddc5f282e1e482593315aa0643d,ferramentas_jardim,41,306,1,475.0,18.0,4.0,14.0
38ef3053f28ce654357313ac96520552,artigos_casa,51,750,1,5300.0,30.0,20.0,25.0
a793f6312549f217138244dda30208c5,artes_e_artesanato,52,912,5,3400.0,19.0,19.0,19.0
e167adfcc4c1ed3682a074de77e1880d,eletronicos,34,576,1,100.0,23.0,6.0,16.0
6f04cbb6917432bdae4cdc802436f090,automotivo,49,303,2,100.0,16.0,10.0,15.0
136bcac25276c164961c1fea9c7b48ac,automotivo,40,766,6,3700.0,35.0,15.0,30.0
bfeb1a1c9d786c80550462f2895a13a4,pet_shop,51,1524,2,5550.0,30.0,30.0,30.0
1ab9dfe894998cf8d80b24faa69b3c5b,automotivo,57,667,6,3900.0,47.0,19.0,23.0
0b9c9a5a9c9825ff5bdb295751784392,eletrodomesticos,57,147,2,500.0,20.0,13.0,15.0
8323a7adeb57da21acea7e83563bed90,bebes,49,326,1,250.0,20.0,20.0,20.0
1d9ec694c5ecfc2d472cf83b1c4891c6,esporte_lazer,35,238,1,950.0,16.0,7.0,12.0
57dcf5497a141d23764008088c8d9974,esporte_lazer,49,858,1,1250.0,30.0,30.0,35.0
46efd90c6dfaa18831f2571398dbd848,moveis_decoracao,58,600,1,650.0,25.0,25.0,25.0
0926524e4f3783f1b0e35c09d5fe13cd,beleza_saude,49,2127,2,100.0,16.0,5.0,15.0
2c2a7e84b8ea741adf739c11dd78ee1a,variedades,58,2216,1,300.0,16.0,16.0,16.0
a7c9b5877966d71112d9a1b392fef8d1,utilidades_domesticas,58,495,2,1250.0,29.0,12.0,26.0
972c0d7dad0a283c8704296f1acaadd7,telefonia,60,777,6,75.0,18.0,6.0,13.0
680fb1be80c45666f3735cab0e1e5c30,malas_acessorios,59,716,3,6825.0,42.0,42.0,39.0
68d89fc0b9f098167d94c8bc6e843994,beleza_saude,52,546,1,950.0,25.0,25.0,15.0
146eb6d2e5e311d926d672b5b25d3f4a,beleza_saude,43,1983,1,2300.0,30.0,10.0,20.0
758c721416d9d8799cb3059bd648240d,beleza_saude,50,443,1,500.0,23.0,5.0,11.0
937a79a60a40809f6e8451355f21d639,perfumaria,31,178,1,100.0,16.0,5.0,11.0
d51f9e208b88e49c98f6a55649d5df35,utilidades_domesticas,55,94,2,1200.0,21.0,21.0,21.0
46b769809b6fb1728843192da1732171,esporte_lazer,53,142,3,450.0,16.0,10.0,16.0
72cc36db9008f414bea55e8d38d38049,eletronicos,50,967,3,500.0,29.0,10.0,16.0
807d58831eeb7c3d2d80b696d679ff8f,fashion_bolsas_e_acessorios,13,146,1,150.0,20.0,20.0,20.0
1ad110eaab5105bf841dc2b8985190e5,bebes,46,756,1,600.0,26.0,23.0,11.0
ff0303657c756073d669ed516070eb3e,climatizacao,59,675,4,150.0,22.0,14.0,31.0
8c5af0747c457be38b6147250a5a5487,esporte_lazer,40,322,4,250.0,22.0,13.0,17.0
1d828db422e61ea21702baf9eda8732d,telefonia,49,210,3,100.0,16.0,4.0,13.0
37a596b78c308cadd1669984686b04c4,esporte_lazer,57,2568,1,1800.0,22.0,18.0,18.0
70af9f85d8121e98ab6c26d0fc760d61,beleza_saude,50,222,1,550.0,20.0,9.0,16.0
df6e62772d439c7afc2d284339cf9425,jardinagem,67,348,1,250.0,16.0,16.0,12.0
1ff07d822435ad0061151419f62e51aa,climatizacao,55,296,1,7333.0,51.0,46.0,31.0
66a053c867e1ba6297fda329e5a062c3,informatica_acessorios,52,383,3,200.0,41.0,3.0,30.0
eedc7b3fb1b94864756336d71f04efd8,ferramentas_construcao,45,92,2,100.0,22.0,5.0,17.0
1fb5f3130b9f5c67e7dc57e0f5df6e6d,instrumentos_musicais,57,1096,5,1850.0,54.0,16.0,11.0
66f559d2cc74e31ad7e9c7db447aa4f5,utilidades_domesticas,60,559,1,4500.0,68.0,53.0,11.0
911e953e7bd4d3a93bcc0354e12d2b96,automotivo,56,1128,3,450.0,18.0,6.0,12.0
abaefce0c17047c6829ff4078f2005d0,esporte_lazer,30,410,1,700.0,30.0,30.0,30.0
d86d15924d5a9ca159de4d8cd09263ae,instrumentos_musicais,55,464,1,1650.0,30.0,30.0,30.0
6e6752783a53e4832b969f1417ca34cf,consoles_games,34,425,5,600.0,17.0,5.0,14.0
2b9c3fbbc252238d3a35a75dcc19d8cb,papelaria,60,645,4,7300.0,25.0,12.0,20.0
2c2b1db11f5ec66bbc6ca9d1ce3f81a4,brinquedos,40,618,4,300.0,16.0,7.0,11.0
3e8fca04d24eff0e2177d6157127ed70,moveis_decoracao,51,986,2,300.0,68.0,8.0,13.0
bf455a7f51eabfc8dc987897ec6475f7,esporte_lazer,55,127,3,750.0,38.0,15.0,33.0
42a735673c53cddc4fcb42935065465a,artigos_casa,50,631,1,1200.0,16.0,10.0,16.0
0e20a07ca1714df21f9b07ca3bf7c682,eletronicos,41,675,2,20800.0,75.0,40.0,40.0
29fffacd0907d0944b7af35086efdb43,variedades,,,,800.0,24.0,14.0,24.0
50046ff3c7e886839388c4532a5ba24f,artigos_casa,42,352,1,1100.0,45.0,11.0,11.0
144958cbd9bf55a1227516709f793e50,moveis_decoracao,53,128,1,1750.0,34.0,16.0,25.0
98a5e061c4731a1d4eba3e6f4b6d9b93,climatizacao,55,1351,1,5700.0,55.0,16.0,26.0
ec9f54e0036a28f74cc88439e4f9168b,eletrodomesticos,26,256,1,1150.0,33.0,7.0,33.0
e621e5b4cac0fb8cfabee7a4a64bdc52,variedades,,,,200.0,18.0,10.0,13.0
7d761cef314675473eda87ecc3b7e751,artigos_casa,45,729,1,1250.0,20.0,30.0,30.0
3d2c44374ee42b3003a470f3e937a2ea,instrumentos_musicais,34,372,2,300.0,16.0,6.0,12.0
0d04a8284bd80aba2723d62bdb330b4d,automotivo,63,555,3,150.0,20.0,6.0,14.0
7b5dc46fb60be9d57911ae41dd5639ff,utilidades_domesticas,51,776,1,5800.0,42.0,28.0,33.0
9703986ab6085218deac513b71fe9b5c,automotivo,54,676,6,400.0,26.0,8.0,16.0
6add38331c35760122f176049d851692,bebes,13,218,1,200.0,17.0,27.0,18.0
0f2720a22895fc23480cb778e022a50d,bebes,42,1027,1,16300.0,44.0,70.0,32.0
57518979d2090ce36061fdb544c8515a,fashion_bolsas_e_acessorios,30,227,2,200.0,16.0,8.0,11.0
c3ccc0c6eb821d523d51af4a8ceff376,brinquedos,49,306,2,300.0,34.0,4.0,32.0
9e054ea2f5ebbccf726cdbd0b9b00267,automotivo,57,1072,2,200.0,20.0,10.0,20.0
baff5f5a048f514e921ea530c4a7a814,moveis_decoracao,31,222,2,450.0,16.0,40.0,30.0
3197b90a5a79fb94cc45a0f42b75dd01,perfumaria,51,615,1,100.0,16.0,5.0,11.0
31207fc086e99a46400056ea7f77857e,beleza_saude,47,1482,1,700.0,16.0,100.0,11.0
a53d9459ab35c28053d6b7732fb8ca07,telefonia,53,880,2,50.0,18.0,6.0,11.0
0e71c6a889baea05c4c9ce1b0d58114d,moveis_decoracao,48,278,3,900.0,30.0,20.0,30.0
09d934535911e9af88dda1e31735379d,variedades,,,,19200.0,64.0,40.0,48.0
4fa2410cf10d733adc25a98d23a33975,moveis_escritorio,44,2235,1,12400.0,58.0,28.0,58.0
ce795d93828b601d26e3188a77eeaf0e,moveis_decoracao,30,679,1,20000.0,93.0,9.0,43.0
1da5a90b5fbd1e1bc37b7bbb999c7bd3,moveis_decoracao,45,606,3,1000.0,29.0,13.0,13.0
1b80b0a1f4aad5d1a1cff676b76e9eec,relogios_presentes,52,427,1,500.0,20.0,10.0,17.0
245269defe4105aea93d92bc62fb983d,automotivo,49,333,1,2900.0,33.0,25.0,60.0
c2fcb87c4c426b677d85cbc8c7e75f3e,automotivo,47,445,2,3500.0,30.0,30.0,30.0
ebc714d9f070a89f4d411982ea9670fb,brinquedos,50,999,2,1950.0,24.0,35.0,26.0
fe59a1e006df3ac42bf0ceb876d70969,informatica_acessorios,60,2136,1,3407.0,28.0,22.0,23.0
fda36cbf21cf89adaae228f08c1e4121,eletrodomesticos,54,865,2,14250.0,72.0,27.0,43.0
30f008a4231a62a5e3dd80b718b3498b,variedades,46,415,2,500.0,39.0,8.0,29.0
082c3f21a0fc7a07cd303552d8b6ddae,utilidades_domesticas,40,269,2,13900.0,42.0,44.0,43.0
b11b6e603959e09bb5b90095db226602,eletronicos,54,651,4,1950.0,31.0,23.0,23.0
ca9bcd697674a4d0eeb84be9c533b9d2,pet_shop,37,385,1,3800.0,45.0,30.0,35.0
c3779d48220f0a47ad0adb07b5d19c3e,beleza_saude,56,73,1,413.0,18.0,11.0,13.0
aaac7cb8bbb8fe12c5758225cd464e5c,esporte_lazer,60,3927,1,7000.0,32.0,37.0,32.0
f7e2c966e1db5f57d218c530464c38da,esporte_lazer,55,835,1,5750.0,36.0,44.0,24.0
225d62bfb53c4e74ed7d30d1fed23fb5,automotivo,48,144,1,350.0,24.0,4.0,16.0
fb6ef896af51dbc06d51d65f414703e4,moveis_decoracao,58,931,3,300.0,18.0,9.0,14.0
8f8ba9033e26050d48ea1e8807e8cc8e,livros_interesse_geral,16,544,1,300.0,16.0,23.0,23.0
187408f6a6f2681f13fe6337c3c5d1ac,informatica_acessorios,52,2290,1,300.0,16.0,16.0,16.0
3e0bf199429e16f10824e5fc7dd33213,eletronicos,60,382,2,1050.0,18.0,13.0,10.0
9e75c1e76e60e7ddab5d73da0e216234,utilidades_domesticas,60,484,1,1600.0,25.0,25.0,25.0
2ed6a60d8d1687aa377a1d37746664eb,iluminacao,32,383,1,1800.0,36.0,10.0,36.0
4ebe0af5e3df81384008ea97f49879fd,telefonia,57,1370,4,150.0,17.0,4.0,12.0
e16045eef2ff02ee2a6469e167958bb0,utilidades_domesticas,59,370,2,900.0,71.0,13.0,11.0
be764855458cd43b36c334faa773f7d5,brinquedos,33,364,1,10925.0,50.0,31.0,48.0
f78d57eae3aa976bdfd5f0db33141a79,artigos_casa,58,204,1,2100.0,35.0,20.0,30.0
24ca97c9bbba92771baa2989300b2c50,pet_shop,50,529,4,200.0,16.0,26.0,11.0
c122f3648b40e013db57964f1721c25b,telefonia,58,58,1,350.0,20.0,20.0,13.0
aa5889064ca9c81e3a9dc65dd018187c,esporte_lazer,33,2440,2,1200.0,30.0,20.0,20.0
38ef617a023fc4398829dd8c2b9e8be6,artigos_casa,54,559,1,650.0,16.0,10.0,16.0
c39610045a59ffcd596a9e9ce4341921,relogios_presentes,46,533,1,300.0,16.0,2.0,11.0
cad39e71c0fe2f6ce875040d4ac43a4b,relogios_presentes,34,580,1,642.0,20.0,13.0,16.0
ea1d59339533cb7f68f0319501d8e4d4,agro_industria_e_comercio,60,876,2,9900.0,29.0,49.0,36.0
e61f7a619c73b49eb629e2a3ab687a7a,informatica_acessorios,54,1674,1,5977.0,38.0,21.0,29.0
765c417cdc38443aaa558a0159a98591,malas_acessorios,26,998,7,3500.0,40.0,55.0,25.0
249da1970e34871eedb6b6a70e89aec2,market_place,64,2112,2,1600.0,24.0,4.0,17.0
94ab89bbeb920c479a0a9ed200c77274,automotivo,58,339,4,150.0,25.0,15.0,15.0
2dcde6124179442bfb486378988545db,utilidades_domesticas,53,72,1,700.0,16.0,11.0,19.0
af64874ef27a7dc357905b75ea78555a,fashion_bolsas_e_acessorios,51,250,7,350.0,17.0,4.0,13.0
60314cbf527af04ebc935be7c02dc1cd,esporte_lazer,59,303,2,750.0,16.0,6.0,16.0
ac99022a225e4eada5377fc101a4f68c,moveis_decoracao,49,1246,1,1200.0,54.0,8.0,11.0
e4d58f5f2f9a01a720941fb83902e9ab,esporte_lazer,41,1025,1,1125.0,16.0,15.0,16.0
cf37036bec6f6d8639d1cf0ac3f1d04e,automotivo,43,1385,4,750.0,20.0,10.0,16.0
968996bd8988520a2e0e9e869819fbaa,livros_interesse_geral,51,547,1,350.0,35.0,4.0,25.0
4eec371b7c376e0f55338a4e3e362965,beleza_saude,52,1649,1,300.0,22.0,5.0,15.0
b22be29b1a6f923436642bb5fe433071,utilidades_domesticas,45,528,3,600.0,25.0,10.0,25.0
28e734fac9ca5436945bb771fe50a35f,ferramentas_jardim,49,981,2,600.0,27.0,8.0,21.0
55c241d4a5f20682cdeaec642cb06fa8,variedades,48,1100,1,1400.0,20.0,30.0,20.0
89b190a046022486c635022524a974a8,moveis_decoracao,59,1744,2,700.0,62.0,15.0,15.0
f7c758899e1679f82c7e9f006866674d,beleza_saude,59,1232,2,1300.0,16.0,20.0,20.0
59a0529af96d3d459965f044c5cd1296,moveis_decoracao,54,974,3,400.0,50.0,3.0,25.0
efaee69dc1718675b7e89a537cd0ad89,relogios_presentes,55,402,2,1725.0,21.0,4.0,27.0
ff2c1ec09b1bb340e84f0d6b21cc7dbb,artigos_casa,55,615,1,500.0,16.0,10.0,16.0
13600956946060355717f613fc076a67,climatizacao,57,792,5,550.0,18.0,11.0,18.0
e648fe1e87009dc727a743101c2fc3fa,beleza_saude,59,2013,3,75.0,21.0,6.0,12.0
8f68521812e9648cf8129a3a6daaab0f,moveis_quarto,53,667,3,8250.0,69.0,8.0,36.0
fb92dc4602bd9224e0e267496748afc5,relogios_presentes,28,243,1,475.0,21.0,14.0,19.0
52e316d4cfc422b232b280bed1c53236,beleza_saude,54,2125,1,1600.0,21.0,21.0,21.0
01d15932271068f9fd1f369b8449cac1,variedades,51,751,5,4900.0,78.0,2.0,62.0
44e84a5c5e43b0f044e0ee8c2deb30d1,esporte_lazer,31,312,3,400.0,25.0,25.0,25.0
e31ddc888efe970ebfbc8e7b460babec,esporte_lazer,58,1033,4,2933.0,40.0,7.0,24.0
5b3ab91e567b3e46074a3507b06c9ad8,relogios_presentes,59,470,1,300.0,16.0,11.0,20.0
de62b43aa8f2f2becaa227a4132b2aef,variedades,30,629,3,2238.0,38.0,31.0,29.0
93f1cce4b913dbf3213569661cb978bc,artigos_casa,59,1029,1,750.0,36.0,11.0,36.0
c51aa2261d389a1105d4ef8b0a9a87ac,beleza_saude,33,726,1,150.0,16.0,5.0,17.0
c2ddba1b0149af8ce1b6b0d220f0411a,variedades,,,,200.0,16.0,2.0,11.0
7433da5280ebb188b26a2c47b2955cb7,moveis_decoracao,48,638,2,10100.0,46.0,28.0,46.0
5e205629195bef6194e3ea62cc7778c5,livros_interesse_geral,50,1297,1,400.0,26.0,9.0,17.0
ceeb8b2d571b23399910f1b83980c973,artigos_casa,55,558,1,650.0,16.0,10.0,16.0
5fde2352cd9bb03105487d89242a0549,automotivo,55,2122,2,1100.0,16.0,16.0,16.0
7b3baec97c107a6869809313ee7262ac,ferramentas_construcao,54,155,6,11400.0,50.0,15.0,40.0
d68e8addce6282d07c77214c6acc8885,automotivo,50,1224,4,200.0,16.0,9.0,15.0
2797d3826d386bfda4f347a378b89f4d,pet_shop,36,142,1,200.0,16.0,2.0,11.0
2122804f6d118ffec73266ebf35e85d4,beleza_saude,25,740,1,1450.0,25.0,29.0,15.0
33cf86a6c8f1d52076064029d5281cae,perfumaria,28,771,1,100.0,16.0,14.0,11.0
27a8b41684f77dd86572fa185bc143ba,informatica_acessorios,20,347,1,400.0,16.0,19.0,15.0
2f3fb365f563d28cb30f34eea6f47e72,informatica_acessorios,45,492,1,200.0,18.0,9.0,16.0
c095f03868efc3263075c4ad20641211,beleza_saude,60,931,2,700.0,19.0,33.0,21.0
08ac23cd333352eff43b210f6ebaaff4,moveis_decoracao,58,314,1,400.0,40.0,15.0,40.0
00aa70fd749f3b9ce8ca4bc914a9e7b1,moveis_decoracao,26,345,1,700.0,16.0,16.0,16.0
ef7de0bbb0e0b0110c270e9381719761,telefonia,49,346,3,100.0,19.0,3.0,11.0
dccab0aeed5632473aa1fccf14846b3a,beleza_saude,49,493,1,400.0,19.0,12.0,13.0
8d944f9367ba7f153e0ab5b6dc7d063b,artigos_casa,59,237,1,1500.0,37.0,10.0,37.0
d239f8cc06397dba9cfb42f9bd6e0377,moveis_decoracao,57,727,1,5050.0,35.0,10.0,35.0
56bd2788c02b9ef90c6254dfb6ac257f,beleza_saude,57,2685,3,800.0,30.0,15.0,15.0
6def67bdc7378646b16c6efa3a78ba0b,industria_comercio_e_negocios,47,729,1,16750.0,17.0,32.0,32.0
9a1a6710ea1fc304f6ab28a27e1ac182,papelaria,42,944,9,2000.0,32.0,52.0,19.0
58674b2344e60d791624641af054b71d,ferramentas_jardim,48,247,1,200.0,16.0,4.0,14.0
0d9f729c5dea994b9072004fd2656cc3,audio,37,562,3,250.0,16.0,2.0,11.0
c2c989ac5100e59a6c3d12b2c31a2c72,moveis_decoracao,49,868,2,2800.0,40.0,8.0,40.0
770049e2da707b6ba5eea61685852652,artigos_casa,48,1426,1,850.0,18.0,10.0,18.0
a869ec6209c361ca46dad85a5530e119,esporte_lazer,49,1313,1,2438.0,28.0,31.0,24.0
982c2f2d0683c3641512af11ff306b62,moveis_decoracao,59,626,1,2100.0,35.0,20.0,30.0
f30bede207296a97f28cebe71037e67a,papelaria,46,55,6,600.0,29.0,3.0,25.0
e56dc998b3577854c0a62f2cfe328b3d,brinquedos,37,538,1,3150.0,30.0,50.0,30.0
c1b29a8717b892e82865e123083736c5,beleza_saude,45,648,1,6100.0,74.0,58.0,14.0
5bb4f7ac197ab2d099e968a3d3810915,utilidades_domesticas,52,383,1,450.0,30.0,30.0,30.0
6db39def795b8e1cfff57328bb3869db,eletrodomesticos,60,174,1,1550.0,65.0,7.0,38.0
1d54b96972338247c7341a2069e2bd96,relogios_presentes,59,184,1,150.0,16.0,2.0,20.0
df925953cb7bc9b32e2df8d24afc25cf,eletronicos,23,411,2,2100.0,28.0,18.0,18.0
183e7a71baadb34370dd394795163dd7,utilidades_domesticas,57,227,4,7900.0,42.0,50.0,23.0
59526429f5ef2fd355737bd1883f7856,automotivo,60,932,3,700.0,25.0,25.0,25.0
d13ca0b86fb9d24cf2b67785d61c0e7c,livros_importados,26,589,2,200.0,33.0,2.0,23.0
2fea0f2cec6b6324a277d4a61c2ed2c6,beleza_saude,57,2026,3,100.0,11.0,11.0,11.0
b71c0cacf053d9d8f92eb5965d8bd00c,bebes,44,468,2,300.0,31.0,10.0,11.0
a1773f6417edf55439b183e6385dca73,eletronicos,58,680,5,500.0,16.0,5.0,11.0
71aa33d57a832e38f213d7ed6bad3841,papelaria,47,255,1,310.0,21.0,7.0,15.0
9d838a7fbaba7fca5f1fad259984063a,informatica_acessorios,47,1076,1,117.0,16.0,16.0,11.0
10558db20f88e2b71f8dff4614f9e3bf,eletronicos,46,1750,2,12100.0,35.0,45.0,35.0
86003fbbec2202f29e74ada517cec5a8,artigos_casa,47,117,1,300.0,40.0,4.0,30.0
fc6d90a253003d53136e1b444beb55dc,automotivo,48,258,1,1400.0,102.0,29.0,29.0
b4431ed501beba1c20c06656260d30d5,ferramentas_jardim,45,319,1,800.0,16.0,3.0,19.0
f8a93b735aa0b631fe2c1047c3427365,artigos_casa,42,158,1,800.0,32.0,13.0,20.0
93dd9d8291fad4757cf910f1a80eb0ac,artigos_casa,54,238,1,900.0,38.0,7.0,29.0
0cf1296fa38622de944eb05701b4ff34,variedades,,,,1200.0,35.0,35.0,35.0
9389eab000375a2774d1b51cdeef90e1,utilidades_domesticas,57,1400,10,18525.0,55.0,57.0,39.0
9979e4194cc6ffdd0638449218eda062,ferramentas_jardim,22,138,1,600.0,22.0,28.0,24.0
35d0f73a54eea897499ea2b516fee147,esporte_lazer,59,302,3,50.0,25.0,25.0,25.0
1d04827ad9a5255800c08c3231a86639,brinquedos,53,841,4,6270.0,58.0,29.0,31.0
05c11568c221bcac5790a8720019d141,automotivo,52,396,1,19100.0,40.0,40.0,40.0
c08deb7ccd1916f614546a816fb951f2,moveis_decoracao,43,598,1,800.0,30.0,35.0,30.0
13cf6ebf8152ba2ef2a1ee491f7346c1,informatica_acessorios,50,2166,3,994.0,25.0,18.0,25.0
3a621027279799b05b8b6492a92308ca,telefonia,18,280,3,65.0,19.0,3.0,11.0
edcda2e50aadade37544f55a8da52207,telefonia,60,777,6,350.0,17.0,4.0,12.0
4b72033d6547d584a65c309c78552e24,moveis_sala,41,247,2,4950.0,47.0,12.0,45.0
5def2e9864a9227d41b6b9f5a6cc199e,moveis_decoracao,59,727,2,3550.0,34.0,18.0,34.0
a3f39453cb3bacd60e3828f50a2c9c23,artigos_casa,43,179,1,1350.0,45.0,10.0,15.0
e96dedd143090ade72c86bf486be7d36,audiovisual,46,3831,2,1500.0,30.0,20.0,20.0
d8a5b759acaff49096bf67c33d9a9372,utilidades_domesticas,58,861,1,550.0,19.0,18.0,17.0
ec19e3e263015b28be410ab8b92e1462,instrumentos_musicais,35,316,1,750.0,16.0,16.0,16.0
29279408d40e4f6e9c9ad85e4e97d676,fashion_calcados,50,647,2,1300.0,20.0,9.0,21.0
05869034bc6aeae6869a573000cdcc43,fashion_bolsas_e_acessorios,49,731,1,200.0,16.0,2.0,11.0
ee0ed531164a13619c1c6eb6455076b2,ferramentas_jardim,37,68,1,1450.0,59.0,23.0,29.0
681ac28f018f90684e23492046fcdb76,artigos_casa,52,605,1,225.0,21.0,10.0,14.0
0103208eb1ea5a1a7359c0251a65e37a,brinquedos,53,2209,7,1600.0,35.0,17.0,35.0
0748257f14bc904fad9f67fffa335483,moveis_decoracao,57,2064,4,5700.0,85.0,10.0,40.0
258063ebd89572a6ccd9c599b3193398,fashion_bolsas_e_acessorios,56,365,3,700.0,43.0,27.0,16.0
424471a68d6b1ae4a53d39723e6981d3,eletronicos,49,1274,7,3767.0,34.0,36.0,28.0
5856763b975347ea6ea65dc890897b0a,automotivo,36,532,3,24300.0,61.0,61.0,37.0
a62ff4d8c01bf520bd8ed7637dbb2042,informatica_acessorios,60,272,1,700.0,35.0,20.0,20.0
6c218bf529c9e530688aa90a12f76c92,consoles_games,64,367,1,200.0,20.0,5.0,20.0
14ed7526330bb083481b32c7ab26f179,relogios_presentes,52,904,1,500.0,20.0,12.0,15.0
10aecaf5be4119fd6b8b9e2e8a5a1454,artigos_casa,50,181,1,650.0,40.0,2.0,30.0
7f9979f68f998401e84c91d2ca6933fd,fashion_bolsas_e_acessorios,29,830,1,100.0,16.0,5.0,16.0
0418d6ca9336c4a7ef9667aac0be1976,consoles_games,53,555,2,260.0,18.0,12.0,18.0
db05baa32930ca5fbdb515b0ff8fba0d,instrumentos_musicais,36,530,1,8225.0,40.0,19.0,36.0
44cd26d414fd350a49f984a61cca443d,relogios_presentes,58,675,2,400.0,16.0,11.0,11.0
9cfb1c6f5894c219e96a6ff54ba62cc8,telefonia,60,505,4,200.0,18.0,5.0,13.0
21d2fdced5c69bfc6539b67908a4ad28,moveis_sala,31,363,1,6450.0,55.0,15.0,46.0
7d9269aa5c0aedb407d9be64512722be,bebes,47,1282,6,22200.0,79.0,23.0,52.0
3b027a2faa13b442a89696f121015474,beleza_saude,53,877,1,1000.0,24.0,13.0,15.0
b31c642959824fe2c1588ef5945d27f6,bebes,59,2938,4,14267.0,43.0,83.0,43.0
ebf14501e5f29450814532d3ddc8a75f,utilidades_domesticas,42,323,1,1000.0,24.0,24.0,24.0
28fd1639ff52d870a3d2c38090d2d902,climatizacao,48,787,1,3573.0,50.0,58.0,32.0
4d68f0bb076a44142f1d1725ba3b3bc8,fashion_bolsas_e_acessorios,32,623,6,1000.0,42.0,42.0,14.0
22128ba7595e6783c7565d9e16230f58,moveis_decoracao,22,242,3,400.0,23.0,10.0,22.0
a65c82cfb533f379a9d1ff76b78ce9ee,moveis_decoracao,63,390,1,1050.0,45.0,15.0,35.0
7e637e48c425541269e7a45882397f9d,eletrodomesticos,56,525,2,100.0,16.0,16.0,11.0
7fda46e6f8996ebe3acf684cca0124c2,artigos_casa,49,513,1,4825.0,51.0,16.0,36.0
81e28350cb23946c126a86d92667c48b,brinquedos,42,325,1,525.0,31.0,8.0,31.0
d2744565da36ef69f99ed42b0527dab6,beleza_saude,55,751,2,200.0,20.0,10.0,15.0
10c4eaf55e7f131da4a031ab54b62274,artigos_casa,59,289,1,3950.0,40.0,12.0,38.0
191bdbe90160787e2232af92b5b53088,ferramentas_jardim,54,690,1,283.0,25.0,15.0,16.0
472e6464088101bf2ec351d222c415ab,informatica_acessorios,55,742,1,350.0,20.0,15.0,20.0
f63e5eb82736ac58d9d286f64fe5c44f,pet_shop,22,452,1,100.0,30.0,30.0,20.0
c432f90fa332fd2e5091f2ac2d226aad,alimentos_bebidas,56,757,4,10500.0,35.0,30.0,27.0
ca00817d14c90f75f3695ef75030c907,relogios_presentes,58,427,1,1200.0,31.0,5.0,31.0
2d37d1dbcba865841a1c8cfab20ab9a1,moveis_decoracao,56,1105,4,350.0,50.0,3.0,25.0
4cd28afd5262ba4525b795febecee98b,artigos_casa,22,143,1,1100.0,30.0,10.0,20.0
b73f6899a58fe7a37e55149e9a11c717,moveis_escritorio,19,917,1,10500.0,53.0,73.0,18.0
ecb07a06fd523021fdce82a3c43a1a65,perfumaria,51,524,1,800.0,20.0,14.0,13.0
3dc31714cd00417f915d86a494e6b598,artigos_casa,51,138,1,967.0,36.0,7.0,31.0
e280caebcad1b90e624d461e53c2e800,informatica_acessorios,59,3000,1,400.0,30.0,6.0,20.0
5fd9aed6ebc6311283c04f5b234f5ce4,informatica_acessorios,45,1038,4,225.0,18.0,18.0,11.0
52a0ba432dc806e4be2fd5cc224208af,moveis_decoracao,63,310,2,1550.0,30.0,30.0,30.0
cb8b2c8c7d4b9d2be73590f3f99b3cdb,beleza_saude,38,267,2,250.0,22.0,12.0,17.0
8fad1e543221d7d6867e756d4bc5e286,beleza_saude,30,1149,1,100.0,16.0,5.0,11.0
6eca85eeeb222dea025ec02b288a09a8,utilidades_domesticas,53,438,2,850.0,30.0,15.0,20.0
b496f6a5bc0c6f8ecec1b1d06498c702,telefonia,26,430,3,50.0,19.0,5.0,11.0
e7f85e7f0203b7b95cc1b4c21b4b070c,variedades,42,582,1,5575.0,60.0,22.0,47.0
a58b5955d37aea2de1ff80d5cba4f8ba,moveis_decoracao,41,900,1,500.0,27.0,35.0,22.0
22f5b63060a1185e5ec7721efd622321,artigos_casa,32,606,2,400.0,90.0,6.0,12.0
ebb4f25d7c40bb0db47874a03edca0a6,informatica_acessorios,24,978,3,1500.0,25.0,15.0,25.0
1d26d159bfabfa6a92ceb697ec0c5d56,moveis_escritorio,62,1289,1,12700.0,57.0,54.0,21.0
5a75c30c323b0ae56499ef163504648a,iluminacao,37,272,1,3750.0,50.0,50.0,50.0
beb8e018882d56635b77f4a73233c847,relogios_presentes,50,945,1,213.0,14.0,9.0,13.0
562502b79845deae9bcd86384921a2c5,moveis_decoracao,51,1010,5,200.0,25.0,40.0,25.0
4a028badeceba3a65a3316aa0c0e0c4b,moveis_decoracao,32,1719,2,1000.0,53.0,8.0,11.0
a7861561f6e0aa93c35750fa1633faa0,artigos_casa,41,387,1,3837.0,48.0,15.0,37.0
9f65cd1fc2c7cf6ad8bc3d8c038abe44,beleza_saude,52,1270,2,200.0,16.0,16.0,11.0
ca9f737e072e224e365c503a128293cd,moveis_decoracao,54,1438,2,550.0,68.0,7.0,13.0
cd1bbd26d01414331f6bc26e9577f3a4,brinquedos,60,687,2,7517.0,48.0,34.0,43.0
06ad93d66e91d09df5ce746906d9658b,artigos_casa,52,289,1,3250.0,36.0,10.0,35.0
e951fa511351528e83ebde739f059348,ferramentas_jardim,48,366,5,2600.0,20.0,17.0,30.0
d5f006788a809ec51caf80f7d438649c,fashion_bolsas_e_acessorios,60,1437,1,50.0,16.0,2.0,11.0
8f840e793958e7522d3421524b07ee4b,papelaria,43,60,1,100.0,16.0,5.0,16.0
02b824e9f1158bc1005e058c4ea78e8d,eletronicos,56,1672,2,733.0,29.0,7.0,16.0
e3735b32b9df1055b996a9dc680bfe27,telefonia,38,233,1,100.0,19.0,4.0,11.0
05bb531648459f3fb15bda0cdbf21322,perfumaria,38,587,2,436.0,22.0,14.0,18.0
7ce1d4b1922136117b48d0c2b64ad165,brinquedos,57,1123,1,50.0,16.0,7.0,12.0
1629b469d01aadb4f92644039ad17d5c,telefonia,59,776,6,300.0,17.0,4.0,12.0
389d38a555287ebf3413ce43392cf007,telefonia,40,945,1,400.0,16.0,2.0,11.0
18e42e8f475cb44f5fd91fa354ba1a76,instrumentos_musicais,46,772,1,900.0,17.0,5.0,17.0
7053ea870121d9f77c255101139dd0e9,informatica_acessorios,43,688,1,2000.0,25.0,15.0,15.0
c72934d64cbbd011b07ae48e528b35dd,esporte_lazer,50,620,5,150.0,16.0,10.0,11.0
f977e786f6d634205ef1564541706011,brinquedos,39,922,1,6000.0,95.0,16.0,38.0
ef9ac8a095abb122d1f1314abc153e2c,bebes,63,649,4,900.0,18.0,32.0,18.0
396bf7d8b2215de13a3332d2426e2abb,beleza_saude,50,143,1,1338.0,22.0,12.0,14.0
389e3d8b3dba6f6166e1e0f4e242e11e,papelaria,54,529,1,6350.0,48.0,24.0,33.0
8bb55dba670df5f274688829c23e6052,esporte_lazer,40,941,1,800.0,30.0,20.0,20.0
c166691d2e429a2e3ed641e29aaeb7f1,esporte_lazer,30,543,3,350.0,25.0,25.0,20.0
2307240c5347bb41a709a1ab8e38b5ff,automotivo,57,372,4,2150.0,28.0,28.0,38.0
ea4cc93c84021f3d58e6afb54300c82a,utilidades_domesticas,11,214,2,450.0,30.0,30.0,17.0
174b4bb32fd935b233654b5d48c438d8,artigos_casa,59,583,1,500.0,33.0,3.0,23.0
b58353f3c743b266e48dabef728bc0d0,informatica_acessorios,42,443,5,400.0,30.0,16.0,16.0
bff2010b28e8fbcff5a9db9d3fea5ac4,ferramentas_jardim,58,769,6,850.0,90.0,20.0,20.0
8ca3654e07bd7120dd72ccbcba187753,esporte_lazer,9,252,1,200.0,28.0,5.0,14.0
892832da5b05b0f54578e1f14f193c22,variedades,53,270,1,1000.0,33.0,44.0,19.0
7822d1f226e657d5c98ce5a18bd0ad94,eletronicos,42,433,3,200.0,23.0,5.0,14.0
bff395cb3a536fd2f70b47ac8dbb85ba,seguranca,60,216,1,150.0,20.0,20.0,20.0
5f79ee3b64a3af922735487fb06da429,papelaria,55,182,2,350.0,24.0,7.0,14.0
361ecd8e68cab4a2fc502803a9dd790f,fashion_bolsas_e_acessorios,59,410,5,250.0,16.0,2.0,11.0
38ca370eb78337543f61175cf96964c0,climatizacao,59,929,1,4100.0,53.0,21.0,36.0
09ffd5e043f6d44ca166be7f91dab462,moveis_decoracao,58,315,4,800.0,32.0,2.0,20.0
4aa3217e8e1d635a7da3e1f69c79ec09,moveis_decoracao,46,709,3,1400.0,50.0,30.0,30.0
ff8e9a180c931adab01ed6b3c44edc25,ferramentas_jardim,39,388,3,4200.0,23.0,13.0,23.0
ff10c736ab3996711b7bf8eebaa6f474,telefonia,54,676,2,150.0,17.0,8.0,14.0
f7e5d21b19afd9b7b543e68501ceef6b,beleza_saude,22,488,2,300.0,38.0,19.0,22.0
1514ddb0f4a5afc8d24104e89c714403,pet_shop,54,282,1,200.0,16.0,2.0,11.0
9c4c75ab1ce7a32a6dab72d863cad23d,moveis_decoracao,63,314,1,1200.0,40.0,5.0,30.0
d5b0a56754200d402145e8527baed7d1,utilidades_domesticas,52,739,1,1500.0,32.0,30.0,24.0
594381e7d3cde69f13070b6ededd9e46,automotivo,59,492,2,750.0,35.0,10.0,35.0
0df37da38a30a713453b03053d60d3f7,esporte_lazer,53,1105,1,2800.0,28.0,23.0,23.0
44774af511346f08083720dbba61ade0,fashion_bolsas_e_acessorios,25,599,5,1250.0,30.0,30.0,30.0
50e1b118f266b655f613f753914c42db,artigos_casa,44,630,1,800.0,16.0,20.0,28.0
62c4a44b3b77e0ccc706446ca23833b1,variedades,33,325,1,450.0,32.0,7.0,32.0
91c30c59ba5ecdf9df48ab0ea50a6b4e,esporte_lazer,41,961,1,3276.0,24.0,25.0,24.0
c971d649c40781eec263978c8b5b192d,automotivo,59,952,4,500.0,68.0,16.0,32.0
ac034106148bc5d510565d4b640f74c2,artigos_casa,59,679,1,1250.0,19.0,17.0,22.0
ca8abbdcac2d082a56ff54df35aec76a,instrumentos_musicais,27,435,1,3000.0,105.0,15.0,40.0
02ce0c74e59d6cf6bc9026601414a9c4,moveis_escritorio,56,300,1,15900.0,40.0,90.0,40.0
f1e2a5604f4589523f0c31f15e3fc6cf,esporte_lazer,54,602,2,500.0,20.0,7.0,20.0
a7d5ec84c402730a9bf43d5c88f67b59,relogios_presentes,41,189,6,300.0,16.0,16.0,16.0
4dab5b862124c607243bbaebd2684bcd,bebes,49,381,6,150.0,20.0,4.0,15.0
1ad9044807206037c43c93a5d891e016,automotivo,60,695,6,3900.0,47.0,19.0,23.0
2555fdb6a9df9fa378f024937c86d07a,artigos_casa,48,462,1,995.0,48.0,8.0,39.0
07a0953e98e93b89605297afa2d62c12,fashion_bolsas_e_acessorios,40,975,6,50.0,18.0,18.0,12.0
ea922d4a264635e1c479157377deb623,moveis_decoracao,60,1066,2,1800.0,43.0,14.0,12.0
f0aeff7723abbe804226f96c5b1db7ef,esporte_lazer,57,371,4,233.0,19.0,6.0,14.0
ebd57a2515930960ba32c9a88fa45423,beleza_saude,57,635,4,600.0,34.0,23.0,12.0
4cac1a12a6fe9ffba4a9556dbe582e28,automotivo,46,365,1,200.0,16.0,5.0,20.0
00e437f5e55fc5a62e4ef2f84f41b5fb,moveis_decoracao,52,139,1,550.0,40.0,5.0,30.0
180fa760feb6277fe75df285149fee2b,livros_tecnicos,59,272,1,350.0,25.0,6.0,20.0
47ea90e9a2976bc290c3cdf3b5e0573d,artigos_casa,56,1792,1,1600.0,45.0,3.0,37.0
94957e92f3bfe1d1b2330039dc803853,moveis_decoracao,57,1030,2,1000.0,20.0,40.0,20.0
7fd7d089731ec588f65f9c3be9aab4e8,musica,24,751,1,100.0,20.0,2.0,15.0
bbb63f6deac726c088568b3f871bb4c4,market_place,54,1955,3,4300.0,36.0,31.0,27.0
da1dff19d0c764f3526003e9af3f35a2,esporte_lazer,58,580,1,300.0,16.0,5.0,16.0
564b94c475df8a4e5b258cf3f3e410d6,esporte_lazer,51,388,5,400.0,38.0,8.0,19.0
72d2aa9f75bba9d406d4c7170d226c6d,moveis_decoracao,56,255,3,100.0,16.0,3.0,23.0
ee80ea0c69b045dea85bfb8efed4bfac,bebes,36,1109,1,1900.0,40.0,15.0,40.0
ee339563912cfcc8a006239baba4d8f3,ferramentas_construcao,59,822,3,1000.0,27.0,7.0,12.0
0981ba54d8ddc68299f7c7a7d23bb2c9,artigos_casa,47,1006,1,1150.0,40.0,8.0,32.0
2413f6964f7f31846df61faa3e0518ca,utilidades_domesticas,51,552,1,250.0,20.0,8.0,25.0
f8bf29282300f0f7c655e3caf53f17ce,pet_shop,39,636,1,12150.0,52.0,32.0,36.0
9695cc1865970dfe9b66a5a83e59cfac,eletronicos,54,334,3,2500.0,98.0,8.0,35.0
aaf821b2000c1b2e28a531d97c405c58,bebes,49,375,6,200.0,29.0,7.0,16.0
9b4166d38008a4d6c8efd4af05c0a4c1,moveis_decoracao,34,646,1,450.0,28.0,8.0,18.0
cd9895374edea6a67749d331b0b32070,esporte_lazer,44,1449,2,250.0,20.0,14.0,16.0
5f348c2c79eb5d1eea867e7903fce1ee,eletronicos,55,765,6,2900.0,67.0,14.0,28.0
7b8d080a490c554b9dfde7ee11cd0957,relogios_presentes,53,1030,2,450.0,16.0,16.0,16.0
0abf3e78cba7361d44b40b471592ad38,eletronicos,38,109,1,100.0,24.0,8.0,16.0
cf2f4b488fc5808e6c78366a0b73b4a8,utilidades_domesticas,60,1296,4,15100.0,51.0,39.0,35.0
4f5459b07e4a3e0897228ccfe3aa474d,utilidades_domesticas,56,728,5,1850.0,20.0,12.0,16.0
87349b9aa1037e754a70957639f42f4d,instrumentos_musicais,49,1416,1,400.0,30.0,10.0,20.0
5a7cd5a522f29bef101933fea87a1a1a,fashion_bolsas_e_acessorios,38,533,4,600.0,31.0,12.0,31.0
4dddd45aa241530edb5412e8846361fa,beleza_saude,57,1661,1,483.0,19.0,12.0,13.0
6aeed4d936d742aa5bd53a63b821a0bf,informatica_acessorios,44,422,1,100.0,16.0,16.0,11.0
5b668636d65ddf4e4109c6d8fb13ea56,livros_importados,53,568,1,300.0,25.0,2.0,30.0
f9cce45ac1d0fa42141d4dfb90bc3b14,moveis_decoracao,59,1210,1,300.0,18.0,9.0,14.0
59e9e55854bde29f3942510af639b7d1,automotivo,52,816,5,325.0,18.0,13.0,13.0
49a2fa4ccedbad4f2e7ed4287fce1a6d,moveis_decoracao,59,471,1,1150.0,30.0,5.0,20.0
41f447e263110b954a7e52f6052ab5e1,telefonia,47,334,2,100.0,16.0,4.0,11.0
72b4b2eaeeba10703a63a5f639315366,automotivo,59,893,3,1800.0,30.0,30.0,30.0
13db47eae724e2848e12b71a617a3a41,audio,34,468,1,425.0,17.0,11.0,14.0
8931caf4a2050f6d1229b3599b2342c2,beleza_saude,25,168,1,150.0,16.0,22.0,24.0
8cc110a46bc7b525c9972ce5db52ce78,artigos_de_festas,44,252,1,200.0,16.0,12.0,11.0
aa7cf4b09293dffac3b67cf2fb9730a2,utilidades_domesticas,58,873,1,1100.0,27.0,28.0,21.0
a4d8f727f92014da5dd64116af14634c,variedades,,,,1200.0,30.0,12.0,12.0
0f412a384a483933ee154a4ccfb03570,papelaria,58,297,2,250.0,20.0,15.0,11.0
07b90e3c7e287977b2e8cd54a98ddb89,ferramentas_jardim,45,821,2,500.0,20.0,20.0,20.0
94f3ac7deebfcb5862fbb23fff1a2fc0,telefonia,56,1016,1,150.0,18.0,6.0,12.0
4bf444c66409a51339c68e12d0672f6e,ferramentas_jardim,43,311,3,400.0,29.0,2.0,11.0
6adb0047b5b8c2b523ee463b40e88652,beleza_saude,28,709,1,155.0,20.0,14.0,19.0
32a70faec5a4c206b582ada5f1e840dc,telefonia,58,540,5,50.0,17.0,4.0,12.0
5e5528de114de0ff35f89b2d9f493c7c,esporte_lazer,57,684,1,1350.0,26.0,31.0,26.0
4c2065301aac51ff9004422acc07765d,ferramentas_jardim,50,204,1,1663.0,36.0,14.0,27.0
3234b4f9542a9f6a450e988820390fab,artigos_casa,55,606,1,500.0,16.0,10.0,16.0
732c1b4a64547db8a6aa780bba696cea,utilidades_domesticas,37,119,1,200.0,25.0,10.0,15.0
13944d17b257432717fd260e69853140,artigos_casa,48,203,1,400.0,35.0,5.0,24.0
bc93408e78c053eb887fb66c4453f5c1,instrumentos_musicais,21,1260,2,950.0,20.0,3.0,20.0
4c048153f092e7d523dae06bc7f6becd,relogios_presentes,43,380,3,445.0,18.0,23.0,18.0
f71973c922ccaab05514a36a8bc741b8,malas_acessorios,47,482,2,16100.0,35.0,65.0,44.0
179bb56045bec397c52ef3c8183dabb6,utilidades_domesticas,56,512,3,300.0,30.0,7.0,30.0
24fcd474105d95d2002f38f0cacf87ee,automotivo,48,62,1,700.0,16.0,7.0,11.0
2ff347482b6b06c5f6291bfa94e0045d,perfumaria,55,801,1,100.0,18.0,9.0,12.0
030729544fc3eb6a40981f877e836450,fashion_bolsas_e_acessorios,32,272,4,150.0,16.0,6.0,11.0
236b6ad1fbcdd18244aa773558d42b6d,automotivo,58,762,5,100.0,24.0,2.0,17.0
475936ba8be53c74b3bce95cb665a0b3,beleza_saude,43,1715,1,450.0,16.0,16.0,16.0
7e1283a5fded327a53d039a113eb543a,moveis_decoracao,47,2127,1,500.0,46.0,19.0,15.0
b866fe084d7e99808baee58e21015c31,relogios_presentes,59,475,2,250.0,16.0,11.0,11.0
811ea06b526cf16fd375cbabb9b8a99f,automotivo,58,1646,5,1200.0,16.0,9.0,31.0
41e69d7f18786d26805f7067f605e675,artigos_casa,54,473,2,8400.0,50.0,25.0,25.0
9f9a54558f0c3453b36512b59a4be85b,esporte_lazer,19,551,1,1400.0,16.0,2.0,11.0
a906f3b15e6e6333b408e9f8c34a6588,esporte_lazer,50,711,1,150.0,16.0,16.0,16.0
41587317a0dfddc726a29e86b9527f48,consoles_games,60,123,1,600.0,20.0,11.0,17.0
e294d8786e16a7a67e98e5fd412e2e2e,esporte_lazer,58,617,2,250.0,16.0,3.0,11.0
0b1c9f47ac2b26c6bc77bebf7362eb40,automotivo,60,248,2,200.0,27.0,8.0,14.0
6cbbcefd974f08f72023c05064d96f27,esporte_lazer,53,517,2,50.0,16.0,3.0,11.0
96ea4f32befa14bd8ab36fd6827a5e3f,brinquedos,45,1217,2,375.0,30.0,9.0,18.0
4f46469cc5558e5021c7051b5c2447d4,fashion_bolsas_e_acessorios,56,356,3,500.0,43.0,16.0,27.0
af0a99476d96dcc1a1baa7c0d9ff6b9d,beleza_saude,52,913,3,593.0,30.0,13.0,16.0
b07701d2414b447f7bf1b9b6a2c76b5d,variedades,49,933,2,200.0,22.0,23.0,16.0
c998385f80d7e14537b9290617470bfb,climatizacao,48,260,1,15200.0,53.0,44.0,14.0
defb79b2269c0fa7bad01b2635aff113,moveis_decoracao,40,94,5,450.0,16.0,5.0,20.0
72d68b642dd7c1a360b571d247989e25,informatica_acessorios,60,2298,4,525.0,19.0,11.0,20.0
ce04dcb7aa96ad49d4933f3d4a9f8eb7,fashion_roupa_masculina,33,957,2,600.0,30.0,30.0,16.0
8fadf68a98d539874e3365004f8bb2e7,papelaria,60,315,3,6100.0,38.0,30.0,28.0
b25b4536a479f0a0886c6e4fd7b5c756,moveis_decoracao,62,1702,1,700.0,60.0,11.0,11.0
52164cc55c69ad6677851b42f5a58396,pet_shop,47,608,1,500.0,21.0,35.0,13.0
31f064f4591849f05239aa2b228b50ee,pet_shop,57,466,3,650.0,30.0,20.0,30.0
259119fc5bca4237dc823bd8a92dc25b,esporte_lazer,59,1617,1,700.0,16.0,16.0,16.0
26453af5ca9c133ce6516734c1a6386a,moveis_decoracao,53,958,1,1150.0,18.0,27.0,13.0
96d82426db67af33a8c1dead73fdabc7,relogios_presentes,55,1391,4,225.0,19.0,8.0,12.0
7b83c11ac78f11bde67542beb12e8163,beleza_saude,56,670,1,350.0,29.0,20.0,24.0
7d935f57cbfeccf7e6952dd286c3eba6,relogios_presentes,56,443,1,300.0,16.0,11.0,11.0
0d1d4c0ee61f3136062c253eb289a3e7,livros_tecnicos,50,817,1,650.0,28.0,4.0,20.0
fbf7215badcb7ebd5b322b71a0733fb8,utilidades_domesticas,55,4,2,5534.0,73.0,16.0,45.0
366fc6db2f1be11fe79d739bc5c69799,artigos_casa,56,211,1,195.0,32.0,4.0,23.0
fd9bc1610a48cabefb0ef59453f7ebeb,moveis_decoracao,41,280,1,11400.0,45.0,45.0,45.0
618c8ad142ed5727e5381181fda0d7c9,consoles_games,58,852,2,800.0,20.0,20.0,20.0
5a2182c5020049f6d25eb1bd9af58a1c,relogios_presentes,41,510,3,900.0,48.0,16.0,35.0
5c8892192c5c01005958f878c8251970,eletronicos,52,253,2,311.0,16.0,11.0,12.0
5ef5431386aa79c61253305b46525fbf,brinquedos,56,1792,6,1100.0,20.0,40.0,13.0
e8750c9a319a8eddd30f0abc4646bd75,artigos_casa,57,563,1,600.0,16.0,10.0,16.0
7e57cabb28bbc6054ae3de5cfdd57e4f,telefonia,31,580,2,100.0,16.0,3.0,11.0
8cddb7e987edc2597c2ed9ccd321d975,moveis_decoracao,41,112,2,700.0,16.0,16.0,16.0
dd6701abf8ccf81f932abdb773d15b15,papelaria,57,1772,1,500.0,30.0,16.0,20.0
927b37c91523c5d12a6082746feadd09,informatica_acessorios,60,662,1,798.0,25.0,13.0,23.0
8c81af91a9b96d073ccaf0d3402ec5b2,informatica_acessorios,24,1590,2,400.0,17.0,7.0,15.0
6dec7460535602c112ecd2f96cf2d617,informatica_acessorios,55,393,1,850.0,16.0,11.0,37.0
9dc05b7cad3f00567b4bed57c1da1122,automotivo,45,522,1,400.0,24.0,20.0,19.0
2885ab45425766e3ed00f482e247c336,automotivo,57,1102,2,1900.0,34.0,40.0,19.0
ae7fbf136a49b58f2d38fafb2f3205b8,artigos_casa,55,614,1,500.0,16.0,10.0,16.0
1f41007b4fd761b2fe56b77b7e0e58be,moveis_decoracao,64,473,2,600.0,80.0,10.0,60.0
ee4007b2b6a389f76918b093ff7b6523,esporte_lazer,38,427,1,481.0,19.0,18.0,19.0
80d26752db9f24b4822df9aed428d3b6,artigos_casa,52,489,1,100.0,16.0,10.0,16.0
090621b8ea8b2c856067283a91b493e9,beleza_saude,60,1805,1,3600.0,25.0,25.0,25.0
c1d48761df449c7ca8b6bd69ac4a522c,esporte_lazer,51,728,1,500.0,22.0,4.0,26.0
fbc4b7ed41d3f3152bbe55826d9fec73,relogios_presentes,49,323,2,530.0,20.0,13.0,16.0
0522015abfd1094949180dee8dacbdf9,moveis_decoracao,57,314,1,400.0,40.0,15.0,40.0
a0ab96e461d74537772b84950f26a257,climatizacao,41,717,1,1050.0,18.0,7.0,8.0
2373f6870eb01db83a3609a731580320,informatica_acessorios,56,1026,1,300.0,16.0,10.0,12.0
12cc2ed46e4c9ea184a622881afc1de9,pet_shop,17,1196,1,165.0,16.0,11.0,12.0
a7ac695869dbbe03164408a2f081e0e2,beleza_saude,57,1462,1,1017.0,18.0,16.0,16.0
362db8a45afd47d3f54c0f34f7c828bc,beleza_saude,16,646,1,800.0,28.0,12.0,18.0
13b604480efd32bdb45d23fc99a1a1ee,automotivo,60,295,1,480.0,27.0,8.0,14.0
ecfe9a892071ef1c94ee53f77e2e063b,artigos_casa,44,487,1,2800.0,35.0,6.0,40.0
bf53d80c6cb1cbf63ba17e2175d521a5,bebes,32,1531,2,600.0,30.0,40.0,50.0
990ddab43ee46a1a76436796f92470d4,informatica_acessorios,42,226,1,573.0,35.0,13.0,11.0
b8e35c1ace7b632cf4b643d6d30e4e08,moveis_decoracao,36,425,2,1200.0,32.0,6.0,28.0
d199462b8361a3e047e64595bce5b6ea,papelaria,49,483,2,550.0,20.0,20.0,20.0
7ba8971d032709efa2bf76c413975d2c,malas_acessorios,45,224,1,700.0,46.0,10.0,33.0
c896aa5b12fcfbb05d648eab1240f407,automotivo,47,157,1,450.0,48.0,8.0,14.0
d2909bb1200f91eae8737b0baef36afb,brinquedos,27,261,2,990.0,32.0,37.0,18.0
33cf505f7d94c2283766b8b1b13ef3cd,artigos_casa,52,118,1,900.0,25.0,15.0,20.0
86bddf117876feb2e7ab68191c9b8bb1,informatica_acessorios,46,153,3,50.0,42.0,9.0,25.0
c35498fbb4358837ae16850f50c3fd22,telefonia,59,973,1,325.0,19.0,8.0,22.0
68749ef9499d72290629ec3f71596d34,esporte_lazer,50,807,1,2500.0,48.0,38.0,20.0
4dfb5b21cf54e026b36472ea52d67e6d,variedades,,,,200.0,16.0,2.0,11.0
0812f763c5cf426afacf3538963ac829,perfumaria,49,1894,4,450.0,19.0,7.0,12.0
1fccfee027ea87e93eaa5b05120e9c63,variedades,,,,7000.0,50.0,50.0,50.0
9fab8bd1f9c69cf2301b8ad3bec47480,automotivo,59,759,6,250.0,30.0,11.0,20.0
cfe6e9c01d0bbb5df9a75f0e3286baa9,bebes,47,224,2,1200.0,75.0,15.0,50.0
f62ddccde7e84ddb39d2df03e228e044,relogios_presentes,48,455,1,300.0,16.0,11.0,11.0
620f37abb44d006ced91c81d81db0412,seguranca,60,1796,3,150.0,17.0,7.0,17.0
83d2d8172add3b895700b35351e7f05c,ferramentas_construcao,52,95,1,700.0,17.0,11.0,11.0
cbc5b9bf8ef22d5d2fdc8aab94b47212,relogios_presentes,42,200,2,500.0,18.0,14.0,17.0
381f27465b52fd5f9fe3b668e53c1eb7,eletronicos,48,84,1,700.0,16.0,35.0,25.0
5a5d7d4e7f23de210890506c818d2b8a,variedades,,,,800.0,48.0,40.0,11.0
31624e01ac12f2bfcc363d6abcea278b,esporte_lazer,56,3934,4,1700.0,25.0,25.0,25.0
11b0cf6be60c190c8485edd39f8f9dd3,automotivo,41,432,1,151.0,19.0,16.0,16.0
fbc27ebd87bc38f09e41f1d062d116a7,automotivo,54,825,6,2000.0,30.0,25.0,30.0
536c813a40c7f1e71aad4f9e1a7da2b7,brinquedos,30,736,1,6550.0,53.0,28.0,38.0
393ea9b030c3a8f7c14958a0b13dfc46,variedades,55,1050,1,2100.0,40.0,30.0,20.0
675f0378d4f337bc076b40d006202ab4,artigos_casa,58,231,1,1900.0,40.0,6.0,29.0
65b8088cea1e67b54a517052979d07a0,artigos_casa,59,679,1,1225.0,19.0,17.0,22.0
e335de70c68d7f9f46689babcec7f1d5,telefonia,60,624,2,100.0,17.0,4.0,12.0
ba2b57d0310d7cf65e8538089a9e72f4,utilidades_domesticas,51,727,1,800.0,16.0,13.0,12.0
5a6849f9db912b68be72145d959d61d2,automotivo,58,237,1,100.0,16.0,10.0,16.0
b00ac0753288344fef1ce8c5ac37f89d,utilidades_domesticas,58,315,2,1900.0,40.0,14.0,35.0
6b5b5ab1d2e0bc35b3c2538d7bbf460f,esporte_lazer,48,385,1,1300.0,27.0,12.0,49.0
ab0a97f604550b5b5b99180a6dc04461,eletronicos,34,150,1,150.0,60.0,11.0,11.0
83039266ceedb3640c6dce70f01bf2d0,fashion_bolsas_e_acessorios,58,84,2,200.0,20.0,20.0,20.0
9ab9b4cd7716f676ce8417012a107119,beleza_saude,48,1016,1,650.0,14.0,11.0,12.0
c80c377f9c43421aa6ed91b1259c0bf3,relogios_presentes,56,500,2,338.0,14.0,9.0,13.0
2adbf3f442344a158c04cb59b8db107a,fashion_bolsas_e_acessorios,29,623,4,1300.0,42.0,42.0,14.0
2efe857938eed1619e7399bd614e8c38,perfumaria,38,366,1,200.0,17.0,9.0,19.0
666b4be3c007e9e960642dd6e0d88b17,telefonia,62,713,3,150.0,16.0,4.0,20.0
487fb870bc96e50a68b9428f30649c72,brinquedos,53,233,2,500.0,16.0,9.0,12.0
a6492cc69376c469ab6f61d8f44de961,eletronicos,41,1780,2,22600.0,55.0,40.0,40.0
839e7452bfc0760da3a1b10477c43172,consoles_games,34,704,3,400.0,20.0,30.0,20.0
a7c361fef1ac09881a4d59c9b5048f0d,fashion_calcados,36,427,4,500.0,29.0,12.0,23.0
5a0783457f0264ade6beeac64ba145f4,eletronicos,37,194,1,400.0,20.0,11.0,12.0
8e0fe01ccda36af7936ac8564cf8aee7,beleza_saude,46,803,1,100.0,22.0,3.0,15.0
eb3a1741e7422e1e9778cae59ed55bac,automotivo,60,703,6,4875.0,56.0,11.0,32.0
a8b89693eabf7221621a71285e07f486,artigos_casa,57,164,2,6750.0,47.0,21.0,41.0
9d6e01d4baea7a847db8d67e24e093bf,bebes,38,1347,5,13150.0,76.0,14.0,56.0
181b31b11ea16a87d5acab5a78320b93,esporte_lazer,40,593,1,5200.0,23.0,23.0,11.0
8e4a6078c62896ce6e1bde5d53762578,utilidades_domesticas,36,175,1,3200.0,42.0,12.0,17.0
250ac1c9c91aa7b446a4fa9ff67190f8,esporte_lazer,50,462,2,600.0,30.0,30.0,30.0
d3d090c53e5d9ce8cc671f26eec8e2e8,utilidades_domesticas,27,779,2,300.0,16.0,8.0,11.0
55a934a527b112e9d1bf6893871872d8,beleza_saude,47,442,1,317.0,18.0,10.0,12.0
1649163ed6805e0d648900a0b2c0fe4d,instrumentos_musicais,60,802,2,3600.0,18.0,30.0,29.0
3faadd91c89ff779e6cd1fd09a46ee39,beleza_saude,60,419,1,350.0,32.0,4.0,11.0
6a6bdb7ebf4bcc4695ca0cbf9b35308f,telefonia,45,269,6,200.0,16.0,21.0,11.0
80826ebdc7be9086c467cb10e61a24c6,jardinagem,55,2047,6,150.0,16.0,3.0,12.0
8c43f35d57e033ca588137603db17d80,pet_shop,58,499,3,350.0,27.0,9.0,26.0
7d88b36f73acc7533ca83ecbdebd565f,moveis_decoracao,57,1018,4,500.0,50.0,3.0,25.0
178c8458c4907a2680456130f76e10e0,fashion_bolsas_e_acessorios,51,1490,2,300.0,16.0,2.0,11.0
db03c4bc6a5693b6af0bfd893769a584,moveis_decoracao,36,667,3,19700.0,45.0,35.0,45.0
ba5242745293e2e3d5669f14a9ed0c5c,informatica_acessorios,37,336,1,850.0,23.0,12.0,12.0
35557c68a22ecebcf066e25ca2ddc144,ferramentas_jardim,50,741,3,300.0,17.0,7.0,12.0
bd95c4b0bfc450567eef9efbb0fed500,artigos_casa,59,1237,6,1550.0,35.0,8.0,35.0
c13c5440806b11208f75186e47cc8013,consoles_games,56,36,2,300.0,20.0,20.0,19.0
339dfa68c25548e53903cd44e090f28f,fashion_bolsas_e_acessorios,53,77,3,150.0,16.0,2.0,11.0
e645be7da1ed1a603dee4e2bd5608454,eletronicos,46,581,1,200.0,21.0,6.0,14.0
c9798643ad1a1a5a02c1bdfbafa78323,ferramentas_jardim,42,359,1,2350.0,34.0,12.0,30.0
0f7b5d8f0464562dd0d3e46054e0bd0e,beleza_saude,39,1761,1,2500.0,16.0,19.0,15.0
4325528d61b94383829ce61040c858ed,fashion_roupa_masculina,49,339,4,275.0,28.0,23.0,35.0
f405ca375ecf0c43fd547ed766df66cc,informatica_acessorios,49,274,1,813.0,33.0,15.0,14.0
e1a91fda8eae059cb6b8150856ef23fd,artigos_casa,47,207,1,13700.0,65.0,35.0,45.0
151f6da73d1f11e1a75553f0281d19dd,fashion_bolsas_e_acessorios,42,78,4,200.0,16.0,2.0,11.0
08c5039f843aa1a03854fb33b713ef37,artigos_casa,58,229,1,500.0,44.0,11.0,14.0
d443be168a577afdf50d59932d3b78c7,informatica_acessorios,48,254,1,1025.0,30.0,15.0,15.0
cf3c40851efb1d10b475156c902b4765,informatica_acessorios,56,191,1,350.0,50.0,5.0,20.0
bd61abd7c000040b89263d2ce00ae8a0,fashion_bolsas_e_acessorios,29,126,5,200.0,16.0,9.0,11.0
84d0969ab5317ca361e0a628948a4624,moveis_decoracao,5,310,1,7050.0,88.0,29.0,29.0
d938227f7f7591d77e900cf3df3a645d,beleza_saude,49,2938,1,2300.0,35.0,13.0,13.0
10396249c30f74b20403120c8c3a49c9,relogios_presentes,48,549,2,279.0,16.0,12.0,13.0
39377e2d331b8af5a19bc565215e3a8c,alimentos_bebidas,57,313,1,2500.0,28.0,15.0,15.0
fa544f2aa7b07e28b921a5b7056fc03a,moveis_decoracao,47,2215,2,600.0,65.0,13.0,11.0
14a931266aff3fb450bab1d076bdfd7d,seguranca,21,348,2,219.0,17.0,8.0,12.0
2481a472d98c582b46bc2dfeae6f539f,moveis_decoracao,59,205,1,950.0,31.0,11.0,26.0
8ae2a62356fe10b4261e16268508ddb5,malas_acessorios,47,397,1,4100.0,30.0,35.0,40.0
9b53e2487de4651c1610938e71957638,utilidades_domesticas,56,235,3,367.0,24.0,24.0,24.0
be703d525c52c707f23b14fa068a1d46,esporte_lazer,33,581,1,950.0,20.0,10.0,20.0
3a156bd35ef75525c9b43dbed71a9734,pet_shop,58,502,4,200.0,27.0,9.0,26.0
66d59b954a33c0c14fc6b88548833370,artigos_casa,49,729,1,3300.0,20.0,30.0,30.0
9aef37b9deb4c4565b32f24a593b06ca,brinquedos,55,474,2,1380.0,38.0,36.0,19.0
0d0cffac9618a8f05f06bdd397a47813,esporte_lazer,57,287,3,200.0,20.0,5.0,15.0
29b85c2f1ec5f4d02b03737a8fd3698b,moveis_decoracao,23,922,1,850.0,16.0,19.0,15.0
23588f7d2da3b618063a218a390fdd0d,artigos_casa,48,729,1,3400.0,20.0,30.0,30.0
1ae80eade3400d1468bf84ce7bd6b479,artigos_casa,43,234,1,900.0,45.0,15.0,35.0
d7fca8718416c61d99e75a1d0129e822,eletronicos,27,839,3,300.0,16.0,2.0,11.0
c8543f8ff0cb8015bea93c0c61b15024,brinquedos,57,552,6,6350.0,55.0,20.0,25.0
9741b01d3911ec9a565569b19d533bff,moveis_decoracao,50,1340,2,400.0,30.0,30.0,20.0
a9fad6340b388d87b8c173d46a53cf5b,esporte_lazer,43,959,3,1064.0,30.0,26.0,21.0
fce1a7007f115fe2b900a7592ee87c47,esporte_lazer,32,1823,2,200.0,18.0,8.0,14.0
9c711b24a6ec15a6cf438a0fa80d25d1,utilidades_domesticas,31,1006,1,850.0,21.0,34.0,34.0
a8cd4add5d395661e5b5f4130530e5cc,pet_shop,57,698,3,3650.0,36.0,16.0,26.0
4deaa173012071863baaf9702b34168c,alimentos_bebidas,60,1740,3,900.0,20.0,15.0,15.0
3898ab895c82d9286015bde372510180,bebes,49,236,3,300.0,40.0,12.0,12.0
bcf8ba04829268e7eab9fbfc2555c18b,alimentos_bebidas,23,457,1,5500.0,40.0,27.0,30.0
8a1fd01f61a59d065493359a492e754b,artigos_casa,46,171,3,2750.0,70.0,20.0,25.0
dad78ca3a5464684968e4242039b647f,beleza_saude,60,1157,1,1900.0,16.0,16.0,16.0
0d070bdf0c723fab163131a8bed98356,esporte_lazer,51,777,4,26100.0,52.0,40.0,42.0
64dd98c857401579d7f88ddb97821b4c,artigos_casa,59,288,2,450.0,35.0,4.0,28.0
4d8e210a4855c77238ef8d6c145ff24e,moveis_decoracao,54,1749,3,2300.0,105.0,3.0,70.0
ea43692dc9b918c387ae280bc382b406,moveis_decoracao,54,1099,1,5300.0,30.0,30.0,30.0
df985d02c8caa424d0e47cfa6d94f838,automotivo,46,1228,2,6742.0,34.0,22.0,24.0
094d192d5b25e0bae4c3e2f970a53439,esporte_lazer,57,464,3,800.0,20.0,20.0,20.0
c703e384a7fabd713992454d68e37d46,fashion_bolsas_e_acessorios,57,866,1,100.0,16.0,5.0,16.0
c7b434e06698e7a2bef457be15a048d2,esporte_lazer,59,653,5,725.0,22.0,14.0,14.0
2e9bd0889214bee4b1990c9f7aef78b4,artigos_casa,59,487,1,550.0,30.0,3.0,19.0
5800e9581700cc03968b7bb57f4c5978,fashion_bolsas_e_acessorios,42,215,5,50.0,17.0,4.0,12.0
20a0eed2151a01394b7656d7269b11db,beleza_saude,26,885,1,500.0,16.0,30.0,11.0
55b8781171d27966e82ed1faa77a4c7a,artigos_casa,52,246,1,3800.0,46.0,12.0,43.0
730937a8c78836ad923291765cbd8b38,artigos_casa,44,446,1,600.0,30.0,3.0,19.0
3c12235c1a1e288265d89f6ab0ac50cf,informatica_acessorios,43,444,1,3975.0,29.0,17.0,17.0
4d7bb00ae05b63575484f113503baf21,casa_construcao,38,428,3,3350.0,38.0,20.0,20.0
4eda4a7eac36a8ff69db8880c4d95b7b,livros_tecnicos,49,347,1,5150.0,100.0,10.0,20.0
5ee52854d55c499ec82dc779c98fa02c,informatica_acessorios,46,492,1,200.0,18.0,9.0,16.0
0d0f2c7fcae108a74c895521c62d46f6,casa_construcao,56,459,3,750.0,16.0,15.0,15.0
278b8ea38bf4c3a68bf163611d775a58,automotivo,53,701,1,50.0,32.0,2.0,24.0
d23d89e8971b610d32ca194a212ae44b,utilidades_domesticas,56,606,1,1050.0,24.0,28.0,39.0
d63cafc542dd1b06a7c0965231ff940e,relogios_presentes,44,300,1,450.0,23.0,12.0,20.0
9eae06d51aaa383b2bed5547a19d581c,artigos_casa,52,337,1,800.0,16.0,10.0,16.0
1122726437ec94b92705d85be11b4019,utilidades_domesticas,41,808,3,650.0,16.0,10.0,11.0
6fe801b4e77def81fd949001c8b935c8,artigos_casa,55,644,1,950.0,19.0,12.0,19.0
8a7ad449048d596dc042ad6dfe5e8386,variedades,48,1087,2,800.0,26.0,22.0,33.0
95561023115b71f8bbb280afc56b7bed,utilidades_domesticas,54,594,1,2650.0,39.0,17.0,39.0
71540d636652fc682032d3b3c0a180c1,casa_construcao,54,923,8,1050.0,16.0,27.0,16.0
4e5e41fb7d296a6f776c63fee5cb9fac,relogios_presentes,34,644,1,485.0,18.0,12.0,15.0
3de4498dcdded5abe7349bd43c401c1f,relogios_presentes,60,418,9,300.0,16.0,2.0,11.0
209f9d016dbdb12e4fdbf57e5827fd9c,utilidades_domesticas,56,1080,1,13050.0,40.0,40.0,40.0
0d12d1b700e15453260b6cbc961c04e8,automotivo,55,385,2,50.0,20.0,4.0,14.0
4e25c62ad96711705df0968522524b7c,papelaria,48,127,1,100.0,16.0,5.0,16.0
519f3a4ea67cdce4923fbc76badd6bd2,ferramentas_jardim,27,235,1,625.0,23.0,10.0,14.0
d9339c5714743c460a9470730f79f6c5,informatica_acessorios,43,904,1,100.0,16.0,2.0,11.0
5f3f5c80596311932d5e05800909f37c,moveis_decoracao,59,450,1,400.0,35.0,10.0,25.0
82a61259a621866c4ba63743da29a342,esporte_lazer,57,1307,1,4350.0,20.0,20.0,20.0
29428180f6710d477f3c85fb06adb593,artigos_casa,54,549,2,5500.0,45.0,25.0,40.0
7ce25cfb67f0b322beec780b1d11d35a,perfumaria,49,360,2,950.0,16.0,21.0,11.0
54f8f27ac6543c074ae5c4e7759b054a,pet_shop,60,872,1,200.0,16.0,7.0,11.0
556139e4bcee1fba36586a9c146cbf54,moveis_decoracao,43,199,4,600.0,25.0,11.0,14.0
3cc8beafc2e30054e0af2e8439561303,artigos_casa,53,255,1,1700.0,45.0,15.0,35.0
d2d6efda8da17405c017f910e61d8bbe,consoles_games,56,699,5,1225.0,26.0,8.0,14.0
e6aecce54cceeb87adae7bf84dc0f468,beleza_saude,52,697,2,200.0,20.0,10.0,20.0
d1314aa640f46cc0302ec32290782b7b,bebes,59,663,3,50.0,31.0,2.0,27.0
4a741a6cd8c7a4358ebfe566138fee78,moveis_decoracao,44,999,5,10550.0,104.0,14.0,42.0
37198d89720c48e300eb114f54c5c732,moveis_decoracao,58,797,2,250.0,60.0,7.0,11.0
1d33febb6ca114fb1b9490005ee49de6,artigos_casa,57,941,1,8917.0,36.0,27.0,50.0
d266bd54e60e0bc9c54c61541078cadc,ferramentas_construcao,58,782,4,4800.0,38.0,12.0,26.0
4e1cccfdb088e7e5b74d7a5b1d299364,ferramentas_jardim,56,1175,5,6800.0,44.0,28.0,29.0
604b7e43b1486fa582ff64b375a5ff4b,esporte_lazer,44,1358,1,1300.0,20.0,11.0,11.0
e35b86603770bdb3faef7f1dac64aca0,utilidades_domesticas,50,1558,4,3600.0,19.0,34.0,28.0
ebad22047e14d0c85c898f3ea796030d,utilidades_domesticas,39,160,1,200.0,16.0,4.0,11.0
31a89a7044c5b133cf646404a4e86022,utilidades_domesticas,55,1231,6,2200.0,54.0,25.0,25.0
7e6efb6234ccd3b54843b5413d78165e,moveis_decoracao,58,1871,5,2200.0,34.0,8.0,44.0
da1c125a132133be2843076977091223,livros_interesse_geral,33,1252,1,1400.0,17.0,25.0,11.0
2de4aa76a72feaca51fc8f83ae037c7e,variedades,56,124,1,5600.0,25.0,37.0,36.0
286c96ba1dbc3222ecf3a683d6e0fb33,beleza_saude,45,525,2,90.0,19.0,11.0,12.0
b0edba4fd6456eab5a6b6201caf7b323,utilidades_domesticas,56,3025,5,4400.0,25.0,7.0,25.0
bb17b2343c9b332cce4ffbb8f51a67ca,fashion_bolsas_e_acessorios,58,839,1,100.0,16.0,5.0,16.0
e00bca3fc8267dabace41fc4bc7366d7,artigos_casa,44,484,1,633.0,32.0,17.0,29.0
2698eadbfb4a6a81efc7b04d78febe17,automotivo,55,425,2,5375.0,81.0,16.0,36.0
d881c75404b591b0912840f5401ae57a,relogios_presentes,55,1604,2,220.0,16.0,11.0,12.0
f6ff247282ebbf95cd41fa3610565efe,pet_shop,63,1451,3,1500.0,50.0,20.0,40.0
8c501fb8530d486fda52b3aa2fd2dca8,moveis_decoracao,50,401,1,700.0,42.0,2.0,32.0
1c3872bb3c0bc580a0f1cd3f1cc869c5,esporte_lazer,59,3438,1,200.0,18.0,8.0,14.0
60575d29211e79ad70c3f9e0626d255a,brinquedos,54,916,12,250.0,20.0,15.0,15.0
cb495e3212140c3d8b02a78038e20994,ferramentas_construcao,58,3408,2,1700.0,16.0,11.0,11.0
064c975d37d3c646bd94d94c6e16f37e,utilidades_domesticas,40,74,1,200.0,38.0,21.0,14.0
471a32499c740e72816ee0d71185dafc,artigos_casa,42,533,1,975.0,13.0,20.0,28.0
1358be13996236fe81c97f6bc997fbb3,eletronicos,34,441,1,200.0,38.0,24.0,17.0
22c7191da97262f0f39de80e1951dce2,automotivo,56,149,1,100.0,16.0,15.0,16.0
152397b614be35e54106663bd5671f7d,ferramentas_jardim,57,355,1,546.0,16.0,15.0,15.0
35488a9242f4aa7f9f5c3580f1243512,variedades,58,2272,1,200.0,16.0,16.0,16.0
2516615ef3ab70913809f9d5fc363740,relogios_presentes,59,476,2,375.0,18.0,8.0,13.0
766c20fd8cd7e4184901b87f8b4391c3,brinquedos,60,396,3,500.0,20.0,20.0,20.0
c68fdf078b3ec0596bbc5c7ac409e458,artigos_casa,45,112,1,450.0,40.0,4.0,30.0
36a9cdf8fb5ea34c5d74cbe8578c119c,moveis_decoracao,59,438,1,850.0,30.0,4.0,20.0
df19ace5e7649826fec2d69991a7996b,moveis_decoracao,58,1750,3,2550.0,105.0,3.0,70.0
0cf41187284d7f099adc8415a743ebbd,bebes,60,644,1,300.0,16.0,16.0,16.0
af6fa1b762e2da2c65b98be13d87bab5,eletrodomesticos,58,157,2,450.0,20.0,13.0,12.0
e189bc4d676ede235d3380dd1cae2a31,utilidades_domesticas,45,546,1,600.0,16.0,25.0,12.0
2a055622bea2fc1278c4ffef9eeec87b,esporte_lazer,25,725,2,250.0,20.0,8.0,11.0
f7d5edd55cc83003c9ff58de184833d5,esporte_lazer,11,903,1,525.0,17.0,18.0,18.0
1176fc831c22bd69f919a091f888fd65,moveis_escritorio,37,487,1,2200.0,50.0,8.0,32.0
dd921ea0fc303f89bafabba4aec57744,variedades,55,989,1,2050.0,42.0,25.0,15.0
cb43c6e1c451902b51f4f4ff512302df,eletronicos,21,286,3,293.0,16.0,7.0,11.0
415a910fc2d4976a0c0f7c86a1c1d129,beleza_saude,26,222,1,800.0,16.0,17.0,15.0
ace4686a281385c082500437e5e73b61,automotivo,58,3530,5,2700.0,28.0,7.0,20.0
73f0291fe089e68d9d01418708e3f192,fashion_bolsas_e_acessorios,51,15,1,250.0,16.0,2.0,11.0
13b25797ad1e6d6c7cd3cbeb35f8ee7a,moveis_colchao_e_estofado,44,348,1,18250.0,25.0,25.0,25.0
50fe86b557f5fa0dd5d24d5d105e4ec7,artigos_casa,55,683,1,3647.0,41.0,21.0,37.0
8a852e038778b1f5f20b41824892c3b8,artigos_casa,59,965,6,1750.0,50.0,20.0,50.0
1596772dbdf700f2e7dd35248fcde3aa,esporte_lazer,52,3541,1,2100.0,20.0,20.0,20.0
3b93324e4ce1bdd6526e4331f9c7120a,informatica_acessorios,50,160,3,300.0,20.0,15.0,20.0
2084c51a6e1430640e5acf4443da90f5,industria_comercio_e_negocios,58,527,1,200.0,16.0,11.0,16.0
e95ee6822b66ac6058e2e4aff656071a,esporte_lazer,52,1153,1,180.0,17.0,11.0,14.0
4a90b44b456e79e7a33435fdd36e551f,ferramentas_jardim,64,2432,4,10700.0,32.0,63.0,32.0
9394f87dc3875b085ec46efca4822642,artigos_casa,57,817,3,1050.0,21.0,29.0,29.0
c9c6fde711572c1ad99ca12728c6af00,telefonia,51,678,2,150.0,17.0,8.0,14.0
44f7b1ed935739690152f235ee6dc47f,moveis_decoracao,51,1040,2,1400.0,11.0,11.0,52.0
72b88dcc0910a3d1db986870c1515029,instrumentos_musicais,53,1038,2,250.0,25.0,9.0,20.0
ac18c4fdc7fb66fe4d3d88dfc02d041f,papelaria,42,214,1,600.0,16.0,39.0,37.0
6aef77cdfe08cd913ecf82f04149e0d3,beleza_saude,37,293,1,800.0,40.0,40.0,40.0
242ec3ff603c92ddc1e59d83b9e40a2d,bebes,49,2830,1,200.0,16.0,5.0,15.0
b2672f1c1fcd8d61f7260d597e6c389a,papelaria,52,85,2,450.0,20.0,30.0,20.0
7cbc7b22d10bdd8f5e3d668c3c3ab45f,jardinagem,52,2494,1,1400.0,16.0,28.0,15.0
20b4a894367b7b66ea1c5ae7efb5a7eb,informatica_acessorios,60,236,3,200.0,16.0,4.0,13.0
9abc4291d7bc21602d442fbfcef85b15,variedades,51,350,2,275.0,41.0,20.0,23.0
544c14365db76307e0820a1468ed8114,moveis_decoracao,58,1716,2,550.0,52.0,11.0,11.0
faf5197fc8d54df7b3db90fa48ee193c,informatica_acessorios,42,492,1,200.0,18.0,9.0,16.0
eba9bf6c14ca3ce171d097e358b12973,bebes,38,1516,1,700.0,50.0,30.0,40.0
82dc110dca3af4a0345cdb4500781357,artigos_casa,55,774,1,300.0,16.0,7.0,15.0
25640ad1216178967884d69ebe5140cc,bebes,22,273,1,1600.0,60.0,35.0,35.0
d26580768894ea0cdc9f19dc672956c2,utilidades_domesticas,44,586,3,3950.0,42.0,14.0,22.0
e336c656869480e20d04ca9389b12167,fashion_roupa_masculina,56,336,1,750.0,25.0,5.0,17.0
99827f2c0b207eb18cf3d5f57a1390f6,relogios_presentes,38,757,1,567.0,17.0,9.0,13.0
427a6366149d0da432a4f01146b70275,artigos_casa,48,414,1,1117.0,45.0,12.0,45.0
e04562caf7e8fe3c04496ef278b61cca,beleza_saude,44,1901,3,2225.0,36.0,11.0,19.0
1890c01a38d17958d79fe473d451dc9c,moveis_decoracao,54,553,1,1000.0,35.0,9.0,25.0
49fe3838a85fc221f84269f59f6b8ce4,brinquedos,58,709,6,2300.0,20.0,62.0,35.0
405b665fb38de919ddef2046a207fddf,moveis_decoracao,52,283,3,200.0,24.0,2.0,12.0
f6af9afab66b4968cf9c27dcdfc42047,automotivo,45,197,2,200.0,16.0,18.0,11.0
218f5d32f520df3b8517cdd86da09466,esporte_lazer,28,144,1,2456.0,53.0,14.0,16.0
269616df4c79febdae020f2d978594ed,climatizacao,60,595,4,2400.0,16.0,40.0,15.0
bdb71a735c94e9c7779d5d2084d91698,artigos_casa,44,232,1,1450.0,38.0,7.0,31.0
7bc37d0450ed1fb9e76f9c0305838c7c,esporte_lazer,56,1176,7,1300.0,51.0,9.0,20.0
511dbadd5cfefd835e705f38eabedd12,automotivo,60,1239,1,758.0,36.0,15.0,17.0
c025fc620500ff6e9d4a169cb7aff42d,automotivo,59,463,2,500.0,32.0,16.0,16.0
88a1223b29fac4c3abef8d1369dbbaea,audiovisual,63,677,7,5500.0,25.0,32.0,47.0
15f4e7802068bb117c1e6c0ad3edfefd,bebes,60,1107,3,900.0,42.0,25.0,15.0
24a014458ccc6e989b4fcef5fa71da58,artigos_casa,53,348,1,2000.0,45.0,15.0,35.0
22f49044bc3eaead7cadfb045391582f,artigos_casa,56,255,1,1050.0,45.0,15.0,35.0
e53e557d5a159f5aa2c5e995dfdf244b,informatica_acessorios,33,256,1,180.0,17.0,10.0,13.0
b74d02ba43060d2cbeba7759a869da5e,perfumaria,60,863,4,1500.0,30.0,12.0,28.0
72030f5a9528ee708f8d865fee65b29b,artigos_casa,33,827,1,1150.0,29.0,8.0,28.0
38411121f1922c1a5197a61f34b3a986,telefonia,40,626,2,100.0,19.0,3.0,11.0
581de99ffa609d5f7b841f0d81df3f2f,bebes,49,509,1,13800.0,60.0,32.0,42.0
bb18d09a22b3b9bc474e0b1437302666,artigos_casa,50,318,1,1021.0,35.0,5.0,32.0
f15001dbfd82abd749d8a0b104c367ed,bebes,41,1469,1,200.0,30.0,5.0,20.0
07544775a63940d28bbc20d835ddd781,automotivo,39,840,1,3850.0,45.0,20.0,45.0
7e7a5ae84c41a0fdde9c2a7c545d2115,beleza_saude,35,672,2,1200.0,25.0,14.0,16.0
f3a0e8de0d8bada90f638dd837416ad7,artigos_casa,53,269,1,2150.0,45.0,15.0,35.0
4dcac7b8ae9f3f0793a0152d5490e606,papelaria,45,758,1,400.0,31.0,2.0,22.0
f71b4fadb8b8e7564f1e8b8aba66c106,brinquedos,55,798,3,1953.0,17.0,41.0,44.0
77a5af4a7d2e2717af0999f7dd0dd046,malas_acessorios,52,883,10,2000.0,32.0,52.0,19.0
4d77aea6b8a42eee8016944ab10c440c,automotivo,40,1010,3,29150.0,56.0,15.0,36.0
4567fd79f37f89a3f13db0bda7441a0e,fashion_bolsas_e_acessorios,40,825,5,70.0,18.0,18.0,12.0
31a550e5405c2f75ecd052b2106f1330,variedades,29,781,2,8100.0,36.0,47.0,32.0
1a0e58ba2d1b44924d3d7184ae40e575,utilidades_domesticas,36,179,6,600.0,18.0,4.0,12.0
4a4b7d801bd62bb0b573914b6b75483e,telefonia,35,379,1,200.0,19.0,4.0,11.0
f81cb4720a94848a6c7627ae0473bcd3,variedades,60,236,3,700.0,55.0,15.0,45.0
df2dc5b34edb94bedfa04203cd9d6e9f,artigos_casa,47,506,1,700.0,45.0,15.0,35.0
28bdd20184e553872bab0ae75bbcaecf,utilidades_domesticas,41,882,1,450.0,16.0,28.0,12.0
be7f0912ba01126704c81b3f705aaaf2,perfumaria,36,419,1,475.0,19.0,15.0,16.0
8a9efe06f7135fd2dfc7b84b30144bda,variedades,52,573,2,225.0,20.0,10.0,16.0
89f055104adb9365d7f7b5c475f77742,beleza_saude,38,395,1,114.0,19.0,16.0,17.0
b463e2b659b92c4daa531d0d8768b8be,ferramentas_construcao,53,899,1,2700.0,16.0,2.0,11.0
c64ff741cd910a276a6c328f95124a4f,brinquedos,19,338,1,200.0,30.0,12.0,12.0
7672caf32ffe6d56dfe58faf64a17c45,relogios_presentes,32,610,3,500.0,23.0,15.0,19.0
9cc50a8fd6a69a4d287d62d52ee5d009,livros_interesse_geral,26,1388,1,350.0,21.0,2.0,14.0
f54815785eb4b1d0fb3f5e81080694ff,informatica_acessorios,56,987,3,850.0,45.0,10.0,20.0
29f21b78dda7fd755d89ed7cb57ca813,consoles_games,50,1317,1,400.0,26.0,15.0,35.0
17606c7d7254ed1f0351fd48a28be932,artigos_casa,53,640,2,1100.0,16.0,10.0,16.0
954ed36fcf28237749ef5616ab0eff87,fashion_bolsas_e_acessorios,59,439,1,150.0,16.0,2.0,11.0
b0c657fb8995510c4729dcb9739226c8,instrumentos_musicais,60,743,1,4150.0,20.0,20.0,20.0
9c01566eb81b90cf2c8014cb71e35f93,eletrodomesticos,31,115,1,525.0,25.0,14.0,16.0
4618f9c46ea4592eccee4a62718e1560,ferramentas_jardim,43,246,1,675.0,31.0,14.0,14.0
45eb55dab5f1c8e2af8b2d4ca4e6aa18,casa_construcao,53,3065,2,7800.0,16.0,68.0,48.0
fe281ff6eb3a52425dca9c76f4b505c0,artigos_casa,59,238,1,2150.0,37.0,10.0,37.0
0eeeb45e2f5911fd44282e5bb0c624ff,musica,58,143,1,82.0,12.0,15.0,15.0
9e9dc9dd74dea3fdb73f0ad555233bd3,esporte_lazer,26,175,1,203.0,26.0,10.0,18.0
e193bec343dfdd0f91d03a073c1ae3aa,variedades,39,1741,1,11250.0,29.0,98.0,33.0
480be8d20c4b6a7df1eae0f2c17f2db2,livros_interesse_geral,58,1556,1,300.0,30.0,2.0,22.0
426f910ccd39ae5e7d55013c466fe343,esporte_lazer,57,340,1,350.0,43.0,30.0,32.0
aaa86ad1d7ea86a2a753f71b5575736b,artigos_casa,54,683,1,1633.0,32.0,5.0,29.0
4c3867e5fe6e42a0c2a5d37efa2a0608,esporte_lazer,28,325,1,790.0,31.0,28.0,26.0
7bd36ed8202ac87cd47e1f0128f137a3,informatica_acessorios,53,180,2,100.0,16.0,8.0,11.0
92db64b9fbf288bcf880be1fdd53f78e,beleza_saude,55,2987,2,1450.0,18.0,18.0,16.0
99f5b2240b82bf9387e5cf2fc0335b08,informatica_acessorios,53,422,1,160.0,19.0,11.0,14.0
438b5ad4eda7949fae4a4b834a69bcd6,esporte_lazer,49,571,1,200.0,21.0,26.0,21.0
a9b7d6445491f7108ce079d4f783dbf1,beleza_saude,54,463,1,30000.0,55.0,75.0,61.0
86c4aeb3bb5d3751df3d014a0db86641,informatica_acessorios,46,153,1,150.0,17.0,8.0,12.0
b236c1de644bb816707f6b60164701c7,consoles_games,29,408,1,150.0,25.0,2.0,17.0
4f823b57fbf2a359f9df38dc72ef0da6,livros_tecnicos,36,702,2,500.0,100.0,20.0,11.0
8e4b7c036587bfb512f6766ea6281b03,alimentos_bebidas,49,186,1,1183.0,33.0,7.0,29.0
074112f674682b5e218463ce1732945b,brinquedos,52,1314,4,9450.0,89.0,53.0,12.0
06d7bbea1c245835d64a183587a3775c,seguranca,34,409,1,1000.0,66.0,5.0,30.0
698b3ddae2f0b80c2a48fb40624ca4e4,moveis_decoracao,55,408,1,8150.0,52.0,18.0,35.0
de012eb8e2b6308aff160e7403019b6c,brinquedos,56,230,1,700.0,45.0,15.0,35.0
3fc18e3aefe7b9346bd15de863fa0365,utilidades_domesticas,43,808,1,2850.0,30.0,30.0,30.0
239fc6f74c8f9263806917542ed7b358,bebes,57,121,1,800.0,39.0,16.0,40.0
ca1551e5e36f2e68261f4d14132dba96,esporte_lazer,50,458,1,400.0,24.0,20.0,17.0
0a5a2b08a41a3a61ee984c9445891098,papelaria,42,190,2,1600.0,35.0,50.0,20.0
6c57343a58d1c23d629297d23018803b,bebes,55,652,3,201.0,25.0,8.0,18.0
f63729cf4441fe64282cd1b82281792d,esporte_lazer,60,1358,7,2150.0,42.0,10.0,22.0
23b156533f31f1e4493d605705f7e6db,papelaria,56,113,2,450.0,20.0,30.0,20.0
ee59699c00f92af8c00c6c9e470a6ff0,audiovisual,47,2467,6,650.0,20.0,7.0,14.0
acdd9eaa79720ca045ce3768250b8e47,beleza_saude,59,669,1,400.0,30.0,10.0,17.0
4f47791b7d4e127b53fdfceea592e926,informatica_acessorios,59,1620,2,6100.0,50.0,25.0,40.0
94809f6d31cc08cd78ab5169fe132549,artigos_casa,42,582,1,1450.0,35.0,19.0,45.0
dde35467201d3ff9e3f8e4297aa2768e,artigos_casa,63,292,1,8500.0,45.0,15.0,35.0
9ba8f142d5750b47282d95c0dad1ef57,alimentos_bebidas,51,589,1,500.0,16.0,16.0,16.0
7fa2058a9bf3a89ef34df823357e0be9,eletrodomesticos,48,247,1,190.0,18.0,8.0,13.0
3e6d98f0757ce033a71509cf730ab7d6,ferramentas_jardim,41,442,6,200.0,16.0,6.0,11.0
6fa89bbdedf820511d87d6e983c06655,utilidades_domesticas,25,500,3,650.0,22.0,41.0,31.0
7f010cef13358c3e8b1a349633d0be05,beleza_saude,58,529,1,289.0,16.0,33.0,14.0
1ddff6edb745b60b1f4333ade8c45133,esporte_lazer,37,422,2,600.0,16.0,14.0,14.0
59d8c83dc367b690a114f47a4bf78f8f,esporte_lazer,58,750,10,653.0,30.0,14.0,16.0
5e18248fc768bdb7fc69fd012068d109,utilidades_domesticas,37,749,4,600.0,16.0,6.0,20.0
4428f48461e892ef845849d4086d8d3f,telefonia,55,306,1,300.0,19.0,4.0,11.0
197f7d1d3a8b0bf0c8f0394ff71b574b,iluminacao,39,506,1,250.0,16.0,17.0,17.0
43fc98441bf3bd68602dd4877adf4c1e,automotivo,59,1657,3,500.0,16.0,21.0,18.0
7e0995bd610eb1dfe49155b549079047,esporte_lazer,54,471,1,400.0,17.0,4.0,15.0
a3b994a761e7a3ef4b527ac7f1057e9c,perfumaria,54,954,1,50.0,16.0,5.0,11.0
ebec0feb5e83056683c5ae11d39c3f11,telefonia,58,285,1,200.0,30.0,5.0,12.0
ad0a798e7941f3a5a2fb8139cb62ad78,artigos_casa,55,617,1,600.0,16.0,10.0,16.0
4615c086d05b264e9ff7004fcb515e37,esporte_lazer,53,524,4,450.0,23.0,15.0,15.0
5895eb44dfac8b6062cb7adac3f84fc9,moveis_decoracao,56,257,1,1300.0,40.0,10.0,34.0
d3b24c68466ec241b98cddd7861bce4a,fashion_bolsas_e_acessorios,34,154,1,150.0,21.0,9.0,14.0
788446dae9ad0409017f7f0b40105057,esporte_lazer,51,1097,5,2700.0,56.0,28.0,33.0
3e2f9928d76a2823b17795db853ea780,perfumaria,50,922,1,400.0,18.0,8.0,16.0
67f1a036affe9a75b73dfddf0386893a,beleza_saude,58,414,1,30000.0,55.0,75.0,61.0
3552627a68384dc559f0fd4cce173269,fashion_bolsas_e_acessorios,31,203,4,150.0,18.0,9.0,11.0
23df926bdc8477e1ec36c182136411a3,variedades,,,,555.0,20.0,9.0,16.0
b6b220a6c539cb65be34eed6fea8fe63,ferramentas_jardim,55,271,1,1300.0,85.0,7.0,29.0
fe2eb4afacc06314372f75be9c2859ff,informatica_acessorios,57,208,2,150.0,20.0,4.0,18.0
8b52ce7d34b48cfa97fc4219b3fa4e39,relogios_presentes,37,548,1,300.0,19.0,9.0,15.0
b1d65e37e2b1ef62b43aca5b3c3f8342,market_place,36,1196,5,400.0,19.0,5.0,20.0
be642ced82a99a398aa76d720cf47d19,esporte_lazer,49,565,1,160.0,18.0,8.0,13.0
87ea2f45559e10519513a20b24147316,informatica_acessorios,48,2776,5,100.0,17.0,9.0,14.0
da9278e44c4ae00f02a965792a392ea3,eletrodomesticos,54,635,1,5400.0,26.0,55.0,26.0
2d31f67b1edd83be73d1448bc1f1a7c7,audiovisual,48,529,1,150.0,20.0,2.0,14.0
0d5340e7cf010ca42cdf4305101ed005,moveis_decoracao,40,468,5,2000.0,34.0,8.0,28.0
cd48f265a63e13b762601f5f794c5fca,alimentos_bebidas,48,859,3,175.0,23.0,21.0,21.0
e7f539de944d2d7d5c206cd730f606a4,moveis_decoracao,56,427,4,650.0,30.0,20.0,30.0
b35350b4bec82c6f2935b3919be35427,artigos_casa,30,143,1,400.0,40.0,4.0,30.0
43c603a90cd6fa3056c5def766f44d23,automotivo,29,261,3,200.0,16.0,2.0,11.0
f89a6b6cc862b9a570c453336b8dc15f,moveis_decoracao,59,471,1,1300.0,50.0,25.0,25.0
e8ca1ff2d0a28edb5be8bfbf2964dc3a,esporte_lazer,52,320,1,450.0,42.0,10.0,25.0
cbbc2be2dd13b09f354a19a987e05924,moveis_escritorio,60,1252,1,7850.0,52.0,51.0,17.0
79f0638714bca6309431b53ecfdb4b54,informatica_acessorios,49,539,1,12700.0,50.0,39.0,40.0
31af99e01af722adb2067b365a311998,beleza_saude,58,698,6,425.0,24.0,16.0,14.0
b04c2b78a0d75eebc2fdcdf4cda4acdb,brinquedos,39,515,4,600.0,33.0,11.0,21.0
d9829478d893607ea2b8d26c7f546a3f,perfumaria,36,59,2,125.0,16.0,4.0,11.0
fc7d2de677b4aec44e4c6c900d3f8b79,artigos_casa,60,325,1,3400.0,45.0,15.0,35.0
87b77bddc8fa1c1272ec769a5134310c,brinquedos,55,741,2,4384.0,39.0,35.0,34.0
15080188e14924ee2c15f19fd258c0eb,automotivo,60,3389,2,250.0,24.0,18.0,18.0
20e7fcf887b571d712eec11b3f74fe4c,informatica_acessorios,55,1730,3,425.0,18.0,10.0,18.0
2f9d564b8e623fa218326d48f71c5764,perfumaria,41,673,1,2200.0,33.0,27.0,24.0
c60c5d18a948f105c5dc3585ef3051d6,esporte_lazer,44,234,2,1500.0,60.0,15.0,15.0
d186bbb8f1ac973969dfcfbf0347198a,fashion_bolsas_e_acessorios,54,770,1,300.0,16.0,2.0,20.0
edf78e9c664f8713bb06e61eff191ef8,brinquedos,35,438,1,450.0,17.0,16.0,16.0
eb6b6f708fb1a57720d0734f30c3b31e,esporte_lazer,63,1436,3,1900.0,70.0,14.0,17.0
10a96b8c9e62f372aaf40bf8ec897a75,automotivo,47,376,1,1100.0,85.0,20.0,20.0
e7e8b8c62baed3c11bdbf4fad8a32dde,artigos_casa,56,371,3,3300.0,50.0,19.0,35.0
89f59eee27a6a49b9f0d887136c71cd4,beleza_saude,41,1931,1,700.0,21.0,11.0,15.0
48ece3b2abc4abd9d02f45aca7c3476f,esporte_lazer,50,186,2,1800.0,90.0,5.0,30.0
08857690e7a14a21b4441f8ee2bcaa14,informatica_acessorios,56,2680,4,150.0,16.0,16.0,16.0
ae5cad88462eb7b7b61401e31c45618e,informatica_acessorios,44,1428,2,250.0,30.0,20.0,32.0
e205eb6683dbf1812c2338baf0575ed0,brinquedos,53,871,4,325.0,20.0,23.0,20.0
1ebde342c905182ffc07333fc569c590,artigos_casa,23,416,2,738.0,38.0,8.0,24.0
449686d8083aaada627cbd307f0feed3,brinquedos,38,438,3,1150.0,38.0,23.0,27.0
e3b997f50d2aa487a92ed84d4125b590,utilidades_domesticas,44,341,6,400.0,30.0,20.0,30.0
39c74b86a884310862f7b325d99c278c,variedades,,,,100.0,25.0,5.0,15.0
ffad988078a64af484dfbc5f494d12ac,malas_acessorios,48,82,3,150.0,16.0,10.0,12.0
8d4ad4de724b1ef73a5678900ac69644,informatica_acessorios,46,1418,4,459.0,26.0,18.0,16.0
118c36d1c7ee6e3261fe81d58986a0a3,ferramentas_construcao,58,330,2,200.0,20.0,6.0,20.0
f60836d2827709716e30c6f0eae78d67,fashion_bolsas_e_acessorios,49,459,5,200.0,16.0,9.0,11.0
dc48030c42aec9ae7ec9757387ba4250,relogios_presentes,55,490,2,300.0,16.0,11.0,11.0
51edddbbc47a477259e672bd291feed6,utilidades_domesticas,37,775,1,450.0,16.0,26.0,11.0
368aefcea6b2454dff5ce8156ea6766b,esporte_lazer,28,410,1,1046.0,27.0,27.0,23.0
201fc8c37f99b9911c8ccb421d34b0d0,brinquedos,55,990,3,700.0,16.0,50.0,30.0
b2686e2160ba51d4d34985260a25d094,telefonia,42,858,3,300.0,21.0,11.0,13.0
f8de5dc036075be786ca24c29b5bea56,brinquedos,58,682,3,1200.0,35.0,20.0,28.0
6a24f480cc3fa5ceba9b09eb6b2f46fd,esporte_lazer,57,262,2,950.0,60.0,15.0,15.0
ed2c05310cf23e947151d937c2571831,moveis_decoracao,59,2130,2,350.0,69.0,11.0,11.0
6a057a401eab3b3cb8083d9e42972233,beleza_saude,34,3395,4,1200.0,28.0,10.0,18.0
0a80f03007af9e2c5ac5065d6742e1b2,casa_construcao,47,870,2,611.0,17.0,14.0,16.0
df5032e775a51867fcd72f5b742f2f33,variedades,,,,23900.0,47.0,34.0,48.0
0b035ff3ab8827ae8c56022c16712e9c,relogios_presentes,54,475,1,600.0,16.0,2.0,11.0
fc40fe8ca610260f036ecf18dd8d3b24,brinquedos,29,1132,2,5543.0,39.0,34.0,37.0
3e878bb44e2c5b7fc755e304cc8236a4,brinquedos,26,466,2,187.0,21.0,16.0,17.0
f6e0a9ce8a6e91c3a0ca2d3005911d20,fashion_bolsas_e_acessorios,29,498,4,300.0,16.0,16.0,11.0
bb7c4f517d04b6b36671d63ef0f198b0,moveis_decoracao,38,212,2,6450.0,62.0,10.0,62.0
108e21a48f54c559e2186db8a4bec9f9,relogios_presentes,53,469,1,1113.0,30.0,7.0,28.0
c3ee182803f3eddeda33f9b821bf9e21,pet_shop,43,530,2,500.0,20.0,35.0,20.0
80df62ce491a20d390c9f69402310f0a,informatica_acessorios,35,1101,1,300.0,42.0,2.0,30.0
ed3d4d9d28256f0c6c2af63d199cd720,perfumaria,57,525,1,367.0,16.0,15.0,15.0
5a1d320fa650ea18706613a0dfc3ad0a,utilidades_domesticas,37,213,1,12150.0,104.0,35.0,30.0
af5da61d100eab89aeb416514f688161,relogios_presentes,58,534,2,300.0,16.0,11.0,20.0
cdd37c09b1f47401bdce0f38d3a7f485,artigos_casa,58,636,1,1000.0,20.0,16.0,20.0
194d0a84a60aad8916173c4d611f6450,beleza_saude,58,558,1,1200.0,16.0,19.0,15.0
0e2d52789a024cfd6f9204778320a8e5,moveis_quarto,43,435,4,9800.0,86.0,8.0,40.0
0dd8f23d6e66d8b4246e3068d13091f9,artigos_casa,49,133,1,200.0,16.0,3.0,26.0
7811ef9c6eed5bb33c3c6f9de751642f,bebes,39,296,1,100.0,16.0,5.0,16.0
630822139240c0cff5dc0b45a61961fb,moveis_decoracao,54,1749,3,2850.0,105.0,3.0,70.0
0085dddda27567189f1dfd1eda7c286e,artigos_casa,58,593,1,1800.0,40.0,8.0,30.0
ad0a8215eb34f64a304b12106de7af30,fashion_bolsas_e_acessorios,38,569,3,200.0,16.0,11.0,12.0
58b9219b342b712be58665cdeff68b30,beleza_saude,35,772,1,200.0,16.0,12.0,11.0
6e649da572cb3e7bd20ef7203d43829c,utilidades_domesticas,59,391,1,2250.0,45.0,21.0,26.0
fba0ff1228b20d1487817897f5265a77,eletronicos,55,385,3,200.0,28.0,5.0,11.0
c0c4cfd8255da22de900ac9e613e2a73,ferramentas_jardim,57,361,1,800.0,24.0,13.0,18.0
5127baa26f9d08000b80cc8b063fcd89,flores,60,489,1,800.0,16.0,16.0,16.0
9fc063fd34fed29ccc57b7f8e8d03388,beleza_saude,48,657,1,750.0,38.0,12.0,25.0
6cb9998e3edb71cca1e7bcb4c59c3c79,relogios_presentes,41,1065,2,800.0,18.0,18.0,18.0
369440882015b4d57e6f077771c3411e,relogios_presentes,44,580,2,300.0,16.0,11.0,11.0
e3e6af2b9a779d64b3589a5b56102d16,moveis_decoracao,44,565,1,1050.0,25.0,25.0,25.0
baabdb73922a661d11692c638598d54c,consoles_games,44,283,1,100.0,40.0,2.0,24.0
1fa784d8744e3ed625d8651ddb15e33b,perfumaria,47,534,7,1800.0,35.0,26.0,26.0
0d89e155a6cf12de15e19e2d67ad14ad,artigos_casa,53,208,1,550.0,16.0,10.0,16.0
9e28a904bf99a4b3d1548580a906b3e7,automotivo,56,651,5,11200.0,78.0,4.0,47.0
31b8c37adb9572ed34757d9368d987ac,relogios_presentes,49,577,5,250.0,16.0,2.0,20.0
9e0a9b3ad116b6cb174065c2807897f9,relogios_presentes,40,550,1,185.0,16.0,7.0,12.0
2852bc2e54973155081dc04bff585ac4,utilidades_domesticas,26,393,1,350.0,16.0,10.0,15.0
2daba1ba2b585317701770c97f0a3c0b,malas_acessorios,45,184,1,100.0,35.0,10.0,20.0
be3ee4a51ebccbe2c35208d5d25b6b3b,moveis_decoracao,46,1193,1,600.0,28.0,20.0,50.0
b4d5c697ff3cbb690703c8d117f95abf,ferramentas_construcao,41,298,4,7400.0,38.0,16.0,38.0
986c47683f9e701e110a0cc525dfac87,artes_e_artesanato,53,213,3,490.0,33.0,5.0,17.0
0d1b16618de7d0c6143e934ea38619e0,automotivo,51,652,1,20050.0,80.0,40.0,40.0
13092c58e867fc029b7307c2dc6f18f8,beleza_saude,42,1867,1,287.0,16.0,16.0,14.0
45df8892a1d74d2e8f960dc06625fdab,telefonia,51,824,1,311.0,20.0,11.0,14.0
44ce1d7bd584edde67a1d743349829f2,artigos_casa,50,382,2,2800.0,47.0,21.0,41.0
98d2c6e0a869b3c95ad74c736933fc9e,automotivo,35,1548,2,400.0,17.0,23.0,12.0
5581bb179770e44255d6bb9b9e1bcca9,esporte_lazer,37,121,1,363.0,18.0,14.0,17.0
c452ed78936fa240d56b35bc146be876,automotivo,42,1069,2,12500.0,47.0,46.0,20.0
2fcbaee260e3146369f5e4f2b2abe551,ferramentas_jardim,41,867,3,2000.0,45.0,18.0,12.0
e2033444b9e15775ad3817491401084e,relogios_presentes,47,644,3,500.0,20.0,10.0,17.0
309c6b0e5d66f306383872c0d95ed6bf,informatica_acessorios,43,216,1,233.0,21.0,16.0,16.0
1a38458ed0e1d16259ef2a8c30ef91c6,variedades,33,825,1,900.0,40.0,40.0,30.0
90ff2ab522c1346e5f5e2c785a6ac3ca,moveis_decoracao,56,770,1,1950.0,50.0,8.0,34.0
d8341864896312c9316d79675ade4d1b,brinquedos,32,670,1,750.0,58.0,8.0,25.0
e86ea175305909ddc0ba25650b2cc7be,malas_acessorios,45,223,1,700.0,46.0,10.0,32.0
15557c53492889a2b63e65df34a738ab,relogios_presentes,28,188,1,200.0,16.0,2.0,11.0
f76648d50e1f928a32d5d8559719092f,telefonia,51,2286,1,350.0,20.0,11.0,13.0
bb8e7dea852be7eb17288af376b3b933,moveis_escritorio,45,2412,1,11450.0,58.0,20.0,58.0
67fcc72a4cfd0ac826c0158ce5c98ae6,esporte_lazer,45,1562,4,3150.0,60.0,9.0,23.0
6f5c977cd6fb4cea20db551bc8728ff9,artigos_casa,56,552,1,2200.0,38.0,8.0,30.0
58552a4659d05eebb73c2b214f14d2a4,informatica_acessorios,37,235,1,300.0,60.0,11.0,20.0
5b2bc7f0927cf91077fcb99abcde248a,artigos_casa,56,280,1,1100.0,18.0,25.0,33.0
ab92f8667e54e4866cc3ace9e3febf97,ferramentas_jardim,43,700,1,750.0,21.0,20.0,21.0
1bad1f17e229af04d11a788ed2b3553f,instrumentos_musicais,60,774,1,30000.0,60.0,60.0,60.0
c8a4cbaafa1f0579063ec64cf40ae153,automotivo,54,197,1,150.0,25.0,10.0,16.0
81b4af53ab9d9934fd591fd680f4aee9,telefonia,46,1424,2,100.0,16.0,22.0,11.0
1eb0f26a0aa59535c7bee3e2c02093d7,beleza_saude,40,1177,1,2400.0,19.0,16.0,16.0
b72b1952fed0f11ff9621862f1272e50,esporte_lazer,36,1303,2,275.0,21.0,7.0,18.0
cd373a878995ba438485406bc10d9c69,brinquedos,57,1619,1,400.0,20.0,20.0,20.0
97db532f755c1c66eab401e27f687295,informatica_acessorios,49,202,1,633.0,26.0,14.0,14.0
5453853872f6bf249621d05170346aee,beleza_saude,30,249,1,525.0,17.0,17.0,17.0
f5a9be6a5b9fbbd35e67c6883914c1ab,perfumaria,46,1045,1,450.0,22.0,16.0,16.0
20d7a48524eae8d2694bd40031fe12b2,ferramentas_construcao,38,403,1,100.0,20.0,5.0,20.0
de1dab31e5f3737cd024f5fe44743fa9,esporte_lazer,46,720,1,442.0,20.0,19.0,17.0
0112c32bab2fb9a2147b92cdd5f1d3e7,variedades,53,442,4,800.0,33.0,15.0,30.0
78540c45d4f971380710a35fa4ecc41b,moveis_escritorio,41,1466,1,13950.0,63.0,26.0,43.0
14604c2eecc272f4c961e8274d667f85,esporte_lazer,38,317,6,450.0,18.0,8.0,11.0
81ec4d50fe7f99859b537436b6dae701,relogios_presentes,50,202,2,200.0,20.0,12.0,14.0
3210c94e2542d988d724b0dd72234cdd,fashion_esporte,54,511,2,100.0,16.0,12.0,12.0
352710ec4fab1854c11d4044880afff3,telefonia,52,1350,3,300.0,16.0,22.0,11.0
30de9bc2bc110c6a584cacba9c17d88a,moveis_escritorio,48,1159,2,16150.0,63.0,62.0,24.0
a3e18f7e8c86e3971fad2ff11d38d2a9,telefonia,23,133,12,100.0,16.0,3.0,11.0
8fd009f43c970fdd7db487475a59cc7a,ferramentas_jardim,64,692,4,3400.0,30.0,20.0,20.0
2ebf6091e855569170c684ada3a284e5,automotivo,60,258,1,200.0,18.0,3.0,14.0
e8d6e49fb0a39cfd4ebcdb977ebb82c4,seguranca,49,312,1,600.0,16.0,10.0,13.0
b5841e1059b5b0513b7f03b6646e7229,automotivo,58,898,1,2550.0,35.0,20.0,20.0
cdf4f93c50b902a0fcb44e74abe804f4,papelaria,36,300,3,568.0,22.0,23.0,20.0
c8316575e7ce05609496b6d0b9bce6bd,variedades,,,,600.0,30.0,3.0,20.0
779559842fc122d55edbd03153f35e81,esporte_lazer,55,1028,3,200.0,21.0,13.0,26.0
764292b2b0f73f77a0272be03fdd45f3,moveis_decoracao,56,701,5,750.0,30.0,30.0,11.0
ce37d2059b251687831f016e8698725b,brinquedos,58,1221,1,275.0,17.0,14.0,12.0
f0effb9347ed5787c680f4c756f0bbdb,papelaria,38,852,1,462.0,18.0,13.0,14.0
83cf2637b3c035693ee58369b791d966,ferramentas_construcao,48,108,1,7850.0,50.0,3.0,50.0
86dbee9634f9942db02e1ac5bc7ded58,automotivo,59,258,2,100.0,16.0,16.0,12.0
07d145a7ffd47e821d4e7cbd3697a102,variedades,46,622,3,400.0,32.0,19.0,39.0
b76c36bf916511f1a4acd406ada6ce25,brinquedos,34,872,3,2050.0,42.0,25.0,35.0
48212f0e644cd07610881a3b6e497ac4,variedades,,,,200.0,16.0,2.0,11.0
63509853c8fbc63605d354a4ca4f689b,utilidades_domesticas,44,414,1,7900.0,25.0,60.0,25.0
002552c0663708129c0019cc97552d7d,variedades,18,263,1,355.0,22.0,16.0,12.0
ab40c45cb88545d5efa2679b30cec4c3,alimentos_bebidas,40,472,1,4300.0,50.0,20.0,20.0
fb10a064e6f5151ebfffc589e166c917,audio,44,236,1,1742.0,17.0,11.0,17.0
cc3c077967623f4d66b88f3388a206cb,informatica_acessorios,43,1138,1,900.0,16.0,16.0,11.0
8f87e8e0a393ebf8373a52dc1b27c5fc,relogios_presentes,40,885,3,300.0,22.0,7.0,14.0
c311d5be814260032f54c7ea77fc1dbe,artigos_casa,56,610,1,600.0,16.0,10.0,16.0
c92f0e7b9d49a9543558d6532772441b,malas_acessorios,48,485,5,17550.0,73.0,20.0,47.0
1d45133e5ec85143be37faec0435c957,automotivo,54,1563,3,2400.0,31.0,31.0,29.0
e89428b51b3909340163d4185dae3610,relogios_presentes,52,1402,3,600.0,16.0,11.0,12.0
0ec5f6f08cf32bc916d0ae089696a44a,esporte_lazer,41,435,1,2600.0,16.0,16.0,16.0
982565327a800a467fffeac070672ea6,eletronicos,58,945,1,1167.0,18.0,17.0,23.0
d3ab527ab0d134eb8a034cab8e52a589,artigos_casa,56,405,1,700.0,35.0,8.0,30.0
94976cc078d10e74c19c62f0b3b52432,artigos_casa,48,262,1,6150.0,52.0,16.0,44.0
9b75f322a00c894b1c6eb124251bd2c8,informatica_acessorios,55,247,1,825.0,30.0,14.0,13.0
82498e96fa34d0975dc61a765a65d523,utilidades_domesticas,48,405,1,10450.0,30.0,15.0,25.0
8acd8ece7ba9e8888891b824289509e4,esporte_lazer,60,626,1,1550.0,33.0,15.0,16.0
e0b6956a1860dc425aab39707b0044af,automotivo,35,381,1,1350.0,30.0,5.0,20.0
8852eb03b04ec3268a66e9b696e25f6f,papelaria,30,832,5,2000.0,25.0,55.0,40.0
a9db0b3ccda9daac5d0fca952d5ab30a,ferramentas_jardim,60,1328,1,15300.0,35.0,10.0,35.0
ac69f0bde551e0558dead5f71f7c70e3,automotivo,49,84,1,800.0,45.0,5.0,15.0
366dbf5b3f67b090f640ae9573b757ee,artigos_casa,54,760,1,1275.0,25.0,17.0,35.0
bbe8590c1225fbb6a477018283da0677,relogios_presentes,36,370,6,450.0,20.0,20.0,20.0
82254d93b897fde054504b15f8fe923c,casa_construcao,33,424,2,2550.0,38.0,28.0,28.0
70f1b82f8f17830b01c2ff30ef958548,variedades,47,387,1,15200.0,60.0,50.0,39.0
e40dacc1c350d93c25ee648abbdd9236,moveis_escritorio,53,953,1,9183.0,52.0,52.0,18.0
9e1a035b7f489ddeb062d776a37e470f,relogios_presentes,55,400,3,200.0,16.0,2.0,11.0
fc7f47f5160e876b754ce2b83a02c01c,telefonia,58,676,4,150.0,18.0,8.0,14.0
e57e360b85e2ef90b804521ee8e16909,eletrodomesticos,56,363,2,4100.0,22.0,37.0,22.0
bee3d6c79ae33673a922fc3d823673c3,automotivo,50,566,2,900.0,25.0,25.0,25.0
776361ea39eac34a8bf1579a006a09a8,moveis_decoracao,53,194,11,1150.0,31.0,11.0,26.0
f2ce47f623d935ff5d28c942f4dcb7cd,beleza_saude,32,671,1,225.0,18.0,15.0,12.0
67c8b207e496408eb0f63e09c234dbc0,moveis_decoracao,34,574,1,11100.0,37.0,41.0,37.0
640799dabd2dfd5da2769270ca71ad65,brinquedos,25,420,1,700.0,23.0,25.0,11.0
5522d9e4b6d59f452aff650b213369d8,beleza_saude,28,602,1,638.0,19.0,13.0,16.0
11db6c59cf27f88135b79aee6c3f86cb,utilidades_domesticas,47,1200,3,8950.0,28.0,41.0,49.0
b7351032045cba592a6d97b36f5fd8e3,variedades,47,404,1,525.0,23.0,9.0,18.0
118300f12ed121839fd8035986a012aa,ferramentas_jardim,59,179,1,6000.0,30.0,22.0,14.0
11182511f8556822085ea032df785dae,eletronicos,35,615,1,347.0,18.0,12.0,13.0
ba5d5d6bb022a34df6fe5b5e8c8002ad,esporte_lazer,55,1174,3,400.0,20.0,6.0,15.0
47a67549d9b00310453dec1c3902e391,utilidades_domesticas,44,1188,2,600.0,30.0,15.0,20.0
3954b1f7435552939dd7fdc5cbfea1e4,variedades,35,106,2,1300.0,25.0,10.0,26.0
98115d94da1f4b2b439f197586e69ae8,artigos_casa,31,207,1,1900.0,20.0,20.0,45.0
c3a954d7be97f5818bf83f743a17863a,moveis_decoracao,38,310,1,3050.0,37.0,30.0,20.0
491efdd8025d870ef06034b0bc39c3b7,ferramentas_construcao,59,338,1,4000.0,24.0,8.0,24.0
f85f1a739343e5f5912d2ba0f2b7e614,utilidades_domesticas,55,148,1,1750.0,35.0,5.0,25.0
6800d91175b6abde04b1d70ff2474746,perfumaria,41,870,5,225.0,21.0,12.0,18.0
a30c310dda4ad467282787fee075cb69,moveis_decoracao,59,589,1,6150.0,51.0,16.0,38.0
741158fada4f10d804c017c381d6925e,artigos_casa,60,870,1,17800.0,58.0,40.0,50.0
05e896ddcd2490d4185badce5f9b45e4,utilidades_domesticas,45,162,1,9500.0,60.0,17.0,55.0
05542c6ab7bce0a01a5f7210380e72b3,informatica_acessorios,57,582,3,850.0,32.0,10.0,16.0
84f456958365164420cfc80fbe4c7fab,artigos_casa,55,312,1,1550.0,44.0,14.0,34.0
c6b0d66ba7993cb94d4a19d1578ba802,artigos_casa,47,1423,1,1100.0,35.0,20.0,20.0
51ce723ffd19d9d8d7893b8e835bf3cf,variedades,,,,5700.0,40.0,45.0,40.0
186d7d472f062ca6ef30689faa935d2e,utilidades_domesticas,55,281,1,250.0,25.0,25.0,25.0
5add6c33b03c128b413ddfb2ac185a56,moveis_decoracao,52,1420,1,300.0,19.0,10.0,16.0
d23c9b76b96f629b8756a657176a87d8,papelaria,44,235,1,800.0,50.0,10.0,40.0
eb6c2ecde53034fc9ec47741b3232c9d,moveis_decoracao,49,829,1,500.0,20.0,35.0,20.0
81effc3dd4e4875690858fca347c76c7,brinquedos,46,1149,2,600.0,30.0,20.0,15.0
e812fc7aef7bb52779e06df484b57ec1,relogios_presentes,36,967,1,350.0,20.0,12.0,14.0
1c02c66278df52e0e945f9cdcd9259ac,utilidades_domesticas,58,938,3,129.0,29.0,20.0,16.0
734cb1ee54f5d7e96c0c9d9732a21721,moveis_decoracao,59,402,3,1325.0,35.0,11.0,20.0
e5188da1834c44869e7f0b1b2c0b4c14,informatica_acessorios,49,937,1,3100.0,43.0,35.0,35.0
84f47b7ffbd21c845d197cc0a7bc479a,moveis_sala,60,1054,2,950.0,21.0,8.0,12.0
0c85b3e0748fdc1a15f227525d317821,livros_tecnicos,48,1561,1,2450.0,29.0,5.0,21.0
75cf9878e249e24c03d9db274cba65f4,instrumentos_musicais,39,656,1,5300.0,48.0,15.0,40.0
fbf19c12a50f1467bcae50364475ca26,moveis_decoracao,58,549,2,917.0,56.0,7.0,40.0
4713819035a9ef628d084f8ff4fa71f2,beleza_saude,60,919,1,200.0,22.0,3.0,15.0
1053d2f1df34b526957673f25a1b50e3,utilidades_domesticas,22,198,1,275.0,16.0,13.0,14.0
b868a7a3ed7a16bae1b565d21102dd9a,beleza_saude,42,496,1,500.0,17.0,14.0,15.0
40bc967f033c88458d226825e3293ed9,fashion_bolsas_e_acessorios,48,731,1,300.0,16.0,2.0,11.0
dc7e6c809b71f69934396f954df16806,artes_e_artesanato,47,422,7,500.0,25.0,8.0,15.0
7debf51321d3b0d0ff82144280816fe1,variedades,49,296,1,450.0,36.0,6.0,26.0
4b7758a4177f67648ad233ef07da2b44,moveis_decoracao,63,209,2,5600.0,100.0,7.0,80.0
da2cfe68ae3f2f454b5aba2ee09ab5c4,fashion_bolsas_e_acessorios,56,731,1,200.0,16.0,2.0,11.0
a7c87b1bbdd51e0d68b0307cffd03d47,relogios_presentes,48,249,3,700.0,19.0,9.0,15.0
b343cce43d6f08fe602d2892b106ad59,moveis_escritorio,55,569,1,9200.0,52.0,51.0,17.0
a4973d5ec3762f17b42d73f0326c7169,esporte_lazer,54,1801,2,113.0,20.0,9.0,12.0
7e646f7e1e428a1ddde5a18dd9d42e95,moveis_escritorio,47,476,1,12000.0,52.0,51.0,17.0
c7646a8d47c6414ce8e5770653f3e8b0,moveis_decoracao,38,722,10,5000.0,30.0,31.0,30.0
6d7e259fc0d18d051d87bac45bd45798,beleza_saude,51,1648,1,1375.0,16.0,26.0,17.0
3d16ff6bb87ceb3db735862f069c3caf,beleza_saude,41,710,4,350.0,18.0,11.0,11.0
6e9d34c0cf438c5a29a9a0232ffe54b6,beleza_saude,60,358,1,4000.0,25.0,27.0,29.0
37ca6352680ac8ebfdd9bbc581df8375,utilidades_domesticas,63,1472,4,5750.0,20.0,30.0,15.0
4ce8f190d8026353d3d91d907ad68f23,moveis_decoracao,42,312,1,5600.0,40.0,20.0,40.0
0c6b9534cc890c423ef8c3dc34517df5,informatica_acessorios,46,94,6,50.0,42.0,9.0,25.0
c9793dc710a46a74473907034c12567a,utilidades_domesticas,37,518,2,1828.0,24.0,24.0,22.0
b825640a6e030d36a45c34eed447a07a,variedades,54,702,1,100.0,20.0,10.0,15.0
54c966eff52b73559d5677724b47849b,relogios_presentes,55,687,2,350.0,16.0,11.0,11.0
19f0917ba5781b978298ffcd9ae225c1,consoles_games,38,41,1,150.0,20.0,3.0,18.0
ff92322b0148cca0038e11e0d34f6f62,variedades,48,272,2,7100.0,70.0,2.0,23.0
1b333b69df54cf5028055bae1912aaa7,moveis_decoracao,63,493,2,5600.0,28.0,66.0,28.0
eab1b8d063b0a7e6a728e68b09a93bfa,bebes,54,717,1,1750.0,32.0,30.0,30.0
d2ab465d1f52890433c899c715ac354e,brinquedos,56,678,5,6500.0,55.0,20.0,25.0
f5f5b024b9de6f4bef611bc8b1e370ec,esporte_lazer,40,774,1,150.0,25.0,2.0,22.0
d8cabd83757ecf48a7d2628dee9135c1,perfumaria,38,775,1,553.0,20.0,12.0,16.0
62a1ce72d0ae030be91a89a46480e1f6,automotivo,31,542,1,680.0,21.0,19.0,20.0
84b88b5f25e4651dbc4c1c9c7e4b7d27,artigos_casa,58,280,1,1850.0,44.0,18.0,34.0
fd0065af7f09af4b82a0ca8f3eed1852,automotivo,56,3896,7,3000.0,35.0,20.0,30.0
d9ba932a269adb3893a1d7e53161c7d2,beleza_saude,37,647,5,2400.0,35.0,42.0,14.0
71ca28a845714b71b378d81e93f0b183,moveis_decoracao,27,373,2,800.0,63.0,6.0,11.0
93da3479685193b3ccc6f071b91408d2,malas_acessorios,44,215,1,650.0,46.0,10.0,33.0
f9812ff329fb8141750f67a3e6551907,informatica_acessorios,57,236,2,300.0,36.0,5.0,15.0
4563d900cd3080ee4854e36ea7d0f156,fashion_calcados,34,240,6,300.0,29.0,7.0,16.0
b98992ea80b467987a7fbb88e7f2076a,moveis_cozinha_area_de_servico_jantar_e_jardim,58,576,1,10400.0,16.0,68.0,32.0
807b2de93dbb064bbc82dc6ac963bc61,moveis_decoracao,25,133,1,500.0,16.0,30.0,16.0
7194ad9c6144dbbc1f3d4c389222035a,beleza_saude,40,2371,1,2150.0,35.0,11.0,23.0
9b2c558d8722ce82e6cae7ac037c2ad8,papelaria,55,2557,1,517.0,23.0,21.0,23.0
f0a7113644fce6d200240a1d0dba2b9b,esporte_lazer,60,464,2,1500.0,55.0,5.0,16.0
3a603f59053328d4680cb2534e8e3998,beleza_saude,46,2466,3,250.0,23.0,7.0,15.0
1c9e034fdb330509dbe0f09e6a42f157,informatica_acessorios,16,1598,1,100.0,16.0,5.0,14.0
9caef6ef5060eb7050b34043ec1fa7c3,moveis_decoracao,36,194,1,1800.0,55.0,5.0,100.0
b912235c9a11d06ac8d3f97b2538aee2,bebes,58,540,1,14200.0,60.0,33.0,43.0
b111c839cd1b66d1c5babce005b73f07,esporte_lazer,42,310,1,3350.0,16.0,16.0,16.0
25300f04b80a57680ca191c7d4ea64e1,beleza_saude,35,1125,1,100.0,16.0,5.0,17.0
b414928d2f8bfbea1bf625562b6fffc2,perfumaria,51,739,1,325.0,22.0,14.0,23.0
3b741ffc8fcc3a055eaec6d4832dd925,utilidades_domesticas,59,652,1,1850.0,19.0,20.0,16.0
6520088dce31a24d4fafaf79cfc10baa,artigos_casa,59,228,1,600.0,50.0,12.0,14.0
cc128c866c14b2219b174d18ad6caa2a,eletrodomesticos,46,79,1,250.0,20.0,13.0,15.0
488f6ad202b2656d346498ec03963de1,papelaria,43,215,1,700.0,46.0,10.0,32.0
93dc30627407d30e6917279857c8d9f1,papelaria,56,413,1,800.0,20.0,50.0,40.0
2c9729f1ad01461013c463866b72509a,relogios_presentes,59,1363,3,400.0,16.0,11.0,12.0
c403e106353e1aa40efe783ecb39ed7a,artigos_casa,30,169,1,550.0,40.0,5.0,30.0
aad6f87ee5ffce657b9b3729187be36b,automotivo,53,341,2,100.0,24.0,2.0,17.0
2f52d0d10362af85da6cc7f901832523,automotivo,55,163,1,200.0,20.0,10.0,11.0
19b273d8fd4a02daae6db415447b4a4a,telefonia,51,431,1,343.0,19.0,6.0,16.0
78199930387ff5818f6176b41a9f9a27,brinquedos,54,426,6,400.0,25.0,11.0,16.0
4c2a4020fcd651812100ebbeac1b2753,artigos_casa,55,282,2,22300.0,45.0,40.0,55.0
0527af46c46b7a345d2086ea304ae8d7,eletronicos,25,101,1,625.0,27.0,17.0,25.0
99bec487c37782c9e5e20d455970f5f2,fashion_roupa_masculina,30,713,2,750.0,20.0,7.0,20.0
56d45b2c27871322801134f57d1b9dfb,artigos_casa,56,198,1,1800.0,35.0,20.0,30.0
69c590f7ffc7bf8db97190b6cb6ed62e,pcs,50,1935,4,5660.0,54.0,18.0,47.0
199dfdf7a1862dbcd8ad039e48d58355,moveis_decoracao,45,967,2,2100.0,86.0,4.0,11.0
5ad97c18f1705aac59da3384ba9d8f43,artigos_casa,55,1932,2,1800.0,50.0,34.0,14.0
e42b2970798f850409bdc6fc482a7ead,beleza_saude,34,313,1,300.0,16.0,25.0,11.0
20a3c5e7a7b340a10612559c2a03f68c,automotivo,58,695,6,6325.0,56.0,11.0,32.0
9c569d07db7673210c0f0ceec6797654,informatica_acessorios,49,478,1,783.0,27.0,19.0,28.0
43f224fb79bae5b22585eb868fe3b84b,artes_e_artesanato,42,781,4,550.0,19.0,12.0,17.0
e4eec4a0771ae2297acc444c8f559cfb,esporte_lazer,47,577,1,140.0,19.0,12.0,14.0
58a9a9ea7bfb22cc75cbf4439a8c3627,bebes,24,640,1,350.0,28.0,21.0,12.0
b0961721fd839e9982420e807758a2a6,ferramentas_jardim,59,341,2,1850.0,37.0,22.0,40.0
06a83883ffd4aef6c74413f718761d94,automotivo,55,1277,1,1050.0,26.0,40.0,20.0
c72f0f0d0be7fe294b65260e211ba21e,automotivo,55,666,2,5225.0,58.0,17.0,23.0
1ff1ab7f1fb2e52ac45d89d1b63cbfbf,beleza_saude,50,1939,1,700.0,20.0,12.0,14.0
4474a2121d9953d2bf1f492f8e252991,automotivo,55,902,1,600.0,24.0,18.0,18.0
c863f578eb77e9238bfc0db8d0ffa3c8,automotivo,57,61,3,200.0,16.0,7.0,16.0
9cb2acda8c8e56e0519fa6c974c1dc4b,bebes,46,924,1,650.0,36.0,15.0,25.0
a4754d4ccde0d779725e48b8815b7f34,automotivo,57,253,6,6950.0,47.0,19.0,23.0
c0295f791bfc794623d0ea811cca82d5,esporte_lazer,46,473,1,929.0,24.0,22.0,22.0
282c75088d0af52d3dfb32089759993d,ferramentas_jardim,50,401,3,250.0,16.0,25.0,16.0
cf857bce01d442bb8631a548a4432def,bebes,56,1123,4,1533.0,39.0,13.0,32.0
759be9d8dec6d1622e7b0b8be27740fe,moveis_decoracao,17,423,3,600.0,18.0,21.0,20.0
4a642c826cde0ba3b3e7dd93bf83d575,artigos_casa,50,532,1,1200.0,40.0,15.0,29.0
8ec80bc0ce04aa714a68d87e91e9df11,esporte_lazer,32,223,2,800.0,60.0,15.0,15.0
3eeb044943cac759fe3dcce5d222f12f,moveis_decoracao,29,787,2,2700.0,20.0,34.0,34.0
dcfe33bfae82bed3b1d9a7d15197f5be,automotivo,41,851,1,192.0,16.0,13.0,13.0
fc17dfdde3d4bd5a186b417704775d06,utilidades_domesticas,43,1716,1,13450.0,54.0,35.0,45.0
8e0be6304c4a94268be42e2d8dfaded9,iluminacao,59,976,1,1050.0,16.0,20.0,16.0
bc3c6d2a621414f2e1df7a8a32a2828e,seguranca,50,408,3,18700.0,36.0,105.0,36.0
e29639a91419ddf0c1d6c80fb3bae01f,perfumaria,55,273,1,650.0,17.0,17.0,12.0
e03102efbc2229024c89be731f0aedcb,papelaria,57,366,4,750.0,101.0,15.0,15.0
0f343c0a45653e6efea356d147833357,moveis_decoracao,51,2010,2,3000.0,69.0,11.0,11.0
a2126f7ada429102152fae6f8a07e890,moveis_decoracao,59,254,1,3950.0,35.0,35.0,35.0
f7593a67d835f31ec38049706456b6f5,telefonia,47,1702,4,300.0,18.0,17.0,17.0
bb3bac7219d5d0b390326ddf5a562366,artigos_casa,59,683,1,1567.0,32.0,5.0,29.0
0c11029e1f747d21ae2f131082236d7d,instrumentos_musicais,56,437,4,5050.0,70.0,40.0,40.0
0ceb0bfefd73a9c9dc6f918182841cc1,variedades,,,,200.0,16.0,7.0,11.0
f2da7d1f7a4ce383542342a00f94ff25,eletrodomesticos,60,267,2,250.0,25.0,8.0,30.0
c13753983dc6a777c5e17ebf6db9fceb,utilidades_domesticas,37,685,1,900.0,26.0,20.0,25.0
565e2034af74a5b06de8f26252bd8bc8,eletrodomesticos,60,170,1,1500.0,65.0,8.0,38.0
12be4f822f8c79fe04570eddf648695c,automotivo,57,1337,3,7150.0,26.0,5.0,20.0
79d93bd70ef865017b4360427aad383e,fashion_bolsas_e_acessorios,40,212,1,200.0,24.0,9.0,16.0
14e3a1344aba7a9d568e0aa446da24be,artigos_casa,60,298,1,4100.0,34.0,12.0,43.0
a867511a17e93caa3aafa1c1f1c90a53,eletronicos,58,2451,1,13950.0,100.0,20.0,70.0
737c8b027476dde99e8075d3a0bbe28a,telefonia,46,394,3,100.0,19.0,3.0,11.0
450d88168733816b7f90ea045067d072,beleza_saude,31,982,2,21350.0,68.0,74.0,24.0
2a34e0af5f72ca6cdeb148377a247c86,moveis_escritorio,54,744,6,29700.0,65.0,32.0,82.0
fc5062f483f32b6e7d6e4a38c402d56c,instrumentos_musicais,51,437,1,10700.0,40.0,40.0,40.0
d8193dc34b71b1144f1c945f01f0e2cc,brinquedos,38,406,3,900.0,16.0,21.0,37.0
4099923da3407c3d162a829b0aba4b4e,brinquedos,49,424,3,550.0,26.0,12.0,17.0
dd8c2302e75b8c69bfde7a67d2500a3a,moveis_decoracao,37,267,8,2000.0,30.0,20.0,30.0
947638090b86dc69c90b29261178a338,variedades,55,1540,3,217.0,20.0,10.0,15.0
ba0116e95a6ef870fe70282c0dc56dfd,automotivo,56,706,2,350.0,17.0,21.0,11.0
b9ac7314894a193a11fd3150f8c69307,beleza_saude,41,875,1,583.0,30.0,15.0,16.0
8200643735a2f7985f5545b3163b3442,utilidades_domesticas,47,1241,2,6050.0,40.0,20.0,45.0
a35c14eaa384acf7aabbbec3bd76fae6,utilidades_domesticas,50,690,2,850.0,28.0,12.0,22.0
e42ced1dcfe8691020b3e41bc2017cd1,ferramentas_jardim,51,1194,4,1700.0,24.0,18.0,18.0
83e5adb51c0d54eff80057f064f808d2,consoles_games,58,1107,2,817.0,22.0,22.0,25.0
3e1cec0f5b7ca2da3e6de97f6e92fd4b,moveis_decoracao,60,320,7,5950.0,39.0,19.0,48.0
aa7f707ef77cdfa8a3059da401c11311,esporte_lazer,33,513,3,300.0,16.0,6.0,20.0
59d9b72d6d54d0817f5614d78eeea90e,beleza_saude,53,1733,1,1000.0,28.0,7.0,18.0
afd48a6768e0b8b490d48c5eda08767e,esporte_lazer,34,505,2,450.0,25.0,30.0,20.0
4b5b5541f871f879ee44aa461968e90b,telefonia,42,309,3,100.0,19.0,3.0,11.0
f08c59bc335a381d2b015c4efdc6dae3,moveis_decoracao,60,473,1,600.0,30.0,3.0,19.0
48698ba0cfe847b41430fa00081b5619,papelaria,45,456,1,200.0,27.0,7.0,22.0
8d26562bc0e89c3e3b83c1ab369534a4,moveis_decoracao,44,484,3,12400.0,40.0,50.0,30.0
74550f9ab6c8739d66b71d3074ff0c1c,beleza_saude,58,1204,4,803.0,17.0,15.0,19.0
e9edbdef7d4c22a8507cf7e05d93d96e,brinquedos,56,309,1,300.0,18.0,18.0,18.0
9865c67a74684715521d1e70226cce0b,relogios_presentes,52,629,1,290.0,19.0,13.0,13.0
5d0386961a44323a9772e63672317131,esporte_lazer,42,336,1,900.0,22.0,15.0,22.0
a70d74f54feefedd8108c45553766340,fashion_underwear_e_moda_praia,52,579,1,150.0,42.0,4.0,14.0
05f8865da7fa719bf5e94039cfe17c4d,beleza_saude,48,910,3,1900.0,47.0,70.0,11.0
04ea859686940874c6f624314a14070a,automotivo,58,1186,2,500.0,20.0,10.0,20.0
421730bc1e40e869255cc20542bd2444,esporte_lazer,33,150,1,300.0,16.0,25.0,11.0
9db9830301cd6574ca3010be60756f64,moveis_decoracao,58,2132,2,3000.0,69.0,11.0,11.0
b932cbe9be7a3e71d8fa7f1865797ff6,beleza_saude,56,870,2,248.0,19.0,12.0,16.0
a05500f6eff123c76e965ea224c06c3d,variedades,24,348,3,500.0,25.0,30.0,20.0
a4e80cf9e254dc776a1d57e42a81dbe2,pet_shop,42,2107,1,75.0,23.0,8.0,15.0
e97df839917a6e93404867b1d0319bfc,brinquedos,32,542,3,150.0,16.0,9.0,14.0
4607e6e2d3a1f1a3748058001bce169c,eletrodomesticos,57,221,1,50.0,18.0,8.0,13.0
001b72dfd63e9833e8c02742adf472e3,moveis_decoracao,45,520,3,600.0,26.0,8.0,22.0
2ad445594b1355fa451e7940011baae4,papelaria,37,314,3,500.0,30.0,42.0,20.0
37eab73447adec63c01f2cebf76afd9e,alimentos_bebidas,50,3687,7,300.0,30.0,15.0,15.0
c041a3fe1e9cf85721c1d1d054210279,relogios_presentes,58,574,2,300.0,16.0,11.0,12.0
b67a6f001384c6129bd0ce231f5b52c9,moveis_decoracao,35,599,1,800.0,30.0,35.0,30.0
83a6fc0d9871efceb01cb3c20c510017,livros_interesse_geral,58,1454,3,625.0,28.0,7.0,19.0
c91906227d5fd5c07a47510e1651e46c,bebes,44,487,1,13250.0,62.0,47.0,32.0
adc87238dd82fda48a77402f365a9cd6,fashion_bolsas_e_acessorios,38,457,1,200.0,17.0,3.0,12.0
46f7a6907223a9ba5e9ecc22ff29301d,bebes,47,466,1,2750.0,16.0,2.0,11.0
88fb259945a739dec6cdd001e2cbad55,relogios_presentes,58,2025,3,850.0,35.0,17.0,17.0
32a008f1373eb8e9293b3a4acd8ba8f6,variedades,,,,200.0,16.0,6.0,11.0
44d097d59e8430f88a67517cd0c4f865,fashion_bolsas_e_acessorios,55,151,6,350.0,16.0,2.0,20.0
28b4eced95a52d9c437a4caf9d311b95,moveis_decoracao,60,1953,1,750.0,69.0,11.0,11.0
aa864f45a26bbc494d37ae12b0065222,automotivo,58,955,4,50.0,16.0,7.0,11.0
39184c850194aa002371b2d16c373f3e,artigos_casa,37,257,1,5950.0,50.0,18.0,28.0
ae9e33c1ac2b32c7518516756f7b80a5,beleza_saude,60,417,1,100.0,16.0,11.0,12.0
05833dad7f04a1b2991641771bfe6d9f,variedades,49,1732,5,600.0,16.0,23.0,11.0
99f8a7e47970133c14b3d79c27d921c8,pet_shop,56,703,1,1600.0,50.0,30.0,33.0
81ef08bfaf325b8e81020f11567027c0,beleza_saude,40,603,3,150.0,16.0,16.0,16.0
37a6534264082d880dbd603dae588aaf,moveis_decoracao,49,170,3,550.0,16.0,5.0,20.0
64123627d4116a2bc8284f1bc0a257f3,brinquedos,41,253,1,800.0,39.0,7.0,26.0
2446edad7ab4cfedebb8728497ac4575,informatica_acessorios,34,112,3,500.0,40.0,18.0,30.0
42d3ba4dd1a78c5ba05ccc0d3417706c,artigos_casa,60,1344,3,1400.0,35.0,5.0,20.0
0da83a01a5c35fa359ae0553c618d5bd,artigos_casa,48,217,1,1000.0,40.0,5.0,25.0
d93d7e81a8d724c4ef661e75647cf325,bebes,50,158,1,1600.0,25.0,9.0,18.0
6ab6d9589ae19abcee458918d4779fae,eletronicos,58,317,3,5450.0,16.0,65.0,25.0
855bbef550f31af6cf9387e9362b11f6,eletrodomesticos,60,123,1,500.0,27.0,13.0,17.0
8c7e3cb4c1ac38e45ec6320c4dbbcb3b,utilidades_domesticas,34,584,1,1100.0,37.0,13.0,37.0
6acda50822cea0dbf080d2211a7f6ea5,eletronicos,53,97,1,200.0,22.0,11.0,18.0
6f11a80f755a253700b454b4c6ac1cd5,instrumentos_musicais,33,362,2,1150.0,26.0,13.0,22.0
8839acf227b922877d3c49fe5267af61,automotivo,60,695,6,6975.0,56.0,11.0,32.0
c9e536daef57f35f9bf12642ef857287,moveis_decoracao,44,164,1,1900.0,49.0,32.0,11.0
f4fb1fcc46bdd61b314fe0292175e5db,variedades,53,270,1,850.0,33.0,44.0,19.0
e4f30409b508bbb61cb506251e9cc685,papelaria,43,225,2,200.0,23.0,7.0,15.0
108b4577021cb9224b64dd2d3d24646a,relogios_presentes,40,416,1,350.0,17.0,12.0,12.0
af4c5334329f4b3de5b2738af0bf69de,fashion_calcados,48,375,6,300.0,29.0,7.0,16.0
eab2445325c49cfae34289f4a56342e3,papelaria,49,372,1,800.0,16.0,10.0,15.0
253412fae9b77af02cb40b30a829bcfe,artigos_casa,53,214,1,1500.0,40.0,5.0,29.0
f2c6bb3c72a67ac37f14bae1faddcf40,beleza_saude,52,676,1,350.0,30.0,12.0,16.0
c93d01a34b201dc652c593bfd38b602d,informatica_acessorios,47,1115,6,1400.0,65.0,11.0,11.0
f5e48ba4fcfdf3920b7a857b261a3ef3,ferramentas_construcao,59,648,1,200.0,21.0,7.0,14.0
112e1856649c6762c1ca6058d07f2633,esporte_lazer,59,1203,4,500.0,80.0,8.0,15.0
6ddec579963d2b73c36e62647ea26389,moveis_decoracao,47,246,1,1600.0,30.0,30.0,30.0
e3b4b906fc11fd64318e4923a3d4594f,variedades,,,,12750.0,70.0,32.0,50.0
ce9c3ceb822eff6638b2bf974da84b3b,pet_shop,60,688,2,300.0,20.0,10.0,20.0
f7641ea085e47945ed59b892a0e2fb4a,artigos_casa,58,280,1,875.0,34.0,23.0,42.0
fcf64c72035fc6f17660bae96c933ffb,perfumaria,31,395,1,200.0,16.0,16.0,16.0
d9dcf0fed59f10026c2cf95b8df01e08,brinquedos,53,284,3,300.0,16.0,20.0,20.0
7ee482af805775c6a03ea2817054d1c5,artigos_casa,45,219,2,575.0,26.0,3.0,26.0
4954affcf6b8e0fbd3b4780a9baab238,moveis_decoracao,49,657,2,225.0,21.0,5.0,14.0
2e02dacfa32dc9484bed86c4740170c7,pet_shop,53,458,3,150.0,26.0,6.0,19.0
9de7867a5bc245bcbb1e2ce6471ba208,eletrodomesticos,37,223,1,400.0,18.0,12.0,12.0
dd6171dfce1d62dbf472f83fa352d309,artigos_casa,43,862,1,600.0,20.0,10.0,20.0
192406641723dcce37e6181abf9aba18,eletrodomesticos,54,450,2,200.0,18.0,8.0,13.0
089447f48055194b36dd135e1a353cff,automotivo,58,430,1,1050.0,34.0,10.0,34.0
a7e25abccd44c762ce17be417966dec5,esporte_lazer,33,221,2,2100.0,60.0,15.0,15.0
6ed58ce8373b3d0c7704df9daf21e4d8,automotivo,60,546,2,2100.0,95.0,25.0,20.0
0292b46c30348496b1be04eeb440bdb5,variedades,,,,400.0,38.0,22.0,15.0
7b8617aa0d6db3af504337cc7a88e460,artigos_casa,53,227,1,2300.0,39.0,6.0,29.0
80799b95c48cecc9b90d45c338ef24c5,brinquedos,49,835,5,250.0,35.0,6.0,11.0
b6043ee21e4366052419dc419b85a029,artigos_casa,49,216,2,2200.0,39.0,6.0,26.0
f043e249c55c1ab30bd9761c2294911f,livros_interesse_geral,22,2489,1,300.0,25.0,2.0,18.0
1ae28ef6d0421f92f2e4e6d407e90347,livros_interesse_geral,58,1043,1,1050.0,30.0,4.0,20.0
83c77d39ee16193430f019d3f090d222,artigos_casa,39,254,1,1000.0,50.0,30.0,40.0
74939659dbb10592e383bebf2f78272c,artigos_casa,60,613,1,500.0,16.0,10.0,16.0
cf45cea95e6b4d46e80fe098eda10c8f,perfumaria,49,1814,1,350.0,36.0,6.0,22.0
5ca5d42f98d39aa421923c2fde2c1558,eletronicos,54,1736,4,6950.0,40.0,30.0,40.0
4bb12ab0fcba9b632bcf4a2f2b5430a7,eletronicos,59,185,3,300.0,20.0,10.0,20.0
ab459aea1242203ebcbd7b18c2c6e6b0,market_place,16,726,1,200.0,25.0,10.0,16.0
a1f36b00f1b14c2f4a0b816e592a94a4,ferramentas_jardim,59,426,6,900.0,22.0,21.0,16.0
7957db057ee41836617b2ad71e367756,eletronicos,30,703,1,200.0,20.0,20.0,20.0
d8a95ecf1c05b391d216669a9652bcfb,esporte_lazer,35,548,1,900.0,48.0,19.0,35.0
3190c75e99fc82197998aa24df32bfd0,eletronicos,48,216,3,500.0,16.0,5.0,20.0
d76dcd59eaef6fc632b11f0d48e107e2,brinquedos,46,1099,2,263.0,18.0,16.0,16.0
a5b40bfd9d0d065c0e89d203f90fca25,relogios_presentes,57,540,3,675.0,16.0,11.0,11.0
bef13288a0f8b26d763411ced1dfa268,variedades,50,450,2,350.0,20.0,30.0,40.0
bc761b82b8d1a7de5bb80fc34eff146e,eletronicos,39,697,1,625.0,31.0,17.0,23.0
53090d94b00b6613c77382b7f4617d2b,audio,47,421,1,250.0,27.0,5.0,20.0
a77e013f372e02ec1490a7018244acce,esporte_lazer,29,1728,1,400.0,16.0,14.0,12.0
f0e1372ab5cfef5ea974b45e419851cb,ferramentas_jardim,55,866,3,1400.0,30.0,19.0,11.0
adbf2a0a3ae7257809f7f85c765e14e6,fashion_bolsas_e_acessorios,19,152,3,150.0,16.0,9.0,11.0
b98468610e73dd3b65eef3de8d212c10,moveis_decoracao,27,766,2,3000.0,46.0,11.0,29.0
e5e0c45564bc74a85e8e51968fdefa8d,automotivo,56,840,1,1800.0,45.0,20.0,45.0
23418e5faa9e642e928573220878a432,automotivo,57,299,3,100.0,24.0,2.0,17.0
446f791c0261ad0a93d4dced49d5d0bc,moveis_decoracao,49,349,4,6050.0,30.0,40.0,30.0
d980d3018343b03db51c3076eadd6f83,moveis_decoracao,55,287,3,5850.0,50.0,30.0,30.0
c0b2635b5a3c7c81327cbf13d8b39860,beleza_saude,43,1981,1,850.0,18.0,10.0,12.0
f3c264e374d6bd3a14a48ea44b94f8c2,telefonia,34,540,11,50.0,16.0,3.0,11.0
5aa8137e4896e7f017ab4d84c42cb784,automotivo,57,55,1,2550.0,100.0,16.0,19.0
d720657d6b64788e2b9e29f9a07f5797,automotivo,58,343,1,16300.0,50.0,30.0,50.0
ea546947e2412f88a20ac74103592b42,beleza_saude,60,918,1,200.0,22.0,3.0,15.0
d267d19dabd3e26083fc8529fdc35ea3,informatica_acessorios,39,1566,3,400.0,16.0,2.0,11.0
5cb599e545ef7edd1495b2ebde57e03b,moveis_cozinha_area_de_servico_jantar_e_jardim,43,126,1,14300.0,81.0,15.0,37.0
6e29f8de1ad465c1fa275aae299fa98b,automotivo,59,460,6,3850.0,47.0,19.0,23.0
eab1309765ca0c3ba5c2ae2b85b28b00,esporte_lazer,41,1343,1,4463.0,44.0,35.0,32.0
bd4e7a1b24eac65ff1e13c8b2122f19a,telefonia,59,489,1,250.0,40.0,10.0,11.0
aaf29331649db17cf18a6bafc047f75a,eletrodomesticos,60,1241,7,10000.0,55.0,44.0,61.0
8a5c39b8efa20b3f51b2b9d943ff1780,pet_shop,60,266,5,6950.0,44.0,27.0,35.0
eef7436637ac87cad6bf5108284c3413,relogios_presentes,49,580,1,342.0,18.0,12.0,16.0
f51b0c76595738ba1b655691590a9062,moveis_decoracao,55,1108,1,3300.0,28.0,38.0,11.0
2e7fb5448f9e5ef6939e305aa9b8d999,telefonia,49,1568,1,150.0,18.0,6.0,11.0
d1ca56960d19af6d4eccf7fa11ec6fca,moveis_sala,30,510,2,3973.0,61.0,28.0,61.0
9e0abf2fbcf4445cb287fbf474dcd8ed,consoles_games,47,535,2,400.0,16.0,21.0,14.0
0f2fd0a589cb7849c1dbedbd4109c2f8,beleza_saude,46,509,1,870.0,19.0,17.0,15.0
de1eee6c50298db6028af08bd88a702a,utilidades_domesticas,48,313,1,1100.0,25.0,12.0,35.0
c1c1d3afbe6a5ab7a534f7ea20e09b8e,esporte_lazer,43,666,1,203.0,20.0,14.0,14.0
1a7e98c48e146130016fab89a43c00da,artigos_casa,56,230,1,2000.0,36.0,8.0,27.0
5f2641478d7b5ffbfcf1f2b5cdff4709,utilidades_domesticas,60,1713,3,1950.0,102.0,8.0,11.0
02b750ee6f6f12a23c311b775ee4427a,bebes,60,858,3,700.0,50.0,5.0,40.0
3ec743336067ca17a9d2b1599d8a7cae,utilidades_domesticas,56,275,4,400.0,20.0,10.0,30.0
cda8b52b3a3d0574a74b18bc73da024f,moveis_decoracao,50,235,3,1450.0,30.0,35.0,30.0
f2ecbb02b6da187a9f14b8ac5781faec,perfumaria,54,935,1,50.0,16.0,5.0,11.0
26a12b3d4eba6fde626917648eec21e2,automotivo,51,2606,2,4037.0,47.0,29.0,32.0
5e5b473b781f720cd8c1bcecbdc881ce,esporte_lazer,61,990,5,200.0,26.0,2.0,21.0
57358d498f68791508bb57336a16ccf4,moveis_decoracao,48,2023,2,550.0,68.0,8.0,13.0
05c2523e08c5262f1ee172b332c3ea44,informatica_acessorios,57,178,2,100.0,16.0,2.0,11.0
adb87e70152d5c87a1929b2019494320,moveis_decoracao,52,646,1,400.0,16.0,30.0,20.0
fafe25fbb0bcbd7b5112ab0070940790,artigos_casa,52,766,1,450.0,28.0,2.0,23.0
f1f2a5b4dd03a85b61b03156b1c9f236,fashion_bolsas_e_acessorios,34,85,1,50.0,17.0,17.0,11.0
30653650de8d186314a945a970c21802,beleza_saude,55,764,3,300.0,16.0,25.0,15.0
362fe881d98a8832ec0152f279f8577c,automotivo,33,67,1,2940.0,48.0,19.0,16.0
db553c9b5cb2f9b4c3f2f7b32a237ec2,relogios_presentes,50,496,1,275.0,16.0,11.0,11.0
7ce94ab189134e2d3c05f496d635419c,eletronicos,39,400,1,200.0,25.0,7.0,16.0
97de49733ccaac64d122444d8db709d1,livros_importados,56,345,1,300.0,33.0,2.0,23.0
bf348f19164cdedd0ae1cf7b1d72fede,artigos_casa,59,496,1,1000.0,70.0,6.0,40.0
2db85e45ff15b96518baa00fdacdc6c6,beleza_saude,45,274,2,300.0,22.0,12.0,17.0
b8be700cb8f91067761b685ac5d1664f,telefonia,60,1440,3,100.0,18.0,6.0,11.0
16d47089f9bc7f16de16cc4bd3b9dd49,artigos_casa,54,427,1,450.0,16.0,10.0,16.0
5c5f3e091101bea69642eb3dd145b17d,brinquedos,18,291,3,6800.0,102.0,5.0,83.0
71b7afd92c42feab780d5ea512fc7348,artigos_de_festas,49,358,1,2950.0,33.0,18.0,33.0
7b7867b1566350578959e705c5a46b2f,artigos_casa,51,89,1,500.0,20.0,10.0,15.0
6139fa69b55f0d2940a87602dd20892d,automotivo,49,329,2,100.0,24.0,2.0,17.0
8ae1198dd85742fe30b74a96968f250e,artigos_casa,59,418,1,1700.0,40.0,6.0,30.0
1e8aa599b7a43efac798dff87503a424,beleza_saude,41,1655,1,850.0,20.0,18.0,23.0
d6fad98893f5848590aee04c63832cd0,artigos_casa,52,461,1,350.0,16.0,40.0,30.0
85f7542f664dc1afc5942aeee6825368,brinquedos,58,1173,4,2000.0,30.0,45.0,25.0
27287c7af954c885df547dcf11fa77a6,beleza_saude,38,1218,1,275.0,32.0,4.0,22.0
ce46f159003ee26ba91162851c94d82c,bebes,33,419,1,128.0,20.0,23.0,17.0
ce891a437cca2a74ce779a2b4c279881,automotivo,55,951,1,11200.0,40.0,30.0,40.0
5edf955f0c8417e3fea7288360c2e22d,artigos_casa,29,426,1,150.0,16.0,11.0,11.0
9b5a5d9bb3fee413357c176ff3817567,relogios_presentes,51,663,2,300.0,16.0,11.0,11.0
1556ff9027b40867291a46b185ececa5,perfumaria,43,649,2,150.0,23.0,10.0,14.0
12667a519a4a3094eab02f5841b07409,relogios_presentes,56,345,6,200.0,16.0,2.0,11.0
7ad1208884270048a2176ff437f49a9b,artigos_casa,52,244,1,2300.0,45.0,15.0,35.0
89cd489d2c75553eb7fd7de3e25dc7a7,livros_tecnicos,39,1536,6,1900.0,28.0,5.0,22.0
f8cc518b0812bb0ee889350296f284e4,variedades,59,1428,1,700.0,16.0,2.0,11.0
21a6e75c9c60427dc2e76f267f7e09e7,brinquedos,40,1156,1,250.0,17.0,14.0,12.0
e6f1f7e12ef3f7c254164e35be6420db,automotivo,59,3988,4,300.0,21.0,4.0,11.0
bcbf749a515215e85058c000f6375084,pet_shop,48,282,1,150.0,16.0,16.0,16.0
c1cf8f51eac90b1ff478250b3d35c37b,esporte_lazer,57,326,2,280.0,34.0,13.0,13.0
4517644aee6e81ff19f0a2887eb553d1,relogios_presentes,56,695,2,300.0,16.0,11.0,11.0
7743cda964f0400e51c2a904c3f1af36,moveis_decoracao,57,603,2,6100.0,70.0,45.0,45.0
801f31733449dbc73ff67eb9117898e3,eletrodomesticos,60,341,1,150.0,18.0,8.0,13.0
67d86761b499b15c9a7d7f56c777f350,artigos_casa,55,844,1,1100.0,25.0,5.0,25.0
5cde85235c4ae7747e9b48de95178a14,informatica_acessorios,35,905,2,383.0,19.0,20.0,17.0
b206760d97dbc76527bb07029a6179cb,informatica_acessorios,35,1101,2,300.0,42.0,2.0,30.0
92b7afd8bcfa62ae0514184bc9e552a5,variedades,,,,200.0,28.0,10.0,23.0
2a1585645ae682d38280cbfb12ab8eca,livros_tecnicos,34,987,1,600.0,23.0,2.0,16.0
5948868c402a614a2dd3b90ebb06a253,pet_shop,53,795,17,1100.0,21.0,17.0,30.0
6bd755fb81238df1567677fb15b2daaf,beleza_saude,46,494,1,1150.0,30.0,30.0,30.0
7ff723bcd6aafa0ba68c45f550e7dc0b,bebes,54,1075,3,1100.0,42.0,25.0,15.0
a272b490eba6b022384f14ecb9afc7a9,eletronicos,54,987,1,525.0,32.0,18.0,17.0
b79a274e7373a1bfcbd788a239591dec,perfumaria,46,385,1,350.0,18.0,18.0,18.0
d05cc9afc85771f597cf4bc9d8f12546,utilidades_domesticas,37,526,2,450.0,40.0,15.0,13.0
23ca4b39422a8ce105ac4848d5d9cad0,ferramentas_construcao,46,604,1,750.0,16.0,27.0,35.0
95ad87ed6306ec8b44eb069ad236bb3c,utilidades_domesticas,48,190,1,1050.0,33.0,20.0,26.0
98fb14af0b841908695e1e8b4db1f4f9,automotivo,53,617,5,1500.0,60.0,8.0,33.0
050245daefa14dcfc8048e9c6a586d2c,informatica_acessorios,48,565,1,1623.0,32.0,15.0,39.0
26eed370f5b5e551ed3a9854d522a65d,fashion_bolsas_e_acessorios,38,378,1,200.0,16.0,8.0,11.0
58dd922cad1a0d8aa9e2eb27ebfbf1d9,artigos_casa,60,496,2,900.0,50.0,11.0,11.0
0c7536abc1af51a81fa806097dfe3597,telefonia,54,1440,1,125.0,18.0,6.0,11.0
e3323b0d3f79bdf85b58561d2218bc12,informatica_acessorios,57,764,1,167.0,21.0,10.0,12.0
bd79b734ad695c83ed119d4bb3e7e5c5,relogios_presentes,58,502,4,5700.0,50.0,5.0,20.0
4c692d2f14f767ecfe67b427fe305e3d,pet_shop,33,586,1,450.0,30.0,20.0,30.0
374137d89cb46d9debd574e31e6816b8,alimentos_bebidas,52,186,1,1333.0,34.0,8.0,30.0
d9471e8bbb843a2afe92def2edfb8638,moveis_decoracao,58,1211,1,700.0,25.0,8.0,25.0
398eb7af23a74b3470f90b1744a48697,brinquedos,58,564,2,367.0,21.0,15.0,21.0
ace91f88d635b9e5563e36cc0a0a8f09,moveis_decoracao,49,466,2,180.0,16.0,30.0,30.0
be9bda3f5667ecd07de6d194b60ddc01,esporte_lazer,35,713,1,4000.0,85.0,13.0,23.0
06be2efbc5799c9e578d3f6dd205b569,brinquedos,34,465,1,200.0,18.0,11.0,13.0
044814613492fc3e12bda239e12d6b68,beleza_saude,51,360,1,1000.0,36.0,18.0,27.0
2cce627260aeb5a7d459a788e458bd5d,utilidades_domesticas,53,170,1,217.0,22.0,25.0,24.0
dfd89d96029976badf7fe6a83f5f7ae2,telefonia,43,337,5,1075.0,18.0,8.0,12.0
e1e0040c906cc890d032092141a9b6de,esporte_lazer,60,1416,1,200.0,18.0,18.0,18.0
d1f7e2982b329124bb9fe26a05633dfc,utilidades_domesticas,54,309,3,200.0,20.0,10.0,12.0
bc15663c211a5ec5ac7d927b7ba60e1f,moveis_decoracao,52,314,1,950.0,40.0,5.0,30.0
55609d9d2e5743133725e80ab40136a8,fashion_bolsas_e_acessorios,49,277,1,100.0,16.0,10.0,12.0
277bf2ba07ff0451aa37701b45aad827,esporte_lazer,58,407,2,850.0,30.0,7.0,30.0
a6bfd5412c292e6ab465ba7d7f794727,agro_industria_e_comercio,59,498,2,200.0,16.0,2.0,20.0
cd0c6e2f80f5a0ea7e366b01bcb66154,telefonia,57,598,1,200.0,19.0,4.0,11.0
a91c1a94d83d36316c44e00e738607b1,automotivo,57,2063,1,1500.0,30.0,25.0,30.0
ca4ac4e6aa504eee6279289a7a51c6a1,moveis_decoracao,15,298,1,1250.0,30.0,19.0,19.0
08056d78bb75ed3ace107c72c16ec511,variedades,35,443,1,1011.0,24.0,23.0,22.0
d06c584396da88115d470852e17a4aa1,utilidades_domesticas,21,776,1,1250.0,21.0,21.0,15.0
146df82d2ffd8fa52e2a5d6b6a0d6dff,fashion_bolsas_e_acessorios,47,731,1,200.0,16.0,2.0,11.0
d4df40885b1fc8d86727708a763e1335,esporte_lazer,56,578,1,2250.0,30.0,15.0,15.0
66a7ca628024ae587fe4499b255bc26b,beleza_saude,39,599,3,350.0,22.0,12.0,17.0
245baefabc49c30568e720610780fa9b,utilidades_domesticas,46,817,1,6370.0,45.0,28.0,40.0
3880d25d502b15b1de6fddc42ad1d67a,esporte_lazer,48,562,5,9850.0,105.0,35.0,50.0
ba78f8e12cdd3d472e548247e0e68a72,informatica_acessorios,39,95,1,2000.0,26.0,28.0,25.0
3dcb86c4edb8114c8d7b3fcacc632027,telefonia,60,603,1,200.0,19.0,4.0,11.0
5e0a88877b8f7889949d0a7b3fc12d14,esporte_lazer,58,1112,3,770.0,15.0,10.0,11.0
a755921e6627c919c9693f6b34884767,artigos_casa,42,700,1,1200.0,29.0,15.0,15.0
73bec5d175955a5bfe85c10e9431dc46,relogios_presentes,45,564,1,350.0,22.0,14.0,27.0
d4942797c6d9a6c2a95e9d2a4b334bb0,telefonia,58,322,1,200.0,19.0,4.0,11.0
2dda719980a369a8982002431ff785dd,fashion_bolsas_e_acessorios,45,826,1,100.0,16.0,5.0,16.0
7e1119e96d8ef05e6c469182113759a4,esporte_lazer,59,418,1,3850.0,20.0,22.0,22.0
b6bdebb92f595f00c73bd42e0e3a8517,telefonia,53,716,2,150.0,19.0,4.0,20.0
96569e968da124eb728f96aa8700b75b,artigos_casa,52,196,3,900.0,37.0,23.0,35.0
9750263daed3988ced39eeb2f1c12029,eletronicos,37,933,1,150.0,20.0,30.0,20.0
85b99d83c60cab5b4d8f927ad35212a1,moveis_decoracao,50,1017,1,2100.0,30.0,24.0,25.0
0534940d69bf94dc61c0e722b4168235,moveis_decoracao,32,337,1,2300.0,45.0,25.0,20.0
3f1361100ad34281edf04ce745f62b89,moveis_decoracao,60,425,1,8400.0,52.0,18.0,35.0
f5e585e188891ed071253bacfad60820,informatica_acessorios,38,511,1,100.0,16.0,8.0,12.0
4e56c4cc11b3f85f53862139fd7d360d,ferramentas_jardim,48,1159,3,350.0,16.0,19.0,11.0
0afbecb15d10af6e2c8e3a682becb22c,esporte_lazer,28,558,1,6700.0,32.0,20.0,20.0
4a9389b1a1ad7d52963f24ce0391a08f,esporte_lazer,54,561,1,700.0,18.0,18.0,18.0
24ddf42338b6b04dd8de20c2cbb7f78e,relogios_presentes,33,347,1,550.0,18.0,14.0,15.0
d25d19ee224b456067a715cc5903740e,bebes,56,663,3,1150.0,27.0,6.0,26.0
5ccd6416950084e5a8653a4a0e5eaaa8,automotivo,45,745,1,350.0,16.0,11.0,11.0
00b782074a5ec523bf31951b4935d572,telefonia,57,319,2,250.0,16.0,5.0,11.0
5f537918a8fcb8d675c944266babf1d6,beleza_saude,35,1659,3,3400.0,25.0,30.0,25.0
f41b27c06a91e6f554c113a7e702ee7a,seguranca,29,1275,2,2750.0,60.0,10.0,16.0
787a7fee45732e04f90ace8fda0ed076,papelaria,45,300,4,100.0,16.0,6.0,11.0
1de85e3b5a43099a57d10a7d3dedf97e,ferramentas_construcao,48,520,1,680.0,20.0,12.0,15.0
f3bbbaabf3ce091b88d2511c1a29796c,utilidades_domesticas,41,923,4,350.0,18.0,8.0,11.0
6f7400c1577bd99fb7c9cd196edb6ae2,moveis_decoracao,63,837,1,2800.0,43.0,5.0,30.0
240ab905c5d99c074894c0fb5a27979f,variedades,,,,200.0,17.0,5.0,14.0
84da49736447aaa6ca16652f7e5a77d8,esporte_lazer,54,2755,4,900.0,32.0,17.0,25.0
179d54e1466a2c4b64be3b7e4ca17e31,bebes,30,309,1,100.0,16.0,5.0,16.0
925b2ad4b07578f0ea488ec9b0cb3e8b,pet_shop,55,1110,2,500.0,21.0,18.0,20.0
29e690f79f608a27a9a02dbf5c3c0c93,bebes,58,801,1,3200.0,31.0,43.0,21.0
68821aa251c8715f0c4199f413511411,esporte_lazer,20,582,1,11150.0,28.0,4.0,28.0
f4f13035436c9678ca32d0130c0cdbc2,artigos_casa,47,317,1,500.0,35.0,8.0,30.0
2647221a6a477afe2d0268b378f1fdcd,artigos_casa,37,119,1,750.0,40.0,4.0,30.0
db840402d29735f89a353422e4bb9e5d,esporte_lazer,31,1427,1,433.0,24.0,9.0,17.0
336b68746bbdc7ef1b4e7115eaad1668,beleza_saude,36,409,1,1250.0,32.0,11.0,15.0
bd94ffbca2eff2c87f0ef59c000db3f6,utilidades_domesticas,36,400,1,2500.0,45.0,10.0,33.0
3d28edb64298984160e6e9ed68d7cc3e,telefonia,55,880,1,100.0,19.0,4.0,11.0
5f6ab61ba623091b2ced14e75d9e56a6,artigos_casa,59,612,1,1250.0,25.0,25.0,25.0
5ab3c4c7b2b499f85cf923cd0f331c9f,papelaria,50,307,8,600.0,28.0,10.0,44.0
a9b66ba43bc175399c95d207083fc120,alimentos_bebidas,56,3586,3,6775.0,30.0,30.0,26.0
90797f195eb7bb9dae050697a25f35ce,livros_importados,48,459,1,300.0,33.0,2.0,23.0
b57109d3dd3821f2685c6035112fc9a9,perfumaria,58,236,1,200.0,20.0,20.0,30.0
aa995bbfcf2da055bed670f7282f90d8,variedades,46,880,1,1000.0,42.0,25.0,15.0
87a71ae93900ab55fcf685c8040769b3,eletronicos,36,401,1,175.0,22.0,13.0,17.0
9afade9e30e92ffdf41238d85210479b,esporte_lazer,39,385,3,250.0,21.0,18.0,18.0
010c38887e6a41a5acfea2687515b254,moveis_decoracao,59,438,1,1400.0,30.0,5.0,20.0
787a4f84b1a006dcf7b568487c8589b8,informatica_acessorios,31,614,2,315.0,17.0,9.0,17.0
6a97716560716501532a300ceec3c24f,livros_interesse_geral,37,1194,1,500.0,30.0,5.0,20.0
17b8aa78b705626818b2646e5abb3138,eletrodomesticos,59,202,2,500.0,27.0,13.0,17.0
125d26eac85cf57783e2b545149ad38c,telefonia,32,340,2,100.0,20.0,10.0,15.0
6d1d59f6e7b7de39bfa34f32d9ba8cf5,informatica_acessorios,22,716,2,150.0,39.0,2.0,30.0
d45677ec0d65c4faa31698316a6be391,artigos_casa,55,249,1,1750.0,38.0,10.0,38.0
251876e7ba013b87b7262fb2524e2d60,bebes,37,506,2,1720.0,33.0,36.0,27.0
36174802c8879b643cefc0511e7f06ed,eletrodomesticos,32,500,1,30000.0,59.0,68.0,52.0
6fd3ed85c5487d221849813b3552aae5,variedades,,,,1300.0,40.0,8.0,40.0
1a9d64af3398397aa9948a714bb2baaa,brinquedos,32,254,1,250.0,16.0,10.0,11.0
72b781d37ad5c06da9a06f01248d3f48,artigos_casa,54,486,1,1400.0,40.0,5.0,30.0
1020d163f03db957860905e9bfdfd414,variedades,55,305,3,10300.0,52.0,44.0,27.0
1ba0e7ce15d3e3e8ec7b8bf976a76b97,moveis_escritorio,51,1118,6,2750.0,16.0,31.0,36.0
f97a136cf6e5f5d9333b513afc8b153e,artigos_casa,55,648,2,400.0,16.0,10.0,16.0
09738baf9be60e4c294fa5d0bfcc690d,automotivo,40,355,1,150.0,22.0,3.0,15.0
db729c4310411c0be04a91785f063ea8,perfumaria,36,47,2,117.0,18.0,10.0,14.0
fb3d9b25b111fc87a868c07e66489cae,beleza_saude,52,2460,3,775.0,18.0,19.0,15.0
62c5626fd6b954f27d1766e3f967e549,instrumentos_musicais,37,48,1,350.0,20.0,8.0,20.0
28701167ae1ea90aa657c81171d61c30,esporte_lazer,59,317,1,150.0,20.0,3.0,12.0
0554911df28fda9fd668ce5ba5949695,moveis_escritorio,46,1058,1,5200.0,45.0,54.0,15.0
3b473a6b1c280e0345e876648a61a032,seguranca,58,579,1,1200.0,20.0,20.0,20.0
f41b320ee2aceb9f8aed915e294e6b4c,relogios_presentes,55,473,2,132.0,17.0,10.0,13.0
fa711a175203bd0dad2b1e39b4551a89,moveis_decoracao,58,627,5,1200.0,30.0,16.0,16.0
1d8cb1d3317a3090bc73ecde425d334c,telefonia,48,3121,4,450.0,21.0,11.0,14.0
20545c8a1fb497b7e692794159e7afdb,alimentos_bebidas,54,898,1,400.0,16.0,8.0,14.0
53ed6847ec6f35987f6d60335263f21c,utilidades_domesticas,38,412,1,8250.0,25.0,62.0,25.0
e0de786bb293ef80a03a56de6d0929f9,moveis_decoracao,56,1979,4,2800.0,69.0,11.0,11.0
103aed057190376889bc9e796affa24e,bebes,34,1355,4,332.0,16.0,16.0,15.0
1d9263e74c3e8e57d3a7bd505b7b871e,informatica_acessorios,42,885,1,200.0,28.0,2.0,40.0
7583d9a579408cb84bbc7b0e4548ec18,artigos_casa,59,279,1,5650.0,40.0,15.0,23.0
6eb6c5cb7df0f863538b61a47fcce962,perfumaria,55,226,1,500.0,23.0,8.0,15.0
fa94f25a73969e3a25d52706e246dfcc,artigos_casa,61,632,2,1700.0,42.0,10.0,36.0
b8b7f10b147bfcbdc69c03701866ef4e,seguranca,43,727,3,1200.0,30.0,30.0,12.0
fadde2aec26938dd22add77b290d279d,utilidades_domesticas,57,614,1,4400.0,24.0,28.0,39.0
aac3cc525702d53c8a2f4733ed214098,perfumaria,76,805,2,350.0,16.0,11.0,11.0
7d70db7420b99e2b74c6d4277860c327,papelaria,54,342,1,500.0,20.0,50.0,40.0
27b8857ca0d1477e1ad34ffaba0b642c,eletronicos,54,560,3,150.0,16.0,4.0,11.0
3348355c60a53ca51a5bb5a4b63e77a6,artigos_casa,49,506,1,750.0,45.0,15.0,35.0
3f64ba374e24f2a408729e5153b67283,ferramentas_jardim,59,448,3,250.0,36.0,3.0,12.0
854289563c41e83bc59072f5b61fdece,relogios_presentes,43,575,1,300.0,19.0,10.0,15.0
88a3a882d28c386d79c18ac2141eaea1,artigos_casa,51,390,2,1750.0,43.0,8.0,33.0
2d1a9ea0989c21fc3903ab08be09a4f0,utilidades_domesticas,52,551,1,850.0,22.0,50.0,22.0
d5d2996be7ea70ca1415d20e220436a4,automotivo,49,1555,5,1900.0,30.0,28.0,30.0
0ef8c1b31d81d6b4453f70a61321f73e,pet_shop,63,1451,3,8350.0,50.0,20.0,40.0
324bd856c15daca22354f5872b72611f,beleza_saude,47,1502,4,1300.0,18.0,21.0,27.0
9ce4c5138d5ce3953e04730a3791b41c,relogios_presentes,21,599,1,2400.0,22.0,18.0,22.0
b31bf123505c6df8ab973f7c40caf4e8,esporte_lazer,46,2018,1,1400.0,16.0,2.0,11.0
96f41c94be1dc7d1c91415db05658d6b,esporte_lazer,48,1358,1,650.0,41.0,5.0,41.0
c8327011b01e4666db6770ebb8a86fa9,utilidades_domesticas,57,703,3,9950.0,31.0,61.0,31.0
93d452eef7b6b3812ed587d747f0fe72,papelaria,55,471,2,350.0,38.0,33.0,26.0
e7db7c40ea6647c808d48581f1308d88,bebes,59,235,2,9400.0,75.0,15.0,50.0
23429572ca0a6901f36825829cec09b1,consoles_games,37,1143,3,600.0,33.0,28.0,41.0
72aa1e49a803b462fd0a83071c894e7b,beleza_saude,31,474,1,1000.0,40.0,16.0,30.0
3a22eb30c7bdd30bf0a4729ed8614d82,esporte_lazer,43,289,1,1199.0,25.0,23.0,22.0
6e514bdf6cbd5137a3795ff90e3ec1a1,brinquedos,48,1055,1,300.0,17.0,8.0,15.0
53b660897772d156d1b39afcd576663f,moveis_decoracao,54,1749,3,2350.0,105.0,3.0,70.0
56eb39314ca59c39efa1e28beb073abe,telefonia,52,1160,2,50.0,18.0,6.0,11.0
182b016da1c600181f4ed79df14186c7,beleza_saude,46,3223,1,1100.0,25.0,14.0,13.0
c114238800e5e8d0b33db49075fcd144,moveis_decoracao,26,670,1,6933.0,36.0,40.0,36.0
8ea8e3150c4a9d5e683bf5f8d0561609,papelaria,56,155,3,400.0,24.0,7.0,14.0
7307a453add3ce026e86d325ff2d60cd,brinquedos,47,1117,4,2233.0,29.0,23.0,29.0
b944aabf1fc45c01599ee96c7f4d533e,eletronicos,60,246,1,150.0,22.0,12.0,14.0
c9c0435c9331c27dc487a2dc1738a32c,fashion_bolsas_e_acessorios,60,849,1,8400.0,62.0,20.0,40.0
ce0a7865b299f784a6ca12dac0ec8649,automotivo,57,533,2,550.0,50.0,10.0,15.0
6739aafc60d0a6e50c6e050d5a987350,brinquedos,48,612,3,700.0,19.0,35.0,27.0
4f3b83b83f7fb280fca4f90ba502f50e,ferramentas_jardim,32,706,2,9050.0,39.0,12.0,42.0
58efb9b638561ce132216a9a612513e2,moveis_sala,30,606,2,9700.0,27.0,15.0,92.0
d92cb9e1e8b1ea99285f24efdfdba088,brinquedos,57,216,1,499.0,34.0,21.0,33.0
6a4bdc32bf81f50cb387fd6178ce7b07,artigos_casa,55,276,1,2300.0,35.0,10.0,30.0
61787f92f08a18258c0267e53cb9c1cb,fashion_bolsas_e_acessorios,42,220,3,300.0,22.0,8.0,15.0
3a07f82957867a5eb477dc7f2f60c2aa,relogios_presentes,53,179,4,250.0,16.0,2.0,11.0
744846f62c7ba12b43c59c5ff57782a7,artigos_casa,43,227,1,900.0,38.0,6.0,29.0
5c8d8bd9771a2391092e1fbba43debeb,papelaria,56,495,6,700.0,22.0,7.0,15.0
451a6cded8e41ab174218cf60b53dd2e,pet_shop,60,2702,2,7450.0,65.0,17.0,38.0
2aaaa41fb5edc85f4814c73106f27d64,informatica_acessorios,56,254,1,1175.0,35.0,21.0,16.0
a5a40bbbb395615fca259218aec4baab,perfumaria,57,3848,4,150.0,24.0,17.0,17.0
5999995b8f64d769dbc6f592b86d6f8a,pet_shop,57,1283,5,1200.0,55.0,3.0,42.0
bc137217dc0cb0559a1f46e0500f50b6,bebes,38,596,2,300.0,30.0,8.0,12.0
66389c9df136a25c8f131757ce3a6967,ferramentas_construcao,57,194,3,175.0,35.0,14.0,16.0
6b966b123b31a54f73d652b5d8f45bb3,beleza_saude,59,846,1,5275.0,28.0,40.0,25.0
141a1bbd15437e6ce4765f29d126ef67,esporte_lazer,47,456,1,200.0,20.0,6.0,16.0
c1a7082fb76e37a467ef216e92ee0423,ferramentas_jardim,58,89,2,800.0,40.0,15.0,40.0
078cd7c7e05802e62f12b568aa50ed9a,brinquedos,39,238,3,700.0,30.0,5.0,30.0
e40873fb50963a123c7930e3bd2f9bae,moveis_decoracao,49,479,1,200.0,16.0,2.0,16.0
c708e48bf01416863f8bc5d3e8ad5de8,papelaria,54,815,1,1050.0,25.0,25.0,25.0
65b89f415ce968a584fde133ae3ce3bf,moveis_decoracao,63,653,2,1600.0,38.0,7.0,28.0
ccc8daa0204a0488c019ae676ed5fab2,beleza_saude,29,95,1,375.0,19.0,14.0,18.0
4bac95150f13c65038a253fc979aa9fa,automotivo,58,396,2,350.0,25.0,25.0,25.0
6f7a8ba0af4207c1312825a95b63478e,brinquedos,46,1462,2,2800.0,41.0,12.0,57.0
717c660fd7ed52fdaa650d509dda7912,eletronicos,41,959,1,463.0,23.0,18.0,16.0
fc8595227785863846b7daa2ae3f2c9b,beleza_saude,60,886,1,400.0,20.0,12.0,12.0
05b316ac6e25ef5776b4841f5696bfb8,moveis_decoracao,44,224,2,417.0,24.0,21.0,22.0
c98fcf63f668fa08d0da5584888d6e4b,beleza_saude,55,1588,2,2650.0,19.0,26.0,17.0
17f05cc6ef5563b5e096ab059ca926b4,artigos_casa,52,148,1,3000.0,35.0,15.0,25.0
c2e158a66da842665f27c88015a7dbd8,informatica_acessorios,53,813,4,850.0,17.0,12.0,12.0
d3ed5f1ed25b2b1f8f152a68a88b2966,brinquedos,37,340,2,750.0,25.0,13.0,31.0
a95b8621d9c2434bd66a426fa6dc959b,beleza_saude,57,374,4,400.0,30.0,11.0,20.0
3e9fecd898d8fc598fb18399c2af0248,perfumaria,51,362,1,550.0,23.0,8.0,15.0
89b63d5c5d1e459d07b7ed8497111c4d,moveis_decoracao,32,314,2,15500.0,30.0,30.0,30.0
9597cbd95c8521094d71b7aa87e6da82,moveis_decoracao,63,181,2,9900.0,100.0,7.0,85.0
c10d7c70907ad6d09ada0581ef6bf839,relogios_presentes,58,502,3,2050.0,50.0,5.0,20.0
2f99595908b6d745c8fbcf4518699aed,utilidades_domesticas,42,946,4,650.0,96.0,10.0,16.0
cfbf1eb673c7eba9e2f58d9375e902b1,fashion_roupa_feminina,29,509,2,700.0,20.0,12.0,20.0
98fe8fcab3c57495e05a61bf5946f2a0,beleza_saude,42,3084,5,1200.0,28.0,5.0,18.0
2d5f1b5369818632405b5fa5dd8f657f,beleza_saude,49,801,3,400.0,40.0,7.0,20.0
e54c8ba67da5205de229678ecea7ff66,brinquedos,47,84,2,600.0,16.0,28.0,14.0
0cbd1fb25fc901e985012fbc87488a92,informatica_acessorios,39,517,1,900.0,37.0,15.0,17.0
97fb4a5f48af31ad401b266215d84336,esporte_lazer,39,594,3,950.0,20.0,20.0,20.0
b512f3c014a02179181951e048ed73cb,moveis_decoracao,64,69,11,1800.0,42.0,11.0,35.0
07451cd3b4079198af66b134853aee75,artigos_casa,55,484,2,6000.0,50.0,20.0,40.0
872db866d615db59612ac933f43d6b22,moveis_sala,31,609,2,9700.0,27.0,15.0,92.0
e8cb961b90ee6176d66183e712e0dcfb,artigos_casa,35,221,2,1300.0,38.0,8.0,28.0
0dc7ffb1ae1ce3ad090cd7c467d09230,beleza_saude,60,1345,1,2050.0,20.0,20.0,27.0
16dd49ee10e688f75c41e83b4863f85b,artigos_casa,55,249,1,1500.0,40.0,9.0,30.0
299a30066c04cbcaa68a1c4271c87aaf,seguranca,37,583,1,26950.0,38.0,100.0,38.0
4380015e3e75bf62b57e306d2f4c2827,eletrodomesticos,59,147,1,1250.0,38.0,7.0,63.0
e84512060d6d75aeeadbe0ccc70e076b,utilidades_domesticas,46,158,3,600.0,26.0,16.0,15.0
4e31a347129c0a0928d3c620d4f013ba,telefonia,55,1554,2,150.0,18.0,6.0,11.0
5c76a53f09257b80bd0ff36472ef6b82,market_place,59,125,1,800.0,25.0,37.0,36.0
4c4e033bb95fdaa874d3b1c81c972dc3,moveis_decoracao,55,1646,1,300.0,16.0,6.0,11.0
33041fc111e526d9dd16e06678ff5eeb,variedades,64,2774,3,950.0,35.0,8.0,29.0
74f6a88474993377506706e383f98302,audiovisual,55,876,1,1900.0,30.0,13.0,30.0
c3b74893e4b47714653329ffaa1ef6fd,beleza_saude,46,595,1,450.0,16.0,16.0,16.0
f2a64c6a5b830ad7b9f8dbce8a12bae8,pet_shop,56,1541,2,900.0,24.0,20.0,24.0
56537b99d06c3516aeaaadad438c9f64,malas_acessorios,53,1793,4,950.0,16.0,50.0,35.0
82c51ba64f7f73653ca5f5d2947d0464,eletronicos,57,72,1,400.0,16.0,35.0,25.0
e074a31cddeee80c21fc613445def7bc,beleza_saude,58,1087,4,933.0,28.0,15.0,25.0
92d5ae8e42c4599266f210bf0469ae9b,relogios_presentes,44,495,2,439.0,18.0,11.0,13.0
2bc21a82809d1558515e2962e53cc4bb,ferramentas_jardim,34,1819,4,7700.0,46.0,20.0,46.0
dea3de7c4e7aa375d564fa2ddb7099b7,utilidades_domesticas,48,210,5,200.0,18.0,4.0,12.0
2a65f5c6c203f2e5079da9ac55814c61,malas_acessorios,20,687,6,15700.0,45.0,65.0,25.0
8905f9f6b310467a4fdd08ea4c4903aa,seguranca,59,2157,3,10150.0,45.0,30.0,45.0
304a449e8addc14739c68d806a6d0a77,bebes,51,1072,4,26250.0,50.0,40.0,60.0
1a7340927178189657dfa923be3bfdda,telefonia,58,777,6,150.0,17.0,4.0,12.0
acc2b77287b61cff79eb763499a4571b,artigos_casa,51,307,1,750.0,30.0,7.0,23.0
761673fd35e2e24ad39b5f6a96c1692c,esporte_lazer,32,233,2,2600.0,60.0,15.0,15.0
3bf95cf337a8c87435a2949c48350fc7,beleza_saude,59,1538,1,2017.0,28.0,30.0,27.0
31b12ca9e842bf87e308c2d92b660b36,perfumaria,26,210,2,250.0,16.0,11.0,20.0
b8c89a9d4b89606a42a4ee8f3cf16d5e,telefonia,57,449,4,200.0,19.0,4.0,11.0
b9e628152d37d0bb6e3164afd8114ec7,telefonia,23,159,1,200.0,20.0,10.0,25.0
93313b383b80d53b94696afeb5dd2749,automotivo,54,800,4,1075.0,53.0,8.0,25.0
116fde656744c95dfaf5198cf9f729f9,moveis_decoracao,31,592,1,900.0,42.0,3.0,32.0
66a5ffd1047bfd6230ac214e03257bae,variedades,,,,2700.0,55.0,10.0,50.0
14ba2925721da57b9f9edeff3d3c2d16,relogios_presentes,47,1193,1,350.0,21.0,12.0,15.0
0b1187e2f914d9317a5632dbb7c66b82,variedades,,,,200.0,16.0,2.0,11.0
3e71aff24a7ddd21185c3d41ecd9b335,automotivo,57,805,1,5000.0,45.0,10.0,45.0
3f3695c50cf443bfc1058ce0c8ab6a46,eletronicos,39,376,1,175.0,22.0,13.0,17.0
b0e635fac3add17a617e868e78dcaf62,artigos_casa,28,425,1,200.0,20.0,12.0,20.0
3a48c5b0b294fbbc416b0939e69f6f09,relogios_presentes,60,673,2,350.0,16.0,11.0,11.0
7bb98f6f52728004085fab83c345d506,telefonia,57,1014,1,200.0,18.0,6.0,12.0
bfd57168007502796abdf43ece7d8dd3,beleza_saude,33,995,1,650.0,17.0,14.0,12.0
0b6a32b32a7dc68b12e8a0e0805c44d5,relogios_presentes,50,542,1,190.0,16.0,11.0,12.0
3e824028352cd013af85473283f832ce,beleza_saude,54,971,1,550.0,20.0,12.0,12.0
108e01163b7588c7924ec8cb5ad81b63,esporte_lazer,38,863,1,1500.0,26.0,17.0,17.0
d40414fc3936fb5397809610f19ccbad,automotivo,48,373,1,1200.0,20.0,15.0,20.0
79c716797a31592b8dbe45b2a93a835f,papelaria,39,198,1,200.0,16.0,3.0,12.0
f71e07cf6e6d621aef3ff698bc4f2819,telefonia,55,880,2,50.0,18.0,6.0,11.0
e0b5cfe78d53b28a2f5e9c2145bfd30e,ferramentas_construcao,39,358,2,530.0,16.0,7.0,18.0
0a9b9a871ffaec6c0198334558a6c6a1,eletronicos,43,727,6,12600.0,28.0,35.0,50.0
c8796f433d9d3ac290c2639550fac10f,beleza_saude,54,504,1,1400.0,30.0,25.0,15.0
2ef0ffe318f7bc5fc4a5f25ca87200c5,perfumaria,42,727,1,150.0,23.0,14.0,16.0
df6a5d0fac12bbc9f8655908abb5711f,telefonia,63,2219,4,700.0,16.0,2.0,11.0
4ce99ff9dcb7821acd8e599d5d4a6531,esporte_lazer,51,192,2,450.0,35.0,10.0,11.0
62f7d6b239a31f7931c5b769313887d3,artigos_casa,57,152,1,1500.0,34.0,6.0,41.0
5275ff6b5e1629977be145d9a55d2d83,ferramentas_construcao,49,1007,1,550.0,25.0,15.0,15.0
7a90cd69f849bc237ef1f4f9e1796cfa,ferramentas_construcao,57,1528,1,275.0,21.0,12.0,17.0
87d0c9b6b7e52840a7f3d9aa0efb0003,pet_shop,19,336,1,200.0,30.0,30.0,20.0
98e70aafc39bd58a8a9c4f27593831db,telefonia,28,879,1,100.0,18.0,6.0,11.0
b815d91de58cd77790d466da3c44e96b,telefonia,52,818,1,100.0,18.0,6.0,11.0
84cfaf518b9392ee6b67e734c68a072d,malas_acessorios,45,218,1,600.0,47.0,10.0,34.0
7dddebba704470d81c5bbfe89a9a1550,eletrodomesticos,63,1371,1,400.0,16.0,10.0,18.0
60f3f578a77557a165e174623faa427c,artigos_casa,50,842,2,425.0,21.0,16.0,16.0
c0332d0c0813a4e26badf2e7f0b348cf,relogios_presentes,50,800,2,322.0,16.0,11.0,15.0
def3587f2a221b89fc8f342e858b2176,moveis_decoracao,33,1189,1,16617.0,101.0,8.0,57.0
8006cc1b6dee0d91ffe9cf906016dac7,relogios_presentes,46,594,2,521.0,18.0,12.0,14.0
8c05118c323922e25502c7bc39d1978e,moveis_decoracao,43,531,4,4200.0,60.0,20.0,14.0
281886d5650643134700ec611ac33532,esporte_lazer,31,1327,1,1100.0,16.0,16.0,16.0
ecc10f919e8a150d1307eb88417a3d22,automotivo,54,1396,3,2250.0,20.0,4.0,20.0
4150a78d94e1932852796a92cda4cd90,livros_interesse_geral,53,504,1,200.0,23.0,3.0,23.0
7b226739613196772c6ae86368c87f5d,fashion_bolsas_e_acessorios,37,451,6,300.0,16.0,13.0,11.0
e34f7accdfa3f3f2ab0c16db77858f6d,artigos_casa,57,385,1,1800.0,45.0,15.0,35.0
c80124276571cd4bef53cf35d9b36c5c,artigos_casa,60,216,3,5650.0,40.0,20.0,40.0
92463a38f6b3c2c95cedff69fc16fe99,brinquedos,47,2848,2,200.0,16.0,4.0,11.0
a0cb23ea9b98f51407ac7bd1fcd29c2e,telefonia,31,1440,1,100.0,18.0,6.0,11.0
d60166e9266f585350edbe81a7c3c62f,moveis_cozinha_area_de_servico_jantar_e_jardim,33,1915,6,12550.0,25.0,100.0,30.0
c6e513054b982283c1cbbb2a45d02d83,variedades,56,777,5,300.0,18.0,7.0,12.0
5b7332962cb50e1130c6aff72dcba46d,esporte_lazer,58,303,2,1000.0,16.0,6.0,16.0
a402cdb9cd42a445e3746bd407588699,beleza_saude,46,803,1,150.0,22.0,3.0,15.0
659966e9c909841fb346bc47ebf45ea9,moveis_escritorio,55,484,3,30000.0,84.0,52.0,56.0
d86a6c48f83b045cbba6df84926a1f25,brinquedos,58,1150,2,3900.0,45.0,33.0,26.0
5a5acb6ac56c50c8e988f2c93cc8b7ef,eletrodomesticos,60,156,1,100.0,27.0,13.0,17.0
f0250235b98c5e46d27e7fda8f1892c2,utilidades_domesticas,32,478,2,400.0,25.0,16.0,20.0
8d4b5a0c6a09c5ee87acb936e218e9df,variedades,,,,1050.0,38.0,10.0,28.0
3dbb89b55f4afdbd3e4230295a4cdfd1,relogios_presentes,37,727,3,550.0,20.0,12.0,15.0
bb46f6475fe5c9e1d9a869d904b8b4e1,beleza_saude,35,654,1,1400.0,31.0,24.0,31.0
dcb7642f668e09b75d526454940124b9,telefonia,44,464,1,200.0,19.0,4.0,11.0
1c63d0a4d75df524d4605a43285925d7,bebes,51,353,3,668.0,21.0,25.0,21.0
8d4f2bb7e93e6710a28f34fa83ee7d28,telefonia,52,815,1,200.0,27.0,5.0,20.0
23178b11e22e9265d208346b0607974b,telefonia,39,365,13,100.0,16.0,3.0,11.0
1fb344134cd7164d32dea4d87ba3ec5a,ferramentas_jardim,57,1160,1,625.0,23.0,18.0,20.0
acca44839604b80bb0f222453e281976,artigos_casa,41,680,1,327.0,22.0,11.0,19.0
1886d71d2ce9c67e10e5132ef32ac4de,brinquedos,56,497,3,5650.0,64.0,35.0,15.0
d287f2c7cdde1081203fb2413e9f8005,ferramentas_construcao,60,327,1,29600.0,46.0,13.0,46.0
552a2a10932c4abaff715fe6a4d61280,consoles_games,51,561,1,400.0,20.0,7.0,17.0
951b64df30a368d839ae1e534ff79bd9,eletrodomesticos,54,267,3,550.0,41.0,4.0,31.0
fb0e979620b2fd991a12edd108fc83f3,perfumaria,28,268,1,550.0,16.0,16.0,11.0
b3be1f83cef05668c25e134852d44545,artigos_casa,52,413,1,1750.0,42.0,11.0,36.0
0c80d4d910506b4e1db996ff1fa5c658,moveis_decoracao,61,157,9,3450.0,41.0,15.0,25.0
a7d3d3e064f3d5311563df3318983165,moveis_decoracao,40,365,2,1350.0,36.0,5.0,30.0
ab6ac334be05ff833a2e3973927dd83c,beleza_saude,47,690,1,350.0,19.0,12.0,13.0
e3dc529631d8c8db3d80c26b6e05e379,casa_construcao,58,1547,1,10000.0,60.0,25.0,25.0
82cff05560eae73466f8778690b037fa,artigos_casa,51,434,1,2700.0,44.0,19.0,34.0
10575a1b638283f7cc928d01f29416b2,esporte_lazer,58,139,2,4600.0,32.0,37.0,21.0
4562a1390da3bb292198395483cdc7a7,beleza_saude,53,2013,4,200.0,18.0,8.0,12.0
4f00a5557f84aad1f45c6f70e3efc353,ferramentas_construcao,59,270,4,450.0,25.0,10.0,20.0
fa492e5afb3ff3509a164a53e0f69153,moveis_decoracao,44,208,3,7150.0,35.0,35.0,35.0
d8c365a069853295a82caf595c2c8c8d,moveis_quarto,55,1931,1,200.0,16.0,2.0,11.0
911e26785862f450cf2240fc5168f83d,brinquedos,59,1073,4,300.0,25.0,30.0,15.0
eebe0f0f8b8d4e13e07a558b90e1a6dd,artigos_casa,46,104,1,1200.0,36.0,14.0,36.0
47d4f578b4130f61735dcfb66c38cb5e,esporte_lazer,27,489,2,750.0,25.0,25.0,25.0
5a42a6cbafa85310c1b2b0fa7dc6a8f6,perfumaria,55,130,1,350.0,16.0,2.0,11.0
fb1d05384e33cdc05b3b4837c992f44c,papelaria,57,944,1,9550.0,30.0,35.0,55.0
2dbc494e29bf48dff938d3b939207504,papelaria,43,199,1,350.0,19.0,8.0,14.0
6e263657e75994ff623356f9cff692db,pcs,59,3913,2,12900.0,52.0,27.0,52.0
af4328f3b25c46d425187cffe0858540,utilidades_domesticas,59,639,1,500.0,30.0,30.0,30.0
f6434e7eb6bcf886ebd61c123c5bf060,artigos_casa,52,836,1,1850.0,16.0,10.0,16.0
7242835dfa9321bbbc31ce5f605603d8,esporte_lazer,38,676,3,10450.0,54.0,32.0,36.0
646c629c40a590e38c21f33ef1aca36f,informatica_acessorios,59,130,1,100.0,40.0,2.0,24.0
a9d9db064d4afd4458eb3e139fe29167,utilidades_domesticas,59,856,1,600.0,16.0,25.0,12.0
1e5b160bf180293380b0d3e68bcc7ead,artigos_de_festas,40,243,1,200.0,16.0,8.0,11.0
b9d2933371226d828303d9235b89369c,livros_interesse_geral,46,1164,1,450.0,30.0,3.0,20.0
ace41a29560020355b6681108d2c4812,instrumentos_musicais,57,566,1,150.0,17.0,3.0,12.0
16b36661fe58157f31bb0c63492d5878,instrumentos_musicais,59,452,2,200.0,16.0,9.0,11.0
df7dd741f55a686edccf22700954e1d5,market_place,63,1108,8,1950.0,60.0,15.0,45.0
ed5f0d58e27cf65a07283c251747936f,consoles_games,55,864,6,350.0,18.0,18.0,21.0
b141c668aca84c5877a5c66bd94fedc8,beleza_saude,55,388,1,200.0,16.0,5.0,15.0
c329abd2a10fad4a2f83377956328c67,ferramentas_jardim,52,695,2,817.0,21.0,23.0,19.0
d7a023eecac412d29d49735e9e9b629f,livros_tecnicos,56,1317,1,400.0,17.0,24.0,20.0
010c988805cc0a13b9ba455ffc6c8510,papelaria,39,221,2,200.0,24.0,7.0,14.0
5fda5f5969ed8a446022953a89e1c81a,moveis_decoracao,56,1031,2,800.0,20.0,40.0,20.0
a07f07c939807b4c970452eb30a130e6,moveis_decoracao,19,331,5,900.0,30.0,20.0,20.0
bb57d3e2c056ffaa1f31ee222dd81ee3,fashion_bolsas_e_acessorios,55,589,4,300.0,22.0,13.0,22.0
685d230b37cfc4427f505662387c53e1,brinquedos,40,641,2,350.0,30.0,15.0,20.0
071feff570bbf61f1721e181435ebf0f,telefonia,60,1401,4,340.0,22.0,13.0,16.0
7cda44af27723d9cfaed9a75d4bd2c25,esporte_lazer,45,877,1,173.0,17.0,12.0,14.0
8ebb1bc470f9bfd4017c0be0773211ad,artigos_casa,54,231,1,400.0,27.0,7.0,17.0
3478e86e13980bc0cf09919ae35561f3,ferramentas_jardim,43,407,1,7600.0,56.0,54.0,12.0
093f7389fa2eccda5e86add8da4aa19e,artigos_casa,40,718,1,2000.0,38.0,20.0,25.0
fdd84aefb08c8f8225e0b8c97429d53b,beleza_saude,59,1726,5,123.0,18.0,9.0,15.0
ef7f13c7694be202c48017b71801815c,beleza_saude,57,1343,1,3650.0,23.0,23.0,23.0
6a1ac8352d7eee5e5108fad596e69ad1,eletronicos,53,2880,1,645.0,19.0,10.0,19.0
157ee978f4fcdf8984b0bb33a6687fde,alimentos_bebidas,54,3077,1,650.0,19.0,19.0,19.0
d5c736f83bf7da26b977c092c8e26946,informatica_acessorios,34,1080,2,300.0,41.0,2.0,29.0
630ab0a26067b5145a455aae917d7f0b,brinquedos,59,992,1,19150.0,45.0,50.0,45.0
66e48bcc5ea37a77a5499ced69b7800b,eletronicos,60,351,2,100.0,16.0,8.0,11.0
ac4bd2aec3f990363aa853e4f17709d3,agro_industria_e_comercio,42,308,1,150.0,18.0,8.0,13.0
c66def7098f4d87751f40c3a4855ced1,brinquedos,55,546,1,2100.0,22.0,50.0,32.0
d801caede80d4819d4976e8bfdbc2861,artigos_casa,59,559,1,650.0,16.0,10.0,16.0
15ba996726b61ab95153368a8082c5d7,industria_comercio_e_negocios,54,2587,1,7000.0,40.0,30.0,40.0
c8eca123751676bbdaaa9e4a84721362,ferramentas_construcao,53,46,2,1520.0,22.0,20.0,11.0
9c422a519119dcad7575db5af1ba540e,informatica_acessorios,56,1306,1,100.0,20.0,20.0,20.0
0781ed724941f4eaafbd9e6c5a20be49,artigos_casa,52,183,2,600.0,70.0,10.0,40.0
2d4a0901f4f1829bd4f4affbb142ce4b,consoles_games,44,1339,2,700.0,20.0,15.0,20.0
ef59185c3acc6f127418c82873215194,artigos_casa,54,413,1,1600.0,42.0,11.0,36.0
185145001a2c3f8950733eee387285b4,beleza_saude,43,452,3,300.0,60.0,16.0,11.0
3354a4e684f5e7199f9407db70ccd92b,variedades,52,847,3,1200.0,42.0,25.0,15.0
ff9240e1887b9c59757142080b2c8d79,beleza_saude,56,1443,1,450.0,16.0,18.0,16.0
680d5104ebbd8f3cb6a209864ab8891f,perfumaria,58,861,1,500.0,18.0,17.0,14.0
0ddb2f7b7b817ea4239bfab24f67f742,eletronicos,46,1745,1,700.0,20.0,6.0,16.0
face2da48fe57bfcb7a37d2d8c43332d,moveis_decoracao,57,87,1,1000.0,40.0,7.0,34.0
de9a61e37001d519e3ed85687fdf94ae,casa_construcao,60,363,2,21100.0,55.0,25.0,55.0
17e7d9a179f3f2d61223252038276d35,papelaria,57,309,1,600.0,16.0,44.0,29.0
a4052f2adbcfe3e5dcf30229fa0f7c68,artigos_casa,51,636,2,300.0,16.0,10.0,16.0
fdf648fe44c2e24e9857c8d4ad5a7028,ferramentas_jardim,19,141,1,700.0,19.0,24.0,12.0
ed4dfdaab6c24770fc6f34ad50c89ac1,beleza_saude,53,269,5,250.0,16.0,15.0,15.0
1139f00effbb6523b59f6e6ebddc6d44,esporte_lazer,60,1628,6,1900.0,40.0,18.0,22.0
8e50f3c86fefb2bdbb35c8eace423a9d,ferramentas_jardim,29,620,4,3600.0,50.0,32.0,37.0
f65464750198350b78735037a9b35dd2,artigos_casa,61,398,1,20100.0,45.0,15.0,35.0
eb122b90105653349d119d8307ef5f22,eletronicos,47,642,1,550.0,46.0,3.0,21.0
820fa146b7ccfe19c80e999cf4a77668,casa_construcao,47,1058,3,1475.0,25.0,25.0,25.0
4374f5c6e8ab35133a8dbc5517ec0388,ferramentas_jardim,25,486,4,2200.0,25.0,9.0,16.0
231081927a13592c84df280baf744393,moveis_decoracao,58,2186,2,200.0,60.0,11.0,11.0
0496a7015a17628712e8720db133092b,papelaria,60,875,5,1075.0,21.0,15.0,15.0
098d2dad07d012b54e469c5ba2cedbe7,artigos_casa,55,289,1,4700.0,53.0,32.0,43.0
1a658f920c35086bb2f6421f240608bd,beleza_saude,36,121,1,100.0,20.0,15.0,15.0
89197eee3abe531055b90c8ab1df05cc,moveis_decoracao,60,1977,4,2800.0,69.0,11.0,11.0
543b4f1745e0cd1505219f3af6d56d7b,perfumaria,53,597,1,3250.0,24.0,15.0,17.0
ddc46156c31a0339508eecfab975f4f6,consoles_games,45,181,1,500.0,30.0,7.0,25.0
b12b0d3152f2b6de0f82723bd656c00a,informatica_acessorios,56,1370,5,775.0,16.0,15.0,15.0
140048a7ca8c50c44a58532471837660,relogios_presentes,60,616,5,350.0,16.0,2.0,20.0
821a07e1e2a0382df1f3761ae3cd435c,artigos_casa,56,184,1,1550.0,46.0,3.0,34.0
6dc893654777026540369b32aebda760,fashion_roupa_masculina,37,360,1,250.0,17.0,7.0,20.0
54004861371c893cb5a5e2b563ef72c6,eletrodomesticos,59,272,1,1550.0,46.0,11.0,12.0
948330c196b6b9a13386fa192380e3df,instrumentos_musicais,53,658,1,5150.0,48.0,24.0,26.0
e0369ffbb4168116f9e8f207420a4718,relogios_presentes,60,1302,3,650.0,16.0,11.0,12.0
7c90b282a16b3b71b9d66913c649beb0,papelaria,55,1260,4,1500.0,60.0,7.0,11.0
2ee7612eb9c995c7f39c6f8ae967e1a9,moveis_decoracao,58,1223,4,1400.0,16.0,50.0,16.0
d7e446a8f36339b1a9d059d1237159c1,utilidades_domesticas,57,1903,1,12050.0,40.0,40.0,45.0
940bcece77e20a1f6a21c1b7d4be75c6,informatica_acessorios,51,998,1,400.0,20.0,15.0,15.0
61ea2822df120991dbcf5814a5e8c675,pet_shop,39,117,1,150.0,16.0,16.0,11.0
d918b3f4aa5272c2c3cd088d087ca069,esporte_lazer,58,3703,1,2083.0,28.0,23.0,21.0
5d3b065e160c51e883cd7ef509a54176,seguranca,50,389,2,100.0,20.0,15.0,15.0
f4549b2e55d1e8cffa9e8ae43fb5d040,moveis_decoracao,41,735,1,14550.0,30.0,75.0,30.0
08370229eb4e5ce898bf2348a356b7b2,eletronicos,57,2143,3,675.0,23.0,8.0,19.0
73ee27eac8d0005ac08e1a29e1b0831f,ferramentas_jardim,56,514,1,250.0,21.0,15.0,19.0
72d6074ef5c81ec3102b3f2a052c5f49,beleza_saude,50,216,2,50.0,20.0,15.0,15.0
eda9ace7ea76f19d80475c07f44acfbe,perfumaria,28,868,1,400.0,25.0,8.0,14.0
1659de378e430012cdd7ecff272bce7a,moveis_decoracao,58,531,1,800.0,18.0,26.0,18.0
7ea0b63dc9b8264702f2d2c1533fb4ae,telefonia,58,1723,1,100.0,17.0,10.0,17.0
f3ae4b9a1e86b6295ee5b21dd0943692,brinquedos,63,577,3,1400.0,16.0,27.0,37.0
c5dfa757c5ae7662e178e990e39362e0,fashion_bolsas_e_acessorios,34,426,4,150.0,16.0,9.0,11.0
21af4f32f6f1cab0bb13d7563dc06e70,iluminacao,45,922,3,700.0,16.0,19.0,16.0
fdd7bd74464daed1af6c0b21d9c654d4,informatica_acessorios,45,1649,1,1800.0,30.0,10.0,21.0
d42f88e62ec14a8a5465cef3841919fc,climatizacao,59,416,1,100.0,20.0,10.0,12.0
8cea3a70558be2f35507686686c183af,esporte_lazer,39,927,2,175.0,21.0,7.0,17.0
2267b228a5bcef6dcc0fd584a4512908,beleza_saude,29,870,1,185.0,23.0,24.0,22.0
c3e275e10cfd7f3b56f7f657699cfafe,artigos_casa,55,273,1,1250.0,38.0,10.0,38.0
f1f41c991881dc3d4cbcedade3ec1622,beleza_saude,39,1949,2,750.0,22.0,23.0,22.0
9070fbe936bd54b8a72e0ffe4a6a2564,livros_tecnicos,55,498,1,650.0,23.0,3.0,16.0
fb0f28746a21895329509c8b45f9382e,telefonia,46,556,4,150.0,19.0,3.0,11.0
5ffd443a2b6ec639a1e28bc11936455a,fashion_calcados,40,303,12,300.0,29.0,7.0,16.0
f20135d2d37130bbd6a2a9fa2e501e8f,artes_e_artesanato,28,1134,1,350.0,16.0,6.0,11.0
ccdc2cdf7a30f11bbc65d90c630c5e86,beleza_saude,56,803,5,2500.0,22.0,22.0,22.0
d5417cad87813c46133ba813fb386866,brinquedos,31,308,2,183.0,19.0,21.0,13.0
28bc7d95951d962dd5cdda791e07b56f,artigos_casa,60,420,1,400.0,26.0,18.0,23.0
4ece875799f8eacb00dc13e93d0a2fd0,esporte_lazer,42,2300,2,350.0,16.0,16.0,16.0
61963c77fd2c3db173915d9dc837ee12,artigos_casa,55,804,1,16050.0,70.0,50.0,45.0
695c34c5771cca25ecdc04d24a9b49f6,moveis_decoracao,50,676,2,1750.0,35.0,23.0,35.0
977aa4ebf84b0eac12c39f9d3d8333cb,beleza_saude,49,623,1,200.0,30.0,4.0,12.0
381c84a4eb64a931d793f69112d5a34c,informatica_acessorios,53,814,4,2050.0,20.0,10.0,20.0
4796d7d7634cb23b1870940964bc4468,moveis_decoracao,35,562,1,4700.0,37.0,41.0,36.0
0c65fcdb1caeb8a35c08eb455361ee01,artigos_casa,38,1366,1,150.0,16.0,5.0,17.0
b580f3db3195d1c583b96bcbc78d30c3,esporte_lazer,26,159,2,250.0,17.0,7.0,12.0
370c500401de58da2a25c8cab27527cc,brinquedos,59,1220,2,2200.0,41.0,26.0,41.0
3ab4b1931a4bb6cbef302ea76254e850,automotivo,52,951,4,250.0,20.0,20.0,20.0
f9146f84a0ad9aa621d8c51735f5610d,utilidades_domesticas,36,117,1,700.0,47.0,27.0,32.0
8610ba48fd9f65656bc2c7a9474185d9,moveis_decoracao,48,1093,1,800.0,30.0,30.0,30.0
bcaa4355b2521984b94978febf3f2b10,moveis_decoracao,59,299,1,700.0,27.0,6.0,32.0
3c078c878d44c18bb8c02acc54ae25e5,utilidades_domesticas,19,740,6,300.0,17.0,28.0,11.0
31dd3d3901e7b2755c96ed255b26dd0a,esporte_lazer,51,866,5,600.0,31.0,15.0,23.0
1a4949c8e8e15e002d012272e49817ea,moveis_decoracao,45,923,1,800.0,17.0,27.0,17.0
6fb42788c5ef9affaa2fec30ca8b6053,ferramentas_jardim,39,372,1,200.0,16.0,3.0,13.0
3c7426b4df1386b6b355a5fa6bf85873,relogios_presentes,52,1020,1,400.0,18.0,12.0,12.0
d37c472122b18add1612235b8d907eb8,bebes,25,218,1,500.0,21.0,4.0,26.0
cf72ea5c0b07fa8213ced10ed9182597,utilidades_domesticas,34,344,5,3950.0,16.0,27.0,46.0
d7c65e924390c7178852ac0275e1022b,automotivo,52,1690,4,300.0,16.0,6.0,15.0
f9122c4086dee1508186c3ccd738dfe3,relogios_presentes,57,664,1,200.0,28.0,10.0,18.0
04e90f954f5fde312ce378b26ddfad13,utilidades_domesticas,58,1901,1,7600.0,49.0,40.0,40.0
666696771a5dd7a28816eab47b70d966,jardinagem,51,1834,1,1517.0,23.0,18.0,13.0
472a376420891aa45cee5d0b46c17d4c,papelaria,50,317,3,5850.0,60.0,20.0,29.0
99c3deeef8923c1036a30a5abed9071c,variedades,,,,1000.0,40.0,28.0,25.0
73a7fbf8c1048131f3b531af31bcdf0e,esporte_lazer,58,998,5,600.0,16.0,10.0,11.0
e2b2f194ebeff245c0d996fe093ca15e,fashion_bolsas_e_acessorios,53,300,1,100.0,21.0,9.0,14.0
abcb73cf728c9fb13c9d9b2b3abe609b,brinquedos,53,378,1,650.0,30.0,10.0,20.0
977fbe809f12dd0f62698fb90d671b67,utilidades_domesticas,58,445,1,13950.0,40.0,70.0,40.0
821719b9a2288a792ba3ca0c9962f467,artigos_casa,58,3863,5,27050.0,90.0,20.0,90.0
bc23e7ab33428b722eb04acc660423ad,papelaria,58,88,4,8450.0,35.0,60.0,40.0
1fa4a6c717a31a25a59f6c5ebdf975cc,bebes,39,259,1,20900.0,65.0,35.0,55.0
2b2e55ad3e118ae57401cf2b747ca428,utilidades_domesticas,25,194,1,500.0,18.0,7.0,18.0
48de27bd5c8f17adee291f6886cec06f,brinquedos,49,466,1,500.0,25.0,10.0,15.0
d654b576d9c9844bd7f6468421a38f48,automotivo,52,840,8,2600.0,20.0,40.0,40.0
107177bf61755f05c604fe57e02467d6,moveis_decoracao,55,130,1,2050.0,40.0,11.0,34.0
085f9fe187c082982f23152f97f4e0c0,artigos_casa,58,304,2,1900.0,45.0,15.0,35.0
164520f853fb53ecd0b55302c564f7ad,beleza_saude,44,597,1,350.0,26.0,17.0,20.0
cc9b3b28eb0de60b7ab0294b1f8b70ca,esporte_lazer,45,2659,1,1140.0,22.0,22.0,19.0
ed47a454f5fbb920098724ccf04f86de,utilidades_domesticas,41,766,3,350.0,16.0,10.0,13.0
15650c1f25dd6e567eb1188df1c1a411,utilidades_domesticas,36,622,2,600.0,25.0,10.0,11.0
e3d2dbfda8903ca3c230a480b75dc0f3,bebes,59,3923,1,500.0,18.0,80.0,15.0
721714268dc4249ffee6e1f88458ff16,variedades,60,763,2,1000.0,20.0,10.0,15.0
71da6d6632902431cdca2b3a8e681b80,beleza_saude,42,713,2,1225.0,33.0,13.0,30.0
aef3e3251c02ee19b8f193f158a49a53,alimentos_bebidas,60,672,7,800.0,17.0,17.0,17.0
b044bda7bc05cc5cf14d4969fda159cb,brinquedos,52,575,1,400.0,19.0,9.0,18.0
46e4940f28c9231a801873e62ca55c53,perfumaria,50,54,1,50.0,30.0,10.0,20.0
b76da58c750b3f050191dc0d87e6029e,variedades,58,2216,1,300.0,16.0,16.0,16.0
9783bd52943df9833a6a92f2e8f34f32,brinquedos,50,487,1,1400.0,55.0,5.0,24.0
55a1e3d39ace9c0b217f6c30b04d43c0,malas_acessorios,29,895,2,550.0,45.0,15.0,35.0
4efd402dce639aa129a7f15b17cc898b,fashion_bolsas_e_acessorios,55,568,6,150.0,17.0,9.0,17.0
4c6aa2718ddd58a52cf181ad9e7ab24a,brinquedos,42,1316,1,875.0,45.0,19.0,42.0
cf2e64deaefaf68804258d3deef54639,informatica_acessorios,50,1014,1,575.0,25.0,25.0,25.0
77eac67734ce758ade0417685ab43c08,moveis_decoracao,23,282,2,1038.0,24.0,17.0,23.0
47e544d0f04b42e19c0489b61fc6fa71,informatica_acessorios,59,162,2,400.0,35.0,8.0,20.0
aba9cea5277910afdc1ad5dec5583e1b,automotivo,60,651,5,4300.0,78.0,4.0,47.0
921d31a1daa51460b7a95ea5f3ab64d5,beleza_saude,40,702,1,210.0,17.0,9.0,12.0
60f98d8f55a602509885faf42c0095a2,perfumaria,57,770,1,343.0,18.0,14.0,15.0
617f3626c1224c1c2afc6c9a4cecfcb1,bebes,44,757,2,20850.0,65.0,37.0,52.0
2beea058d80efa4403a56673a219352d,variedades,,,,8000.0,50.0,25.0,45.0
7d187801885842645486f00fb166f378,eletrodomesticos,60,341,1,150.0,20.0,13.0,12.0
721b56b7d205d6750e97716593bcb370,beleza_saude,55,3458,1,2550.0,35.0,30.0,13.0
e2bfd71a5b97a19659d290e3d58a106f,fashion_bolsas_e_acessorios,32,816,1,100.0,16.0,5.0,16.0
6eab02945f640e007c4b9a26fbbecc94,brinquedos,28,182,3,800.0,20.0,50.0,40.0
bbc8f8ad8f885679e489afbbd29eee61,artigos_casa,54,297,1,1500.0,37.0,23.0,35.0
3462cfbd316346049256b3b3242f8dfa,papelaria,56,354,8,600.0,22.0,8.0,15.0
f20b79bd0939728b29d409062c5c486b,utilidades_domesticas,35,642,1,1000.0,20.0,20.0,20.0
9af7b4a3262141c12ba9bd489a8573c7,market_place,37,1246,3,700.0,20.0,8.0,14.0
c5d8b84a90f73bd09c30e71e76caaa11,market_place,49,415,6,1150.0,35.0,25.0,25.0
f8488487964a266b12fb259884c862b5,brinquedos,49,1205,1,420.0,23.0,25.0,16.0
560aa6044750b7511a18e5ee9aaffa17,automotivo,46,2304,4,300.0,16.0,6.0,15.0
16bf176650a888512655cc94f61860e3,relogios_presentes,50,401,4,200.0,16.0,2.0,11.0
65b183dcbb9689b176730d709a0003dd,ferramentas_jardim,42,161,1,18400.0,30.0,105.0,25.0
dc48747539ed723e73d007b18fa5f45f,instrumentos_musicais,34,73,1,300.0,104.0,4.0,20.0
1de74e63d630007567726953a4eb2b36,fashion_underwear_e_moda_praia,25,396,2,150.0,35.0,10.0,25.0
ffbfe460c6f140cdbe4f494be6dd43be,eletrodomesticos,44,889,2,2350.0,20.0,40.0,30.0
fda130b26c5b4ddabb0cec19a06abff7,bebes,57,564,5,3700.0,40.0,24.0,28.0
970a065bf2d3133a8182ee47b3fe11fc,moveis_decoracao,60,347,4,12750.0,40.0,50.0,40.0
2c955308d12bcb61c241322c9d0390f9,fashion_esporte,56,511,2,200.0,16.0,12.0,12.0
a7dd53b475b0f522ba49897fdf33199e,utilidades_domesticas,49,465,1,1625.0,53.0,30.0,31.0
e966f10c28b89ceb60d3c2dfb7144b12,moveis_decoracao,32,310,1,4100.0,49.0,13.0,38.0
68e1b58c49059e266502773ceb45c249,informatica_acessorios,59,391,1,1100.0,32.0,16.0,16.0
48972c4d034d78bb520475d037515238,artigos_casa,58,355,1,550.0,60.0,7.0,40.0
9af62fae6f9a2b963c40a81d29d02ab3,artigos_casa,47,572,1,800.0,17.0,17.0,17.0
fe4cd3c795135b4f84e2da5a82ac84a8,eletronicos,30,398,2,200.0,18.0,18.0,18.0
5d86ed92606c80a89e547cdba3946812,telefonia,49,422,2,100.0,19.0,3.0,11.0
6f735de7025b8e74fc832dfd6ec2bf5d,esporte_lazer,50,3129,1,500.0,18.0,8.0,14.0
4daa0faaa4ddd47f39c5de509edc4a32,beleza_saude,59,1277,2,100.0,20.0,2.0,15.0
0c3305267c17b542aecbc2385f5f0794,perfumaria,57,740,1,500.0,22.0,14.0,23.0
19c1803db50dac42632a5ba9dd89bdd6,pet_shop,52,885,2,650.0,25.0,25.0,25.0
fb1f078a066428f00c1d71d6b9df3ff8,telefonia,55,432,2,600.0,23.0,7.0,15.0
79c0ace2ccf0da036e787875a49151a4,moveis_cozinha_area_de_servico_jantar_e_jardim,55,1211,5,14150.0,100.0,15.0,15.0
236634fd768c822b130b6ccf325e4c13,beleza_saude,53,676,1,1200.0,19.0,14.0,15.0
ce79982a809f8e88aa6eb87416f14512,brinquedos,44,1028,3,1700.0,16.0,20.0,28.0
8b8a1ad64d412f12e5cbd609b8ffd064,esporte_lazer,30,1151,8,10200.0,105.0,15.0,25.0
32ff30bce9752963c889b69a33b0e84a,perfumaria,58,3857,1,250.0,25.0,15.0,15.0
5605209fafe11a02a00c5744147e0c92,malas_acessorios,46,863,10,3450.0,30.0,40.0,11.0
6cda4e34e42ceee3bc219010c1333577,utilidades_domesticas,51,1519,1,500.0,17.0,13.0,13.0
6d0663c395a253a37880561557f660e1,brinquedos,48,2075,3,3750.0,35.0,23.0,35.0
188c2b55dbae7df073f4f4a24e232ce9,utilidades_domesticas,49,186,1,800.0,30.0,30.0,20.0
c06f7984550cc89a7d76e51e936e714f,moveis_decoracao,34,909,1,600.0,17.0,17.0,17.0
b7639dcdb2ca827e7bd4c0ab0a7ed477,telefonia,39,311,1,200.0,19.0,3.0,11.0
22f8b1ebff0ccf1828c7179dbf84d983,variedades,,,,150.0,20.0,4.0,25.0
9f0599e0b0d3f41749a3288e0043f21e,artigos_casa,59,289,1,3500.0,36.0,10.0,35.0
3b2c3b5eca3b8bd45a556828662ac340,beleza_saude,51,2243,4,1400.0,24.0,10.0,16.0
e89672a9d3b43c622e5301b36eb87cda,artigos_casa,56,454,2,5700.0,50.0,20.0,40.0
b1517c1b95640f9c8faf6f049fc751ee,relogios_presentes,42,838,2,400.0,16.0,13.0,13.0
2a04a72b11fceb1e99df5261fac8683f,casa_construcao,52,778,2,350.0,24.0,5.0,22.0
07fe9ffbb84b9d22610d79efb16e81a7,variedades,29,234,1,50.0,23.0,15.0,15.0
37687af102d29a6259f660049b66872b,informatica_acessorios,63,959,4,250.0,16.0,23.0,19.0
867dda95bbba37fe56fa288449fa122f,artigos_casa,43,184,1,600.0,40.0,4.0,30.0
96c25526a5b2b25769c0c24bd89afb18,esporte_lazer,53,352,3,700.0,25.0,25.0,25.0
db3eeacbf61279de941b24d74d39e7ef,automotivo,48,152,3,2550.0,34.0,7.0,17.0
960a5bc8efefeecedab46b41324591df,artigos_casa,44,1423,1,1000.0,35.0,20.0,20.0
d4566d732d7cd4770e835f275a5aaa64,pet_shop,55,1547,2,1808.0,24.0,31.0,25.0
8b8422bfeaebcd02e897666185ca2c2c,artigos_casa,56,92,1,400.0,28.0,13.0,12.0
3c1f7308f5aff5c8a335550b2f9d83ab,eletronicos,43,821,2,200.0,20.0,7.0,15.0
80067e2f48621e2fbcc21fced631156e,pet_shop,47,444,2,250.0,17.0,12.0,14.0
0c94697916cc03dfc45581f1e3d96c10,automotivo,55,450,4,63.0,21.0,2.0,15.0
1b34988d6060d833cbe3bf2bdeeb67ab,automotivo,55,421,1,3000.0,20.0,30.0,30.0
2b4472df15512a2825ae86fd9ae79335,moveis_cozinha_area_de_servico_jantar_e_jardim,44,112,1,13550.0,48.0,49.0,49.0
232a5adb0fc1881bbfeb03560c639c31,casa_construcao,59,872,7,500.0,16.0,20.0,16.0
db6b576f5ccc24add9999afe03841cf3,esporte_lazer,57,550,5,900.0,16.0,7.0,11.0
2770305847be150f16eb0b25fa7c171b,informatica_acessorios,60,334,6,150.0,16.0,3.0,13.0
e4bb850bf967ec64439ebb3c73b5b6f2,beleza_saude,40,529,1,1613.0,21.0,18.0,21.0
dc6f5d71f6ed6ad53834d131b19e0693,pet_shop,61,352,1,350.0,22.0,4.0,20.0
e1cfc87f543782b8a78b59fc8571df92,ferramentas_jardim,39,524,4,369.0,26.0,7.0,7.0
b4bcc9155de9c60e343ecbff22b86dc8,variedades,51,1141,4,393.0,17.0,7.0,14.0
25e9a0d431fe3359ee6a55b9c113a39b,beleza_saude,57,3739,1,200.0,16.0,16.0,16.0
aefae62335aa97901109f0c0f08ff0bd,esporte_lazer,46,1355,1,2500.0,36.0,38.0,36.0
9f70acf998b0bd14652234075a19d358,utilidades_domesticas,25,326,1,1400.0,38.0,5.0,21.0
aee6a26e6b45a1c262018c8bb3125848,esporte_lazer,53,651,1,2500.0,27.0,32.0,39.0
1e96993bf0abebd3ee50f96a52bb51aa,moveis_escritorio,60,1167,1,10500.0,52.0,50.0,16.0
735bc5b144baa5f37d59ebcfd20a6310,automotivo,49,706,4,104.0,14.0,10.0,15.0
eaa0c1e54b091f60f2f685b71d71f59a,jardinagem,51,222,1,100.0,16.0,16.0,16.0
2b828e930e3b891d3cb86864a5ed1540,fashion_roupa_masculina,49,885,2,500.0,40.0,8.0,30.0
8562e2c780a345b609e1b802d7e3e4ae,artigos_casa,51,1208,1,1100.0,45.0,8.0,35.0
dd9b786cc81af951a986f65602344848,informatica_acessorios,53,869,2,450.0,22.0,11.0,19.0
12f3396e4e36112d4155e0c51ee35ed9,telefonia,52,616,1,200.0,21.0,11.0,13.0
3fbd1a96fca26cfab52984da93349a4b,fashion_roupa_masculina,46,1208,2,875.0,31.0,22.0,33.0
c23687a012b702cc7d231d3b07deb6e2,beleza_saude,41,1632,1,1600.0,25.0,16.0,18.0
f6e4d73b54219f7078a6a6cf139d87cd,artigos_casa,52,296,1,2100.0,53.0,27.0,40.0
c7c2108eae6fb6e6822c8128f5a98afd,livros_interesse_geral,21,318,1,850.0,24.0,16.0,21.0
0ac2a75d9c1e9688df3a7730a4ffad14,informatica_acessorios,44,116,2,300.0,50.0,4.0,40.0
acd9f2e9edc814a31a3a5ba586c28241,artigos_casa,54,909,1,750.0,25.0,5.0,25.0
76f4ae2b91f4c543cb215e778747a63c,ferramentas_construcao,47,361,2,6375.0,38.0,27.0,41.0
4bb72c0d466766c287b67e15fb8121dd,automotivo,58,705,2,350.0,17.0,21.0,11.0
fabfaca40872eacb2fdd24bc37a01232,bebes,31,162,1,19700.0,81.0,24.0,50.0
de4fb1ddae276a3503afed39c8227cff,esporte_lazer,59,1310,2,5200.0,50.0,20.0,40.0
728cfef9eca3d89054807d5c7e894e04,moveis_decoracao,58,357,1,400.0,30.0,7.0,30.0
7340a3839a1de1e99d149b8cf052a2ec,artigos_casa,56,536,1,800.0,45.0,15.0,35.0
65330e90e0019aa477e442b9b8e156a1,fashion_roupa_masculina,39,395,2,800.0,45.0,10.0,35.0
c99de6a72a7765566eea2a3a6b3e9525,pet_shop,53,331,2,800.0,35.0,12.0,22.0
62bfda7b1a58cc9a485cb563b99ea48f,esporte_lazer,57,586,1,100.0,24.0,5.0,16.0
2514ff519f69595934371404ff50911d,utilidades_domesticas,44,752,4,445.0,19.0,12.0,12.0
d712f3d74faee06c405c93b0b64b8778,informatica_acessorios,60,362,2,100.0,16.0,16.0,11.0
353356a910b2a42aa75a888a5d348997,relogios_presentes,58,576,1,550.0,19.0,13.0,19.0
525cba66c6af7c9570d9dae3742cdb89,fashion_bolsas_e_acessorios,30,227,2,200.0,16.0,8.0,11.0
72df28d8ca3bac553951ff33e4f57ca1,automotivo,46,393,3,700.0,16.0,5.0,11.0
29bbb87627690b61c2ff12f406262dae,moveis_decoracao,49,899,1,3150.0,30.0,30.0,30.0
2792565eed39d1c173416884d384df6b,pet_shop,54,1864,6,550.0,30.0,30.0,11.0
8883cd5c3e8ce5ce6ef730ff1d2f249e,eletronicos,34,595,1,230.0,19.0,10.0,15.0
5fc3e6a4b52b0c414458104ed4037f1c,informatica_acessorios,38,228,1,200.0,16.0,5.0,11.0
5f4717c32cb957e5faf8d9271dce3fd5,beleza_saude,43,2737,1,100.0,19.0,19.0,19.0
065bb8f275e61de958ffcaf0eebb1791,bebes,49,375,6,200.0,29.0,7.0,16.0
86f2416d4670e4ea3ca5494d043d9f24,moveis_escritorio,33,1205,1,11700.0,36.0,54.0,35.0
52d163dd9192d5a70afc33cd8c60131e,relogios_presentes,54,221,7,150.0,16.0,2.0,11.0
fde4e97b75bd817d8c4aef8de39ed4d9,fashion_bolsas_e_acessorios,39,582,6,150.0,16.0,9.0,11.0
f0f2af23f970208fe4132a77aca3c63f,climatizacao,58,660,2,6400.0,34.0,22.0,50.0
c54ed8ea69e24c191fbc23b3234c6b32,beleza_saude,37,904,1,413.0,17.0,13.0,12.0
486a70e221cccfbe8225ee9dd580abcb,relogios_presentes,56,1419,2,300.0,19.0,9.0,15.0
5e57a146ccdca976190821a00a059ebf,perfumaria,43,837,2,411.0,21.0,19.0,19.0
6f59fe49d85eb1353b826d6b5a55e753,bebes,53,233,1,14300.0,41.0,40.0,40.0
0543393758e5da8203fc69c4e6707c75,beleza_saude,22,516,1,650.0,25.0,33.0,14.0
db7b4e39ca0f4246549e7f3034c2a125,moveis_escritorio,36,877,6,2550.0,20.0,32.0,35.0
2475f9f6b36857e1a35292cf761ffa48,artigos_casa,60,222,1,650.0,45.0,15.0,35.0
f80152c36d5600aabf3bf06bc8dddf8e,beleza_saude,58,1109,1,1363.0,26.0,23.0,21.0
4cae700683e540b8fe2cea0ab7e75037,automotivo,54,124,1,350.0,19.0,7.0,15.0
787049a00ace087394d4183387405ee1,casa_construcao,56,1084,3,450.0,100.0,12.0,20.0
187e7d92b8168c3661824809d0c5dffb,beleza_saude,30,1501,1,1900.0,27.0,9.0,18.0
dd72dc91b32e2ea6de828c39c805c7a5,livros_interesse_geral,26,409,1,150.0,22.0,2.0,22.0
191c65cf8988d6fab9bde989aef39d61,eletronicos,42,324,3,6200.0,22.0,21.0,18.0
c234a60a994181f45605566bef8fe3b4,moveis_decoracao,59,1104,3,2500.0,90.0,14.0,27.0
acd824083bf35614399164521e080a37,fashion_calcados,57,403,4,1400.0,22.0,12.0,33.0
4fbe3ca0032bccfba232332f06ed4146,artigos_casa,54,624,2,433.0,47.0,4.0,35.0
2e8034c11f2a68aa16e0411d016b9a28,relogios_presentes,50,571,2,300.0,16.0,11.0,11.0
33c18a3e86c00fca807265cf34354996,artigos_casa,50,88,1,200.0,36.0,4.0,28.0
34860130f02b097552587ed3af6fe8e9,relogios_presentes,31,590,2,700.0,20.0,12.0,15.0
0dcf825106493a9e9edd115860e709c1,informatica_acessorios,57,346,1,200.0,22.0,22.0,16.0
c9f7e5216cdc6556dcfe5cee1f05a88e,ferramentas_jardim,46,463,2,550.0,20.0,30.0,30.0
908cc1d3a4c57d9d802fc3872e396395,moveis_decoracao,45,225,1,2200.0,35.0,35.0,25.0
58a49d31cbfaa89fcb87b335ad0e2797,market_place,28,743,1,200.0,22.0,2.0,16.0
10cdbbacd25110d10f8cbe925ea7853f,moveis_decoracao,41,1191,1,8975.0,57.0,57.0,22.0
f89cd865cac300a9bf1320dd8f0fa223,eletronicos,45,868,1,175.0,22.0,12.0,15.0
e4ded0f268ce696528f196af41abc475,esporte_lazer,24,104,1,400.0,16.0,8.0,16.0
7776d83c2db3d88b275ab95137f7441e,eletrodomesticos,51,160,1,700.0,27.0,13.0,17.0
67c3a22492bcb6677d6ee56b8516f537,malas_acessorios,59,320,1,900.0,22.0,46.0,39.0
3c4223262d31fa35043380da246fb0fa,esporte_lazer,52,795,1,700.0,16.0,15.0,15.0
30883824e23864dee3988e68eaeddb21,variedades,52,330,1,1650.0,33.0,44.0,19.0
63bd0e7bb0fdb40cbd6777aa5c7d5a56,brinquedos,42,637,1,300.0,18.0,16.0,14.0
130482add9fd75ccb6c57ba007694a2d,informatica_acessorios,55,60,1,2800.0,40.0,15.0,40.0
8b21724e123534e3d718d53ae35684e7,consoles_games,22,811,2,1000.0,20.0,30.0,20.0
b4a47c0cbd9405faf99bd341602a206a,iluminacao,57,334,1,200.0,19.0,22.0,13.0
c777355d18b72b67abbeef9df44fd0fd,moveis_decoracao,59,695,2,3050.0,33.0,13.0,33.0
9b31e696365ea4d66a169a1767538f2a,utilidades_domesticas,56,562,1,800.0,16.0,16.0,16.0
48428054567e07738a70f9d2a9fa0475,perfumaria,52,1920,1,250.0,20.0,16.0,16.0
9cdea37a09cb505b1c3c5d4f50670032,artigos_casa,49,2598,4,6011.0,56.0,20.0,50.0
ffd7628b0b0b98ebc549e8e4c54a59af,beleza_saude,45,368,1,717.0,21.0,18.0,18.0
6cf8c57dbb76538b6edc7f914cf3c07b,fashion_roupa_masculina,30,364,2,300.0,16.0,16.0,16.0
3adb4888b6e99ae73176ac7979dc03a0,moveis_decoracao,6,254,1,2400.0,50.0,15.0,17.0
059ee207a4d5628c8aefe497c3d088f3,bebes,49,326,1,200.0,30.0,20.0,15.0
5f754b00e7c346bd070d33ffb9f006a7,beleza_saude,59,2910,5,250.0,26.0,26.0,11.0
bf1a9a02e2160143755052e6bf59740f,ferramentas_construcao,60,338,1,3000.0,23.0,8.0,23.0
0b1b6ca8b113c570aa56916becb81192,moveis_decoracao,53,1979,3,2800.0,69.0,11.0,11.0
943b5ef98806bd96e4f933bca1d2f130,artigos_casa,36,255,1,2000.0,38.0,13.0,20.0
413226ab18680c5c2e79a753f2fccd24,informatica_acessorios,59,1851,8,8900.0,105.0,12.0,52.0
cb7d42475660f66a519c76f55715cd32,telefonia,51,339,3,300.0,20.0,7.0,15.0
afe03a970bfcfb89d67682980d6ffed5,papelaria,52,756,5,450.0,18.0,18.0,18.0
5d8db2781143404c208939ae373a5317,beleza_saude,37,892,1,600.0,16.0,22.0,24.0
222684e29ad17ce818d1b01753c0cfb8,perfumaria,45,163,1,461.0,20.0,16.0,17.0
02f381f455650d4c7b90c96dc50a6206,brinquedos,31,225,2,175.0,16.0,15.0,16.0
629cd04871a85607710a2bc120766c0d,variedades,43,813,3,3042.0,37.0,15.0,43.0
04caadc7ea07eadcaa8513b4f6ecd8ec,relogios_presentes,55,443,1,300.0,20.0,13.0,13.0
b9255fa1436215fbff730a7f26be45bc,esporte_lazer,51,61,2,850.0,19.0,36.0,24.0
8435e69e8ca35cc17d3471e240ea0d44,bebes,49,1694,1,3400.0,79.0,11.0,55.0
6c09be1fc42a113b2f3e558d7df2f133,utilidades_domesticas,57,1058,2,200.0,23.0,7.0,15.0
c67cd635f352f381fa2936b55e744d37,moveis_decoracao,49,182,2,200.0,20.0,5.0,20.0
279c4f688c1562c5f221f139179389c9,utilidades_domesticas,38,298,1,350.0,40.0,10.0,14.0
d062241f27854330b57851b64d08d472,moveis_decoracao,53,479,4,500.0,20.0,20.0,20.0
e671b914e8cc916b75cecb4034143e31,malas_acessorios,36,560,4,1350.0,32.0,52.0,19.0
ecab3fa721d1b06c225f23c30f02eb5e,esporte_lazer,58,2738,5,175.0,22.0,9.0,12.0
0b91c29b24b0a2d575a42fd951fb0408,eletrodomesticos,45,257,1,350.0,37.0,9.0,12.0
34d25803f90d0109da75922858aa8aec,artigos_casa,39,472,1,650.0,30.0,3.0,19.0
ee278da6df2f0ca2905e9e38da106ba6,esporte_lazer,46,982,1,3000.0,36.0,31.0,31.0
4ca6bd836f1e0258402fef06caa9d405,brinquedos,51,449,1,1050.0,30.0,30.0,30.0
c6f91a747904e6f2a5164c862c3b6633,fashion_bolsas_e_acessorios,36,154,4,50.0,17.0,4.0,13.0
2b77f7be775706a00e4dc6e720c874a8,informatica_acessorios,59,898,1,200.0,16.0,9.0,12.0
f7cef2f234f46c6bbe98b435f9766584,moveis_decoracao,44,173,1,1000.0,37.0,37.0,18.0
765e8c5c6b2f88c6f972334e44113a20,fashion_bolsas_e_acessorios,23,1252,3,100.0,16.0,12.0,11.0
7894eb3a8e710261ef2d75fc714d51d6,esporte_lazer,46,163,1,150.0,20.0,10.0,20.0
183f50a31f91341dc02cc84279d16dcc,telefonia,51,750,1,100.0,18.0,6.0,11.0
019d8b8866a5555ac955b45ffd35e039,artigos_casa,51,425,1,1400.0,28.0,9.0,25.0
6d8a7c569e0db81df2d1589bc7c9af4e,beleza_saude,54,783,1,1060.0,20.0,17.0,18.0
317a8d8e17b2b10b8074de17b3ca6073,moveis_decoracao,63,438,1,100.0,45.0,15.0,35.0
1ceb0f188c42888c33459e15c22b2c8e,automotivo,60,160,1,250.0,25.0,25.0,25.0
917e3505d83fe52297f80ea916b42ed0,moveis_decoracao,58,870,1,25200.0,58.0,40.0,52.0
491067a4bc3ca4303e9fba74d629412c,alimentos_bebidas,55,314,1,4400.0,16.0,25.0,23.0
b627957ffcd19ace5037a5df4230d1fa,artigos_casa,58,610,1,1250.0,20.0,20.0,20.0
6e1e8b68a310487ba64941be76e630ba,variedades,35,306,2,400.0,19.0,5.0,19.0
c3960e12854082e89ed521ed468946fa,ferramentas_jardim,49,731,4,900.0,20.0,12.0,12.0
68a00c2c89cc59b345242ac379ee4b26,esporte_lazer,56,3859,1,1350.0,31.0,32.0,31.0
3dac223b855944e271f439d6bc318bce,moveis_decoracao,59,600,1,700.0,25.0,25.0,25.0
31bc2d2aa25cbb35531317216563b516,pet_shop,30,1541,2,850.0,24.0,20.0,24.0
726d7fdfe0fa5d6f13f13c47ddf88d8b,artigos_casa,27,143,2,275.0,40.0,48.0,38.0
97afd188bb555122d11925deb0052174,esporte_lazer,42,578,1,350.0,16.0,6.0,11.0
025dd9fac2544d8e7e3451ec87bc6511,artigos_casa,56,124,2,1100.0,95.0,8.0,50.0
b55dc1f03665edbb665ad508d87d3ae0,artigos_casa,47,444,1,150.0,16.0,10.0,16.0
b807683e40e7ea6ec8d74d34f2e02247,bebes,37,758,6,6300.0,50.0,25.0,30.0
e239c84103769e871ad1c08f6d05c808,variedades,60,494,3,350.0,45.0,5.0,35.0
774bf54401ea79ee6962d25b605716dc,informatica_acessorios,50,3014,6,350.0,16.0,16.0,16.0
01cf56cd6138b926a4802d16fc304149,eletronicos,43,3023,6,100.0,16.0,16.0,16.0
1d9c26a3cc1a9a167955e3922b597210,perfumaria,60,1038,1,200.0,21.0,7.0,13.0
e59ab191143aa47319536c1fb16c507f,automotivo,46,888,3,8500.0,62.0,62.0,41.0
d2f7e9449566eb0658d4f5092d71e8a4,fashion_bolsas_e_acessorios,47,130,4,425.0,17.0,4.0,13.0
3a2c32450609ca9f17e919385cc2c943,artigos_casa,57,542,2,11700.0,40.0,20.0,30.0
3a166c25c4271d3b28fdb6aeadc0897c,artigos_casa,60,715,1,1100.0,28.0,5.0,20.0
e9aa3fd3f316b44c85f671552a04fa4a,eletrodomesticos,55,251,1,50.0,17.0,7.0,13.0
e478d0bd1efbc9329837d30c174bb850,moveis_decoracao,58,314,1,500.0,40.0,15.0,40.0
14137f0fd56e4d0b8102dcfcc9b0a4fe,beleza_saude,41,801,1,240.0,19.0,12.0,14.0
b8fb835549196ef18695839a1a749584,moveis_decoracao,31,449,1,13450.0,56.0,40.0,36.0
8c0bd0d6526379599b74a3a006d4c124,variedades,,,,1000.0,30.0,30.0,30.0
11e02f2cd150fa54525a1109f61ea2de,perfumaria,39,270,1,325.0,21.0,12.0,15.0
c3e94fdf206628685c30b680cf222ca7,climatizacao,60,2697,5,7250.0,66.0,14.0,48.0
4271f6581bae7660067afe25ac05de2e,moveis_decoracao,55,2028,2,600.0,68.0,8.0,13.0
f74353ffeaa55836a3cf603a2dcd855e,eletronicos,47,397,4,5908.0,35.0,46.0,35.0
b573e2860f2732edf610345956e81bb9,informatica_acessorios,43,520,1,850.0,38.0,11.0,13.0
30bb6ba21f546713a3c72e22461c1a3b,fashion_bolsas_e_acessorios,37,428,4,800.0,16.0,9.0,11.0
be4247cbfa1bf907db555eed70cdca03,moveis_decoracao,53,586,1,2100.0,35.0,9.0,25.0
d8a314ed69c17df21051f28ca7af2e48,artigos_casa,53,282,1,975.0,20.0,17.0,32.0
13c1b4c5f9f4eb68afa4132342e73777,beleza_saude,36,862,1,460.0,24.0,14.0,18.0
c32788bc915b1ce4316822a1b7c4ec91,utilidades_domesticas,58,285,2,2000.0,28.0,60.0,28.0
1ebb6bef272babda147dfdc51b0201e7,fashion_bolsas_e_acessorios,48,382,5,300.0,16.0,9.0,11.0
00716e5593e8eea55dbe7a29b72a70bc,bebes,49,326,1,250.0,20.0,20.0,20.0
f3ea2d1b49592d576d19a27fc400392a,beleza_saude,47,2628,1,2100.0,20.0,20.0,20.0
5b62b580e3f012c16682b625be5b4ae6,esporte_lazer,36,205,1,500.0,25.0,25.0,25.0
aa7ace6965a30c1407687d1dea0c4aae,beleza_saude,42,711,1,1250.0,18.0,19.0,16.0
effee13a277ad762527b74dfe4160679,beleza_saude,45,946,1,1233.0,27.0,20.0,20.0
58ebe34ff100ca78de11d954b6bede1d,telefonia,60,3053,4,750.0,16.0,8.0,16.0
f0a5096279c53570c100d835b780956b,esporte_lazer,57,845,1,313.0,20.0,14.0,12.0
34cccfd20accc19f71b0eecf4106331b,esporte_lazer,34,839,1,117.0,16.0,11.0,12.0
d89ba268c7abe3819f2d39f0a359077c,esporte_lazer,57,793,1,3200.0,30.0,30.0,20.0
32ee76b2523aa4225a3417496bc7d5bd,telefonia,41,93,1,50.0,18.0,18.0,18.0
3cdff94d5455b793b415be775cace03c,beleza_saude,54,340,1,250.0,16.0,16.0,15.0
c3ba4e8d3cb30049213b682e751e9d00,relogios_presentes,58,737,3,350.0,16.0,2.0,20.0
ced8603db04f6be58509e9019dee29fd,informatica_acessorios,60,249,2,900.0,38.0,24.0,14.0
196a8ebab62f48072dc189014d46a8d3,ferramentas_jardim,40,430,1,150.0,20.0,15.0,15.0
3c5fc4f6c055819eb7e2853e9fe08bb3,papelaria,45,103,2,300.0,24.0,7.0,14.0
9d82a263e18f0b5ede827b8dd9825e74,artigos_casa,49,215,2,1600.0,35.0,15.0,23.0
90f2ead613083f79ff1beeb9a0139aef,ferramentas_jardim,54,335,2,600.0,24.0,10.0,16.0
0e2d365a247d105fefc31b17ab8706d9,perfumaria,35,503,1,430.0,21.0,11.0,17.0
8d18683df8f2659e9c67c3977bf05376,esporte_lazer,48,978,1,400.0,33.0,21.0,27.0
b560b8ea76437c088ea9a83c49316fb5,perfumaria,49,373,1,433.0,24.0,12.0,15.0
c938aead190afc62a55dc7bde80c5a24,moveis_decoracao,60,2010,2,1450.0,69.0,11.0,11.0
efec0b0b076ce3f164b80145743ebc02,brinquedos,8,304,1,245.0,18.0,12.0,13.0
3104dbf304c25fa1812a11ad924f8b57,flores,55,235,1,600.0,30.0,15.0,20.0
4eff4dd8918d15c9a308a9645d353807,bebes,55,1627,1,600.0,20.0,13.0,13.0
01078a94cb29913dfda1a962fd4e3400,brinquedos,40,302,1,268.0,32.0,15.0,30.0
bfb76bd20f67223309240df0b98e1a29,beleza_saude,55,1344,1,350.0,16.0,21.0,11.0
b13b41e7467cf4ec18fceb0c4b0e6220,utilidades_domesticas,55,388,1,1450.0,58.0,12.0,43.0
c858f88f3de50584c39e8b4fafdd7d61,moveis_decoracao,57,2010,2,1450.0,69.0,11.0,11.0
91aa52c1ac115bf6dad8750700e06d2d,ferramentas_jardim,45,463,2,550.0,20.0,20.0,30.0
ccd686475dbff77b93871eae4754526b,brinquedos,60,528,2,3850.0,47.0,15.0,45.0
002d4ea7c04739c130bb74d7e7cd1694,pet_shop,59,1295,1,200.0,20.0,11.0,11.0
ef5ad80d84199def6971cac1eec1bd0e,beleza_saude,39,707,2,2700.0,37.0,23.0,39.0
9decf6aa56f42bbf1043166135ef58bf,moveis_decoracao,58,272,1,250.0,24.0,3.0,12.0
e45f2a329621593cdfa31be2b8a3bb3a,artigos_casa,46,494,1,8900.0,48.0,30.0,35.0
144eead70e4afe55d6c90ce7b884af2d,moveis_decoracao,45,786,2,1100.0,45.0,45.0,11.0
0ea04fc101523a27bb53845d14d7d809,ferramentas_construcao,52,303,1,100.0,16.0,35.0,11.0
b8b8c1d09039868046cdc2251e973b1b,artigos_casa,58,419,1,2250.0,40.0,6.0,30.0
5257dd683d8359dff1b1359ee84bee76,artigos_casa,54,210,1,450.0,16.0,10.0,16.0
c44f0d673c45ce6da7e7ace44ce5d14e,moveis_decoracao,43,1227,7,200.0,35.0,3.0,20.0
cff0d5ff45d091f27fcc58876b8d271c,moveis_decoracao,63,458,2,700.0,80.0,10.0,60.0
2a7841348f24a00ee83641784f88f9b4,automotivo,52,247,1,100.0,16.0,6.0,20.0
897238958781769d5c277043c154a3df,bebes,25,616,2,450.0,20.0,12.0,20.0
c10b1461f47aa6d9c8aeddb05b239c4d,brinquedos,36,439,1,881.0,38.0,19.0,28.0
47142ed1919db60640a061ee6dabb534,moveis_decoracao,46,704,2,1000.0,38.0,6.0,32.0
bef6177f54efb9a6218e124b629fc152,perfumaria,42,850,1,510.0,20.0,13.0,15.0
7f0362988b16ac7b5f65dc5fd0fbc77f,telefonia,47,317,2,100.0,16.0,7.0,11.0
86abf4f5e857dc1175d06e7373b59be1,informatica_acessorios,49,385,1,350.0,16.0,2.0,11.0
455b873508b9eafb991bc7576ae40c78,livros_interesse_geral,19,313,1,150.0,27.0,2.0,19.0
b709188b458871de07fd90a08dbcd1f0,telefonia,62,360,2,150.0,16.0,4.0,11.0
10a21a549ce4ea6b6218d0f6a235d1f6,moveis_decoracao,63,626,2,2400.0,38.0,7.0,28.0
16644bd7e1afa400c4039ea1be1b974c,eletronicos,52,1356,1,450.0,22.0,16.0,16.0
6bb6751c4f7ac43f6bce0db364615ae0,moveis_decoracao,53,1785,2,450.0,25.0,28.0,28.0
21191f1db2fabc46b8ae34857a3b130a,esporte_lazer,40,806,1,450.0,19.0,22.0,19.0
24270aa37ba68dcc6be98dfde14da3be,malas_acessorios,57,425,8,900.0,35.0,10.0,22.0
1c42a107473d6b20db8ac7772b870e33,artigos_casa,50,164,2,1900.0,25.0,10.0,25.0
f17ccf83f9deba389fc0a010257e949a,perfumaria,44,731,1,500.0,20.0,20.0,30.0
e988092a8afe5d9393a5c3a7ca17691c,audiovisual,36,337,1,400.0,23.0,3.0,23.0
9356e329596e5fc475c12883ff743f0b,informatica_acessorios,57,900,3,13900.0,45.0,15.0,24.0
95a10f05868096cb2180c6a0bfbbbc39,artigos_casa,49,148,1,550.0,40.0,4.0,30.0
952a2fb95f913c10c33c1e509c7b8d9a,utilidades_domesticas,44,209,1,133.0,35.0,11.0,32.0
a2767073e632cd6f8d0be8a1f40f0921,esporte_lazer,47,908,1,600.0,22.0,22.0,22.0
aa8dbe0ebad6906e9253479e1027185e,utilidades_domesticas,53,537,1,850.0,25.0,5.0,20.0
2c5f07b082ffff0814efe5fb5683d62c,fashion_bolsas_e_acessorios,52,73,1,200.0,16.0,2.0,11.0
5850cdcd591bf91b931a59143bed34ac,fashion_calcados,35,222,5,500.0,29.0,12.0,23.0
6cd26b425f717a6d9202bc287c9d5e6d,automotivo,56,520,6,100.0,24.0,2.0,17.0
649384ee46077c17e3d12514211bfb59,variedades,,,,600.0,45.0,7.0,30.0
ceb508df59a2a7fd3bb60e34fba484a0,informatica_acessorios,36,456,1,3188.0,35.0,22.0,32.0
596faa581e9b1ca7d28a1c0777a8423b,brinquedos,33,739,3,500.0,20.0,20.0,20.0
efa9bf5559d026b9872259f29b7304dc,utilidades_domesticas,26,330,1,8850.0,61.0,15.0,58.0
28eb0810de6fcd773c77f246f2291b14,variedades,57,1142,1,6700.0,57.0,10.0,17.0
88774687a8883c2c512e37de090bc725,variedades,55,745,3,7900.0,44.0,21.0,38.0
660b5f38348490e8e14f63deb7389bf2,bebes,39,688,1,990.0,29.0,19.0,25.0
32d058f0f2989cd05c927c0f481a1e43,automotivo,57,1660,3,550.0,16.0,21.0,18.0
b57469faf40b556e16b9a49308953700,artigos_casa,55,601,2,6700.0,50.0,20.0,40.0
338a394da06eb5deff048f151d13151e,moveis_decoracao,56,546,2,100.0,16.0,16.0,16.0
6d68112743e7ed2de3932554b033f544,livros_tecnicos,51,449,2,500.0,90.0,11.0,11.0
e8858707cf7f1edb99f79d50b42717d8,utilidades_domesticas,52,673,3,200.0,21.0,8.0,15.0
38fe6c6d09fdd00ab33136f622b36788,moveis_decoracao,57,241,1,2200.0,40.0,8.0,35.0
f9c53415ce6208572e4b6128e11c9c00,telefonia,47,333,1,125.0,19.0,4.0,11.0
20a5aefe5c61d9047acc46a0970e4908,utilidades_domesticas,41,218,1,775.0,19.0,26.0,17.0
1d373b3e02a3212aff33054cbf30abf1,ferramentas_jardim,59,394,3,273.0,23.0,14.0,16.0
76f520fa5e8912001989fa3fd6530d94,automotivo,35,2507,1,250.0,16.0,20.0,11.0
211231e0c3e424340de9917591f863b0,eletrodomesticos,45,238,2,2450.0,64.0,6.0,55.0
a6d11caea18ae416c4861a5a9f9711de,relogios_presentes,41,491,4,433.0,22.0,24.0,19.0
5fabb51e7d99bb9d824b30a637c36595,bebes,54,1206,3,1200.0,42.0,25.0,15.0
0a783d7ce18a37749c3a059cf829564b,beleza_saude,58,2879,1,200.0,18.0,9.0,14.0
3787e7ea150c3a54578d3f58b133f9bf,variedades,59,946,5,900.0,40.0,17.0,18.0
feba83b90adfde26a6a944dee721e573,beleza_saude,59,270,4,200.0,26.0,3.0,11.0
56d708cb5ce58c2040a3b18a0cb33497,telefonia,47,729,1,250.0,18.0,4.0,12.0
c307a1d1c7d01a99a5a2838efce96202,pet_shop,32,463,1,300.0,20.0,10.0,11.0
6fbb0abf0f08af0f649fc1d6372e02fc,esporte_lazer,25,675,1,300.0,28.0,25.0,25.0
948cf1d0e3086dc58ca7332b39abda1d,papelaria,54,259,1,5850.0,60.0,20.0,29.0
6255356ea20f71ebc7015ca970718bb6,moveis_decoracao,58,364,2,500.0,26.0,16.0,14.0
7c5eedf954659c8014c0671ba5e1b99b,artigos_casa,50,111,1,2200.0,40.0,15.0,30.0
e35be783353a30d36b6facc6524b5f64,informatica_acessorios,58,216,1,100.0,16.0,8.0,11.0
cfba8f6c12ed108481d6879597b7b521,iluminacao,53,568,3,450.0,16.0,16.0,16.0
e122fc0e32b49bd6dec4d37d5d90691d,telefonia,58,1235,2,350.0,21.0,11.0,13.0
50504a602afeb7a2822ea65f1bed8f36,ferramentas_jardim,38,206,1,300.0,16.0,4.0,21.0
137b399a767859264d48a03aed54440d,pet_shop,23,608,1,119.0,18.0,12.0,14.0
11147e87671eec98729e98e8e38c868b,automotivo,39,806,1,8650.0,48.0,24.0,45.0
85cdaad7591c6b04ee56edf0a4407a5a,automotivo,59,837,3,150.0,16.0,3.0,11.0
fa0bace68b883626200a9047a5ea10ca,beleza_saude,49,876,1,543.0,30.0,12.0,16.0
edd20240c53344e2b0706e2d2b09eae3,automotivo,56,233,1,5000.0,67.0,20.0,23.0
d4937a7e8d3db0f265d1f0302308bb12,fashion_bolsas_e_acessorios,47,1437,1,200.0,16.0,2.0,20.0
500870614ddcf5bd84f7d26861026c8a,telefonia,58,434,3,217.0,18.0,4.0,13.0
2c14830d33060649974768f49b7abd89,bebes,50,1075,3,1100.0,42.0,25.0,15.0
9af16e9f03d54065042ad4bd257ed5b0,perfumaria,33,1575,2,900.0,20.0,20.0,20.0
cd322544c79e58e64b103bdceccc507e,esporte_lazer,59,722,2,150.0,16.0,5.0,11.0
8b8b30bd6b299fdb35de1da9e288014e,iluminacao,58,588,3,600.0,47.0,8.0,13.0
8aea198b4506fe321e998a858a2e39c1,consoles_games,33,625,1,150.0,20.0,3.0,18.0
3cf8d433fe3db3e76fcbf8197ad40b5b,variedades,44,501,2,11700.0,35.0,20.0,35.0
d4f03ebb492cf8136ab51422b4df8561,climatizacao,56,1608,1,350.0,16.0,11.0,16.0
c2d230b1474e8cffda72ebcc71c5cbb4,telefonia,58,1838,1,125.0,18.0,5.0,12.0
7effe7b3745b7b2fd86e9a844807421e,moveis_decoracao,27,598,1,6325.0,37.0,41.0,37.0
b552f05d01ef252ee3a1855af6f8dd1b,variedades,,,,1300.0,30.0,15.0,22.0
5d84f18aa629a66a4e7e0919e414c724,moveis_decoracao,41,750,2,900.0,30.0,6.0,32.0
fad3ac91e2ae2e3e0e3f0bed36a565b8,artigos_casa,60,597,1,6600.0,30.0,30.0,30.0
2454302057bca58015b4674cc2a6d9a4,relogios_presentes,36,672,2,600.0,19.0,14.0,15.0
701ecef2b9b7bc7890d896dd1a691656,eletronicos,47,1140,3,100.0,16.0,7.0,11.0
cc71cac6380211ba2e17e2b35459488b,jardinagem,55,2039,6,215.0,21.0,7.0,15.0
306599a052830af3cfebe42ee7a79dde,utilidades_domesticas,54,354,1,1250.0,30.0,30.0,30.0
d5766f73a7ac018222201ecba2b79018,utilidades_domesticas,43,116,2,350.0,26.0,9.0,19.0
35b1777d7b1b0e7839a9d0bd138f4c76,beleza_saude,38,398,1,300.0,21.0,9.0,15.0
4b5ab3be3c6e52d0a7d6ba17bf6e6246,esporte_lazer,55,967,2,3000.0,30.0,13.0,25.0
cdf516ee3c66d21bf05ed94c812a2642,beleza_saude,37,360,2,300.0,27.0,5.0,16.0
37a0aa952d52e1141cd6e9b489a82f4e,bebes,55,934,5,400.0,29.0,36.0,15.0
8640f0c0e2d0af93274cad7452f80034,beleza_saude,45,1685,4,1300.0,27.0,12.0,19.0
34f99d82cfc355d08d8db780d14aa002,pcs,59,2009,2,25950.0,39.0,95.0,42.0
f43650d60d36b1668f6e5dd41e27f2f6,relogios_presentes,57,808,2,350.0,16.0,2.0,11.0
135cd53710b2e374b08e9a4609d6c053,telefonia,33,687,1,100.0,19.0,4.0,11.0
3ebec228f65dffbc25c2ee1b8a84d176,beleza_saude,30,500,1,397.0,16.0,19.0,14.0
284baaa8749f5600668aa5e042689bfb,automotivo,60,1126,1,183.0,17.0,8.0,16.0
9e86427a5a9119af3ad32f27ccd9df52,esporte_lazer,42,333,1,850.0,43.0,8.0,19.0
4673b61bd1649eb349682ceb2449e34b,artigos_casa,43,100,1,200.0,23.0,3.0,16.0
df4fd40ed581541a23712510b6ef6588,automotivo,51,1788,1,800.0,24.0,17.0,17.0
34ca28e1d0a2055f325d4275bad02073,utilidades_domesticas,60,1256,7,3300.0,32.0,29.0,51.0
537308c83230d0d9e9d2bd41978291e1,esporte_lazer,35,455,1,13250.0,90.0,80.0,11.0
348407526b313324614286eabdc21bb6,pet_shop,46,2015,1,250.0,18.0,18.0,16.0
f03a17295cb505e5cc28920af1c36739,perfumaria,34,582,1,166.0,18.0,6.0,16.0
f045dc40e1d54d2f70286e4cbb07a357,casa_construcao,50,898,5,550.0,17.0,26.0,17.0
0705b33fb285827a578fce4899f1b921,esporte_lazer,35,650,1,400.0,95.0,6.0,47.0
6cd51331a07b84149502aa6c9c5b536e,perfumaria,49,537,1,183.0,16.0,10.0,14.0
8dcfa66b623ac8be55e9b005121f3ef4,bebes,39,449,1,1000.0,28.0,21.0,33.0
ecde2a586c71d84ed72298305dee1a31,variedades,58,989,1,2200.0,42.0,25.0,15.0
5dfc5bdca7ee27155face9d4e89201ae,artigos_casa,46,370,1,900.0,16.0,10.0,16.0
bb97ffd9ad088f593995b5b26dc9c24e,eletronicos,60,692,3,1167.0,33.0,6.0,20.0
26d7caa7e5b0fd27401cea553f5fce36,utilidades_domesticas,54,285,1,200.0,26.0,3.0,21.0
9077a120c5f0a94bf904d737b07e116f,artigos_casa,54,289,1,4600.0,43.0,15.0,39.0
f12a26f5ddd49ba9e1bf0ec9d0239326,beleza_saude,31,229,2,250.0,16.0,5.0,20.0
f3d1c2c26a2b8f3398af192dfdef56be,fashion_bolsas_e_acessorios,58,1666,6,100.0,17.0,5.0,18.0
be59d6c35e43e4bae41772d4b87136a4,artigos_casa,59,276,1,2250.0,45.0,15.0,35.0
dff77495e86ee63b26d521d2b196ad0d,ferramentas_jardim,41,276,1,2900.0,16.0,12.0,37.0
5e653dd3f194d07f140e40878ba2ba5f,esporte_lazer,47,203,1,1250.0,16.0,6.0,12.0
b7e524f8ef0d4d4fe3a7a57fcc5c9073,informatica_acessorios,38,247,1,1000.0,18.0,9.0,16.0
1ec18a242e7ed004de8161b60f0262b1,esporte_lazer,59,628,1,250.0,19.0,6.0,16.0
ee3d41c81fc9573f585d13bd61ce58f6,utilidades_domesticas,45,890,1,1500.0,25.0,40.0,25.0
21dd96fd31df21001d8e5b7a3fac9335,variedades,,,,900.0,29.0,11.0,23.0
cbe2aa650a14213dce463ed56755e979,perfumaria,56,764,1,350.0,22.0,13.0,15.0
6edaba24cba3dd6d13058f286c80915e,utilidades_domesticas,58,838,1,850.0,16.0,30.0,11.0
2cb7610ce5b2b73be631121560aeecaf,artigos_casa,57,217,3,6850.0,50.0,20.0,40.0
1f7d5ed869623b79db194aaed277d963,esporte_lazer,56,2274,1,2600.0,22.0,22.0,22.0
9d90d49f34e41063f6dfef45c7db750f,automotivo,59,265,4,1000.0,16.0,5.0,16.0
3801834fa30c52a5aaa9508b3eb15b50,esporte_lazer,57,199,2,1500.0,35.0,15.0,27.0
b5720c9a8470f38c0dfc96aaa5d14208,relogios_presentes,59,729,2,700.0,30.0,30.0,30.0
0736b2e56f06e14d3aa1bef54de26052,telefonia,33,367,3,75.0,19.0,3.0,11.0
caaae4f9fe7a77459a25c4f4ef0945e1,moveis_decoracao,55,1963,5,1200.0,69.0,11.0,11.0
299273104a3a302b82ad5f9aa93d6d91,casa_construcao,52,1150,2,650.0,33.0,13.0,13.0
bc7783fa09789dd5984d2c9213413a97,beleza_saude,58,1665,1,175.0,19.0,14.0,16.0
518ab602253d96d56c7e45d473572f58,variedades,,,,17300.0,65.0,35.0,35.0
05a4cea3c80d33b04145946e6c5e0fa9,ferramentas_jardim,50,536,1,850.0,22.0,7.0,17.0
73633011389f961c581431b839cfe9e9,pet_shop,54,1069,2,1600.0,50.0,20.0,40.0
1e2841e311d4b0bb5cd837dca5ada1c7,pet_shop,49,246,2,200.0,20.0,8.0,16.0
36b50a27073385708daa61349abab777,moveis_quarto,38,538,1,6250.0,59.0,9.0,37.0
ddb6b29657e50476a9698d4606bb6471,eletronicos,53,1461,3,12500.0,35.0,30.0,30.0
10be3a54fb1b2a42ee3ed8c9ee32010d,moveis_escritorio,41,2433,1,8200.0,58.0,20.0,58.0
c6ce25f40e2feb55d390810e72ee44f0,papelaria,45,286,1,150.0,16.0,5.0,16.0
bb3c156467b262f4c99996ded3351eee,utilidades_domesticas,42,158,1,700.0,26.0,17.0,21.0
a396c58c1c3c3bc927aa57ed987a75ec,relogios_presentes,57,624,2,270.0,18.0,13.0,16.0
955ef07f4e61b2033c9d6af6a6b61783,artigos_casa,54,290,1,1700.0,34.0,9.0,33.0
e5eaae7d68dab0ac80b3a5bb888f33f0,fashion_calcados,34,240,12,200.0,29.0,7.0,16.0
69029de1e1a2dc6e3fd6a063f3cad923,eletrodomesticos,59,731,3,5450.0,45.0,25.0,28.0
9a2baa159a216dcc9eb422cda7271ba8,brinquedos,24,471,2,512.0,27.0,21.0,24.0
ade1e672b7fac77461fdd5d77612e45b,automotivo,59,335,2,1400.0,45.0,15.0,20.0
61eee7a9f1884caed59c316047c5832f,papelaria,58,778,4,1200.0,22.0,13.0,16.0
8896b8c893a3dc9e5a6d10e00bada716,esporte_lazer,50,1882,1,500.0,16.0,7.0,13.0
4074fd19b30333e6cef7f658d672beef,beleza_saude,59,1460,1,1200.0,30.0,30.0,16.0
7b64009f7a8f64bb448a5e1ec3a4fd04,utilidades_domesticas,41,472,3,1300.0,22.0,22.0,22.0
01ece5f98b5fe510881404f92229a49f,artigos_casa,55,638,1,900.0,16.0,10.0,16.0
69e4611a0bf0f672e3a83b719cdb76ab,telefonia,63,474,7,150.0,19.0,5.0,11.0
f699f028e07048734e21b89d3d14e5b1,artigos_casa,27,361,1,750.0,31.0,18.0,39.0
edb0a8739ce7457ff4767a85d6aa92e2,fashion_roupa_feminina,35,436,1,700.0,20.0,20.0,20.0
79f9bb25cea215b868332aac0125c4f0,utilidades_domesticas,58,533,1,1100.0,27.0,24.0,27.0
3ff718959f57e5a5c7e17ee1af98dc10,esporte_lazer,56,491,1,200.0,22.0,15.0,22.0
430e5eb549078d5eec4e5d1ec529c622,ferramentas_construcao,60,1104,1,1630.0,18.0,15.0,14.0
80298f0be0af5a4873f12e2521515281,beleza_saude,48,523,1,275.0,18.0,6.0,13.0
d68be217281ba1c20f23f94781f29ba4,utilidades_domesticas,28,631,3,300.0,40.0,5.0,30.0
297dafe95cc452ec731fce535139cb4d,esporte_lazer,35,581,1,6200.0,40.0,11.0,15.0
1fe459940e7d5e442ac6c1ee4d137989,alimentos_bebidas,60,634,2,1250.0,30.0,21.0,21.0
8fe1065427012c8b98629be50f60c193,telefonia,39,365,13,50.0,16.0,3.0,11.0
73824b1ce8126cd05ce6e1a0aedb4797,relogios_presentes,36,563,1,650.0,18.0,10.0,16.0
3b66a296f7f9d4a5aa79ca89f460af73,eletronicos,56,513,1,350.0,16.0,35.0,25.0
f07602cce8d54d74a2f2c4a1115c7aad,ferramentas_construcao,57,686,1,400.0,19.0,6.0,30.0
bb42b10bcaba6e4a309df375d6fb38df,livros_interesse_geral,27,325,1,500.0,23.0,23.0,23.0
06f756df8d80309915285f3ee6ea1059,malas_acessorios,45,1333,4,700.0,16.0,40.0,40.0
4464ecc5c8cd38eff5beae1484f80166,informatica_acessorios,21,181,1,917.0,21.0,15.0,11.0
ec47fd0f78acfea66534a4f3180d09fe,esporte_lazer,51,779,1,1250.0,26.0,31.0,26.0
261dc97192b478e60fd1318cd0650618,utilidades_domesticas,47,811,2,1200.0,36.0,15.0,22.0
ab674fcb1f06bd16dfbca8d91f016391,moveis_decoracao,42,1478,1,300.0,16.0,2.0,11.0
2f70d0014f90ab5fc20eb80dbb96e5dc,artigos_de_festas,36,272,1,750.0,16.0,19.0,14.0
e07c8b5e1f3d869bd921dc22a889e2e0,utilidades_domesticas,48,1605,3,880.0,26.0,28.0,26.0
9cd79ac3aef250c2bdb124ba243ec5bf,eletronicos,50,49,1,200.0,16.0,16.0,11.0
2f46e035eccda1e1e2127096bb7483e7,esporte_lazer,55,1920,3,1800.0,28.0,8.0,15.0
d7ca73b6844890e4ec8c2f02967dd45e,pet_shop,13,910,1,150.0,16.0,16.0,11.0
9a93cf80200ed48a8c1ef4757ca1b92b,eletronicos,47,1364,3,800.0,30.0,25.0,30.0
19f78d4a9dd029e7a9115a8e1d5ccd94,artigos_casa,51,188,1,1800.0,50.0,7.0,35.0
e604bde09d664bc81fa08c40480c94a6,beleza_saude,46,296,1,15225.0,57.0,18.0,52.0
b23a6d2e943df2a8248577f6523580ce,informatica_acessorios,62,179,2,350.0,35.0,35.0,25.0
99a5870492a7bc363e2098a4bca9d49d,moveis_decoracao,51,2261,2,1600.0,53.0,8.0,11.0
163da86e86f0089de089399c28c3fcbb,informatica_acessorios,60,407,3,400.0,16.0,3.0,21.0
5e55f49fd372a399eda3e1888157c8f3,brinquedos,40,529,5,275.0,20.0,10.0,20.0
f79d8b06296298b788c13ecf27b9a9c1,brinquedos,43,787,8,2500.0,16.0,19.0,16.0
67d9cf5b0dc7a0b9fb091efc68b14140,eletrodomesticos,51,502,2,17000.0,42.0,90.0,22.0
fecf6223a3494f35362f670e571d2a04,esporte_lazer,49,403,2,800.0,42.0,36.0,25.0
57552a168008a60472e3e6bb351422e7,bebes,41,774,2,300.0,59.0,8.0,36.0
d9f29c5e92ade1d2ed40235c56445b58,automotivo,51,758,1,26400.0,78.0,78.0,27.0
bb80645f347f26e0a4da138c7b2745aa,variedades,,,,1300.0,25.0,32.0,23.0
d8722b339cfc97d60ea267aaab121c39,automotivo,59,661,3,875.0,60.0,8.0,33.0
c927fb6e90732272045f357a48eaf58b,artigos_casa,53,222,1,5950.0,40.0,20.0,40.0
83b23a333b811855258c5ec9431f6d3e,beleza_saude,51,247,2,200.0,25.0,10.0,20.0
fb5ba6890aa3a43eb655c59feb56f68c,telefonia,58,776,6,350.0,17.0,4.0,12.0
03a8d0921d804ba08d3da40064a4e281,utilidades_domesticas,57,1299,1,600.0,16.0,25.0,13.0
1ba045cf3a974c9b36bd1f6f0383ac8d,relogios_presentes,47,726,2,200.0,16.0,11.0,11.0
c8ff3d9fa791c9b40a3c54a5da2394f2,utilidades_domesticas,60,590,9,6600.0,46.0,31.0,37.0
b8def86c427b9c1abe269729fce7612f,moveis_decoracao,56,901,1,5600.0,37.0,25.0,36.0
1b363f393faf61f11af873b840645eb9,artigos_casa,55,246,1,1050.0,38.0,10.0,38.0
62a5a3de0af802fb3718a83c74c3ff8d,beleza_saude,59,2456,1,2750.0,25.0,16.0,18.0
a130d292151d4bc3d785f3404eea8d96,brinquedos,47,406,3,1875.0,35.0,23.0,28.0
7dd9fed6514b8c8d3c4e2a9ec6f96e8b,livros_interesse_geral,59,1041,1,1050.0,30.0,5.0,20.0
84d866290cb98a0253e770a862679579,beleza_saude,30,2506,4,400.0,28.0,5.0,18.0
033c52084417b98d716d863d8bd11fba,automotivo,56,1144,1,600.0,30.0,20.0,20.0
d0573117d52fbdf0f51b575d408668cd,relogios_presentes,47,858,3,300.0,16.0,7.0,11.0
7fc9ddb575be2fd4783d8a2207f664b0,bebes,23,616,1,888.0,38.0,23.0,29.0
7c1af6529d6dc15a19b722e39f20db2a,artigos_casa,53,381,1,600.0,16.0,10.0,16.0
6adb884908249193959d741606300ab0,relogios_presentes,45,2029,2,350.0,18.0,13.0,13.0
e1c3325750402ab195a7759f01efa494,variedades,,,,13400.0,40.0,30.0,30.0
ea6617ab48bb467d615214e7de71c864,automotivo,20,551,1,300.0,20.0,3.0,16.0
126e10207113f69a199d56984e194d62,esporte_lazer,42,802,3,1000.0,23.0,23.0,23.0
bb0b9e9816a548820fce168271eaec29,esporte_lazer,56,892,1,5950.0,20.0,11.0,20.0
1d682cfba05647a5231ac20cd77e6645,automotivo,56,626,1,6525.0,65.0,11.0,65.0
346347724291a3ffbb5f5778e31a9fca,beleza_saude,31,1393,1,150.0,16.0,5.0,17.0
0f398da178a64533d9576940656d23cb,artigos_casa,55,382,1,2600.0,47.0,21.0,41.0
d915345cf6ab72f6efb99f28633c3487,beleza_saude,33,1622,1,125.0,18.0,15.0,17.0
37b975d07892522e3022d5f87abb097c,artigos_casa,51,353,1,350.0,20.0,25.0,25.0
5bd3ba44eb990450377a2cd863821cca,utilidades_domesticas,33,1047,5,4755.0,43.0,40.0,31.0
e9194103b1566094214eafb456b976c8,beleza_saude,33,955,2,300.0,19.0,7.0,12.0
2c28b6fda526be32ed276b4dfc421acb,fashion_bolsas_e_acessorios,52,1431,1,200.0,16.0,2.0,11.0
b20858dd0cc1115e2fedb0f48867495d,fashion_calcados,49,375,6,300.0,29.0,7.0,16.0
e398924df814f49525ebf68af637b1bc,beleza_saude,37,939,1,2575.0,18.0,30.0,18.0
669fa1d24065522c00675fb575c1adb4,beleza_saude,46,1607,2,150.0,16.0,2.0,11.0
4211583ce8f0b2bfb7471b49d9bacbdf,artigos_casa,59,1814,3,250.0,16.0,22.0,11.0
281905b21f01db1009fd7c01b10dd1d4,moveis_decoracao,51,1923,2,1650.0,60.0,7.0,14.0
3006b8f5b476750a03137c1b2755cea1,informatica_acessorios,44,2911,5,100.0,16.0,16.0,16.0
4a52db5eba2f48f7f5454ada6ce3d56a,perfumaria,39,1088,1,185.0,19.0,19.0,17.0
c917cd48f8178bc6e1e4bf902c7e0b83,telefonia,58,777,6,300.0,17.0,4.0,12.0
dc77c9e552aae599c974af32f5a0512e,utilidades_domesticas,47,238,1,200.0,38.0,18.0,27.0
1a0971a6f39f04118207a7308d451e9d,papelaria,57,353,7,5850.0,60.0,20.0,29.0
1a09c4a332f5df9d0b846c482e93cc3d,esporte_lazer,39,979,8,3900.0,90.0,20.0,25.0
85156b6f3e9ba85d83b17b0c3c8cc627,artigos_casa,59,704,1,1650.0,40.0,15.0,32.0
696c39c44288187022347dcb177ac304,informatica_acessorios,50,1112,5,950.0,35.0,11.0,11.0
09bff1287f903ed3e712f6595861db98,fashion_bolsas_e_acessorios,38,229,1,100.0,17.0,3.0,12.0
4726c649b4256341f0355d3e12edd53b,fashion_bolsas_e_acessorios,40,443,4,150.0,16.0,5.0,11.0
8474d936fee23f0c45620cc2022871cc,artigos_casa,57,217,3,10050.0,50.0,30.0,40.0
e68a066cb80e14f049aa01ede58bf0f6,fashion_bolsas_e_acessorios,52,1519,2,300.0,16.0,2.0,11.0
220a2b9dd1e9990876de0ac999e1a33c,utilidades_domesticas,53,475,3,895.0,10.0,15.0,14.0
1b0e9a414e59a00b13262ffb248ed9b4,alimentos_bebidas,57,400,2,262.0,28.0,15.0,20.0
317ac060ed225d07050a819ca208d66e,ferramentas_jardim,41,406,1,5500.0,18.0,12.0,58.0
5f39447057f5cc7964f30ec06ebf73a1,beleza_saude,46,632,1,650.0,25.0,12.0,19.0
8e30f17e8689a168dfee27521e218e75,malas_acessorios,52,186,2,225.0,42.0,11.0,14.0
5b394e3d290882de22e0207c7027fdb5,alimentos_bebidas,17,563,1,400.0,20.0,8.0,16.0
6d15a14a5c04e3ef315ab136bd824d72,ferramentas_construcao,51,475,3,8900.0,43.0,13.0,39.0
7cbe64a84bc3fba260c50858e7d402d6,beleza_saude,52,395,1,700.0,18.0,20.0,18.0
7b3b38b62de0edfa802192d5c18d5489,artigos_casa,60,188,1,1300.0,46.0,2.0,36.0
86a11a09edde2267675505fc4d56d9b0,automotivo,53,1209,4,1600.0,30.0,30.0,30.0
8a8e4166f51f98d56dfe007218a11a0e,esporte_lazer,44,305,3,1507.0,28.0,11.0,21.0
d4e9d0634c70e3f0be7440253184625f,pet_shop,57,660,1,250.0,16.0,10.0,11.0
ff60ce007cb42cd9786f49d262a97672,eletronicos,48,1221,1,200.0,17.0,6.0,13.0
fc931a514a3e080c336911cccd59145b,automotivo,22,721,1,679.0,20.0,17.0,16.0
728b05c29f6264ed83982354d261654a,moveis_escritorio,54,1200,1,9000.0,53.0,51.0,18.0
da3e3306dfee58ec66950224efa97b47,esporte_lazer,43,960,3,1050.0,30.0,30.0,25.0
441bf12dfcffc687efcdc235669c55dc,utilidades_domesticas,55,594,1,300.0,22.0,12.0,18.0
7a154a9688cf00bcf5b4e0bde3c9b193,moveis_decoracao,58,603,1,8200.0,40.0,35.0,35.0
32e202f81d83d895e4c8847003bfa07e,seguranca,34,249,2,250.0,29.0,37.0,21.0
96e46c5d63399f513d292cdb8033cd02,pet_shop,58,568,1,600.0,18.0,25.0,18.0
25bd6053b3b5425cc4277b3c51641504,esporte_lazer,48,653,1,300.0,18.0,18.0,18.0
82e58c3610465c0741a584561e7199f3,esporte_lazer,43,544,3,450.0,22.0,15.0,15.0
6d2928252aa5ba6a5fc439571dd0d748,consoles_games,61,3416,2,1200.0,25.0,18.0,18.0
6dff489dd40cf8c8575c6ac85b080f04,malas_acessorios,41,516,5,575.0,32.0,42.0,12.0
44e6ec37a142be331fe0241006d0b389,esporte_lazer,48,950,1,450.0,20.0,9.0,14.0
8f9371c0e8042d93813647b53c195ddb,alimentos_bebidas,37,796,2,1068.0,26.0,16.0,27.0
f515fd230dbcf58eb6b51e4b4e0bd4e9,automotivo,59,208,3,400.0,30.0,10.0,16.0
c71bf92cf123eb294304073fc1751bf3,esporte_lazer,59,1714,1,3000.0,36.0,31.0,31.0
1bd0e965122ea1485d8f7f0c6792ebe0,variedades,,,,500.0,25.0,6.0,16.0
b214e7013d82644243e8560287d1ea90,artigos_casa,60,286,1,1200.0,45.0,15.0,35.0
90b7c42b2aff33b8f12c37d4c6588f99,esporte_lazer,41,231,2,4200.0,60.0,15.0,15.0
cf51b185defdb6170bd8deb64707e906,relogios_presentes,45,859,1,300.0,16.0,12.0,12.0
1ff1090afbb3b1a09f61f5e49f0a6cce,relogios_presentes,40,602,1,293.0,18.0,11.0,16.0
8db7c6497625f4f17d770bd01912cbe8,bebes,38,199,1,150.0,20.0,13.0,20.0
d372821d2eaba9c81a3d5fcc302c2f78,utilidades_domesticas,57,445,4,19950.0,43.0,43.0,43.0
e383490cecec9ff01e02a193a8f72663,papelaria,60,676,3,1950.0,35.0,6.0,30.0
d6c0cf7f61cc2a5daa3a86d91d00497e,instrumentos_musicais,59,967,4,500.0,27.0,7.0,22.0
704e67b8c7ce855d8760c074b4530fb5,relogios_presentes,40,651,3,500.0,23.0,15.0,19.0
ca658c1586e7d4692dc56d3fb6edfa24,livros_interesse_geral,33,290,2,800.0,23.0,3.0,16.0
e887a6dd92133f40be82741d1998b9de,beleza_saude,44,937,1,700.0,25.0,12.0,19.0
e329dc4f7ae6fac352da9bd20e3b11e0,utilidades_domesticas,54,533,4,2850.0,30.0,32.0,28.0
b2b748240f8b4fd833d2f61ec84d8ce5,telefonia,59,343,1,150.0,21.0,7.0,14.0
4baf15e171b06455c5cd23453db0cab3,bebes,40,428,2,155.0,18.0,14.0,21.0
109983f132d309f8a11e057d5ef46936,moveis_cozinha_area_de_servico_jantar_e_jardim,46,655,2,2200.0,36.0,46.0,36.0
c450c2e066134b9a836264ba72586ff6,eletronicos,56,308,1,150.0,22.0,11.0,16.0
7402c8cf69df715729b26da0ac2cc721,eletronicos,34,1182,2,441.0,24.0,20.0,17.0
5f24849289916bf82378a061a131fde9,ferramentas_jardim,53,900,3,6000.0,28.0,22.0,16.0
5483dc3f61a1d385ccc49cec3a560617,artigos_casa,54,140,2,1000.0,32.0,12.0,26.0
85b8a24337b4e2571f8fee38f4253a06,esporte_lazer,51,447,1,300.0,20.0,15.0,18.0
86a79a785b65ce2e2d8f0d66e329d516,bebes,49,346,1,357.0,23.0,23.0,30.0
0abbc7837b3659615530515c12091add,ferramentas_construcao,59,1307,3,200.0,19.0,8.0,13.0
09fbb9fc5bffc1ce6dc2f66289dfcb05,esporte_lazer,57,1666,1,3675.0,28.0,33.0,25.0
5e015730deea7dfbee442adfb1e29b27,perfumaria,55,292,1,450.0,23.0,8.0,15.0
14081f2d6a3ce46cfa9d852c9b1b92ba,artigos_casa,60,234,1,1800.0,34.0,7.0,32.0
957857fc71c15ad33dd32bb2c23985aa,informatica_acessorios,57,1138,2,250.0,31.0,9.0,11.0
ceef29d2526ec891ccbd57a80997b5c8,moveis_decoracao,48,1149,6,800.0,36.0,6.0,26.0
dbb01ba8d5a0e82f2ceb81a7fb03620d,telefonia,59,734,3,100.0,17.0,4.0,12.0
cc64f28b5d156587d478b9b1a876340e,automotivo,45,582,2,7900.0,40.0,40.0,30.0
a889574d5db0d088abd953112ca2318b,esporte_lazer,60,374,1,3900.0,30.0,20.0,25.0
eeba3ee5aa7d1d571752248eb4c81c20,moveis_decoracao,48,400,4,750.0,30.0,15.0,30.0
3877375bc8e2856da0375e2295d32360,relogios_presentes,38,325,8,1000.0,20.0,20.0,20.0
e66b7287b647f1f712fb6f0ac2a6b371,moveis_decoracao,58,875,1,1600.0,65.0,6.0,48.0
51e8feeedd83467b86a79aa2769367c5,brinquedos,52,429,5,150.0,20.0,20.0,20.0
0f6e2c3bbb97980782ed6cb1506f5d95,brinquedos,40,180,3,750.0,26.0,14.0,26.0
739312eddb4431af9a760e797da4d869,variedades,56,236,1,90.0,15.0,11.0,12.0
7353d65237c6a5d28f5781889cc58fee,moveis_decoracao,58,526,1,8800.0,56.0,28.0,40.0
afd664c19120c43a47e34fc71f982d86,perfumaria,54,944,1,50.0,16.0,5.0,11.0
3c46d3f68a377931cdadfd72c6158643,eletronicos,61,922,7,450.0,25.0,5.0,20.0
b0fd7a18daa40299b5393b4280b55dad,informatica_acessorios,33,2157,2,415.0,29.0,18.0,22.0
5e6cea9c30c88f6ddeab0dfd17b5c7a7,telefonia,51,1125,2,175.0,20.0,20.0,20.0
71d0f164444941a25e66f51cc8b17c0e,esporte_lazer,60,1220,3,1700.0,52.0,8.0,10.0
6d2c812450dd02b2f87495af63f9b709,telefonia,45,400,3,100.0,19.0,3.0,11.0
abefc54df1613eda05b2c702a316eb41,esporte_lazer,57,419,1,1900.0,22.0,12.0,22.0
58b365b0859f884f4d07490d902af193,moveis_decoracao,60,2240,3,700.0,69.0,11.0,11.0
192fdd97f716a6c79db0fdb15fadd854,papelaria,55,455,5,500.0,21.0,7.0,15.0
2cbef7c427c1cd8909ff84e3bdc02ae3,pet_shop,54,406,1,750.0,55.0,20.0,25.0
3b20a0967f4b39b7b1d91f3be245cfe0,moveis_decoracao,50,218,2,2650.0,40.0,25.0,25.0
0e1d6728d42f12978a547564c96bfb03,esporte_lazer,42,499,1,199.0,19.0,18.0,15.0
533282178a0de6f31a7d6fa9f2eea7c8,beleza_saude,53,2133,1,1050.0,17.0,17.0,15.0
2b3a5c2260dc61103f0b61bfa35a5d2f,esporte_lazer,34,712,1,1150.0,27.0,6.0,18.0
523d21a1122c8f0de30617d8515d75c0,artigos_casa,54,719,1,800.0,41.0,3.0,32.0
8096dd79187d317b844454d6e6d9039a,variedades,43,1462,1,900.0,25.0,7.0,12.0
0ee300fb7a6715fdac77e6fb6e7e37f3,audio,57,1024,1,400.0,25.0,15.0,23.0
f41c5473a596f099a92bd03297ab0aba,livros_interesse_geral,63,890,1,700.0,24.0,24.0,16.0
b1448ab856adbb8dc6ea2ba9489f555a,industria_comercio_e_negocios,48,729,1,16650.0,30.0,18.0,24.0
18293e0552a8e74489e917364868e1db,automotivo,49,991,5,300.0,20.0,6.0,13.0
8100d323ffa1909cfcf9fdf05f20b678,brinquedos,58,818,3,4017.0,38.0,35.0,42.0
15d30ec01983f8e4e69ff7ee703e5815,papelaria,41,100,1,1275.0,39.0,21.0,27.0
c02e3653af29a9204c8ebcbb20f4e475,moveis_cozinha_area_de_servico_jantar_e_jardim,54,400,3,22150.0,76.0,46.0,38.0
75285f54a9546fb99e970a15b52e15b6,esporte_lazer,60,1195,1,500.0,23.0,5.0,21.0
486e577f635477c920c95e95dc243bc8,ferramentas_construcao,49,3075,1,2250.0,16.0,19.0,24.0
6d377b5a340a90e525d388010b3062cc,fashion_calcados,55,344,3,2000.0,36.0,37.0,16.0
095ccd4cb27e35ee43f12dd18fa26c04,moveis_decoracao,27,204,1,950.0,41.0,16.0,37.0
e799a2b8707a6a256fa3c040b75d2713,moveis_decoracao,60,2260,4,3000.0,69.0,11.0,11.0
89de415e2cf869a6b1274f51913f1a49,esporte_lazer,26,556,1,500.0,25.0,15.0,25.0
6c56299e19ae706d1907a4b19162435e,informatica_acessorios,22,716,2,200.0,36.0,2.0,28.0
1317921ea764ef06f7aa21094c7e7759,esporte_lazer,26,438,2,200.0,16.0,6.0,20.0
282d681b3fdcb3f0a6da31a7339f48c2,telefonia,51,331,2,150.0,16.0,4.0,11.0
5c2ff601f8b9eab50e5d9938b41ff01a,consoles_games,54,324,1,300.0,18.0,2.0,12.0
bf5cd6b613d9b11ecd53a9410e7c1f11,moveis_decoracao,56,297,2,800.0,100.0,5.0,20.0
76c94f57e12befc7be10fd22e96ab0c6,utilidades_domesticas,58,876,4,450.0,19.0,13.0,17.0
77b5008f271c9f74447191efb065bc28,relogios_presentes,38,541,2,60.0,23.0,15.0,19.0
80aed7c1df22a03593fdd335531bdc72,brinquedos,41,164,2,400.0,16.0,25.0,25.0
32459442f3b850918e20febc47c9edfb,esporte_lazer,56,344,3,300.0,25.0,12.0,20.0
70aff5fb2ab50a5805411600994b01e8,fashion_bolsas_e_acessorios,25,365,3,150.0,16.0,14.0,11.0
34774dbfa36fdfe7225c6c68293b694c,moveis_decoracao,58,833,3,13150.0,16.0,50.0,50.0
ac521e68c0341f41844e953ca1659a9e,bebes,45,940,1,400.0,24.0,9.0,14.0
036c967e979f490c3890acef838d9f44,telefonia,57,598,1,150.0,19.0,4.0,11.0
ba2fafdf0c3e7418202575a48d00bd15,artigos_casa,54,172,1,1000.0,35.0,15.0,25.0
40c7fdb4c192c7df52431d1b079f9026,relogios_presentes,52,192,5,150.0,16.0,2.0,20.0
b56bf84f9384a87a3fbadd486d165615,eletronicos,40,363,1,150.0,25.0,7.0,16.0
bed48285a1d145ff8ca0ac0d77496ba3,casa_construcao,58,1533,1,12100.0,60.0,25.0,25.0
8ba8c90e50add29be3159373ea7cb990,perfumaria,56,729,1,550.0,22.0,16.0,16.0
1b0f0dd824989bb4f30d03ac3d1e90af,eletrodomesticos,60,430,1,11867.0,26.0,29.0,34.0
a762a89bb77b378d0b434ad75671b8e1,esporte_lazer,57,245,2,2100.0,60.0,15.0,15.0
1d0b9497ac4f258fbd822c52ff61b5f4,artigos_casa,56,510,1,400.0,16.0,10.0,16.0
bf6e9b07b37b073afbd4420d91518a9b,utilidades_domesticas,53,624,1,1300.0,30.0,30.0,30.0
7920d8695d334876a8f597fae22de9b5,livros_interesse_geral,39,613,1,400.0,23.0,2.0,16.0
3790861742b5e1e8c72bc179fbeba4be,moveis_decoracao,30,380,1,250.0,20.0,6.0,14.0
2de5ba5ce28a5db125376077071370fd,variedades,45,2292,4,14425.0,29.0,29.0,42.0
731637d822dc03cdbd74407e66c1c443,eletronicos,52,1028,2,1325.0,48.0,21.0,29.0
e68e475e0e1fa8744c2aef0f9864d679,papelaria,51,201,1,1000.0,18.0,48.0,33.0
2fbd6c502ff27429087a4e30355f37ef,automotivo,60,1149,5,2525.0,68.0,9.0,36.0
63c6d5d1d4b7b62eeac562b995ce4bbb,relogios_presentes,57,681,1,325.0,19.0,15.0,17.0
66602b7f5e12ee24dce727845c7fcfd9,telefonia,34,2034,1,375.0,16.0,14.0,14.0
1c76b4e79bb358170ef2565779cecb38,fashion_bolsas_e_acessorios,9,76,2,200.0,16.0,3.0,15.0
1584ce1843990c0f62e353fd0478c2df,artigos_casa,55,226,1,1500.0,45.0,15.0,35.0
8e4fb0a9a54c90bd6fcfde5e8df6a00c,informatica_acessorios,58,2426,4,217.0,17.0,5.0,11.0
9d2ee357e629941a914a73e800849162,artigos_casa,60,213,2,5350.0,40.0,20.0,40.0
694ef7517a535b054fddea9154d3e627,esporte_lazer,50,2462,1,2300.0,21.0,21.0,21.0
928b6bf553c3a7af6fa44cf124f26108,perfumaria,52,736,1,600.0,19.0,7.0,13.0
c6ab3d8f4227913c4fa99e94ef84aa70,consoles_games,42,256,2,456.0,23.0,15.0,18.0
f2466c43ec41d6b64dcc6337d5e5a6ea,esporte_lazer,55,186,1,700.0,16.0,20.0,20.0
587d1beacdb18e5c1f36147edcec3053,informatica_acessorios,58,1650,6,200.0,16.0,5.0,12.0
2ae49b2b174231324f42d783f93d0edc,relogios_presentes,55,463,2,258.0,18.0,10.0,17.0
fc831da5307b1a3e23ed0259a2b6b2a1,artigos_casa,58,892,1,1250.0,50.0,15.0,30.0
d77688ff55bbbc28706814a06538c8bc,artigos_casa,44,505,3,1400.0,30.0,16.0,30.0
b658e76d7f0fddb37f87ac02a5fa2554,artigos_casa,55,246,1,1500.0,38.0,10.0,38.0
09f9babe996b57d17ac9d11adf231c05,esporte_lazer,57,304,3,200.0,25.0,25.0,25.0
305a8467a383809ecce974a852d55ae3,relogios_presentes,56,1291,3,400.0,16.0,11.0,12.0
3ef9c686c9865f2cfe88cd7f9976fd38,moveis_decoracao,36,170,3,1050.0,30.0,30.0,30.0
5d9b91e8dc83f3caa1cadaf14cd68660,beleza_saude,51,1170,1,800.0,35.0,3.0,12.0
54d9ac713e253fa1fae9c8003b011c2a,variedades,57,787,8,1867.0,36.0,6.0,36.0
1a3c44587dd8d3db5f2447078bc50d75,variedades,39,750,1,300.0,24.0,12.0,17.0
ca94d73e8f12ba9a6393af8224536f90,informatica_acessorios,60,1753,1,885.0,20.0,12.0,12.0
ca0ebb053b17d7de027780de787ed000,relogios_presentes,55,708,1,200.0,16.0,2.0,11.0
c8467740c17bad8744006eb0e041f142,pet_shop,51,1621,2,200.0,20.0,7.0,14.0
340f33bdf4103eba89df5d5153beff7e,moveis_decoracao,60,1482,1,900.0,63.0,5.0,15.0
59bad18214d8473f32faead52fe7fd4b,informatica_acessorios,52,409,1,200.0,27.0,5.0,20.0
1a432f73243abc5629393e03b5540da9,beleza_saude,58,1411,3,1050.0,40.0,18.0,16.0
bb2c7ce7e17161503be275fd36747626,alimentos_bebidas,52,687,1,9900.0,21.0,26.0,21.0
ca5f4739dfdcd4d73b210a344b426076,informatica_acessorios,28,88,2,3200.0,44.0,15.0,30.0
158477fa4a1d33fa290291caefbc7883,moveis_decoracao,56,279,1,950.0,40.0,10.0,30.0
372a2c75b4d5f160e199dee0f342d11b,beleza_saude,43,718,1,350.0,16.0,8.0,11.0
4d99afa935cbb06b8e8659cc98ddebc4,moveis_decoracao,49,623,4,800.0,42.0,20.0,38.0
f9025647e0a95c843a2d85c23df34c6c,papelaria,60,298,2,700.0,66.0,12.0,12.0
5b7266a9c1cfa2df264b8d703258fc38,moveis_sala,31,57,1,8425.0,70.0,20.0,68.0
6180d1972499e39b4313fce108e75a8d,artigos_casa,60,171,2,1100.0,45.0,10.0,15.0
7931ea69470092f7eb4a395d6360c0fe,brinquedos,60,912,4,2000.0,20.0,62.0,35.0
d47821b10559fffaefcf3e57d2b5ff76,beleza_saude,56,1956,5,400.0,21.0,6.0,14.0
7605fbdad270936646b0ce6c3427b295,informatica_acessorios,51,791,1,950.0,25.0,14.0,23.0
9437cbf921b0bd3177d8b03ed2783cda,pet_shop,48,187,3,650.0,20.0,20.0,20.0
f734cc43e615be8b85d014e3c5b52a3b,beleza_saude,46,400,1,10067.0,73.0,30.0,27.0
cd3ee451bebe79ab56e507d101897b91,artigos_casa,50,701,1,1000.0,50.0,12.0,12.0
0fa476a9aacb3891e183154dc8d3ddbd,pet_shop,47,564,1,5025.0,55.0,15.0,40.0
b19802c584b8a6d131cf6e31628f7f84,beleza_saude,60,1622,1,767.0,17.0,10.0,16.0
b6db9100ea048510e240cab9243a43f8,esporte_lazer,47,238,1,775.0,29.0,15.0,20.0
49e9c574147c521a9bd39ab709a103f3,perfumaria,32,609,1,200.0,17.0,6.0,12.0
88159bac10e3d4f4b69b157406c7f70f,esporte_lazer,53,784,2,343.0,32.0,10.0,20.0
1ce5d622fcc57fef0c65feb523eb2be1,brinquedos,47,256,1,950.0,30.0,11.0,25.0
024063adde9af865418b7da3dd897b98,esporte_lazer,53,710,1,450.0,20.0,9.0,14.0
e011ddef14b4251d2375dcf060a2e2c5,brinquedos,36,543,5,9500.0,16.0,60.0,40.0
a22fc11d1915e903d002d98721aabb60,brinquedos,39,326,1,750.0,30.0,8.0,30.0
e0ad25bc5c1a836e8ce38526c92491a7,telefonia,59,818,6,350.0,17.0,4.0,12.0
1fb5b722c7edef5967d921c3ea7511b7,brinquedos,39,688,2,950.0,33.0,25.0,25.0
0ef97c3cdccb448931cb0f778af3584c,esporte_lazer,54,253,4,6300.0,35.0,20.0,35.0
39b86f4e3aedf22731990099a660a6f5,fashion_bolsas_e_acessorios,59,150,7,200.0,16.0,2.0,20.0
584d2350fb1072911718eaa31989d474,livros_interesse_geral,28,363,1,200.0,27.0,9.0,18.0
198f4a07b346797ac244a9fe3486d17a,automotivo,42,538,1,5900.0,16.0,4.0,11.0
23d625ed972ea9221c3d375ae3f15bef,automotivo,58,655,2,50.0,20.0,10.0,16.0
da97969972a524bca894f97ea6bcff90,automotivo,43,186,2,400.0,35.0,4.0,25.0
c04ebe208ae260f39b376cd6ffbd0b14,telefonia,57,578,2,200.0,19.0,4.0,11.0
a1804276d9941ac0733cfd409f5206eb,variedades,,,,600.0,35.0,35.0,15.0
25a1d9b4eeca995f38b898c7ab6288ef,utilidades_domesticas,57,321,3,617.0,17.0,14.0,15.0
84ecc25f4c77dacc5c0ceb89e09492e9,informatica_acessorios,50,220,1,5350.0,21.0,18.0,18.0
b238cefbf65da115fde8271ad681b640,esporte_lazer,60,1026,1,885.0,18.0,14.0,17.0
3c0c5eee30aef7a844410f1d1397b620,moveis_sala,30,606,2,9700.0,27.0,15.0,92.0
9db78e784e1ca837bb7f510888807baa,eletrodomesticos,58,1480,2,4450.0,29.0,48.0,22.0
d686a8270836e457c1234578c0c7237b,informatica_acessorios,59,617,1,150.0,16.0,4.0,13.0
d8d1c2e1313006e0fc3c1ab62345c4a2,automotivo,49,1927,1,300.0,24.0,18.0,18.0
77c0fc0c22b0e79a703aa61068b7bc7a,instrumentos_musicais,36,1169,5,2500.0,44.0,10.0,32.0
4e41b17f39aabdb1eca7b0af6722ba62,informatica_acessorios,57,988,3,760.0,44.0,8.0,15.0
053dc19b1456837ad35f75a6fdce5988,esporte_lazer,44,1178,5,350.0,20.0,15.0,15.0
9b447644d291396340ea3641fc70d132,esporte_lazer,43,163,1,900.0,25.0,10.0,11.0
6de8bea41c968204fa93e4c2016d1bbb,eletronicos,38,1104,1,4000.0,36.0,7.0,27.0
bea978771d1c453faf756fa71f3bdd70,brinquedos,32,823,2,2301.0,32.0,35.0,34.0
c88cad677da134defff6855386125e28,automotivo,59,616,1,4275.0,38.0,10.0,25.0
8dc8cdb4e5a2d2f2af019bc5a255e907,beleza_saude,53,313,1,650.0,25.0,20.0,25.0
6028c36df6f8a6a2132fce658e934a06,automotivo,49,858,1,250.0,16.0,16.0,11.0
436620c465f757ba7b47dd580f3c1eb2,eletronicos,39,145,3,100.0,17.0,3.0,12.0
cac52d956eff0cacf32f4b0f0f3aac5c,utilidades_domesticas,52,557,1,450.0,25.0,25.0,25.0
2077f60cc760ebe4b478e0b0711c5218,brinquedos,49,1479,2,1100.0,30.0,7.0,23.0
d1b8f5983d9573c8e523b8c56a59497d,fashion_bolsas_e_acessorios,39,582,6,150.0,16.0,9.0,20.0
2356ba945ec07ec8fab8223d9e98906b,artigos_casa,45,864,1,600.0,20.0,10.0,20.0
cd6f5e7edabe54d6d5841a8d003b410b,automotivo,37,509,3,100.0,16.0,7.0,16.0
f20e2a3811156fe0a12b4cd5c3638195,variedades,47,452,2,200.0,16.0,11.0,11.0
85f9589f830e0dbd417232cc7f9c677d,brinquedos,42,325,1,475.0,41.0,34.0,25.0
588ea3decc0d8e1d19ce6160c5b0da1b,utilidades_domesticas,60,1632,10,1350.0,43.0,18.0,18.0
285da42a6ddd51a0d38372df5597aed2,artigos_casa,49,315,1,8450.0,55.0,25.0,45.0
d4d1de9db08cae166ea1a506ea87769b,informatica_acessorios,56,631,1,200.0,22.0,22.0,16.0
e8f7d2639ff8caa8b86e5973295898b7,fashion_esporte,30,543,2,150.0,20.0,10.0,16.0
eeb2d1e155818957df60a76fc47e75a8,artigos_casa,49,591,1,1477.0,28.0,20.0,29.0
92c92e54ea03085ca64e3556bdc18689,moveis_escritorio,44,1350,1,8000.0,53.0,74.0,18.0
6a0f59f3946c8169999e2fb7e946ac96,esporte_lazer,56,598,3,150.0,30.0,18.0,23.0
9a3ca83ba9d170d692b42098fff5b7ae,informatica_acessorios,56,2824,5,6700.0,50.0,50.0,30.0
2f49b62fc8f8d52f9c98b8e0e79457d2,bebes,47,602,3,13550.0,28.0,69.0,42.0
93566f7e511c3e7472b05758fa08e64d,eletronicos,52,1499,7,900.0,22.0,6.0,20.0
62ea5d617ff74ab3e446aa418e7f67ed,variedades,,,,200.0,16.0,2.0,11.0
d37a754eb7f2881300927adf13188438,moveis_decoracao,59,427,4,800.0,82.0,3.0,22.0
8445706ffa7ab0221698f5e1be2a9252,beleza_saude,59,2067,2,350.0,24.0,7.0,14.0
c1dfd7dc17df380ed269d0fc905f6e22,utilidades_domesticas,53,413,2,600.0,16.0,16.0,16.0
a2d0ef58f86a42fa9d456709cb00c0b2,variedades,,,,200.0,16.0,2.0,11.0
0d0325657335ef73f845233387b378ae,variedades,15,240,1,500.0,16.0,19.0,15.0
9a046f988c3d7d4bf592c4f7cb40bf01,brinquedos,37,737,2,500.0,26.0,5.0,18.0
599f8ba174ccb73cbb51452117fe3cb0,beleza_saude,27,654,1,517.0,19.0,11.0,15.0
4153a770f99ff52971af9c1d6beb422e,informatica_acessorios,50,961,1,1250.0,40.0,12.0,22.0
7d6508bd347b92e9c5db311f052c525a,bebes,56,1458,2,2150.0,16.0,2.0,11.0
4c7d44dccef81ce2476b4bd0716d34e9,relogios_presentes,60,1360,3,500.0,16.0,11.0,12.0
b3ca6d2de786cad398ac5c1c6183c832,beleza_saude,52,1155,1,300.0,19.0,17.0,15.0
038467f26869173dd87434ae02199a40,utilidades_domesticas,28,913,3,500.0,18.0,21.0,20.0
448ed4e809cd34e3883a07ebaa820d39,fashion_bolsas_e_acessorios,59,443,5,150.0,16.0,5.0,11.0
236f65f769241706362f78a15083e369,seguranca,49,323,4,200.0,20.0,20.0,20.0
3ff90de8afa748b1f8441607fb2b1e49,artigos_casa,57,275,1,1300.0,45.0,15.0,35.0
c8e7965a98acecf61c4cebbaf5c08c53,utilidades_domesticas,43,1022,1,2450.0,40.0,38.0,16.0
115bc2b948bfb128b7aaf878e50a9b5a,moveis_sala,48,219,3,800.0,16.0,5.0,20.0
f64673cee0ed4c2b137d08a3dc4e855d,ferramentas_construcao,59,1243,1,2250.0,20.0,20.0,20.0
a1cb1462efc950b4b8ed73ccbb5d2c7b,moveis_decoracao,23,301,1,1550.0,37.0,10.0,29.0
be15b247cf0071eb495d6aa6d35e6e22,informatica_acessorios,60,198,1,250.0,50.0,5.0,50.0
ae16b1d896c15ed60614a0d88c4abf03,pet_shop,33,1698,2,180.0,19.0,12.0,14.0
9a2f52e60b6419803680132ad69a3ca8,fashion_bolsas_e_acessorios,47,375,1,50.0,16.0,3.0,12.0
af751fe756699bddfce4fdd67242fc2a,informatica_acessorios,41,3188,6,9650.0,34.0,34.0,50.0
8b143abcb9481c99c2fbf0adbc987f54,variedades,50,650,1,200.0,20.0,20.0,20.0
7b3b2f78914e342fe570cfccf21830e9,brinquedos,48,886,3,750.0,40.0,15.0,22.0
ef153414d98782a711939e8fa3dc89ea,utilidades_domesticas,44,1119,3,950.0,30.0,20.0,35.0
9e16022b3e12a7cd1e18755e2603f3a4,moveis_decoracao,52,1988,3,3600.0,65.0,8.0,45.0
05d0a8e2bd6c40610cf28932d9a796ff,moveis_decoracao,54,594,1,500.0,19.0,11.0,12.0
92d9f09c92944e22b74a09f5480be83d,esporte_lazer,59,1778,10,2700.0,63.0,10.0,21.0
14e31b2c05e808184df54e15e1a99e88,papelaria,36,74,1,400.0,16.0,13.0,24.0
e2cd18ee8f14173a56ae0ddbe05a9cf9,artigos_casa,55,276,1,1800.0,45.0,15.0,35.0
a519fcd83cf2f853fda460d5b594c654,informatica_acessorios,60,616,2,200.0,30.0,4.0,15.0
0e11633dd5ea3089303dd9a9f226d5a8,alimentos_bebidas,42,84,1,1500.0,30.0,30.0,30.0
a87ee1e0d2b6d025ecfb1b8322659853,relogios_presentes,55,335,1,750.0,15.0,4.0,19.0
13c20e4b6e3e7d4f0f336fedcf4198da,papelaria,50,277,1,300.0,27.0,26.0,27.0
3bf486d35e1a39e53cffdbb457ba4c50,bebes,19,1114,1,7650.0,40.0,20.0,30.0
3513bbea7a2bd5526aa2be8f2f898a70,automotivo,48,339,2,1400.0,42.0,5.0,42.0
281bbfe70848e0b304bef88fc2caf2c3,bebes,55,1631,1,600.0,20.0,13.0,20.0
faec279ddbbce3de75d2adf10f612a5e,utilidades_domesticas,55,589,2,2600.0,50.0,30.0,32.0
3f7965eac71911314776d32209c84483,moveis_decoracao,63,668,2,550.0,30.0,5.0,20.0
b80b06f3f098c07cd2c8116aa3f1a7ed,eletronicos,55,1433,4,1600.0,28.0,6.0,22.0
73bc42701d50d3c0673b38ea8fbe2e32,moveis_escritorio,47,1194,1,16650.0,63.0,61.0,24.0
b95dbc4fd2649678edb475921d43bdc8,artigos_casa,59,371,3,9900.0,56.0,36.0,37.0
616968e81dfe76aade96cd6f673b6d24,esporte_lazer,31,534,1,501.0,23.0,18.0,17.0
da4f53408569b5cb23244539d68cb552,relogios_presentes,49,519,1,800.0,40.0,8.0,28.0
91910bbde68f7027e850dcd82b25c5bb,perfumaria,48,214,1,650.0,25.0,35.0,30.0
976738868bdcc86e959ba2a7b726d4d5,artigos_casa,55,198,1,2700.0,35.0,20.0,30.0
0ec884e982b64baccc2612396932cfdd,esporte_lazer,53,1162,4,3950.0,53.0,10.0,26.0
64a8306c4d2a3c8ae7290168c0424243,informatica_acessorios,53,1004,1,200.0,16.0,8.0,18.0
787a1badb775a6b23cb25c99ba3d4b24,moveis_decoracao,52,251,5,1098.0,26.0,20.0,20.0
8c832a513b94b1ded5579b054615dc20,esporte_lazer,33,791,1,250.0,18.0,8.0,14.0
04c4a4b9c924494fcf82e0fba966f955,relogios_presentes,39,364,1,567.0,26.0,12.0,26.0
c3fc73c51e52d3432a4e57ff9ecca467,automotivo,55,600,3,4250.0,37.0,17.0,32.0
75d542264c32b90489e15cac4892e076,telefonia,53,597,1,275.0,18.0,4.0,12.0
7d8dbe133512b0db946176e1600e506f,fashion_bolsas_e_acessorios,40,409,2,150.0,16.0,9.0,11.0
65d347978d3b5418fd6db2a855f73258,artigos_casa,42,344,1,435.0,32.0,5.0,27.0
8c041ababf83e5aeefa568c6836424e9,moveis_decoracao,55,384,1,600.0,25.0,10.0,20.0
05f0fe07929d35be0748fac56eecbeb2,beleza_saude,60,919,1,200.0,22.0,3.0,15.0
c9e5a053551073d27ded320bd05971b4,pet_shop,53,287,1,450.0,16.0,16.0,16.0
d4cec69b52f6c751bc505703037b1808,papelaria,40,65,1,100.0,16.0,5.0,16.0
411fad26ce07a5a611883f05fb5798cd,informatica_acessorios,35,222,1,800.0,26.0,11.0,24.0
eac611ce220f095680e35c1c1124bcb3,utilidades_domesticas,47,1471,1,700.0,30.0,15.0,20.0
51b24bbd390b66c9f67579153fe7ec5f,ferramentas_construcao,56,255,2,100.0,17.0,7.0,11.0
ab9aa96e13784729bde0fddf698eb1e1,perfumaria,42,578,1,225.0,16.0,8.0,18.0
586ed8ba92c9133464f6e44a7686ddf1,automotivo,53,700,1,150.0,32.0,2.0,24.0
2b28903240e8ae0f0c45a14e769d9431,relogios_presentes,53,1300,3,400.0,16.0,11.0,12.0
96aca2f53bcaed6f466449f7fb18ae75,variedades,,,,400.0,16.0,16.0,16.0
1b90b42c262feb78e84da470dd0ed547,brinquedos,29,176,1,300.0,27.0,5.0,26.0
f5156ca9a225d3e26c8fa66210808c37,consoles_games,50,486,1,250.0,19.0,3.0,16.0
be9ab5610721c60c477717f7025d713e,beleza_saude,36,1284,1,150.0,19.0,15.0,15.0
8607de65564eb8365dff1cd491ba80d4,artigos_casa,48,664,1,1500.0,30.0,10.0,34.0
c8a06a6cf1dbd09f3273d65d3dc2da99,beleza_saude,52,2496,1,100.0,16.0,6.0,11.0
ac8c6691c0c12c664b5629663bd2652c,brinquedos,58,1204,4,650.0,25.0,28.0,16.0
6a22cbce352c158897f3346567488ace,eletronicos,36,515,3,125.0,16.0,3.0,20.0
dc0fe1906bacc99199eb46fce442e1de,esporte_lazer,16,347,1,2200.0,100.0,7.0,11.0
2597fa111c97e1e8a782d555e3a4d83e,moveis_decoracao,53,1749,3,950.0,65.0,3.0,45.0
d7b6379f142a6f28f8fc5af7b33d4b70,informatica_acessorios,46,339,1,850.0,33.0,15.0,15.0
b4b50667a9874708d4e3ac962ebb21fa,seguranca,35,969,2,933.0,20.0,18.0,20.0
4073784877d08fbd075c0dd3e1bff5de,esporte_lazer,52,1392,1,250.0,16.0,16.0,16.0
b72dc9d458ca694e434d1436566693cf,telefonia,55,599,1,200.0,19.0,4.0,11.0
302cfa85bca0568e3920d0705a2d6fa0,perfumaria,49,236,1,417.0,22.0,15.0,20.0
06a7a571bc9fbb103a9c2eb90f89432c,moveis_decoracao,36,1426,1,150.0,16.0,2.0,11.0
44408f8595b18c8b5a854f5945de6082,telefonia,54,809,3,200.0,20.0,3.0,11.0
a338a81aed052e88a9ee732e3e45042b,utilidades_domesticas,45,897,1,12450.0,31.0,60.0,31.0
dc6012b12115251bd0f6ffd93a99c070,moveis_decoracao,60,955,7,5250.0,60.0,12.0,40.0
0e173417855ce91518a2e79d760f93a9,beleza_saude,57,1276,1,1200.0,16.0,30.0,16.0
e708a48b26e6681db248ca125459d365,ferramentas_construcao,23,451,1,100.0,30.0,30.0,30.0
ad26ad285869ae33f293067b79b9f01e,fashion_calcados,60,402,5,2200.0,32.0,12.0,37.0
9036be77e0a74cca6eeef0740649b97b,brinquedos,57,697,3,405.0,21.0,7.0,15.0
690eb1f6541f9107b7cdb77fb461fe5f,artigos_casa,59,123,2,350.0,50.0,8.0,34.0
d8a728b48e36f36062bf197221a64335,fashion_bolsas_e_acessorios,55,952,2,100.0,16.0,6.0,13.0
4cb1a2850af275025f76f015e0cc79cf,utilidades_domesticas,44,890,1,1300.0,25.0,40.0,25.0
dc1ef651c56d45937bd23d0166a66296,bebes,48,949,1,1400.0,44.0,6.0,36.0
fbed7bca664c2d2d9a1412223f7c8aeb,automotivo,56,352,1,600.0,30.0,30.0,30.0
c59693326524d19305c82b2e4084a437,moveis_decoracao,34,389,1,9400.0,75.0,25.0,30.0
0e8850427b0f558b79bc35c9800b6e73,pet_shop,49,458,3,500.0,32.0,32.0,47.0
2800a94a39d630f1713089675b8350a9,perfumaria,60,1096,3,5750.0,37.0,37.0,25.0
44b36c8a125b604c4597100ef4b16538,fashion_bolsas_e_acessorios,49,378,5,200.0,16.0,9.0,11.0
1ed4a7921293b8e5e028f0dd4cc166a6,moveis_decoracao,25,527,3,545.0,17.0,13.0,17.0
f177554ea93259a5b282f24e33f65ab6,fashion_bolsas_e_acessorios,35,60,1,200.0,16.0,16.0,11.0
576604f94c1358b5113eba7ad6b6724d,utilidades_domesticas,54,814,5,150.0,18.0,8.0,14.0
ddea12cd17c60cff8865c207cf696cf7,relogios_presentes,42,689,1,425.0,18.0,8.0,12.0
049e64366e5301baa9060eef6b10f217,relogios_presentes,40,606,1,400.0,20.0,13.0,13.0
7f9f228320c43765cfe30cdc090e0be4,artigos_casa,52,133,1,1250.0,43.0,15.0,38.0
1c67a5b38f02f622f19229fac2a07c33,automotivo,40,121,2,1888.0,105.0,15.0,49.0
30048c2138eb22aebd13d31c07ba226b,utilidades_domesticas,27,386,2,5636.0,40.0,27.0,31.0
554bc96f8adc27819810a1aacf333535,moveis_decoracao,22,177,1,14800.0,40.0,30.0,40.0
7dd1038514093bf30a37d0865dfef351,artigos_casa,46,243,1,3300.0,46.0,18.0,35.0
5f439ff2783a474946e17badd77aea1c,beleza_saude,47,1163,1,1650.0,30.0,18.0,25.0
42697582a754e573f9e3e9e78752252c,informatica_acessorios,45,264,1,1644.0,16.0,19.0,16.0
40631fc40fbf11823322e3477ca53171,beleza_saude,45,3752,2,700.0,29.0,5.0,16.0
9116a056deb0f453c4f5611141deedc5,beleza_saude,59,3902,1,700.0,16.0,16.0,15.0
c69dd9ac363d46d6e2ce4b11a0ee164b,automotivo,57,744,1,4475.0,56.0,31.0,34.0
8ef8561be5799da29925c5baaf083a13,bebes,60,777,5,1400.0,26.0,25.0,25.0
fcf50ee5ad1f1a48671052487d2b0bff,informatica_acessorios,23,151,3,250.0,16.0,15.0,15.0
bcdebacf985da0fae4e1f55f1aba7562,fashion_bolsas_e_acessorios,45,1005,6,750.0,25.0,5.0,20.0
0036bb031e69d915cd384d1b3838b5d3,ferramentas_jardim,53,866,3,200.0,18.0,5.0,13.0
114a9cb094339f99851ada566136661b,artigos_casa,59,2735,4,1450.0,41.0,15.0,51.0
39f000b98dd611ffc87b68c5a6efc550,artigos_casa,38,259,1,7500.0,50.0,18.0,28.0
e5cac955339b48ea3b9773f034623e29,relogios_presentes,53,1271,1,282.0,17.0,11.0,14.0
9359cb8632f702a16b12ff5464d82d03,artigos_casa,47,169,1,722.0,33.0,6.0,25.0
dcd4a3a2a42be1d09bc29d39ff24772b,automotivo,52,135,4,100.0,21.0,2.0,14.0
5def61e8757e0dd68a807be19a120516,artigos_casa,59,217,3,6700.0,50.0,20.0,40.0
7adaa0b5d993f7bb16b13d385d131929,automotivo,41,173,1,4100.0,70.0,20.0,20.0
61e9a389f1bef5181fc96e33f0dc16a6,variedades,,,,900.0,17.0,5.0,28.0
5479f02af4cde2ebe8801cf2b05cd49b,ferramentas_construcao,54,339,1,4700.0,25.0,8.0,25.0
a9e135d6755b84c05fbb49529501142a,ferramentas_construcao,56,1185,4,3200.0,20.0,20.0,20.0
98a940d42d3ac029e40441023676ddfe,esporte_lazer,48,1059,5,483.0,23.0,14.0,18.0
16d928f7b23b3d30bd5a9ff281eed9b8,telefonia,37,1273,1,360.0,21.0,10.0,15.0
e226c4f6c92586f1a8845b35edafd8c0,beleza_saude,57,667,1,1700.0,80.0,12.0,12.0
15b1da0aa0ff79960dd5ee9cd1ab17d3,pet_shop,22,2390,1,5500.0,25.0,40.0,25.0
9d3df566a74fbf502fb8badaa5044e74,moveis_decoracao,58,1659,1,1350.0,53.0,16.0,16.0
b8da1249f4cdc93cdc88d9b16cb32506,utilidades_domesticas,55,593,2,2100.0,30.0,25.0,30.0
a6ae1a5c22127c9e983271623b13c63e,brinquedos,43,1784,4,800.0,38.0,24.0,38.0
a96162639da9bf8cc57b7931a5fcbd2a,telefonia,39,952,1,310.0,13.0,17.0,20.0
2a00350b02e85228f3a3749f39ede66c,brinquedos,55,1316,4,4200.0,89.0,53.0,12.0
2c0b52e701cc59a38908d46a131e94b6,telefonia,57,2386,4,387.0,24.0,10.0,20.0
693794dd88f66112dd42d743d2e1edb5,variedades,,,,1400.0,30.0,40.0,30.0
aa175ef941b5ebc330e96ea4328488b8,esporte_lazer,53,831,1,800.0,16.0,2.0,11.0
3d0552899dbe2f89cff6197aab33fe99,alimentos_bebidas,34,826,1,1084.0,26.0,18.0,27.0
6fe60ece95b92869a2b7454452147281,moveis_decoracao,55,591,1,350.0,17.0,15.0,15.0
8c1a826d71a778dd432e35d77a6faf03,pet_shop,58,806,1,11125.0,52.0,54.0,55.0
8c70c4455a59267e8e2ddf800792d77b,informatica_acessorios,53,273,1,850.0,34.0,15.0,15.0
b959a3da753577b24670d59bc55eced9,artigos_casa,51,352,2,500.0,50.0,11.0,11.0
5faf912b4044bad95a8c882863473ba5,relogios_presentes,58,558,2,400.0,16.0,11.0,11.0
9cc4f78d8deda3da85bfd76aea339cbd,artigos_casa,56,311,1,2900.0,45.0,15.0,35.0
c56fd76d4c3a8dacc3af588c1e06ff53,eletrodomesticos,54,1000,1,15250.0,80.0,23.0,44.0
613a1da144b1ad65ab2cba8d417ad350,audio,54,1735,1,1300.0,25.0,15.0,30.0
13c9de60531ce1458551f0632a6c6d56,relogios_presentes,52,595,3,400.0,19.0,9.0,15.0
5f8fd0bd52dabcd1e9e2427dccbcea18,artigos_casa,44,352,2,400.0,50.0,11.0,11.0
c4cde99afaa1f45277912a3cf485021f,esporte_lazer,46,605,1,6200.0,100.0,15.0,15.0
108dfaacffadeceb87032609d340722c,variedades,47,390,1,800.0,35.0,15.0,30.0
023d0e2e8457861c3badfb5fa7bcd58a,telefonia,40,361,4,150.0,18.0,3.0,12.0
bb32b03270ad3f5a8aa9474d354119ab,utilidades_domesticas,56,843,2,500.0,30.0,20.0,30.0
b1cf88d9eceac375fe83da0b649f331c,fashion_bolsas_e_acessorios,60,650,4,700.0,43.0,16.0,27.0
cc419cef76963f8e0cde78157908a6c3,esporte_lazer,58,465,1,5000.0,50.0,27.0,27.0
f1ca789b4694dd683c4cb0c2ed74768e,consoles_games,47,1259,3,500.0,17.0,25.0,17.0
79b45f6fe16c752af64c050de4566693,beleza_saude,32,1033,1,150.0,16.0,2.0,11.0
cb9ebc2581c01de678351c46f55f7f7f,esporte_lazer,33,693,1,856.0,22.0,20.0,21.0
24606f4976af89b7b18b2299acb91ae3,brinquedos,47,607,6,1167.0,53.0,10.0,49.0
fb21cbf5cf37c8282a583cf8b6e770dc,beleza_saude,63,3900,1,700.0,16.0,16.0,15.0
91383f0d77401048b6450f83ecb5b3ac,artigos_de_festas,36,285,1,2000.0,16.0,30.0,16.0
1fa0faff5eafb13003f9559ebe6becb3,relogios_presentes,59,159,1,200.0,16.0,2.0,20.0
a45b5f919e448b4372904ecc17aa7d21,moveis_decoracao,60,2084,2,1200.0,69.0,11.0,11.0
073a5dfc26cb33ef440b2e0aa29343a8,utilidades_domesticas,50,1263,4,300.0,19.0,12.0,12.0
28600a6299796e69bd5e7b4bbfc230d6,artigos_casa,55,123,2,500.0,90.0,8.0,35.0
05f9d035b92494874148f32f940b0f4f,moveis_decoracao,45,632,1,1350.0,55.0,9.0,11.0
75a9a2b97bddd22ba8b6fdd4b042da42,beleza_saude,57,2897,1,1200.0,35.0,10.0,35.0
114d1f71a8c0da5baa0894d00b9debb6,esporte_lazer,35,421,1,150.0,45.0,10.0,11.0
aaccb76bf4427c9196a531cb10a79458,beleza_saude,58,2347,3,600.0,40.0,20.0,30.0
95d0a941f616c390aec42628850b99a9,instrumentos_musicais,60,783,9,2500.0,55.0,13.0,35.0
25179680ecacb54a036e9cdd27459da3,instrumentos_musicais,42,442,4,8450.0,78.0,19.0,49.0
6cf22bb1523c34ad8da500d1084155a5,relogios_presentes,41,756,4,267.0,17.0,12.0,14.0
7debe59b10825e89c1cbcc8b190c85e2,brinquedos,46,798,2,1187.0,38.0,22.0,30.0
3356d43bd57f974c4ae7fc5f9c4e589a,esporte_lazer,57,247,2,1300.0,60.0,15.0,15.0
cca3a8714ce46539155f98fe944189f9,moveis_decoracao,48,158,1,1550.0,40.0,20.0,30.0
0141f5b2fc5389a8b247ae23b58482ef,relogios_presentes,57,486,6,240.0,16.0,11.0,12.0
c9120546166e49a3a3c27b8dcb6a42c5,artigos_casa,59,686,1,2075.0,30.0,20.0,70.0
f5bb0eef3914b07a9dea355a6a3069da,telefonia,57,1044,4,150.0,19.0,4.0,11.0
50cc66c6e578448681d7f5951979db3d,artigos_casa,60,699,1,1550.0,20.0,20.0,20.0
04e9efe8ce063de2e031eb806396f456,artigos_casa,52,665,1,750.0,30.0,3.0,24.0
37345ac393270dc6d661b95fbdc0af24,alimentos_bebidas,56,666,1,1800.0,18.0,32.0,22.0
f2caf6034861cb05006f66b9d062207e,beleza_saude,40,409,1,800.0,16.0,19.0,15.0
306dcbc0bb646b50b3d86c6803558347,utilidades_domesticas,58,469,5,2000.0,45.0,12.0,45.0
dcae59c653ba99aebddbd821718e37fe,automotivo,55,1146,1,2050.0,65.0,25.0,25.0
114be868e131c0ec44f054b335118724,esporte_lazer,57,419,1,1600.0,22.0,12.0,22.0
4ee8542bbedeb1c6d01e48c66986af49,artigos_casa,55,614,1,550.0,16.0,10.0,16.0
82f02f778dae4ea65e408d9086b013ec,papelaria,60,2154,5,2300.0,26.0,25.0,47.0
587a77412dc2fc06488034be2a56f10c,pet_shop,54,272,2,1800.0,71.0,2.0,23.0
608396ec032711eb443596cb8cdce050,artigos_casa,57,212,1,500.0,16.0,10.0,16.0
b95d07d7e22e1e9badc878fd8ced3dd2,moveis_decoracao,62,222,9,2350.0,31.0,11.0,26.0
5cf337446524f9125e42b40abd6ccb73,artigos_casa,50,748,1,950.0,16.0,10.0,16.0
2a61ae7c276ed675a0289aee54e2c9b0,relogios_presentes,59,879,5,231.0,16.0,11.0,12.0
d14c053e6b7bb2e2f819b1b4926f6159,utilidades_domesticas,41,1391,1,1307.0,41.0,19.0,28.0
d64e758afad411049a45e42c9a259241,perfumaria,23,193,1,100.0,16.0,11.0,11.0
c43e3279d830e4515718d56b91cfa7d8,beleza_saude,39,524,1,78.0,14.0,8.0,10.0
ea825f519217acda066b1f5cc7ba06b3,utilidades_domesticas,44,1118,5,300.0,45.0,15.0,23.0
54d7ad85b648d3cb2b7069ed446d7f35,informatica_acessorios,42,503,1,1067.0,32.0,13.0,22.0
5ed39c3cfec7336d6b641fd71befc491,automotivo,58,901,1,2550.0,35.0,20.0,20.0
54c31c4585d30843421c7ea07d80f84e,informatica_acessorios,41,717,1,200.0,36.0,9.0,20.0
a25903f26691ccdbd6d2c5fd73ca005b,moveis_decoracao,44,1158,1,300.0,35.0,10.0,25.0
a37d5c6bae47cb27d8701aac7bd0cc3e,eletronicos,34,139,1,353.0,16.0,12.0,14.0
425cfc055cf3bee60a67ee33dc577c95,fashion_bolsas_e_acessorios,27,98,1,200.0,16.0,3.0,15.0
d1b1a0e78589ee89279d0be1e4a8b905,artigos_casa,40,896,1,1500.0,45.0,3.0,37.0
6bf1cd252d73626ab181be470f56e07b,moveis_decoracao,63,143,3,1250.0,16.0,32.0,16.0
2d063994ae4667cff3d6841e9d441d1d,eletrodomesticos,60,715,2,2750.0,25.0,15.0,25.0
08d76e49b8206d0cfb7456fe3aa7d3b4,moveis_decoracao,59,963,1,800.0,24.0,6.0,24.0
df43af64871180c5021e7203b0e21b29,esporte_lazer,58,460,1,1700.0,50.0,20.0,30.0
78a52f7c3f1fc50373949f57052397ad,esporte_lazer,59,2554,1,350.0,17.0,10.0,17.0
16048247166ec654c76c845f308c85f5,perfumaria,45,973,2,400.0,16.0,22.0,16.0
4390e4e834a8679a940d6795b52b5e58,automotivo,59,695,6,8175.0,56.0,11.0,32.0
5ad486e80218c20810521ec57ae5475e,utilidades_domesticas,60,322,2,1450.0,25.0,12.0,35.0
9205b5d133187385ee26d75b2d1d3bc6,ferramentas_construcao,48,126,5,9700.0,60.0,20.0,40.0
4f094d03e0acd9b1259fc846321e85b7,relogios_presentes,45,589,5,900.0,48.0,16.0,25.0
e6a893a996e7ca82a3a9eacd0029789d,livros_interesse_geral,45,748,2,550.0,17.0,25.0,11.0
3b25a71267a8d5926e53ad9b88b97326,ferramentas_construcao,58,148,6,7500.0,54.0,20.0,40.0
35bd74b6319ba18ae4f30d8b54144fd2,bebes,63,60,1,200.0,30.0,20.0,30.0
743c14ed5f01c78944d28320cb2cb8e2,livros_interesse_geral,54,429,5,638.0,16.0,18.0,18.0
5d61fa9714218b033b42ca6cbf0f2570,telefonia,53,816,2,350.0,27.0,5.0,20.0
5192b3aef1e52554497d72e7f5b97f28,artigos_casa,60,305,1,2200.0,35.0,12.0,25.0
44dda9168c820bed01e2030d01195d07,brinquedos,55,223,1,100.0,20.0,20.0,20.0
aa64b8510e8eb844b96bd10d3ac356bd,brinquedos,40,175,1,450.0,30.0,8.0,11.0
87d780fa7d2cf3710aa02dc4ca8db985,artigos_casa,57,189,1,1350.0,46.0,2.0,36.0
6e8d2a5a16437217f5ad2706ce6550b3,bebes,18,1162,6,700.0,21.0,9.0,15.0
d76c049f36a5b4975aa3cf095a6fa499,informatica_acessorios,56,246,1,194.0,21.0,15.0,15.0
f4041d76285c2a34ad5013e8d287a400,artigos_casa,46,632,1,800.0,16.0,10.0,16.0
c1b851dcfa2dd09a9349f396b2daeacb,moveis_decoracao,59,955,7,3450.0,90.0,12.0,20.0
6c3f48202d6fc1cc0d6900e0aa90b6e7,moveis_decoracao,63,749,7,3850.0,32.0,42.0,32.0
af041e55b9882e8263bde0a886b360be,ferramentas_jardim,59,562,4,950.0,22.0,21.0,16.0
f75b94ae22e65bec6b67d9652ef8387c,informatica_acessorios,50,872,1,650.0,16.0,29.0,22.0
930987da9df8e7d52d8072b5d7de5f6b,ferramentas_jardim,47,225,4,600.0,16.0,3.0,19.0
8e7ec8bbc0989d1ccbe6971f239eae9a,pet_shop,31,640,1,128.0,17.0,9.0,13.0
52557b5771eba333f455ba6486ea6f19,artigos_casa,57,279,1,1387.0,37.0,20.0,40.0
4678fb24818cab9ec956d9b610435d9f,perfumaria,60,225,2,100.0,18.0,4.0,11.0
e6b6e13cf71449a457269f425b89dc74,audio,38,2887,1,588.0,19.0,14.0,17.0
f175de424f961785861228372285f0be,utilidades_domesticas,55,536,1,700.0,20.0,20.0,20.0
32224b437cefd35300f4adeff01db8f4,moveis_decoracao,54,1722,2,550.0,52.0,11.0,11.0
52d9fae94c2e139cde2318ee1e3a9d1f,informatica_acessorios,33,308,1,200.0,19.0,5.0,13.0
c60dc9f21061b67be33f84697de91738,informatica_acessorios,41,492,1,200.0,18.0,9.0,16.0
2bd11da9314c88bf55df5a07251442e4,fashion_bolsas_e_acessorios,63,180,4,200.0,16.0,5.0,20.0
68b13c7eed9c7a6869df250b16983fce,telefonia,31,392,1,150.0,19.0,4.0,11.0
9a8aca8148bad37bbe7baf1f0564472d,moveis_decoracao,27,305,1,2800.0,49.0,10.0,38.0
fe673b1b9f582dfe9077e7ecfb03446a,artigos_casa,58,663,1,800.0,29.0,4.0,36.0
226b714574d308927d79827c0c7f9972,beleza_saude,36,262,1,3025.0,21.0,10.0,21.0
59ae536b07c3621a400369e60805398b,artigos_casa,56,281,2,1200.0,41.0,13.0,13.0
1b2066a33aee5851ee3e44b10b36b3c8,moveis_decoracao,40,402,1,1650.0,30.0,30.0,15.0
d2fd481184c11c7b14fd8e62f60b86b1,esporte_lazer,52,1031,5,430.0,20.0,8.0,16.0
02a79d79e818ad0be36cfc843a6af7ad,esporte_lazer,60,1738,1,300.0,16.0,15.0,15.0
e679677773e55e08f289ceeb0115f4f8,ferramentas_jardim,39,90,1,400.0,16.0,10.0,11.0
4c1d9c97a7245db3b8d7a32fb4c02286,livros_interesse_geral,29,764,1,1320.0,15.0,14.0,17.0
f38475d619e1481e8c2a3a863be6f49e,moveis_decoracao,28,493,3,11100.0,47.0,46.0,33.0
6d6fb3617bb1e64626e29d95ff678d1e,brinquedos,51,834,3,4700.0,16.0,40.0,40.0
75936c7c56bb713ac42fd32183535958,informatica_acessorios,34,852,3,756.0,34.0,17.0,18.0
9630b857efd71e4e583678219f57f0e2,malas_acessorios,55,812,5,1300.0,35.0,19.0,29.0
948c22764c5080442c29a9c3da89b40f,artigos_casa,48,729,1,3400.0,20.0,30.0,30.0
a519511d5c5c1153c9f636288e50f819,moveis_decoracao,51,637,1,3200.0,40.0,35.0,40.0
9ede6b0570a75a4b9de4f383329f99ee,esporte_lazer,51,1193,1,1211.0,25.0,24.0,22.0
14d003b4fde082d755674f43f7ceef55,papelaria,58,648,3,450.0,20.0,15.0,20.0
55aec8e90307dc2a7233549837c12299,utilidades_domesticas,38,444,1,11450.0,41.0,26.0,41.0
2a478a360a293f087e352e88f10af8af,artigos_casa,54,384,1,600.0,16.0,10.0,16.0
ce4951e4e9e73626368438f1dbc05dd2,livros_tecnicos,31,1021,1,400.0,16.0,23.0,11.0
f750e77aeeecafcb47516be7f8f278b8,fashion_esporte,29,404,2,400.0,16.0,10.0,11.0
1015bdc42b2ec0548e728cdc0ad72380,variedades,59,1339,4,7150.0,17.0,8.0,32.0
8b879b701aba1cd9adffb70411eb05d5,esporte_lazer,52,1554,1,1100.0,25.0,25.0,25.0
99e60b5a73c761f67099763a17c13bed,papelaria,42,224,2,325.0,23.0,7.0,15.0
a54f350cdb1f303fe39221171d003852,moveis_decoracao,24,249,2,5850.0,25.0,25.0,25.0
c4d9e2052eaa16ff448ebaac4fa37129,perfumaria,46,2345,2,235.0,18.0,10.0,12.0
978d5e0e71961b77d26485b13155f16f,instrumentos_musicais,56,1244,7,2550.0,17.0,27.0,17.0
7971cbbdffdad8e31a1bf8aa423772c5,beleza_saude,56,484,1,200.0,20.0,3.0,11.0
d986e4bd747ca20b348abcd013cd1303,esporte_lazer,59,938,4,1200.0,80.0,14.0,14.0
247fa5b4e2f524a22b21ef256ffc23e4,informatica_acessorios,56,954,3,950.0,31.0,4.0,23.0
06649da52cbfbb4e9b6cfc332d56c119,eletrodomesticos,47,353,2,600.0,70.0,5.0,11.0
fda6e6a7a94613adeb9bc945a6dbcc10,ferramentas_construcao,46,259,4,4100.0,35.0,14.0,35.0
522f7a0f8944ac27a74436210e112821,automotivo,54,297,3,2100.0,24.0,2.0,17.0
b1599324bbd2fda5befde0d69a9028a2,utilidades_domesticas,57,1040,7,550.0,18.0,13.0,14.0
67371c87cd852c73a336fc6ca6c66537,instrumentos_musicais,54,377,4,500.0,35.0,5.0,30.0
a21ff4d1a65a23c7e676469d24434a00,automotivo,59,992,1,4000.0,41.0,17.0,32.0
c195c665e137c09bc7dbffdaeaedb67b,bebes,54,1024,1,6700.0,36.0,31.0,36.0
84dd5aaecdb39b406c39de952b13f394,papelaria,54,395,1,310.0,20.0,10.0,19.0
dce3721f89a159fed6ff8b94d7ba32b9,telefonia,54,1250,4,500.0,23.0,16.0,11.0
519f998a3890d844a5f27a99c69d2c6a,utilidades_domesticas,43,4,1,1045.0,39.0,16.0,38.0
87064fd995f81ddb8e735902047fe007,climatizacao,52,556,1,1670.0,33.0,27.0,19.0
ef5d149e671d0d67a962eceb26d972c8,variedades,,,,200.0,16.0,2.0,20.0
ad41296c351db09070c6a92a27c261bc,fashion_bolsas_e_acessorios,24,132,5,50.0,17.0,6.0,13.0
6276a9c20b9182d92ffebdb0927c2653,informatica_acessorios,42,602,4,300.0,37.0,2.0,28.0
56c7e8adc8769d3dbc4dd74145c0e83c,informatica_acessorios,32,1074,2,200.0,39.0,2.0,30.0
49f1b23ff841a350354b2f1dee13d6f4,informatica_acessorios,54,407,3,250.0,19.0,3.0,14.0
a2139d605ce44922729e050916c4a667,perfumaria,42,645,1,400.0,16.0,16.0,12.0
756eab67d3c0edae186c4617412c056b,beleza_saude,49,1948,1,640.0,31.0,16.0,15.0
96dbad46bf454d233b0d2adf108294a1,eletronicos,56,146,3,200.0,16.0,6.0,14.0
91472a5abca63bed91ade04c71c203ce,artigos_casa,36,496,1,100.0,27.0,5.0,20.0
852b4b6ded0425a736da9dd818e872b6,fashion_bolsas_e_acessorios,27,171,4,250.0,26.0,12.0,22.0
8e7d8117454aa017a9800633a0b0a05a,artigos_casa,57,382,1,2500.0,47.0,21.0,41.0
16e42459e56f3df24a195ca8bab5bb81,eletrodomesticos,54,1275,3,8150.0,26.0,55.0,26.0
e59122e4d747d525e21da293568a36df,papelaria,57,413,7,550.0,22.0,7.0,15.0
10714d6a49c0af9ccdab2d806887c5f5,esporte_lazer,59,254,1,700.0,40.0,45.0,25.0
f4cd1164757f2f82e7f949e9ba129664,artigos_casa,41,486,1,800.0,20.0,20.0,20.0
c892c76504fbc267594383bd0f0d94e8,variedades,,,,100.0,16.0,2.0,11.0
d359ac1975cd09111b28c63352a88e18,informatica_acessorios,48,238,1,1500.0,28.0,13.0,14.0
c72336b153d63586e6c0599a1b78f47c,esporte_lazer,52,1416,1,300.0,16.0,16.0,16.0
0312536dd9e1c1b732d2b8ff5c3181d6,automotivo,56,838,2,600.0,35.0,5.0,35.0
47920da896bbd89e851429c78a7a7a8b,moveis_escritorio,55,1086,2,19400.0,48.0,45.0,56.0
625a5d3dc87b556165f33a639f24bd4a,livros_interesse_geral,40,904,2,700.0,17.0,5.0,28.0
6af89b97a841482f79c52765bfe0d699,esporte_lazer,38,2378,1,1743.0,29.0,26.0,24.0
aaf40f7116e48d6cc01d3857c1264432,telefonia,55,613,2,100.0,16.0,6.0,15.0
22c5ddc22ea8cae84fc9917def682dc6,perfumaria,24,435,3,350.0,25.0,15.0,15.0
3c504ffcb9f8ff101de420123932279f,relogios_presentes,40,686,1,375.0,18.0,12.0,13.0
b6d96e7683a87fc151ea589ce97a330d,beleza_saude,18,180,4,150.0,21.0,4.0,16.0
3d36f403ac27db5c5b8faa68836e3d1f,moveis_decoracao,59,2010,2,1450.0,69.0,11.0,11.0
88e55a509dd9848fe90373958567203a,brinquedos,48,101,5,200.0,18.0,4.0,12.0
b77b1c083bc9bd1bbceccc2346cd02f4,variedades,,,,100.0,29.0,5.0,20.0
e05f6c9ef4c09b0023547314e07c5d64,variedades,33,650,1,1450.0,42.0,25.0,15.0
d722e6d632fdc8f3ba9375c599087ab3,variedades,42,1586,1,600.0,22.0,14.0,19.0
e68b91b4be81828d288ee21e8fddef3c,telefonia,54,586,1,150.0,19.0,4.0,11.0
7e857e35018e4a05b7d124d1628dc1f0,esporte_lazer,14,1346,1,329.0,20.0,16.0,18.0
eaa4d384d4ee72d1f182df35dfb0ecef,bebes,60,391,3,350.0,45.0,4.0,35.0
3cebb9158a3aa0b3f78ee0f934c9f032,esporte_lazer,41,423,4,1700.0,28.0,14.0,22.0
6ea7927ee9727ed48b265bfdcdbffdc1,esporte_lazer,59,606,1,700.0,105.0,6.0,11.0
d1b9d81af2e3beb92897dd71af23fdd5,beleza_saude,57,537,2,225.0,20.0,10.0,15.0
f6846ffd13de01b26f4eaebaf76295bc,papelaria,55,205,2,425.0,28.0,13.0,18.0
4d8ea5149cb1949048b389bc23797fef,market_place,63,937,2,600.0,16.0,4.0,11.0
4178e16324fd0c9a8e18463caf390cc6,variedades,51,582,1,11600.0,65.0,19.0,47.0
77c458f1c9de09a6b4dcda767ec6dae0,utilidades_domesticas,47,630,1,1850.0,27.0,12.0,20.0
5ad067c2cc9aa18ee03b9ccb5dbd8f8b,automotivo,60,198,3,200.0,22.0,11.0,16.0
a48a82499de633cdd782856d69789b62,pet_shop,31,555,1,5575.0,16.0,18.0,16.0
66a9f2ae5f95525f72f964819b0ea84c,relogios_presentes,60,1378,3,500.0,16.0,11.0,12.0
f547017386361b9e31600b92246e817e,informatica_acessorios,45,169,3,200.0,16.0,10.0,15.0
418405ed2f7830b3ab55a767f1b2d03b,fashion_bolsas_e_acessorios,37,243,2,150.0,16.0,16.0,11.0
5c2a9a8bb1b65277521aabe555a4628c,beleza_saude,40,485,1,390.0,21.0,16.0,18.0
2b8db93524783231aa75136bb201e659,telefonia,58,138,1,100.0,18.0,3.0,13.0
4525c06a9be3578a113250b8dec95353,utilidades_domesticas,56,306,1,4200.0,37.0,15.0,37.0
d7b1317236e0c03475bfe67536ae3c81,eletrodomesticos,58,147,2,550.0,20.0,13.0,15.0
ad5396bf96af6ede77130e54ad266c61,moveis_decoracao,39,252,1,900.0,16.0,34.0,34.0
1d6d7be70107889e3193819aca4dc1dc,artigos_casa,54,396,1,900.0,24.0,5.0,20.0
e4fad067efcea03c66a5fa661d391603,beleza_saude,43,480,1,333.0,19.0,16.0,21.0
cd58b9f614170d691ae0b6049f842894,automotivo,57,103,1,200.0,25.0,10.0,25.0
fc8895b553fa05e3c996f020da54ef8a,automotivo,60,526,1,526.0,21.0,15.0,13.0
80fcb8062aff23a658c4b047a08bec66,beleza_saude,46,919,1,200.0,16.0,11.0,11.0
f06059b7624d79f0c063e5d45bffcafa,esporte_lazer,36,1219,1,1700.0,18.0,16.0,16.0
f132b7df45fae1b7f60550c5ae81aa57,moveis_decoracao,57,929,3,250.0,18.0,9.0,14.0
f3c62fde9d2e2acf6c7c46648571c070,consoles_games,19,642,1,150.0,18.0,20.0,11.0
737a9833b197ee08e16dd5cfd02851ba,informatica_acessorios,58,348,1,1975.0,29.0,23.0,23.0
6802039b7e3ac1654ea1d62963e95e29,moveis_decoracao,57,236,2,1500.0,55.0,15.0,42.0
252641aa4855aef622089db60c4ad90a,variedades,58,3217,2,100.0,16.0,16.0,16.0
f66b96cde4302b883004de82e17734b0,pet_shop,55,1287,3,1800.0,68.0,3.0,45.0
1b37b3107916db24fcb0ea0f9c024bd3,beleza_saude,45,510,4,300.0,31.0,6.0,31.0
d38b4ba2e81db02dbcee8ded3880121c,instrumentos_musicais,59,938,3,500.0,56.0,11.0,20.0
d05d900323cc6f68c3de5ad56d8d63e3,moveis_decoracao,60,362,1,2100.0,40.0,10.0,30.0
389c9ee4cb69aba5aad6e8087a4982b1,esporte_lazer,54,705,1,1300.0,26.0,31.0,26.0
b98d41e46b20c7a6f0e509d1c76d8823,informatica_acessorios,41,2999,6,300.0,16.0,16.0,16.0
de4a736d3f2df1266774822d9a4762a8,fashion_calcados,34,240,12,200.0,29.0,7.0,16.0
96c71a33864212d98d1df6c9b7e701ba,variedades,26,641,1,2000.0,62.0,20.0,40.0
c519f4684e315ead8f279de375f4aa61,informatica_acessorios,46,311,2,300.0,24.0,9.0,17.0
0988b623cb8fe96a92474a96b0573503,telefonia,54,1165,3,550.0,20.0,18.0,18.0
25f57c88d67a6e65ff2eec180c03a4cb,automotivo,58,336,1,70.0,24.0,10.0,15.0
70d57e1031cc2064017c1dadbb672a1b,artigos_casa,48,122,1,1100.0,45.0,10.0,15.0
601d52789faa7ded8408d63ccfcb4800,esporte_lazer,59,2853,1,2200.0,33.0,30.0,30.0
c1568069089eb4c961506f6198bdc9f9,utilidades_domesticas,54,480,6,550.0,30.0,15.0,15.0
680cc8535be7cc69544238c1d6a83fe8,pet_shop,48,1392,1,200.0,16.0,2.0,11.0
3a70aac3c4707d6a2a786cd7ef88bf75,moveis_decoracao,56,2043,5,2700.0,69.0,11.0,11.0
678d94b37302bea8e20690b80838f239,automotivo,59,891,5,900.0,23.0,7.0,38.0
4611bb7e0ac415d6ae411925356bc93a,telefonia,55,518,1,150.0,18.0,4.0,11.0
900e3b70802c6c3f762bee438093f284,telefonia,51,502,1,300.0,19.0,4.0,11.0
e8a2ee67401eb29a9eba28e2eab61a8b,fashion_bolsas_e_acessorios,52,1399,2,250.0,16.0,2.0,11.0
3201f8224f0692ac79dac9d193ef539d,utilidades_domesticas,58,265,1,200.0,26.0,4.0,19.0
5b910c27c3eae423d146869b0392b4a7,automotivo,59,318,1,7650.0,95.0,16.0,30.0
9a9524293520e3c3f20be70334f63525,consoles_games,17,615,3,150.0,17.0,4.0,14.0
05eee88d9d208fa34d4246aae4025381,bebes,41,271,5,600.0,16.0,2.0,11.0
4d0322b5ddf89ce6a3564aca2e261a3a,ferramentas_jardim,57,2868,3,28300.0,87.0,45.0,42.0
165fb50db4fca5b20adf857e6292b171,perfumaria,35,1059,1,200.0,16.0,9.0,11.0
597d26435e8ef77bb0fcd26f6c07d486,moveis_sala,33,316,1,13725.0,54.0,22.0,53.0
a4f283ca7a807cf3ff056abf3ca9a621,utilidades_domesticas,56,119,1,250.0,20.0,10.0,15.0
f30de5fdde000c5debf03cc49d782249,artigos_casa,58,217,3,5350.0,40.0,20.0,40.0
415229bc91af2ce6c766bc42ad4f395a,beleza_saude,36,1610,1,250.0,16.0,5.0,11.0
cafd558df4c3c9d1c338ba6930ea9a62,bebes,45,1009,1,16450.0,44.0,70.0,32.0
8a1583ef3ffc9f4b5bfb7b78e74f4c9d,relogios_presentes,29,201,1,667.0,17.0,11.0,14.0
74790a8acfbd4d1a9d5a81b7780fb24c,moveis_decoracao,63,179,2,17400.0,100.0,7.0,90.0
26a4f62a409a78816adb31e0d729a163,variedades,,,,11100.0,62.0,33.0,25.0
95b9a78b41f69ad6c3b8e21374700696,informatica_acessorios,44,314,1,250.0,16.0,5.0,11.0
fe92a2b984222723a72b0a3790742623,informatica_acessorios,48,585,1,200.0,16.0,16.0,16.0
cd00226b5a6c74c899d42c8a1114d7ff,ferramentas_construcao,60,1636,4,600.0,62.0,12.0,12.0
29d6d16a90eb88618b243dc8cf30822a,malas_acessorios,50,389,3,11200.0,30.0,56.0,39.0
42025f5a5a9be121b14cc11611331b20,moveis_sala,60,1151,3,8850.0,37.0,14.0,61.0
2172cc642285306d7cc942de518173a2,beleza_saude,53,2120,1,10550.0,30.0,20.0,27.0
e93009b6d983b9f87a984b7fc9e67240,bebes,58,489,2,300.0,25.0,20.0,20.0
6e110609c2314bbd56666eb2cdb464b3,ferramentas_construcao,60,1104,1,3750.0,20.0,20.0,20.0
2858d6de97a772474d7ad96a894f7166,market_place,21,328,1,3500.0,20.0,35.0,12.0
a8baceb529f7e2a5c770cc5b4e3da35d,beleza_saude,55,432,1,30000.0,55.0,75.0,61.0
de5a06d0d4cc5fcc6e384d789bb0d7cf,automotivo,58,306,5,1050.0,30.0,5.0,20.0
637383c817a76910656fca6dac7ee7a9,variedades,58,1827,6,200.0,16.0,3.0,11.0
aec710f01b389f7277acf17f5fa20094,instrumentos_musicais,55,307,3,200.0,16.0,16.0,16.0
dbbada1d22d372b560848616267ef291,moveis_decoracao,21,257,2,9850.0,36.0,47.0,36.0
e9f2586707fb45ea0f9997c54f585842,esporte_lazer,35,1034,1,1450.0,23.0,32.0,23.0
aa53b7499856e6df13008f34100cc336,moveis_decoracao,53,629,1,1800.0,30.0,35.0,30.0
b10ecf8e33aaaea419a9fa860ea80fb5,moveis_decoracao,30,308,1,2300.0,37.0,30.0,20.0
05237facc08e138d9cec4742f145cc00,variedades,48,163,3,533.0,23.0,21.0,21.0
183770fe75350bbf19c623927e1c0f72,esporte_lazer,48,147,3,250.0,25.0,25.0,25.0
3f492185923b69e5e936c2d988dca905,relogios_presentes,58,731,2,250.0,16.0,11.0,11.0
426596c392468d670e27195c23a6c3fe,ferramentas_jardim,31,493,4,8350.0,91.0,33.0,56.0
5059d375bec8f42bb1638f120d5a1e55,informatica_acessorios,60,129,3,500.0,40.0,11.0,30.0
8d404ec088b339aa069d726152e21cc3,ferramentas_jardim,57,171,7,300.0,20.0,10.0,15.0
49910aa68623da9f1bac8754b38f23f7,moveis_decoracao,37,142,1,350.0,30.0,31.0,20.0
dd1391f8da0f3ec40ba009eabfbffb7a,beleza_saude,54,1346,1,1900.0,20.0,26.0,12.0
62bf07cdb14270c48cf42ca0312986aa,esporte_lazer,35,1761,1,8100.0,30.0,80.0,30.0
ae9d8ccddc081b66d656332ddf9b2373,variedades,,,,200.0,16.0,2.0,11.0
99deb331428f8424b5400076161c3193,alimentos_bebidas,45,1430,1,450.0,18.0,17.0,12.0
d7b0d640fed3084549c593479d40556f,artigos_casa,37,258,1,1900.0,38.0,13.0,20.0
e70f7c188cd2c0f01a1f6b35411cc481,relogios_presentes,56,742,3,250.0,16.0,2.0,11.0
29f44bef673bbef52b8c43bd2fe3242f,beleza_saude,60,549,3,130.0,21.0,11.0,11.0
970630717e7cff3088d05b01d90e36be,brinquedos,56,1001,3,130.0,16.0,7.0,12.0
507aecc61cd097175746c6221496582b,moveis_decoracao,55,603,1,2700.0,40.0,35.0,35.0
8c38d21062ec6ee492c3500d01150b7a,eletronicos,22,816,1,250.0,18.0,15.0,16.0
bbc74a748306b105fb908c780551457a,instrumentos_musicais,41,3340,4,700.0,16.0,5.0,11.0
1d11e9991beabfd8071f2bfb73444500,utilidades_domesticas,60,439,3,750.0,16.0,2.0,11.0
e095c986136fd680308f08bc98f20a53,variedades,63,2662,2,300.0,17.0,26.0,12.0
64673f20839446c1eb744c7d5c299db7,telefonia,48,513,2,600.0,20.0,16.0,20.0
0e8d8404861cea31d9b2010514fc53ad,climatizacao,48,2056,2,350.0,29.0,5.0,16.0
703655144396d09091d9280259c9e51b,telefonia,57,734,3,350.0,17.0,4.0,12.0
57398ec023989dbb7618acae002f3370,variedades,,,,1000.0,27.0,10.0,20.0
70b9fad17d9a6e0fc5cb1f056f9c871d,moveis_decoracao,58,564,1,1050.0,75.0,25.0,25.0
bfd00f48ae944947e4702bc90e492a9d,esporte_lazer,45,385,2,250.0,21.0,18.0,18.0
3425f911c976bb4f499d02aac8cf4a96,moveis_decoracao,38,348,3,7000.0,30.0,55.0,30.0
6761b88d4716b34a0d41bb8d13e20db0,artigos_casa,57,281,2,1900.0,45.0,15.0,35.0
6421ae053bb80dff3ceae1f217f54ed4,telefonia,56,1081,6,335.0,19.0,9.0,21.0
ff37b24bee4345bc69d11fae0e6cd3da,moveis_escritorio,40,507,1,20450.0,101.0,10.0,62.0
b736d9a2b8c08167e109d209e97833e0,fashion_bolsas_e_acessorios,24,485,4,200.0,16.0,12.0,16.0
8e20986c0842f8d4d8393ae6a2f05cad,brinquedos,51,222,1,450.0,45.0,15.0,35.0
b2cadb94baef5a2eb2e36c6047dd5f34,moveis_decoracao,43,737,5,1100.0,46.0,12.0,46.0
8f15675458988055bb1a108cc82b4b3b,automotivo,42,59,2,4825.0,99.0,33.0,30.0
c18ac1d6cc053c0ec7296b994ae6ffeb,relogios_presentes,54,237,1,550.0,16.0,2.0,11.0
5a4f16bfafb54a744311f01c11c05737,informatica_acessorios,59,1132,5,3462.0,23.0,20.0,25.0
5e53d7f0369429a1b28ef093a15f7509,brinquedos,49,1309,3,900.0,45.0,15.0,30.0
36df104745cb6dd332bd1eff627af709,utilidades_domesticas,46,1318,3,493.0,22.0,6.0,22.0
476f613bc92f3a20cf80a586fa45a232,artigos_casa,56,207,1,500.0,50.0,11.0,40.0
0210b75f6f4de09dfc17a66803290f8a,alimentos_bebidas,33,2245,1,1800.0,35.0,20.0,20.0
bf16de726d9f702aee68610fe171d70e,consoles_games,28,96,4,175.0,25.0,3.0,19.0
ee6540b34ea60c885c775fa9b52e81e3,esporte_lazer,16,449,1,407.0,20.0,17.0,18.0
7ccb753a501e816bd678657918276574,moveis_cozinha_area_de_servico_jantar_e_jardim,58,1201,7,3450.0,70.0,25.0,25.0
731599825523e54feea5f4678ca8f54f,brinquedos,47,1214,2,700.0,30.0,10.0,20.0
0c5b17c1b54fc1dc48752ddb8caab6fc,utilidades_domesticas,55,727,5,1000.0,16.0,8.0,14.0
4945f34d8df378693f6b84c437b414dc,moveis_decoracao,56,183,1,4150.0,50.0,15.0,40.0
f5f0b722d7662e8939727fb49e45d046,relogios_presentes,54,536,3,563.0,16.0,16.0,14.0
d096e0e170ba78894105effb6d513d97,perfumaria,54,1474,1,1000.0,20.0,20.0,20.0
d140e9c5f63339fe27f7ee4d48c383e0,moveis_decoracao,61,157,9,5500.0,41.0,15.0,25.0
c0654cc48163d87a12f1088eb133db68,moveis_decoracao,60,813,2,3700.0,36.0,30.0,19.0
7d48ab65665b044e63b15f274c6d7dca,automotivo,60,651,5,3350.0,78.0,4.0,47.0
e8980f13841769bf1770127583697d59,fashion_bolsas_e_acessorios,50,521,7,100.0,16.0,3.0,17.0
9b07e5a3113ca2345341e0cda29e4eb7,moveis_decoracao,57,1526,1,12500.0,36.0,34.0,36.0
525d714f91bdf4dc6849c3ed6323e6a8,eletrodomesticos,59,260,3,1625.0,24.0,12.0,17.0
67301eee7b845f54ee9df341fb8393de,eletronicos,41,401,1,125.0,22.0,11.0,16.0
cc1cf854a12251181a78ee8e39f2819b,livros_tecnicos,28,1168,1,450.0,17.0,24.0,11.0
b1331b26eebb4fb40f0423a73018e1fc,variedades,55,817,1,700.0,18.0,35.0,20.0
330144665b875c2b4555f88d9f4ed7c1,beleza_saude,59,410,1,558.0,21.0,13.0,16.0
6e7f4ae007302e93c5610894712289bb,bebes,49,154,1,1250.0,20.0,22.0,16.0
0333795efd58e3c33c5850b92721c3e4,moveis_decoracao,28,725,1,6317.0,36.0,40.0,36.0
259df46ee92a13043ed24ebabb9534fe,moveis_decoracao,34,733,1,550.0,16.0,13.0,11.0
55b07be78f0c20631dc3d53ff92bb292,moveis_decoracao,57,470,2,8050.0,80.0,10.0,60.0
724079b3201139ea9f397edcf3ec90b9,artigos_casa,59,184,2,600.0,70.0,10.0,50.0
0de59eddc63167215c972b0d785ffa7b,ferramentas_construcao,58,339,1,4100.0,26.0,8.0,26.0
32f48d8080ba3d1d0cf00475f68cdb07,moveis_decoracao,36,728,1,17783.0,57.0,17.0,42.0
ea3681fd0335adf45b71f1145ac562c7,informatica_acessorios,58,250,3,1000.0,25.0,20.0,20.0
2ea92fab7565c4fe9f91a5e4e1756258,papelaria,55,178,3,10600.0,60.0,20.0,29.0
4db615df108f98bcf521b9ec6c27ba24,casa_construcao,33,484,2,1950.0,38.0,28.0,28.0
e5fdad73fc055d39542568c10dbfe45c,beleza_saude,49,1013,1,450.0,16.0,19.0,15.0
283ede5fd5aed76f9b6163d057098554,variedades,53,629,1,1050.0,40.0,30.0,20.0
7166b2d3c09b93e04279029b28c498e4,pet_shop,28,1494,2,850.0,24.0,20.0,24.0
fd6c1e7562ca075a0c3e11cdc1158d82,moveis_decoracao,35,259,2,8100.0,40.0,30.0,40.0
ee8c064d6aa1ff4a130e616fab03e284,moveis_decoracao,61,928,6,10150.0,30.0,47.0,30.0
1803e81cb6baee466165678dec256407,automotivo,60,222,3,350.0,30.0,20.0,20.0
39849897ee574a067adeb72b6c8e84fa,ferramentas_jardim,38,693,1,320.0,16.0,13.0,18.0
61779602040b50203b4cdb85dbf2fa83,artigos_casa,54,714,2,25700.0,45.0,40.0,32.0
63f7a4366da7b3a3cb5bd2336ca15f7e,telefonia,58,1220,1,600.0,23.0,7.0,15.0
143bc7fcaf6929ef5979e58abf39d4ed,moveis_escritorio,40,1189,1,18225.0,38.0,54.0,38.0
e87ddc08b32806b6d8f28986f012e6a8,utilidades_domesticas,59,593,4,500.0,16.0,16.0,12.0
f0e62aeebadb31681187c9548d8aae40,utilidades_domesticas,36,436,1,400.0,39.0,11.0,11.0
7c45216f5d973dbd72f3a6e5186438c0,artigos_casa,58,362,1,350.0,25.0,15.0,25.0
64fc6010136aa59736e148c404e77a54,casa_construcao,59,918,6,750.0,16.0,20.0,16.0
481a7cf644601696cd8f12e1efaf8547,ferramentas_construcao,60,463,6,1300.0,25.0,10.0,20.0
3360da0bdc5e96e78beaade20beeefa4,automotivo,55,1113,6,100.0,16.0,6.0,11.0
ad00a218e16f65efb3dfebe514994ca1,brinquedos,40,461,1,3750.0,30.0,30.0,30.0
202461254670632afd89ac8034e87453,moveis_decoracao,58,646,1,300.0,16.0,30.0,20.0
26c927e65e1f0e55dd678ab40436bc99,artigos_casa,43,324,1,900.0,36.0,4.0,29.0
c0aed8767e46cce56e77db0ceef83035,automotivo,57,784,5,500.0,16.0,16.0,11.0
c600ab476bb91f71d1f7fd85fd81a00f,consoles_games,44,410,5,200.0,20.0,2.0,15.0
f7812bf540cb401d6419be55d3b68ce3,esporte_lazer,53,1069,3,25700.0,80.0,85.0,20.0
ddf035e3aa3fdf3d2869e8be378d001a,brinquedos,43,301,4,1100.0,100.0,15.0,15.0
31993e6d68c0849b3547d2ca6b573a94,seguranca,55,3381,1,5050.0,24.0,24.0,24.0
e5431fe7b289028ba2b453fafd45f0f8,moveis_sala,57,692,3,1350.0,50.0,11.0,40.0
c033f1d184d2a7206c602c1bbfa670ee,telefonia,58,278,1,50.0,16.0,3.0,14.0
5b226d7c52f86ac72457617f78cff95d,artigos_casa,50,381,1,875.0,25.0,18.0,40.0
d0ae5110da1575c15853f122de459f4b,beleza_saude,63,2472,1,1400.0,16.0,16.0,15.0
0091d85023824de2d33252310c952307,utilidades_domesticas,39,169,4,450.0,16.0,24.0,11.0
4dc3dcf258288cfda345034a4d96fbf9,moveis_decoracao,56,267,1,3400.0,62.0,27.0,17.0
7668f663b32b0678da61622125b39545,artigos_casa,59,243,3,1100.0,37.0,6.0,27.0
2d62078f4b87416a280931049a9d7cca,brinquedos,56,828,2,300.0,30.0,20.0,15.0
f83f6ed380fa37da66fe8acd4593cc69,pet_shop,59,624,3,900.0,42.0,3.0,35.0
58242a22820af7b54962e08f75d2cacf,relogios_presentes,63,1324,1,500.0,16.0,13.0,13.0
b3d141fdbe3680294a78f0b712c87159,eletronicos,59,324,1,100.0,22.0,8.0,12.0
c04817dbf62ce91069b03b151fb6b40e,utilidades_domesticas,55,489,1,500.0,28.0,9.0,18.0
0f3a9ee2528678ce70458e2dde0a5bfd,eletronicos,52,441,2,100.0,17.0,5.0,12.0
7b8137babf4b7482802f8fe62e7ccf99,seguranca,41,232,1,200.0,23.0,13.0,18.0
c397f1164e9f4e6e47328af65a5e485c,automotivo,60,765,2,3600.0,17.0,13.0,17.0
5f6b5f78a82f5ebf164b70a26447e868,esporte_lazer,57,1136,1,238.0,16.0,10.0,13.0
cb790fa02cc6097dcbf8f9f05904a005,moveis_decoracao,53,646,1,300.0,16.0,30.0,20.0
33a11954c13e439a0a632a2cb996b534,esporte_lazer,30,157,2,250.0,27.0,4.0,11.0
2ced45a3059cbb128a8b8b6508809746,informatica_acessorios,37,1458,2,350.0,18.0,9.0,14.0
c625ae2c17fb3590976b5822c1505126,utilidades_domesticas,60,570,1,2000.0,32.0,32.0,32.0
ea2d6aa9595ad8927759e363f8210825,beleza_saude,55,1675,1,400.0,17.0,13.0,14.0
0d2f2dd7132f16be810fcf84fde2d1ae,bebes,59,1112,3,1350.0,42.0,25.0,15.0
12cbe733abde1e976549e8d6f4f020f1,perfumaria,46,1063,3,250.0,21.0,7.0,14.0
176e81d05865d1cf72d45caf8023268d,utilidades_domesticas,53,1164,1,150.0,25.0,10.0,20.0
98475d9717984fc80373a380bbfb0d81,artigos_casa,52,832,1,2050.0,16.0,10.0,16.0
4c4fd057b307bd432dd7588d56ee9636,artigos_casa,55,291,1,3150.0,45.0,17.0,35.0
a6f609450e3980d2e6065b4a98eb02da,utilidades_domesticas,58,507,3,500.0,30.0,11.0,20.0
d5e5687ec64971ca08d943ee02f38233,automotivo,52,463,1,2200.0,20.0,20.0,20.0
1297aae1e4a553b640f4a0a8a8349d06,beleza_saude,55,449,1,700.0,19.0,17.0,15.0
b72b39418216e944bb34e35f4d3ea8c7,esporte_lazer,39,141,1,767.0,26.0,8.0,20.0
888e11f9e6f882701220d1139c58d462,instrumentos_musicais,40,343,1,200.0,16.0,5.0,11.0
55742882e846f5896e72892678652057,fashion_bolsas_e_acessorios,48,128,1,350.0,20.0,10.0,20.0
ab592db756fdbec7cc98b2cd91ed51d0,moveis_decoracao,50,1593,3,2500.0,105.0,3.0,70.0
75e62433aab3f2aeae71e3bbc0af2171,alimentos_bebidas,18,1244,2,900.0,20.0,8.0,16.0
6b0894fbd8143c541f3c40622d8a9603,ferramentas_jardim,60,3088,6,1200.0,34.0,7.0,22.0
57ba9fd4b96512b1aced2dd46e1aea68,artigos_casa,44,188,1,650.0,40.0,4.0,30.0
6d8d9c9af735eae354cb0b43a9cbebfa,fashion_bolsas_e_acessorios,63,655,4,300.0,16.0,9.0,20.0
321630bb4ad7a86b816ae01396ad58d7,automotivo,53,1048,2,12100.0,61.0,61.0,21.0
8b8702416a4fecb685fc70b056cac372,beleza_saude,55,1038,5,200.0,18.0,13.0,13.0
49e20457404f1167ad0f5d70c1e40b7e,informatica_acessorios,41,680,1,150.0,39.0,9.0,11.0
d68b3ee8696e55f3c81a7d319bd1b44d,brinquedos,42,1755,1,13625.0,55.0,50.0,38.0
bfa64d725aa1ca8be0202f5d93e13f6f,telefonia,49,205,2,200.0,22.0,5.0,12.0
e2ec15eadf519df807f40d72a49e29cd,livros_interesse_geral,58,1122,1,300.0,35.0,5.0,30.0
3a594e201c33eeb699e72b5fb9f48dd6,moveis_decoracao,60,1492,3,1700.0,105.0,3.0,70.0
cb428376d66b5e216d2ef9f3b27fc172,instrumentos_musicais,59,209,2,5000.0,45.0,14.0,105.0
97f1396a5a1f7c07ba51784efdec44b8,utilidades_domesticas,60,1632,8,1400.0,43.0,18.0,18.0
e13f46cf68d356e0ac0f32058af20911,fashion_bolsas_e_acessorios,56,142,6,150.0,16.0,9.0,11.0
06dce482ace017e78349b6f1fa83a022,artigos_casa,44,452,1,550.0,30.0,3.0,19.0
b7c26f18ec50a3fbdb10c7189b8f459d,informatica_acessorios,55,738,6,100.0,16.0,3.0,11.0
798d450aedc86f840c17c0aabd4e9303,artigos_casa,60,455,3,3100.0,37.0,10.0,40.0
16376850de9d7788d802f09e462231d0,artigos_casa,53,164,1,2200.0,45.0,14.0,34.0
c57bafab28dd10e1d95c06ec176e7441,climatizacao,51,1265,4,2550.0,18.0,37.0,36.0
1c2343e8f516d16e590d499476a026f3,automotivo,59,103,1,250.0,25.0,20.0,25.0
1c155a30fb1a2c828c9064cdcb7d2993,eletronicos,53,2407,5,350.0,16.0,16.0,16.0
83428935683b0e51254e4deb99d53fa3,perfumaria,53,897,1,350.0,22.0,16.0,16.0
8397dc503d1a0c2ac7422701884de5a6,ferramentas_jardim,43,580,1,315.0,14.0,13.0,13.0
c2b534c5a4a6cbfc41aeaf362fb0c060,alimentos_bebidas,39,324,1,2300.0,16.0,32.0,11.0
cf88e5bfdc37eafcb2130a618e815438,automotivo,58,1102,2,1800.0,34.0,40.0,19.0
aca221fdd447718a25717709baf4af51,bebes,55,1630,1,550.0,20.0,13.0,13.0
955129b53464486f9f93074c64b2bd88,informatica_acessorios,56,388,3,150.0,16.0,4.0,12.0
3d48e45c02063f74b3a9147ce7ab5196,papelaria,58,393,2,200.0,16.0,3.0,11.0
8c061c83aadff7ca00360142d8c19c2d,beleza_saude,45,1130,1,125.0,17.0,11.0,12.0
f35aa9afd2173519c54e97c6b28a52c7,perfumaria,41,259,1,300.0,17.0,14.0,14.0
28e84464cd1bbb430b6394a555573df8,variedades,57,330,1,2000.0,35.0,45.0,19.0
42737e3759311804e830f222c6135e30,eletronicos,56,431,1,5950.0,98.0,17.0,18.0
60f560fe3dd8adc165becf182ec8f834,esporte_lazer,48,236,2,3450.0,60.0,15.0,15.0
4b08796ea8ae2025d610f3e968e61471,papelaria,49,302,3,350.0,16.0,16.0,16.0
c8b5147de7ed25abf301f8138d4d07c7,automotivo,60,1351,2,1200.0,35.0,15.0,29.0
008b0ec3de3638637099f97add750136,beleza_saude,48,516,1,690.0,17.0,17.0,13.0
9060e6841dc01d7b51ec7e7b173ede4e,papelaria,60,127,3,2900.0,25.0,55.0,45.0
773fc6de13d1f04a533ab4186b52420a,bebes,60,2135,3,1550.0,42.0,30.0,37.0
f1b1c272713f21efd25aec03865dffe3,moveis_decoracao,45,713,4,600.0,34.0,6.0,23.0
c5f5b4b17e4cd989c39986cd0dddc018,moveis_decoracao,55,329,2,350.0,16.0,16.0,16.0
e311d1899b83ab4b7706f6f81d155a19,papelaria,54,223,4,1500.0,60.0,20.0,29.0
21e288a2a0d211749ff4b8f475b48557,bebes,44,1059,2,2600.0,56.0,11.0,41.0
a4800b5d0f4850922208a6cefcffed51,esporte_lazer,28,1042,1,1250.0,19.0,12.0,12.0
b2149b7e64788f888efdb743530aedaf,esporte_lazer,34,1053,2,696.0,21.0,20.0,21.0
336b5407e252cac6f4e4270979cec8ad,beleza_saude,53,585,1,900.0,16.0,25.0,15.0
81db76f3ab0fae3c8cbd73d201fde481,esporte_lazer,56,2846,3,1875.0,44.0,46.0,39.0
b0517edd4454b9c2537f65826f500a2f,utilidades_domesticas,57,476,2,250.0,30.0,10.0,20.0
257b784332308b51af0d6c72ef30fda8,pet_shop,55,1337,2,6700.0,40.0,20.0,50.0
2480cf865df7d91234cf0ea77e8bd68c,brinquedos,57,715,2,613.0,19.0,25.0,29.0
a2e23998b013d26d049d721aa7a32e1b,moveis_decoracao,46,273,3,200.0,19.0,11.0,18.0
470433f95ba906e17efac3fce39e9ffd,informatica_acessorios,46,1186,4,4000.0,34.0,14.0,30.0
bdb4be6ce2f7f2b5be0a16088028c7fc,utilidades_domesticas,54,851,1,3100.0,45.0,28.0,26.0
59af9f8790e7a3f82851c321f0e825bf,artigos_casa,51,454,2,22525.0,45.0,55.0,65.0
190179a3742b4110aaa5373a873885bb,variedades,,,,200.0,20.0,10.0,15.0
37bb05868e497e0d9356d850c3d3bab4,relogios_presentes,55,812,1,300.0,18.0,11.0,13.0
8c1af0f9f41be02ab50d309e6d634c26,automotivo,60,651,5,4300.0,78.0,4.0,47.0
0b9eab47f340cb0354b04f84b95940f9,automotivo,50,701,1,100.0,32.0,2.0,24.0
ba572ccfc6c650859ea32461831bed57,moveis_decoracao,52,1051,1,680.0,33.0,4.0,33.0
2e28aba9bf605653018f0635e10bc949,brinquedos,59,455,1,463.0,20.0,17.0,17.0
5e655ad6a29335c852b7829a5e340c80,utilidades_domesticas,44,937,1,800.0,16.0,16.0,16.0
aa2f410b8f9a8e3e6320540174a4edfe,artigos_casa,58,685,1,1900.0,30.0,20.0,70.0
ecc224ec2ca908e1fdacf9aaad00fbe1,papelaria,56,456,3,11950.0,18.0,46.0,33.0
d66243feb576d7d617693bec8d80d124,moveis_decoracao,36,729,4,250.0,20.0,3.0,20.0
cef6b1cb351ebdaec947e31ad360f5db,pet_shop,54,1027,2,850.0,24.0,20.0,24.0
2a53631fc50358be1034699a658237d1,eletronicos,41,1378,1,1344.0,40.0,20.0,11.0
9c66292a0367d1a85842e4b302acca69,utilidades_domesticas,54,593,4,500.0,20.0,12.0,12.0
ffd63ee42a5c8cc5a15a1c8e2aa50011,agro_industria_e_comercio,58,464,1,5200.0,99.0,10.0,50.0
9798bc8585b031f32f0ba287ad22f334,bebes,42,321,2,2392.0,41.0,20.0,40.0
55ff52707f328833ed80ea342bbaa115,moveis_decoracao,29,355,1,3750.0,37.0,44.0,18.0
ee918a5c4e95f273708c2582a5314325,relogios_presentes,51,805,2,267.0,18.0,9.0,17.0
56d3607592dec4aae037173a6cfd02f0,pet_shop,39,587,3,300.0,30.0,10.0,15.0
f2b525fa6f0346d64e4efcf1b2302d31,consoles_games,40,773,1,300.0,19.0,10.0,14.0
69d5b1ade2329c97baa0869990fd5862,beleza_saude,59,821,2,650.0,21.0,7.0,12.0
1454b29e83ab2f8bf6b4102736498ff5,telefonia,59,970,2,500.0,16.0,10.0,15.0
55a257b8a93fa8ce0b4774de48718126,esporte_lazer,41,1796,2,450.0,18.0,15.0,15.0
ca8e5c072fc65b2d6bbab6ca4c0812db,bebes,49,815,5,450.0,32.0,11.0,32.0
ec03b7c4f40b96139d2ce2ef0b798284,artigos_casa,54,396,1,5900.0,45.0,15.0,35.0
eb551aa4ed7eb5e2839d5b7d2896bece,telefonia,51,350,1,100.0,19.0,3.0,11.0
bc166ad2b244b9d4eec97208498b1c07,automotivo,56,662,5,1750.0,30.0,30.0,30.0
63b2c54ffb7ded0576c3bd1346a53d1c,relogios_presentes,30,240,1,320.0,18.0,10.0,13.0
a41be7a2d5be5248080b227a53fe3937,casa_construcao,51,902,5,550.0,17.0,26.0,17.0
65d081bf2ebe1e9b8dd59a72a55a2a6d,artigos_casa,47,496,1,2150.0,49.0,10.0,39.0
b9e247fc923da7d723c2545b76efe01e,variedades,49,818,1,300.0,25.0,10.0,15.0
71a6eaa72a4e40ad63210b0f88fb65a9,papelaria,28,84,1,550.0,24.0,3.0,30.0
b73c75f016b0d7be5f9984ce96d52d2c,telefonia,49,259,3,100.0,19.0,4.0,11.0
8d72bd9268379ba4f39affd5ac80ac39,artigos_casa,51,413,1,1650.0,42.0,11.0,36.0
13a7ea24fee9ef57c3b7b5b69d3b4cda,papelaria,60,688,3,250.0,16.0,6.0,11.0
d919227cdbfeb24430df4170b7367f2b,moveis_decoracao,52,391,3,300.0,20.0,5.0,18.0
e7d04ef9607864725fa88cd28efa82eb,papelaria,31,350,1,16400.0,17.0,48.0,32.0
d62404ec5fe357da9b6369b3b472f162,esporte_lazer,46,361,3,700.0,22.0,52.0,25.0
25ce1fd278819fb92db46f69fdbc5eb6,perfumaria,57,492,1,150.0,16.0,4.0,12.0
346f14f015ffbd66998f635bc9bea835,casa_construcao,43,469,2,200.0,22.0,13.0,12.0
568b50dd27d5d76c97dc2f871cb93e9a,artigos_casa,52,506,3,3225.0,60.0,13.0,30.0
dd0be1eeb74ea648c62f9ec86921ae08,automotivo,60,651,5,5600.0,78.0,4.0,47.0
adcadcaea9138b1888d211693ee2421a,malas_acessorios,50,390,3,200.0,16.0,6.0,12.0
85fe203e9890d4e0f8075977b90241ed,moveis_decoracao,63,395,1,450.0,45.0,15.0,35.0
3d63afec955956d47d796237f6725cde,iluminacao,58,1187,2,200.0,17.0,10.0,13.0
89ad4d91b311611f135ef67426267ffc,automotivo,58,2303,1,1800.0,22.0,5.0,22.0
c88eaf4f6701e48546ea2e580ef76c62,artigos_de_festas,60,303,9,14100.0,40.0,45.0,40.0
f3fbdd55d3f1f1f433e0ef53a6a67ca9,esporte_lazer,59,909,2,2400.0,20.0,20.0,20.0
fa99f765b9d185e1726708bdaf27f8e7,artigos_casa,64,320,1,2100.0,45.0,15.0,35.0
679664744a47ea9e8a269daf22eece1d,consoles_games,57,964,4,200.0,21.0,7.0,14.0
9e870305de6fa07292921450d5aac9a7,moveis_sala,51,657,1,13150.0,74.0,7.0,90.0
f1c3f797ea4be7deb12eef156cd95b90,fashion_bolsas_e_acessorios,36,243,2,200.0,19.0,11.0,15.0
2713c4903e61c6917363eb4a8533c16a,informatica_acessorios,39,1442,2,1275.0,22.0,14.0,14.0
af16be44d0fa73e0411e0cab2f4a637b,seguranca,57,2041,3,350.0,25.0,10.0,25.0
dddcb6a32cedda766f9011556aa4eebd,ferramentas_jardim,34,257,1,130.0,16.0,11.0,16.0
7a49adf051c1e6fc5b639a98d17756f0,eletronicos,46,233,1,175.0,21.0,15.0,20.0
faa445166ca307f7436e1d84d68a893d,automotivo,53,255,3,3500.0,37.0,19.0,37.0
91e9e720834fd442374e12835393387c,beleza_saude,58,1797,3,200.0,21.0,7.0,14.0
3820a5a6c03c2c5c4bb17716840dc328,relogios_presentes,54,661,2,175.0,21.0,6.0,13.0
adbcdfcfd5b8479f90579e4dd02df2aa,agro_industria_e_comercio,49,1145,1,2700.0,20.0,13.0,25.0
eb005badd08b68a6361449b18b6e13bb,esporte_lazer,57,3677,5,300.0,20.0,10.0,15.0
c170e8de4edb5424cbd56ed64c288639,telefonia,57,2417,6,915.0,12.0,12.0,8.0
e56f102e763165e7e32d0f9955f8ee4a,pcs,50,1869,5,1700.0,36.0,6.0,33.0
6a1495163425aad8ea11fcc9882193e0,fashion_bolsas_e_acessorios,54,1484,6,150.0,25.0,8.0,18.0
db886bd83f6a076a2caeb7fd02722c35,informatica_acessorios,56,186,1,710.0,33.0,14.0,15.0
85f709dd4e8f207aecdfaeba8581c1f0,pet_shop,55,617,3,5900.0,81.0,81.0,11.0
18209df52bc87a69b84db4df602397c1,ferramentas_jardim,55,1061,2,9600.0,35.0,27.0,23.0
8d7fb99738e3e3abeeb1aa30d3c7f69f,fashion_bolsas_e_acessorios,34,182,3,500.0,20.0,40.0,40.0
506a50e2a24273052e1ed28217b78733,industria_comercio_e_negocios,60,352,3,400.0,23.0,5.0,17.0
045da764883d50dc071cc70c81226cbc,relogios_presentes,51,553,1,213.0,18.0,10.0,19.0
cf0cc04c3744454b3bfca288d96e959b,esporte_lazer,44,979,8,7550.0,90.0,20.0,25.0
11b55fb352612d128f0acbd129bb917a,automotivo,46,2033,2,1867.0,21.0,18.0,19.0
1559e46cd3a07441620f97b068268ae0,fashion_bolsas_e_acessorios,48,385,4,150.0,16.0,9.0,11.0
144e17b0496772329803ee3007951ec8,artigos_casa,45,172,1,1221.0,40.0,12.0,40.0
5fe01122e6fa55994d5d842511a5a9ab,esporte_lazer,59,354,3,700.0,25.0,25.0,25.0
7d839fe5a5adb44e9de8e8358e031a76,variedades,35,1511,1,1825.0,43.0,28.0,28.0
413487e44799807551e6b3f305ec1593,beleza_saude,56,863,3,1000.0,50.0,20.0,20.0
ca471cac17b5ae036fb4466a577fe1b4,moveis_decoracao,22,721,2,5800.0,58.0,20.0,38.0
cee13c9267bd4ee40fed850b5a4ecfa6,pet_shop,51,422,3,100.0,27.0,9.0,26.0
2fbb5ae777d299cd365c6b3a94b54bcb,perfumaria,60,541,1,575.0,20.0,16.0,23.0
266cb817d01b77ace5dc383d8cfd0540,artigos_casa,54,289,1,4200.0,36.0,10.0,35.0
d2f1978552a7604790fa5922f4345998,papelaria,58,1091,4,600.0,25.0,30.0,15.0
acc4fbb4362b73447d673cb3a4da716c,fashion_bolsas_e_acessorios,31,417,2,14550.0,29.0,69.0,48.0
009df2b0bc078648fc4f5898de8cabff,automotivo,45,916,1,23250.0,50.0,20.0,20.0
28e5475b2d4d01acccf9a5a0c0a9adbb,utilidades_domesticas,59,149,1,1193.0,33.0,20.0,20.0
011377a7487fef47fc9e73fa5f7322a6,bebes,52,559,1,1875.0,29.0,22.0,26.0
4a9bd3957391943f2cf8a75a915c4b8a,variedades,58,1050,1,2800.0,40.0,30.0,20.0
02d5d374678728b3af7bd59ee012abb4,eletrodomesticos,54,174,1,100.0,18.0,8.0,13.0
54e91dfb43a03717aeede4a714f301a2,pet_shop,52,1069,2,6700.0,50.0,20.0,40.0
70c9d38055bb316285aa937715c2e82d,utilidades_domesticas,58,2907,1,1285.0,46.0,10.0,30.0
53bd0c908c6ab820c9828763348728ef,moveis_decoracao,58,275,1,1300.0,45.0,8.0,35.0
b8c91645bd166cdc9feb8795a186cef7,fashion_underwear_e_moda_praia,60,336,2,200.0,19.0,9.0,27.0
acc78c9d340dbe682491c9d31ea7e187,bebes,57,2188,1,450.0,20.0,15.0,25.0
caca7a42829960b94895b50412925a0b,informatica_acessorios,59,648,1,200.0,16.0,8.0,12.0
be29c68650ca8ac7209aeb238df7f05f,esporte_lazer,39,372,1,700.0,17.0,16.0,16.0
21e09cd30bfe8dd795517cf1fab6359a,artigos_casa,44,338,1,8350.0,45.0,15.0,35.0
adaf9912b6a61877040e1437ec878ef3,beleza_saude,59,437,6,350.0,20.0,5.0,16.0
794d58cf31d570f4b7640c7a2085042d,seguranca,53,1150,5,912.0,32.0,12.0,24.0
38df299a636da61c8341b984b9d799df,casa_construcao,53,640,1,6200.0,41.0,23.0,41.0
f834c914dc444ad2b175ff2a6f1ee1c7,automotivo,58,901,1,2500.0,35.0,20.0,20.0
79af04ca7d7a02c456b475f4e8e3fcac,eletrodomesticos,59,428,1,15700.0,42.0,33.0,42.0
32419eeccb0c6d8e9da9d62b9221757f,automotivo,44,1194,3,100.0,16.0,4.0,14.0
8e3bddc14b0d34937325162c2ce3939e,beleza_saude,34,439,1,1500.0,21.0,16.0,31.0
83fc9abe24667777b997571da7b6052a,relogios_presentes,42,548,1,350.0,16.0,13.0,11.0
e9b3c6df62081d3ccad97e6ea5651667,eletronicos,47,328,2,11500.0,22.0,21.0,18.0
6bae58cc7b604c823271ecb0f82de699,fashion_bolsas_e_acessorios,57,314,1,1000.0,60.0,40.0,60.0
30b6868bde148b4c71716da3f1cdd9e3,bebes,18,1383,4,600.0,20.0,8.0,14.0
72c6ce77ce1addb023ae0e0c483b4193,artigos_casa,49,729,1,5100.0,20.0,30.0,30.0
13e41fa2d255674c03342fa6b4f9e3b3,malas_acessorios,43,215,1,600.0,45.0,10.0,31.0
3a44e1cd6610483f2ab5e0ca8c2a4b45,brinquedos,60,1051,4,700.0,35.0,40.0,25.0
8370300e444c4394d3c3f878606a9601,relogios_presentes,45,344,2,250.0,16.0,9.0,12.0
8af78635010ca0b1366e5a2b17f52b59,relogios_presentes,59,747,4,333.0,18.0,11.0,13.0
8ae20127b8e1aa6df4a5b628d1680e35,beleza_saude,52,1008,1,150.0,20.0,10.0,20.0
ad4b943ef0b5cd9e4211c9cf6c27ff13,telefonia,53,403,2,150.0,19.0,4.0,11.0
7a215c94c00b4048a6a9e3734e1635b2,esporte_lazer,21,110,1,300.0,16.0,20.0,15.0
76807d09e53b1c8c2d8afd8695005e7f,artigos_casa,48,610,2,12050.0,60.0,20.0,60.0
58bde724a1c7fa581fc432dda14450dc,ferramentas_jardim,36,141,1,200.0,16.0,11.0,11.0
724ea95fdce3d1238faa891234996887,brinquedos,60,468,5,163.0,12.0,8.0,11.0
99bd85f037a9dd88ccdb6c4c1ae0d23c,telefonia,38,391,1,50.0,19.0,3.0,11.0
58f63077f5153309a576fda4e0851982,perfumaria,56,624,2,363.0,20.0,12.0,17.0
e57eb018e37376580079825eb29a3419,relogios_presentes,43,878,1,300.0,16.0,14.0,11.0
f324dfdc1e7097c078c8b2e3fb1dce0e,artigos_casa,49,310,1,5600.0,45.0,20.0,37.0
f27f3e8b4b3836e4d6cd756dfb83e750,esporte_lazer,48,1322,2,550.0,26.0,16.0,21.0
cba669f99ae8cbeae619bfc757c4e894,variedades,53,585,5,1850.0,40.0,22.0,28.0
a2f7cac38089c44bb364918bd80468d5,beleza_saude,49,2151,1,500.0,40.0,20.0,30.0
b217a380fe548cd65a8d6f18a9c0eb28,artigos_casa,33,435,1,400.0,16.0,12.0,11.0
058b372f969b59e8c4a27e224243909c,papelaria,52,90,2,5650.0,20.0,30.0,20.0
ddb1ee27e79832962326a8a79e3220f6,esporte_lazer,40,437,1,288.0,23.0,12.0,17.0
cf6514025ef5d3a93d69d2a7bfa4036b,artigos_casa,43,126,1,250.0,40.0,4.0,30.0
ec3fafb13c7b9f49df72c75171046cb0,automotivo,54,1435,3,3500.0,22.0,10.0,22.0
cdb2ede3e6744ad7011a7305b95442a1,alimentos_bebidas,32,1148,1,950.0,16.0,40.0,11.0
75b65bf02912d0c0ec94785f80216982,artigos_casa,58,2584,6,2628.0,56.0,37.0,48.0
a6e9ad7f801066f00bf59e348ec8f3d6,esporte_lazer,52,756,1,110.0,19.0,12.0,14.0
4a7531e96f92f841439a63a41ccb24af,artigos_casa,54,502,1,750.0,45.0,15.0,30.0
2880c8710857e36b294c7b9380b2e6cd,fashion_calcados,58,404,2,1500.0,25.0,15.0,35.0
46eb7181719a3860b32f85e784675390,brinquedos,50,466,1,2725.0,45.0,11.0,24.0
d7e07e9115cc56616d76a46cbc3e7c60,automotivo,60,1963,9,100.0,33.0,2.0,23.0
8b5067273486aae7949e25b20c24b173,utilidades_domesticas,50,1165,2,350.0,40.0,10.0,15.0
c20d93bddf6dbfdaffdfda9e9a2e0d7b,pet_shop,60,2377,2,1100.0,30.0,20.0,20.0
2ea8ec61f4c1078cdf7b1df620135059,fashion_calcados,60,2015,4,1850.0,34.0,38.0,13.0
b36e7193e7cc82714005b7aba1deb3c5,utilidades_domesticas,56,239,1,600.0,42.0,5.0,30.0
22052cf3cf96687b8469406f71bafb62,instrumentos_musicais,51,573,3,4700.0,40.0,24.0,29.0
d457916b4fdc60154ed93b5dd3e6fd69,ferramentas_construcao,57,424,1,10000.0,30.0,20.0,30.0
cd0b48da951206bf66d438924bab6059,ferramentas_jardim,46,1032,1,1800.0,30.0,10.0,20.0
4cf2a0463e06213f6770103e29b637de,telefonia,52,367,1,300.0,17.0,25.0,25.0
ae5fc63a0c642ffdd431517906dbff08,casa_construcao,53,2098,7,1250.0,22.0,24.0,16.0
cd89ce90d4c33b04851f90bcf1ec521a,automotivo,58,847,4,1550.0,68.0,9.0,43.0
adf9f866f766f402a19e34b5be2bec09,utilidades_domesticas,39,1543,3,4300.0,50.0,30.0,53.0
0cdaad368fc9c18b0e7c3328f79f341b,instrumentos_musicais,51,504,6,8600.0,39.0,15.0,57.0
8a15d0ee52b120e0b2bd5549434f05cc,beleza_saude,39,820,1,2450.0,35.0,16.0,16.0
4cb33e9787e8a38b82bd68e70f5f4700,perfumaria,55,878,1,333.0,19.0,19.0,21.0
5dddb31154cbd968caa4706ef0f4e0f0,ferramentas_jardim,35,247,1,1100.0,19.0,50.0,20.0
66e94c5c07d64d44c16cd6903a79a453,agro_industria_e_comercio,55,688,1,12700.0,56.0,32.0,32.0
09d0b4ab2eaebcde59d4dd8bea2c6be6,brinquedos,56,73,1,1400.0,29.0,17.0,26.0
54dc796ba7aa0086b6404d1207e627e0,informatica_acessorios,36,851,3,833.0,29.0,15.0,18.0
91a16eaff0c4286d5d1cbdeb10e71a8e,alimentos_bebidas,46,1494,1,5350.0,30.0,30.0,30.0
4949bc7693f27596ca18cfe03c5a83b2,moveis_decoracao,52,535,4,7950.0,40.0,40.0,40.0
1641c200f3f8a804770370f3be6eb727,beleza_saude,39,845,1,2100.0,19.0,19.0,19.0
19ac68e14d04f4207dda95e2fd44a960,brinquedos,58,393,4,625.0,35.0,21.0,21.0
3ae28b124972bb81eddcb644cd284be9,brinquedos,47,404,1,1550.0,18.0,31.0,25.0
337c81a0f9e751b6cbdf56680a33c365,esporte_lazer,56,635,1,163.0,16.0,9.0,12.0
d4e8f0258fc25c199ade899a87a8f664,moveis_escritorio,48,2223,1,15750.0,58.0,28.0,58.0
ffd4bf4306745865e5692f69bd237893,fashion_bolsas_e_acessorios,54,193,5,150.0,16.0,16.0,16.0
5ffa5bcfb017e836862c86ec3fbf9045,ferramentas_jardim,36,969,2,450.0,20.0,20.0,20.0
c1cb3679d3aa242bb9094aa69ea47c42,instrumentos_musicais,60,270,1,4000.0,25.0,15.0,60.0
daa4eea91573400bba053e0b711ff8e9,relogios_presentes,48,865,2,500.0,18.0,11.0,14.0
593874c5852ced0402ab6e2206204719,eletronicos,47,186,1,241.0,19.0,13.0,13.0
0e942ba3342dde6fd0f8d2e735ac4264,artigos_casa,58,647,1,1300.0,29.0,8.0,34.0
5aad359a63cbb4fc35ead44346a3eeb4,moveis_decoracao,24,457,4,100.0,80.0,10.0,60.0
4d153cd0e49c232e55168aff53489c07,automotivo,19,734,1,2500.0,54.0,12.0,40.0
9b13a7d22318479913aa50b379d41726,variedades,,,,1000.0,17.0,21.0,11.0
ac2c77058e1e5ec1eda726fe7358ef2f,automotivo,34,92,1,2238.0,40.0,15.0,14.0
47610c97b60ace4c786250fe5b4223e3,esporte_lazer,56,1072,4,6175.0,66.0,17.0,14.0
7f5e70ec16684ce95216327ff5f8dae8,informatica_acessorios,32,195,1,125.0,18.0,12.0,12.0
19578e02e321cef1252a574bb185a4f0,beleza_saude,23,943,3,1357.0,19.0,17.0,15.0
eb0e8515502d5d125d0d9c6ad4b49a60,relogios_presentes,56,1151,1,950.0,44.0,12.0,36.0
f3f12eabcd090650146791b249f48880,esporte_lazer,47,497,2,21500.0,63.0,68.0,63.0
1975ce374d56d707bd8b88065779de72,moveis_decoracao,49,349,4,6050.0,30.0,40.0,30.0
7bb73fff8e232153ed20fef83e34e84c,artigos_casa,50,381,1,1800.0,47.0,21.0,41.0
f0c1c1d5ec61ce4c4846abd4283631df,alimentos_bebidas,16,3139,1,125.0,16.0,8.0,11.0
4d53c4c283619d61ff3638ec8e2854d3,artigos_casa,56,905,5,1550.0,32.0,6.0,25.0
97431528e0740266bf471bc728adb66e,artigos_casa,60,554,2,600.0,52.0,4.0,38.0
1f88e86c9d7f76b2ab388a07cc8b535b,esporte_lazer,56,416,1,200.0,34.0,5.0,26.0
d06a11f0dc564e8f89ca5593252679b7,eletronicos,57,877,4,7100.0,50.0,33.0,31.0
e307200b995cf8d99d85db7d09e4ba00,automotivo,59,295,1,61.0,21.0,2.0,15.0
706949f5bda149a2807ebcdeb114edc4,automotivo,55,1198,6,5350.0,53.0,43.0,11.0
a47674ec5bdc46617bc532a9839390db,climatizacao,45,401,5,1300.0,32.0,16.0,22.0
d33a74e1b6cfc152b6b3f43324d54987,informatica_acessorios,56,366,1,350.0,27.0,4.0,34.0
e8c6039a25765995ac7c1ec2cbef5765,relogios_presentes,58,364,2,250.0,40.0,10.0,25.0
fd12e3863702114b037de431a73ed139,relogios_presentes,58,742,3,200.0,16.0,2.0,11.0
ca87480e3217597bea91c94423cb30b7,variedades,63,2232,5,450.0,16.0,10.0,13.0
7bc1718ece4c3bbedfc272ebb0c3114a,relogios_presentes,52,515,2,250.0,16.0,11.0,11.0
285443086e6af2a43edcd6f0274585af,telefonia,60,940,3,933.0,21.0,13.0,21.0
cda960fc8a8987dd224a17dddfffdaa5,artigos_casa,52,1059,1,700.0,16.0,20.0,16.0
aa2b29bee083c3eb3779f39fc09527b7,variedades,,,,1500.0,18.0,35.0,48.0
ef752dd2f6410ce702377d573caf5e65,seguranca,57,1909,4,200.0,25.0,25.0,15.0
c457d4bdf5645f666bdd00678e2fb286,moveis_sala,56,528,6,2500.0,64.0,16.0,36.0
81e61097d1704e63a1d881c02d76934a,fashion_bolsas_e_acessorios,47,1398,1,200.0,16.0,2.0,11.0
4b51c9faea1c980869cf8558f2bbf48d,beleza_saude,56,989,1,150.0,26.0,5.0,14.0
9df634af5c467f3b07f3d92f7765aa64,brinquedos,45,965,2,850.0,16.0,32.0,16.0
b9038f30e77388317c3b78f6619e11b1,esporte_lazer,60,1052,6,1100.0,25.0,6.0,17.0
143bd097a677b205de2380a93b1f1a99,ferramentas_construcao,54,127,5,8600.0,60.0,20.0,40.0
215d6de5878361301ea712b9d36dee94,brinquedos,59,410,1,1164.0,17.0,22.0,28.0
211f62173e6bd1cf140c0b05ecf78cbe,livros_interesse_geral,43,551,1,1600.0,25.0,6.0,18.0
2f4b132305af5173ac8923892200f597,telefonia,58,1440,2,150.0,18.0,6.0,11.0
aba0c26e6fcc5a413da7fcfad4b04ac1,perfumaria,56,653,1,200.0,16.0,16.0,11.0
b385d882efd3a105b5afb87a64f2a0ec,beleza_saude,48,732,1,200.0,20.0,10.0,20.0
374fb6698c278b6af1c7b7c8fb95585e,relogios_presentes,59,476,2,350.0,16.0,2.0,11.0
97b715081a600125558bf5ebcbf80b21,brinquedos,20,118,1,333.0,18.0,14.0,12.0
bfa393df5b4494bea7158660999a921b,fashion_roupa_feminina,42,367,6,350.0,16.0,5.0,20.0
869a3f72ac569dae87e9ea2755d561ef,moveis_decoracao,49,260,1,300.0,21.0,3.0,29.0
47ac4dcdb04867daeaad647d224389e4,utilidades_domesticas,50,431,1,3250.0,23.0,5.0,23.0
5b8f7ebec7ae66255b5091a6efc2689e,utilidades_domesticas,58,928,2,400.0,25.0,16.0,16.0
fa304c5424fd292aed9c35eb36d9f495,artigos_casa,59,679,1,1250.0,19.0,17.0,23.0
a2df39260fbfda368c11ffcb4f66395b,informatica_acessorios,56,292,1,200.0,16.0,5.0,11.0
29e322a868c120531516ca05238032f2,utilidades_domesticas,46,810,1,900.0,27.0,22.0,27.0
2b69866f22de8dad69c976771daba91c,agro_industria_e_comercio,42,505,1,30000.0,40.0,105.0,40.0
1647c3a7ca962b86bad1f87a895f582d,automotivo,43,962,1,350.0,20.0,15.0,15.0
9437358367868e28d75ce47e393eef99,esporte_lazer,57,2890,1,4222.0,38.0,33.0,33.0
e04ca4dba6bfe0dceeedca468acf5014,perfumaria,56,545,1,235.0,19.0,13.0,16.0
45e9db074ca64dc81ee6f06185544d6e,beleza_saude,58,3207,1,975.0,26.0,12.0,16.0
ead9c2792c74012806ed1ca06f82a515,artigos_casa,52,123,2,250.0,50.0,8.0,35.0
ab50aa8d9af0addb7f96149c8b8cee86,variedades,34,2311,1,30000.0,54.0,84.0,62.0
045e41f597e72ebfe5e9de50788fbf03,esporte_lazer,48,273,1,500.0,20.0,15.0,13.0
f4851ffef385d506603396041da7c1d3,informatica_acessorios,56,2104,5,650.0,25.0,11.0,15.0
1ec8a5b7b30228bf933cb71d7be5ccb7,utilidades_domesticas,52,711,1,21400.0,90.0,30.0,60.0
13641c883402cc251cdb1f7f817e9148,brinquedos,54,382,1,300.0,16.0,16.0,16.0
860a24fe5502e492593ec000b1c33559,moveis_decoracao,56,384,1,500.0,30.0,10.0,20.0
c76c5091f2e4b72771beb812a07ef131,consoles_games,52,233,2,300.0,18.0,7.0,20.0
e2fcaac49de7a3a90f0dc74d7b1e9f10,artigos_casa,60,249,3,4550.0,40.0,30.0,40.0
0e87ff05afa3ddd73b7920ff4587e0a4,variedades,48,2067,1,1650.0,33.0,44.0,19.0
f08d9c15742df022236141f83e0a8a22,beleza_saude,42,271,1,1267.0,23.0,18.0,19.0
e0d3e5cf1969f20bd69e052ec6cf8f8f,moveis_decoracao,55,485,1,300.0,35.0,5.0,25.0
c396b0ef5d5f699bd4a5a13e2878b7f8,eletronicos,60,1360,3,1710.0,28.0,30.0,23.0
457ca2b0e3bf044a65c8bee434d5c5f8,ferramentas_jardim,56,940,7,750.0,19.0,7.0,14.0
73026ce2daa69ea29901945b1f915846,beleza_saude,55,1346,1,1400.0,20.0,20.0,20.0
22f80c8069aff9c90b22803e6aec51f5,automotivo,43,584,2,200.0,20.0,5.0,13.0
489885ef5a88dcef73d4c22e2f500ae3,automotivo,51,237,1,100.0,30.0,10.0,20.0
b7491cfca821bcb21fb9ddc21c76fc68,automotivo,60,126,1,100.0,16.0,7.0,11.0
303209077202f6ac32714e683352e4be,esporte_lazer,44,1687,1,2300.0,40.0,20.0,40.0
eac57d7040ec6879d14da7d9eb35e954,moveis_decoracao,53,245,1,255.0,24.0,23.0,14.0
1e60a2f0e5358868942697d1494f0b72,automotivo,51,426,1,650.0,18.0,14.0,14.0
e716e067c266c9785c18204cb3592422,artigos_casa,57,675,1,1150.0,28.0,14.0,16.0
17362fcfc13b829500dcd59fc4c02a89,fashion_bolsas_e_acessorios,27,542,4,1000.0,20.0,18.0,20.0
1a428b685ede76217c9efb550c4aaa59,artigos_casa,49,117,1,400.0,40.0,4.0,30.0
0eda670810c42c5fcf92ca8be2a615a9,esporte_lazer,55,365,3,150.0,18.0,6.0,15.0
7bdc3ff2d6af39d08fb40546ba7b9766,perfumaria,53,454,1,150.0,16.0,7.0,12.0
5bb2c90ab3ab3c24ba5b42b19a4d4b43,perfumaria,27,192,1,464.0,18.0,13.0,14.0
1d1e5ff7c1fe84990f92d41f7425b789,ferramentas_construcao,53,2412,3,2650.0,16.0,11.0,11.0
72a30483855e2eafc67aee5dc2560482,esporte_lazer,43,869,1,967.0,21.0,24.0,19.0
3efe696e322f9139e3d2b894cb1f7a09,moveis_decoracao,40,537,3,1300.0,31.0,6.0,33.0
f8b49b0f49ab5467c1d3685cba5d9190,pet_shop,38,226,1,500.0,30.0,30.0,20.0
2a209ce7ce3ea3a21cc0b4c36495e9df,eletrodomesticos,60,1419,2,15225.0,31.0,14.0,22.0
42e408dbdc12442635dfc2ea9c6a97cc,artigos_casa,47,104,1,1200.0,36.0,14.0,36.0
c9ed8f8e0e3d2e630cace0ab50c5c94c,automotivo,51,292,1,100.0,16.0,10.0,15.0
3e96989101b99f1189a9f03bdd29464e,telefonia,30,464,1,600.0,17.0,22.0,17.0
2a9f8018ff134855b170aaa51a5bfd77,eletronicos,56,1031,1,550.0,28.0,19.0,25.0
041644fcb6426ab2a7c992fac010771a,informatica_acessorios,58,283,4,300.0,35.0,5.0,25.0
d4c7a502c517c851a64712d940286778,esporte_lazer,42,499,1,1067.0,25.0,28.0,14.0
86da2c247cca57fe5928cc175e2a65e3,bebes,57,273,1,8500.0,30.0,64.0,20.0
99e022fa8fd0641f13dea6d16ef46afc,moveis_quarto,36,762,1,16900.0,57.0,16.0,43.0
a54ab3c55cdb34ad7006d087ff4b6a9c,bebes,20,348,1,300.0,30.0,6.0,20.0
c52388efdb1ce49ebe3fc96cbad34d95,climatizacao,58,862,1,250.0,20.0,6.0,16.0
1d16c0509e7011656e03c6a582ff6667,beleza_saude,57,430,1,30000.0,55.0,75.0,61.0
b8737fddff36bc91ad9cf4c8d781f525,artigos_de_festas,43,140,2,1350.0,30.0,4.0,36.0
cf41f723df264ec6f1c74d1caca1642e,beleza_saude,56,1668,1,3300.0,27.0,24.0,27.0
b042c934bd8f4316e7b38633aa14266b,bebes,47,235,2,9400.0,75.0,15.0,50.0
f400f539d0b021c06eb35f6838690e09,telefonia,49,3666,2,550.0,20.0,20.0,20.0
59a6f4180469806670de7814d503202e,bebes,37,1452,5,800.0,21.0,9.0,15.0
a45af86c4a7948f5fabbb5b0132475cd,utilidades_domesticas,36,597,3,300.0,40.0,5.0,40.0
697bc524f3fdfaef7c92b56e8cc16aef,utilidades_domesticas,42,790,3,10000.0,79.0,15.0,47.0
9faa5e4f81da9a1b33f8d8f3ed90e89a,papelaria,47,890,10,1850.0,32.0,52.0,19.0
9270f3b77242cf44ed272b9c1c0f8653,utilidades_domesticas,54,229,1,10900.0,40.0,43.0,40.0
9749556e02a50c6e4d3535bf1b5be56b,telefonia,50,1360,2,50.0,18.0,6.0,11.0
f20a14d45e85b05ef554d10d7283f7da,telefonia,51,380,1,125.0,19.0,5.0,11.0
ce7e83b77ac0130534e014f2b334574f,bebes,40,695,1,13050.0,65.0,30.0,40.0
619d2ba7f3d5ad00cbd93ecd49789a44,consoles_games,29,648,4,400.0,28.0,4.0,18.0
13721c732d93346dca59eecba82bf07b,papelaria,59,262,3,250.0,24.0,7.0,14.0
0d2f3592e105a90c5a25c71efe56ff39,seguranca,51,1213,1,400.0,16.0,4.0,16.0
f3dc2177cd7a26726dd80204c34dbb48,moveis_sala,40,247,2,5150.0,46.0,12.0,45.0
bf7f941911c1e02d8dd6c637811b6127,fashion_bolsas_e_acessorios,30,165,1,100.0,17.0,7.0,12.0
3ce8dd82296006f1d916291f561c9d36,utilidades_domesticas,49,291,1,600.0,37.0,37.0,37.0
9754ea6652dc3e06be088797f85f4ee5,utilidades_domesticas,48,222,4,400.0,18.0,20.0,20.0
c0b318d62dadfce564faab54fd7cc953,relogios_presentes,25,424,1,199.0,17.0,6.0,13.0
fbc1488c1a1e72ba175f53ab29a248e8,perfumaria,27,311,1,560.0,19.0,13.0,17.0
64f764873cfcd50da6ea9b4692fbda89,ferramentas_jardim,54,348,1,950.0,16.0,33.0,11.0
59b215ecd21969237a8ebb0f8a2bffc2,artigos_casa,59,355,1,500.0,30.0,5.0,20.0
c51fd9478d188180d962c7ecc35b42d0,artes_e_artesanato,44,447,4,2900.0,50.0,10.0,40.0
49a873870798e4f48dc556e4888f51d3,moveis_decoracao,60,1394,3,600.0,16.0,2.0,11.0
ce6f74096c84567f22728c84f3d6e7fc,artigos_casa,60,352,2,1300.0,30.0,10.0,30.0
f6bc1e20283d027458321d15778ba8cd,informatica_acessorios,45,869,4,1170.0,47.0,12.0,35.0
1e28482c87af71997ffdfe62d8f5b993,relogios_presentes,38,422,1,275.0,21.0,13.0,14.0
ae386a85b1db680ff31ad0f2d07a9965,artigos_casa,53,244,1,1900.0,45.0,15.0,35.0
c1e1936d50ab1559e729f1438d0c414c,moveis_escritorio,44,2435,1,10850.0,58.0,20.0,58.0
10698a66d71ebd12be9e8c39302c74b3,pet_shop,56,681,2,150.0,16.0,11.0,11.0
fef7934cc233ee5b1dc13094d98a1465,variedades,40,193,1,5200.0,25.0,35.0,55.0
f3fad6d734fb27bf8a548562e04f9a5e,artigos_casa,57,675,1,1350.0,19.0,17.0,23.0
20ce586ed16cb9fb534673dfd97c2bd3,eletronicos,48,977,2,500.0,20.0,20.0,20.0
803f77475e1b51b47f1bfec4f2ec353f,automotivo,58,672,3,350.0,17.0,6.0,20.0
2c0193cb0a0c27ac08f43eaa834e50c3,telefonia,43,514,3,340.0,16.0,2.0,11.0
71d9c2b8b10871fa61851922aabc292d,artigos_casa,52,528,1,800.0,16.0,10.0,16.0
6f58431a7150fa91bac9f28f5454a8e8,informatica_acessorios,49,204,2,125.0,16.0,18.0,16.0
542a646898298499b45840efc15775e4,telefonia,58,1323,2,50.0,18.0,6.0,11.0
06bfe79d999bcce96f9ebfc74280d1d7,artigos_casa,55,273,1,250.0,30.0,5.0,15.0
3a08fe43ce64c50310704384c1725c20,moveis_decoracao,52,1032,1,1400.0,35.0,75.0,18.0
d2c26c86faaf287263610735e07f1b3d,beleza_saude,49,2296,1,400.0,30.0,12.0,16.0
23bf81fdd5f4015f1b924385a3eda89c,moveis_escritorio,53,2172,1,20500.0,58.0,28.0,58.0
c847f8a786c8a1a4ba04f7c3626cbd55,utilidades_domesticas,40,297,5,6800.0,44.0,16.0,44.0
aff39c649de8c4e36d325880de8f4338,moveis_quarto,41,573,2,10600.0,93.0,63.0,11.0
bf6c6addcc27daf7976e4eeeda499619,beleza_saude,46,412,1,250.0,16.0,16.0,11.0
333f47c19a1c3870d1ce94cfc51a4f5e,relogios_presentes,59,752,2,300.0,16.0,11.0,11.0
ed042312ea8ad0a470e9891ac4e7201e,relogios_presentes,53,725,2,350.0,16.0,13.0,13.0
25b61c2d1c21066a588f702a6d2873c8,moveis_decoracao,57,456,5,800.0,35.0,8.0,25.0
8093c8511b079b39f83ad0d34e731f34,ferramentas_construcao,35,1460,2,566.0,16.0,15.0,14.0
3b423ed68870672cbc6aabeb1dbbc074,perfumaria,54,744,1,417.0,19.0,13.0,18.0
8d619bd7604fa12d9153644097c3cf8e,pet_shop,20,1865,1,500.0,16.0,25.0,16.0
3877d1c5a012c0c315cb72f7588b7a56,esporte_lazer,43,853,1,250.0,16.0,8.0,12.0
f00b39a2c66d045f07fdfe7d8ddc4ed9,eletrodomesticos,54,187,1,200.0,27.0,13.0,17.0
6b9d88f0b36f59a30d29fd2f77afb645,utilidades_domesticas,59,194,2,2100.0,48.0,26.0,28.0
ec360a89366f33dc9b8de9fcf67a57d9,informatica_acessorios,58,680,2,125.0,16.0,16.0,16.0
5f698c146787891b6b3023648609ea2e,bebes,33,1861,1,400.0,16.0,16.0,15.0
af667947a84d9ff9d326b60ab75d1ae2,telefonia,54,363,1,150.0,19.0,13.0,16.0
fd0dc040197a6ac42d115243a8cee1dc,alimentos_bebidas,34,1257,1,139.0,18.0,10.0,13.0
9e15353890070a3993281d90741280a9,esporte_lazer,37,360,1,650.0,45.0,15.0,25.0
1938ab47ef011dae9e4ced458166432e,bebes,57,859,2,3500.0,31.0,43.0,21.0
638bbb2a5e4f360b71f332ddfebfd672,ferramentas_construcao,38,143,2,20850.0,100.0,25.0,50.0
82a7d2cffec89b8b5d9b11763055b2b7,informatica_acessorios,60,640,1,1080.0,16.0,20.0,36.0
f72b34a6b92429e02fd213923b3889fe,beleza_saude,52,1177,1,1200.0,20.0,11.0,16.0
c11517f9dd10e879fe8bed8fdab0e3f5,moveis_decoracao,51,1450,1,11700.0,50.0,21.0,50.0
bb1c37586716dba1a3734d9137031e1e,casa_construcao,48,896,5,550.0,17.0,26.0,17.0
505b98dd26939553345f62035bb081a4,eletrodomesticos,43,581,1,9700.0,30.0,30.0,30.0
421d4110757e678b219c4ecb3832a7f3,esporte_lazer,38,1182,1,567.0,24.0,19.0,20.0
d6618718f320c94af9c25d40da7b6460,esporte_lazer,56,3756,1,3600.0,30.0,28.0,40.0
44e64a128c258ce579cca498e05b614a,esporte_lazer,42,1345,1,2500.0,26.0,19.0,26.0
071b5dd29feece041c356d172474b113,audiovisual,51,905,3,650.0,45.0,12.0,12.0
37537165733f365867e2f4aad71aef6a,informatica_acessorios,59,1632,3,336.0,21.0,12.0,15.0
58498763fb69f0f0bd09bad43b2ee3f4,variedades,46,560,4,2800.0,16.0,34.0,48.0
d22751a68b1be27e8cc1e6e328ffbc39,telefonia,59,818,6,350.0,17.0,4.0,12.0
9834262f81613c7215955ac3b7081919,jardinagem,60,1782,1,613.0,26.0,15.0,21.0
f1261761d91b574288d60a6390a007b6,artigos_casa,64,332,1,1600.0,45.0,15.0,35.0
061fa9845070ffff2d23e8e10bdf8edc,moveis_decoracao,63,516,2,700.0,80.0,10.0,60.0
0ee57e62251a7e435b7a3142c1f6aaf4,variedades,54,302,3,200.0,27.0,8.0,22.0
878446a0acbf50aaffcad66218c018ea,artigos_casa,58,166,1,3450.0,39.0,12.0,33.0
6fdbc2d597f906254d258d8d64d71925,artigos_casa,44,447,1,550.0,30.0,3.0,19.0
c720882f86c24eb747a91aeff4b891c2,automotivo,40,1122,1,3300.0,57.0,57.0,13.0
67a1dead9b9555dec71ee0a4dd82e155,variedades,27,3866,2,700.0,16.0,10.0,20.0
c4036b07aeb315973d843c5bb1fc267f,beleza_saude,53,1205,1,1250.0,33.0,10.0,16.0
3e03619d360cd44f29e094aae3c4a76b,esporte_lazer,57,609,1,6950.0,24.0,7.0,11.0
149ab38a09937b9195cbcaa295cf4a44,artigos_casa,55,215,1,4350.0,45.0,15.0,35.0
8d1224321dc883703df71dcb5be296b3,artigos_casa,57,630,2,750.0,55.0,14.0,38.0
811c8bc1ddef7440e27dfb8cb536f334,bebes,56,734,1,21400.0,38.0,47.0,44.0
c52769706c077512263324f7f6bc0d11,bebes,47,214,3,700.0,20.0,20.0,20.0
cfd3b999e0568ab91182515030ac06ea,informatica_acessorios,58,235,3,340.0,17.0,9.0,13.0
0688d52e92d927814617e26d7702df10,perfumaria,30,238,2,133.0,21.0,12.0,19.0
25115416bba55bd33ecccbc480ec7a81,relogios_presentes,57,349,3,300.0,16.0,8.0,11.0
c384df04227582c085d6524937a3768a,automotivo,42,460,2,21800.0,60.0,60.0,20.0
f9df82b6115c453e5ae8e7706576eef5,casa_construcao,58,908,1,300.0,16.0,12.0,11.0
cae7248e9bdfda82584faea19dbf793f,relogios_presentes,56,280,3,300.0,16.0,2.0,11.0
53e4fab5d825e39cb1c18642a71c5f82,artigos_casa,60,487,4,2000.0,45.0,10.0,34.0
e51136ef1d291cf07cc8a792b4a16f94,esporte_lazer,60,189,3,3100.0,41.0,11.0,30.0
5173e870df52b09d6b76f88504a1991d,utilidades_domesticas,54,1283,3,250.0,22.0,2.0,11.0
6642e66f26b6e23817ada36eeae229bc,informatica_acessorios,42,419,1,160.0,17.0,12.0,15.0
e45976e9ff4d139ed0e9bf83abeb5c80,artigos_casa,58,226,1,1700.0,40.0,7.0,30.0
26320e4682c6a0f297d07f3c74155666,moveis_escritorio,55,1029,3,16400.0,57.0,55.0,22.0
a7c9291d7a571ba9436c10f79ca25655,instrumentos_musicais,33,763,4,1050.0,38.0,7.0,29.0
7033a435a6ce8e293a5727f954b4871f,esporte_lazer,15,564,1,500.0,16.0,16.0,11.0
82bdb2c2a2df01df01f61a28ca5673e9,ferramentas_jardim,45,462,2,3300.0,31.0,15.0,25.0
d32c445df9d36f1cdfc915ed14ee44cd,moveis_decoracao,52,1111,5,1600.0,35.0,13.0,35.0
dc9a06452ff10a147f0f14cd4b8f5580,beleza_saude,40,605,1,1450.0,26.0,18.0,11.0
a6fe71f0756d773ce5cbb7564f049939,relogios_presentes,58,509,4,300.0,16.0,2.0,11.0
4091b0553ca1ac3b1aea20e0f387c54a,automotivo,47,1057,1,7320.0,53.0,53.0,19.0
99e365fea0b15ee63272ff391fdde785,artigos_casa,58,697,1,550.0,16.0,10.0,16.0
1b708fb3dcbea0831e21f2fb98d0acfe,esporte_lazer,52,599,1,1000.0,39.0,10.0,37.0
19a5dc57b9f69cff2321395f3c36f9d6,esporte_lazer,47,1024,1,2650.0,33.0,25.0,25.0
0546131238f7e9d6b5c24dbb5d8e3133,beleza_saude,60,3200,4,1450.0,34.0,6.0,24.0
1abd8922e3c02c26ce30fc4f627158fe,brinquedos,50,677,5,8963.0,52.0,27.0,33.0
52e1126012d5713a3e7c701308355457,automotivo,56,98,1,250.0,30.0,10.0,18.0
e35b9be1fd37ec2d6e0be7ddf2d357b6,fashion_bolsas_e_acessorios,32,100,5,150.0,16.0,9.0,11.0
53f94c255b909ffb24a4047e0c255b91,eletronicos,32,869,2,405.0,18.0,13.0,13.0
0af2b3833420630d9d1eacc2daf2bdf9,seguranca,60,915,3,1900.0,30.0,21.0,21.0
47125061c86148a6f08a9e8708cef1ff,malas_acessorios,48,665,7,1175.0,45.0,19.0,34.0
348209d205939d7ee8112be3ef9a2002,bebes,42,485,1,4970.0,53.0,31.0,32.0
f9a4667b264a6823ecdf9d1ab8914faf,fashion_bolsas_e_acessorios,55,1434,1,200.0,16.0,2.0,11.0
0281221c8b9fdc713111952393cba4f3,fashion_bolsas_e_acessorios,48,142,1,150.0,20.0,10.0,20.0
fd939dd54384f5681c327919e8f6a1b8,ferramentas_jardim,57,1407,1,500.0,43.0,8.0,15.0
f62cbf4416c9ef8e1b4e8d5279891f24,eletronicos,46,352,1,200.0,25.0,7.0,16.0
b9976e9c22fb1540bd71d1bcd2989475,artes_e_artesanato,60,1611,7,2550.0,46.0,16.0,25.0
0e34466be9b2d3af8e189b6d27d5eaf3,beleza_saude,44,1954,1,175.0,16.0,5.0,12.0
f2ff1ef84d120941c87c150117283e91,fashion_bolsas_e_acessorios,48,1036,7,150.0,17.0,5.0,19.0
860ad475cebc2e85e852042dad735be0,instrumentos_musicais,47,478,1,214.0,15.0,7.0,13.0
0ae652266b7911e69661f1359912d235,esporte_lazer,36,253,2,1050.0,60.0,15.0,15.0
683958673970508a3486126e91125b56,pet_shop,50,1151,1,500.0,30.0,16.0,18.0
b5ac08b2bc73bc36eecc6107b78247d3,perfumaria,36,179,1,400.0,20.0,7.0,15.0
f999580a69ce2d199677c5b6a5472aee,automotivo,55,2310,1,1150.0,16.0,25.0,12.0
b6364679d59117f02215a9d777657490,papelaria,60,208,1,3750.0,25.0,25.0,25.0
14296885533b327c1168b7940ae2bdb1,eletrodomesticos,55,156,1,300.0,28.0,13.0,18.0
7fb7c9580222a2af9eb7a95a6ce85fc5,utilidades_domesticas,59,811,1,825.0,52.0,18.0,74.0
ba5707ce3b56a880b7eb7bc826132db2,ferramentas_construcao,42,779,5,1100.0,42.0,12.0,42.0
ea0eb807554abd8349bc5a9f20df8043,beleza_saude,49,734,1,608.0,23.0,18.0,20.0
a8949536a84721e346d7814fd81aafbe,pet_shop,53,1727,2,2200.0,50.0,8.0,45.0
75c2b393dc9df6fae25297250ebd290c,variedades,55,126,1,533.0,31.0,14.0,27.0
9421a5b600386e401d30fc8de52f96a7,brinquedos,43,325,2,1538.0,47.0,30.0,30.0
ad7beed1d6b41ea967b2724468a23c92,moveis_decoracao,31,370,1,325.0,33.0,7.0,18.0
b0fd8a13c803e88ed77e3bfdb763afca,esporte_lazer,49,1013,1,400.0,20.0,7.0,14.0
a09c10c28ec008276d7a308ec5c2cb39,consoles_games,47,399,7,950.0,31.0,10.0,31.0
2b2d4af07dd8444944230535d91bebd1,esporte_lazer,48,635,3,250.0,17.0,14.0,16.0
e21c6ed0576cd50384123f8b7ca81922,moveis_decoracao,63,418,1,450.0,40.0,15.0,35.0
6f4f2bb136fd2d8e8229355d8fec6b67,seguranca,60,2492,4,350.0,16.0,16.0,16.0
4487261e208ce5d3a8d1a997ccd99dcf,artigos_casa,29,552,4,2050.0,40.0,10.0,32.0
43adec23c5b0d25ac0f521430a176623,beleza_saude,46,640,1,1200.0,20.0,20.0,20.0
ab179cc7995218e02464b11790b4b267,automotivo,58,617,5,1500.0,60.0,8.0,33.0
0ea678faa34b54418a17e76511472882,informatica_acessorios,55,312,5,4500.0,19.0,23.0,19.0
e1f24e88490db8f0fd2d3c169b130d0e,perfumaria,45,449,1,200.0,16.0,6.0,11.0
c24296567cc15dfc3744439670716c4d,utilidades_domesticas,55,587,5,375.0,18.0,13.0,16.0
16078eb07519685083510f372565ddc7,automotivo,49,2304,4,300.0,16.0,6.0,15.0
2daa50c954caed9163fa12198132ccab,esporte_lazer,40,2530,1,900.0,19.0,19.0,19.0
d5e157caef73dc3e8b4ab5c7e6b9aa67,moveis_sala,41,276,1,7900.0,39.0,13.0,70.0
fff28f91211774864a1000f918ed00cc,variedades,,,,200.0,20.0,20.0,20.0
4fb3a6cb6e0aa78466566ab0ec0666c6,artigos_casa,56,230,1,2000.0,40.0,7.0,30.0
eb15361fe97df32845dd225073d56db3,bebes,32,298,1,500.0,33.0,8.0,31.0
7d19da97298dfc1d2e254146559095f3,esporte_lazer,52,281,1,8000.0,30.0,104.0,30.0
d487634085fb3d1a632265c1e3de08c1,ferramentas_jardim,27,271,2,600.0,22.0,4.0,13.0
27608e96f596b295c68b1d7ed7e639ce,alimentos_bebidas,52,747,1,550.0,28.0,15.0,20.0
9c48f48fd32ee1915d62d3670e2d1ba9,informatica_acessorios,29,1209,2,400.0,20.0,30.0,20.0
37095a57db396667492dcd7e10f5b792,ferramentas_jardim,51,86,2,850.0,16.0,10.0,11.0
7a63b90eac4831fa1eed304ebb910716,informatica_acessorios,39,615,1,200.0,16.0,5.0,11.0
5094d0cb28a3e400d90c21c6df262856,variedades,56,95,5,800.0,47.0,5.0,20.0
79a299827b3f285bf8aa370c12fa159a,variedades,,,,1000.0,50.0,10.0,12.0
081d21aa3dc9b583104a15fc4dfd1160,artigos_casa,54,289,1,2150.0,35.0,9.0,33.0
f03859e4cc21018569f5ae7a03897ff4,consoles_games,47,458,2,150.0,18.0,2.0,16.0
96f7628c09cd807b68989261da8ba07c,eletronicos,40,530,1,3925.0,39.0,32.0,25.0
8d7b1f65c55c4c92979d7a0c36200c29,esporte_lazer,51,790,2,500.0,35.0,10.0,11.0
9ccccf7b02af879feedd7b7da7a1429a,brinquedos,48,377,2,50.0,25.0,15.0,11.0
3fd7d0f2982b55833968b7fed99582fe,informatica_acessorios,59,1291,2,250.0,20.0,5.0,30.0
8f3e65950fbb9e484ff846ce111ca5b2,jardinagem,35,2247,1,3275.0,23.0,24.0,21.0
9478ba3a27de728ec65cf5048a23f34c,artigos_casa,53,617,2,467.0,45.0,4.0,35.0
e20fcfa5bcdc5c4341d6680cca2bae68,esporte_lazer,48,265,2,950.0,60.0,15.0,15.0
1c510e7a53ea02ee8cb8e8d42274ff83,esporte_lazer,59,1208,1,4317.0,50.0,28.0,30.0
e2624fe97e3d11257b2f000e8b96edc6,eletronicos,56,230,1,175.0,20.0,9.0,17.0
8a07df3b4a96005496043e667f667beb,fashion_bolsas_e_acessorios,54,480,4,100.0,18.0,12.0,15.0
154f1553226255086ce3e22b1b013415,seguranca,43,341,1,950.0,21.0,35.0,21.0
48eac3eaf2e50b5f37248cf116476a06,esporte_lazer,31,236,2,950.0,60.0,15.0,15.0
fe7f10e5c9d36a294333b0c35ccc24ad,utilidades_domesticas,41,786,4,1150.0,30.0,25.0,20.0
5871595bfa953a147858baba9827a059,telefonia,60,818,4,200.0,17.0,4.0,12.0
45804253761d5c941dda4383a2b35e8d,variedades,41,1189,1,1300.0,24.0,10.0,23.0
985d0e44eb77bf7ea235ed88dbec3936,utilidades_domesticas,58,188,5,3900.0,35.0,20.0,35.0
c4394cb87a2e8f53e522fb1ea3afd0a5,moveis_decoracao,54,2116,2,1950.0,69.0,11.0,11.0
2e0954ad7b4cc60c7ffc31da777ca215,pet_shop,38,481,2,2150.0,40.0,12.0,30.0
67d87e3b4ef9e609ba5eeed6a4b3b5f8,esporte_lazer,33,1042,7,600.0,28.0,10.0,18.0
8abbebcdff5d78ce6bcafa077e5347ed,informatica_acessorios,49,3125,1,13400.0,33.0,51.0,50.0
18730af1dd00657c8eb94ce953bca1da,moveis_decoracao,51,749,2,5375.0,55.0,12.0,55.0
926e1da29dd30de8c9aa8220815f2d85,beleza_saude,52,427,1,300.0,16.0,16.0,16.0
37e7030d6095e672ebf05e2133b1a1bf,instrumentos_musicais,40,1075,2,600.0,24.0,5.0,20.0
75c2fa55827f5f66f9177c38f4c2fa0a,eletronicos,34,449,1,15800.0,65.0,15.0,70.0
ecfb5255f55715e1faec3e6a316da6c3,artigos_casa,53,297,1,1500.0,37.0,23.0,35.0
dd650fe0148b47c3adedb593cda2c6dd,alimentos_bebidas,56,72,1,8300.0,28.0,37.0,19.0
81b02d54ef048c9d96b59460939023bd,esporte_lazer,44,258,3,725.0,46.0,13.0,28.0
4630317645c09161b7409edb2448a828,moveis_escritorio,45,1156,1,16400.0,63.0,60.0,25.0
89e53f7e4890b10cd3fabafe0e4c2989,automotivo,58,627,1,5475.0,65.0,12.0,65.0
0b43cf5c79d088cfca305c4ac3ce50b0,telefonia,53,589,2,200.0,19.0,4.0,11.0
839fbad388f1338ccabf6f95942b1003,moveis_decoracao,37,360,1,4250.0,36.0,26.0,20.0
c85ef665dddff9ed38e6545814f24a0d,ferramentas_construcao,53,757,2,1250.0,32.0,14.0,17.0
5e41aec274955a3f044a67902798af2c,automotivo,59,200,2,150.0,20.0,15.0,20.0
727017cd91a0361b8ae4cfcff15e9682,utilidades_domesticas,45,207,1,1200.0,19.0,22.0,19.0
1acb18fc869c5489d5f76abcd681165e,esporte_lazer,47,858,1,1600.0,30.0,30.0,35.0
f3d786d97bcacbff8312cf48b52a6062,artigos_casa,55,546,1,250.0,16.0,12.0,16.0
7676b117e79a01065c4962a3064886f6,esporte_lazer,42,249,1,1255.0,29.0,14.0,16.0
92473ca06aa61791e4dc02c9af82bf83,moveis_decoracao,60,2043,5,3000.0,69.0,11.0,11.0
6fe0dd040139d694869acedf3d074a08,informatica_acessorios,43,724,3,100.0,18.0,8.0,14.0
7a966c6b82de7bfd599d9ae77bd746af,eletrodomesticos,60,305,1,250.0,27.0,13.0,17.0
03826ede2cac52b3011b58cfd58c84f9,utilidades_domesticas,58,398,3,6900.0,70.0,15.0,33.0
6503fb999235a191e5256051244c627c,utilidades_domesticas,50,808,1,1800.0,30.0,30.0,30.0
c596b76868fe2a8e8a95dd39e3dd67b5,eletrodomesticos,58,252,1,3100.0,64.0,6.0,55.0
833984d7021e50b11df8113b7794e920,esporte_lazer,28,1319,1,400.0,34.0,16.0,16.0
8bf6d2c1c1d31bea726012bde861393f,beleza_saude,39,557,2,1100.0,21.0,6.0,16.0
3bd7004cab3066f548b16e59f8cd8825,artigos_de_festas,36,255,1,300.0,16.0,11.0,11.0
e303dfa61ada1f0823b4775f192606b3,malas_acessorios,59,370,3,24050.0,60.0,60.0,40.0
4363f22966358bced013833537034474,artigos_casa,59,740,1,2689.0,54.0,13.0,46.0
54209aa243cdc7067e4a8e75bcef44f8,brinquedos,57,914,3,600.0,20.0,35.0,20.0
f45818be1ed5c16a17c66e33efa75271,fashion_esporte,55,511,2,100.0,16.0,12.0,12.0
f99ce7013aa19ada4d59500e664e8a53,automotivo,56,1253,4,300.0,16.0,7.0,11.0
d9933dd922fa78131c80a6987a707f9a,automotivo,54,396,4,300.0,30.0,11.0,15.0
b92421ea3b457d6bb68c49f39d4e97a8,informatica_acessorios,38,702,2,200.0,16.0,12.0,20.0
fd0e6b3e2ab6191b59d373995a5b747a,telefonia,52,1167,2,200.0,18.0,6.0,20.0
491c6b0ec61399a890b22a6ed2d9a4b0,moveis_decoracao,40,94,4,500.0,16.0,5.0,20.0
365cdbd29e4a18a4e258fc40c6fc746c,utilidades_domesticas,38,709,1,7700.0,35.0,41.0,43.0
12a3dba07d03c2dedf0c40d6499b55d3,moveis_decoracao,59,87,2,6900.0,74.0,13.0,52.0
4254fb9a475231dc0442038cd846a387,brinquedos,46,308,1,167.0,19.0,15.0,15.0
746cc58d3872bae3f850565b028b96d0,esporte_lazer,53,1830,1,200.0,20.0,17.0,22.0
e68a5a5626c4b1bfc5ca78202f898300,variedades,53,940,1,2100.0,42.0,25.0,15.0
c9599b4c6945cfb6df065039bf5f1555,automotivo,54,87,2,200.0,16.0,7.0,16.0
e98e429fc8f0c5a7bec057cca4f3b6ca,beleza_saude,58,2665,1,300.0,17.0,11.0,13.0
e15014500e7941bc3fae1757c3cd48ad,brinquedos,41,330,2,700.0,31.0,31.0,26.0
0958d661bb9ffd798d3586f713585938,eletrodomesticos,57,149,1,2400.0,32.0,37.0,22.0
50e8af969273d032e41047db40ed9be2,informatica_acessorios,43,871,1,650.0,16.0,29.0,22.0
abb9de7600a7ae9a81564692f77fc9f3,moveis_decoracao,41,239,5,200.0,27.0,9.0,18.0
a9d1cb8af08398eac9706fecdfd3fea3,automotivo,52,1421,1,200.0,20.0,6.0,17.0
933c087730a6c93d94f4faa02ac3e37c,informatica_acessorios,33,252,1,350.0,18.0,9.0,16.0
8d139b1550c8cc91a3babc9cfe9fc147,telefonia,53,1017,5,500.0,16.0,6.0,11.0
47eb2751a902abaee353276da5d084e4,papelaria,55,264,7,950.0,25.0,7.0,20.0
c6ea63369936552872ae890c82175b4b,artigos_casa,58,162,4,2900.0,35.0,12.0,30.0
ef13685a6d6c37cf49a2f951deac1c87,utilidades_domesticas,60,726,2,1500.0,91.0,78.0,18.0
cb26d15d1b6eabaac7c0803774245884,esporte_lazer,54,1247,7,30000.0,86.0,67.0,35.0
edfad7f99606f1d6beb6de0cf0ce60fa,informatica_acessorios,35,1101,1,250.0,42.0,2.0,30.0
d88a09e1deacfdf7d5f5a7baa73055ce,utilidades_domesticas,43,274,1,1000.0,30.0,40.0,30.0
232b2effc9d2cc8f1e696e65e108797c,perfumaria,40,997,1,350.0,16.0,16.0,16.0
e8fc96704cf9c7c35ded1227ce7fc83c,bebes,55,416,2,1150.0,36.0,16.0,24.0
a578af9e0a32506a9bd6239a50cf928b,telefonia,52,3071,4,412.0,17.0,13.0,13.0
33e535ce5a73b54b75937cd85478b9ae,beleza_saude,46,803,1,200.0,22.0,3.0,15.0
0b039b61011417822882815943f13dac,eletronicos,41,711,1,150.0,30.0,10.0,20.0
b82a987ffc1edc22d67ca94ccb4750ab,automotivo,54,202,1,600.0,105.0,10.0,16.0
060ed45e8d50384910a47c9224931f56,informatica_acessorios,36,571,1,683.0,24.0,16.0,24.0
57c580a8fbf3d8374b06bee7b6f4ce31,moveis_decoracao,57,780,3,400.0,50.0,3.0,25.0
488d60f672d1e67be88006cd4dbce218,artigos_casa,58,2733,4,1550.0,41.0,15.0,51.0
655427924aa82cda2749c647becca121,fashion_calcados,56,459,2,400.0,16.0,5.0,33.0
ac3f48d9dfd6ebdf8e871702ee91ee83,moveis_decoracao,49,1371,6,900.0,36.0,6.0,26.0
98ae511715bfce7d97ef0ff1859ad05f,esporte_lazer,44,597,1,5600.0,19.0,18.0,11.0
aa4c5e610242fdfd79969a9577dfe112,utilidades_domesticas,60,614,1,5300.0,30.0,35.0,30.0
d2f682fdb39628d58f64ca02d3cb580f,moveis_decoracao,63,447,2,900.0,80.0,10.0,60.0
589748084a98b7543d93feaf89c442e8,utilidades_domesticas,58,706,4,9950.0,31.0,61.0,31.0
e5ac4f7201729a0d3639d979c104b91d,casa_construcao,45,482,3,2600.0,38.0,28.0,28.0
b77dac30490dcfa827c2060a7a3a2a0d,relogios_presentes,35,564,2,500.0,23.0,15.0,19.0
10163fabc9375e9bb72a109272730c6b,artigos_casa,56,258,1,400.0,45.0,15.0,35.0
8c1167a112724e01fae2f8cb6e936bda,bebes,47,437,1,1300.0,30.0,10.0,28.0
56b9f57262f84d21a4bd11c4c3536016,beleza_saude,60,1596,1,620.0,20.0,13.0,13.0
d41dc2f2979f52d75d78714b378d4068,consoles_games,44,228,1,450.0,30.0,7.0,25.0
58e8a50e5d8d31362600e27bb4cddc29,utilidades_domesticas,52,882,1,600.0,33.0,18.0,24.0
90ebb732ad20456afe8516eb5fbf75f6,moveis_decoracao,53,892,4,2750.0,35.0,35.0,11.0
d8e94b73f80bea3c8c7d5cc257fbd4b1,fashion_calcados,54,451,5,1750.0,36.0,37.0,16.0
363a742635cc645c207ce8102de9b837,moveis_decoracao,60,955,7,3600.0,60.0,12.0,30.0
893457b85c57941d73e5e016da350ddb,automotivo,58,651,5,5950.0,77.0,4.0,47.0
ef61c4fb4f364316676e231990ac97e0,esporte_lazer,57,729,1,2550.0,29.0,27.0,29.0
dab2413ead0edda9967edbc9bda2a64e,telefonia,57,680,2,250.0,17.0,7.0,13.0
add6fbcc94b517d1875ab4a9484e49f5,artigos_casa,54,382,2,3100.0,47.0,21.0,41.0
610a37c2cc32f63b7dfdafef64e5069f,utilidades_domesticas,50,548,1,1400.0,25.0,32.0,25.0
b8077b05c6b4d89a64114fd0c71d0097,automotivo,52,724,2,1800.0,30.0,30.0,30.0
af5aac02e260524f3ee6ddb12522c293,eletronicos,57,532,4,200.0,18.0,4.0,11.0
da16d51397a128691eb2fec79f2daaf0,beleza_saude,48,534,1,2000.0,30.0,12.0,16.0
2e0e1e610098039f2eee73b65de098b4,relogios_presentes,60,1489,3,429.0,18.0,12.0,12.0
b3145c36d221143053908beb4564bad9,moveis_decoracao,60,1646,6,450.0,35.0,2.0,25.0
750a49a83f6ad13ccdf4a761309483f2,artigos_casa,55,244,1,2050.0,45.0,15.0,35.0
ad354f777df2a1eee8211950fca142a4,moveis_decoracao,59,196,7,2000.0,36.0,11.0,26.0
3b37da20f1b1b8d79065208761003a69,utilidades_domesticas,60,926,4,250.0,20.0,18.0,20.0
fdbcb10ffeacc2c174245c6d2c4c05ce,moveis_sala,24,458,2,3400.0,45.0,11.0,47.0
7dfced4c66ef7bd85f2e30eec92e1b34,moveis_decoracao,58,1878,2,1600.0,60.0,14.0,14.0
70e9f13542ae210a1e09bae121496075,papelaria,37,418,2,550.0,21.0,10.0,15.0
859c4a81490e9402bac13f62672482d1,bebes,35,971,2,500.0,20.0,20.0,20.0
916d4d1015e94b8b525ef366b3bde796,eletrodomesticos,59,1513,5,10250.0,61.0,17.0,61.0
56c6b095186f42a6a50e222f1e2b7577,automotivo,47,1114,3,50.0,16.0,5.0,11.0
40534ea2efd1f3066025b854f1682021,automotivo,34,102,1,500.0,16.0,9.0,15.0
7d681f285e6416b6dcba8a65d774cc86,esporte_lazer,57,439,3,150.0,22.0,3.0,13.0
8d807314723c710366fedb04a2b24508,informatica_acessorios,60,1656,3,1400.0,16.0,23.0,25.0
db0b761c0a07642146c6df824bb8789a,bebes,45,819,1,300.0,20.0,16.0,20.0
67cdbf842853a39463b426b3b2d27466,beleza_saude,34,218,2,350.0,20.0,14.0,18.0
8205c48f13a36d0c377f69ae56f84e3d,fashion_calcados,53,375,4,300.0,29.0,7.0,16.0
6f62ee4d7f44554688de59527dce1687,moveis_decoracao,55,532,1,500.0,60.0,7.0,11.0
b59fb744c6f3cd1dc23b10f760848d98,esporte_lazer,45,118,1,200.0,25.0,2.0,17.0
4868933278bdc24a16e464dbd882ae73,beleza_saude,36,702,1,250.0,17.0,11.0,13.0
a2991de6738f2d54f64c929b3a648435,consoles_games,33,781,1,150.0,17.0,2.0,14.0
c21afe62d4629a660593fd9b5e6223bb,telefonia,40,361,3,150.0,18.0,3.0,16.0
35b3dfb985d0487fdf185b326d977b49,moveis_decoracao,35,171,1,3000.0,62.0,17.0,11.0
214b2d4bc9a6b09243f5e27b9fa96d4a,papelaria,59,414,2,10650.0,46.0,10.0,12.0
dede86846047964c7f2918e48e6dd14a,livros_tecnicos,43,1284,1,400.0,33.0,6.0,22.0
75d6b6963340c6063f7f4cfcccfe6a30,perfumaria,51,999,2,400.0,18.0,11.0,20.0
f651a1feed5aa6608d52c05f6c435145,telefonia,55,688,1,150.0,16.0,16.0,11.0
287d083ef43e221d8558ac223556de34,climatizacao,34,780,3,510.0,21.0,22.0,20.0
e04dcf463871a7c73df38d4bcc245686,pet_shop,52,896,1,700.0,36.0,6.0,25.0
947d8cb9d15cf25fff1d6116e0c09730,moveis_decoracao,40,280,1,9700.0,40.0,40.0,40.0
0433830caca22b01a0f477d31307b043,eletrodomesticos,47,2810,7,7450.0,40.0,10.0,40.0
3e591cbf1cec40074c24a2ce372a5b62,variedades,,,,1800.0,25.0,25.0,25.0
7e7e1af4ab49963c6e1245b2dbd8f492,utilidades_domesticas,63,447,3,1250.0,38.0,10.0,24.0
f336f2eef2b1cae6d1d6c1f9fdfcf141,automotivo,59,332,3,550.0,40.0,20.0,30.0
e45647e5c15c782d396aac4b74154c06,automotivo,59,1070,3,2950.0,25.0,15.0,25.0
0254d6e0da36c6f28720f89cde66819a,beleza_saude,56,737,1,361.0,16.0,17.0,15.0
b3c9fbea83e09f3d0994b2f8301c89a7,casa_construcao,56,860,1,11350.0,20.0,20.0,20.0
3f55594c92f61283dd292a1e6f1c6427,esporte_lazer,57,735,2,1100.0,46.0,10.0,15.0
7bdcad1796b53a8f633c1cfd82102efe,livros_tecnicos,40,1309,1,1600.0,29.0,3.0,21.0
6d4bb6101d2927f04617ed23f0d6aee5,esporte_lazer,53,691,1,450.0,23.0,22.0,22.0
0f820791c5bd8fc3b05f6b897877fb1f,seguranca,60,972,1,1000.0,50.0,25.0,30.0
b840f8eeee0b143a479738d150115753,perfumaria,41,540,1,483.0,21.0,13.0,20.0
5be097e7adf7dc9ed11fabf814806bd0,esporte_lazer,55,2243,1,3300.0,31.0,32.0,31.0
819cc553cef53e5f33e1e74ef5133409,beleza_saude,60,543,3,1075.0,23.0,8.0,20.0
92f02eda1a2e9693260a62c8af2f73be,esporte_lazer,37,420,1,667.0,27.0,8.0,20.0
b6c9cd6e3f66939d3156d1def59b7639,utilidades_domesticas,60,236,3,1750.0,48.0,9.0,38.0
1a2a204d5ef11c75f78d34ab0456c9ed,livros_tecnicos,59,3880,1,3500.0,29.0,5.0,20.0
e9ef247417650a07f8cf312c16904d74,artigos_casa,57,1364,1,1600.0,21.0,8.0,18.0
5aadf21c27e505224812c9b055031c73,utilidades_domesticas,15,267,1,600.0,16.0,23.0,11.0
9545d45c37449ccbc376de3a04c66e71,beleza_saude,39,1749,1,1350.0,27.0,9.0,18.0
253bc127c38a02e388c4e8ce854867b9,moveis_decoracao,48,896,1,2750.0,30.0,30.0,30.0
afdcebff326be8196c01b6ac2758fce1,automotivo,59,352,1,300.0,16.0,3.0,11.0
cc03fe412a0cde1ba3de9ebbce01adde,beleza_saude,60,3393,3,350.0,19.0,7.0,12.0
e87ed1eba20ee630499eb23fcfb5c5fa,fashion_calcados,46,648,2,1000.0,18.0,8.0,20.0
8e8d71f2bb02bf4ebb57a8017789f98d,artigos_casa,42,1048,5,3350.0,50.0,12.0,40.0
a593a897d4ce38c6a69d0d7a197f62c1,telefonia,54,486,1,100.0,16.0,6.0,12.0
c29267da9f1200284d707aa632ce1138,artigos_casa,54,684,1,1500.0,40.0,15.0,32.0
84fca65b5c69b61eec7a6f4b9fcfea75,variedades,,,,700.0,30.0,20.0,20.0
55706d564fb262a790f8a7e5096f12ba,beleza_saude,37,955,1,100.0,16.0,5.0,17.0
431084bfeb9352363649e36c9c4cc3ad,malas_acessorios,60,2424,7,19050.0,30.0,76.0,50.0
86211c3f0c3c23696551eb29f052a269,eletrodomesticos,56,133,1,300.0,27.0,13.0,17.0
0a197d1436ea67717ce68ebe184b5832,informatica_acessorios,43,1043,2,258.0,18.0,13.0,13.0
04bbe69bca409d1d1fdd812267c89302,moveis_decoracao,56,643,2,900.0,36.0,9.0,33.0
65ffac7c6e6c38822b7fa3f801511114,audiovisual,33,668,1,200.0,20.0,2.0,14.0
2ae327a1dadf4e4dfe0bea38c423e3b7,relogios_presentes,52,224,1,650.0,16.0,6.0,11.0
448dc3486005777a15d7b3f445637ee2,market_place,23,1059,2,200.0,22.0,23.0,16.0
08958eb11767450566d8328f3f1b63b0,utilidades_domesticas,53,616,7,850.0,16.0,20.0,30.0
76c9ee3e7933e2d1f88c093448065e06,brinquedos,33,1223,1,250.0,16.0,15.0,14.0
fa1016994ec2803636ffb1018e33cf5b,fashion_underwear_e_moda_praia,39,471,1,200.0,36.0,4.0,20.0
b801ec74af3702cd4d67a0c165cd8e56,brinquedos,42,224,1,450.0,45.0,15.0,35.0
c4a1c4638fa9e2e4861d141d6e0259e7,utilidades_domesticas,26,52,6,50.0,53.0,8.0,27.0
782d995a1fa812332e893151d983f902,ferramentas_construcao,59,339,1,4950.0,27.0,7.0,27.0
29826c8d154fe5d86bca522e3358675c,brinquedos,48,1019,3,400.0,20.0,10.0,20.0
6274a0ea8a8aef3110f12c9a12897680,utilidades_domesticas,34,564,3,300.0,40.0,5.0,40.0
555cf217f3f7376ea7ba4af273c56739,moveis_decoracao,58,253,1,2300.0,25.0,25.0,25.0
d7522f4bc0a993667ec6491b9e1b86e3,utilidades_domesticas,60,1370,4,1450.0,20.0,20.0,20.0
3c2e0c7185b8cb4c6172f7ad5e8f3075,beleza_saude,40,733,1,400.0,16.0,19.0,15.0
55afdf91178e38185fa461b5ca028a57,beleza_saude,49,1443,1,500.0,16.0,19.0,15.0
d1ef230269a528a5683f93b17ced0fbb,brinquedos,29,678,2,1150.0,20.0,18.0,43.0
36908dfc3aabeafc9039dc2365586c0e,esporte_lazer,55,1124,1,400.0,18.0,12.0,15.0
137464dece73fa2dbb54658dbc7aae58,artigos_de_festas,53,320,1,1250.0,35.0,25.0,25.0
a01c3a8e3ccddf44069c082b1590f19a,perfumaria,47,368,1,351.0,21.0,17.0,19.0
1dd284c37ca97cbb86c029c65fb9a494,pet_shop,40,969,1,30000.0,70.0,50.0,50.0
2b6726ab177dc4ec000e5fcfc6926cf2,esporte_lazer,43,1032,3,1100.0,16.0,12.0,12.0
84c79830527ae823029ee6b904cf948c,jardinagem,29,462,1,3520.0,25.0,25.0,23.0
d5140e1d258c83a340419c6522c7da22,moveis_decoracao,51,439,1,1500.0,42.0,10.0,32.0
1261bcae25b0000829246aa58e284a2f,brinquedos,53,885,3,1500.0,48.0,27.0,18.0
11dcc970f7a5581e1bf777b6da3f7096,utilidades_domesticas,42,659,2,1038.0,41.0,22.0,28.0
431d674f9a4fbd0957ecf6ba3fcb6899,telefonia,56,1892,4,450.0,17.0,3.0,11.0
5adec774989986e22714470345c20469,ferramentas_jardim,47,1509,1,50.0,99.0,65.0,28.0
2990952a0c7c8dd6c64d1db4d183c1fb,telefonia,59,818,6,250.0,17.0,4.0,12.0
0356344ba89a9deb1e8a6bef7a7c78b5,perfumaria,32,447,4,350.0,20.0,20.0,20.0
2e83d1ea0a8e975049603ca4814d26e0,esporte_lazer,41,151,2,1200.0,30.0,16.0,16.0
166b38c4ecd6765dad14586d0a8f7086,papelaria,50,1111,2,400.0,68.0,8.0,13.0
b71a01ab82c040ea808839190ff8786d,relogios_presentes,42,818,1,200.0,16.0,10.0,20.0
c64dc566d642dcb1e4d6e1d94ce93506,artigos_casa,39,387,2,850.0,55.0,6.0,65.0
1e919b41a2e4b6055b2498c100e18c75,eletronicos,39,250,1,183.0,20.0,14.0,11.0
7ca5f56188492e30c50ba64de188aae7,artigos_casa,39,116,1,200.0,30.0,4.0,40.0
7d8859255a3df42a5358837fc88850a7,iluminacao,58,147,1,7650.0,20.0,20.0,20.0
81dafd5731170e9cee4d7cc2d0be605c,moveis_decoracao,57,707,1,3100.0,35.0,23.0,35.0
02965440ee186dd4f7f6e8f962a75c60,moveis_escritorio,52,1145,1,10013.0,58.0,56.0,23.0
305edcc7b46afd87ca6979ed0409fb09,informatica_acessorios,53,606,1,890.0,32.0,15.0,20.0
5a883fb296ab66ac6a1e68e6ba2175c3,relogios_presentes,58,364,2,300.0,40.0,10.0,25.0
7fdae1cadbaf2e5dde310512dafed98d,esporte_lazer,45,622,1,290.0,23.0,4.0,17.0
ab89689c2d13440b8152183ddee2ed81,esporte_lazer,53,483,2,12150.0,80.0,38.0,39.0
5a514ce9444538bed304a0607a853c09,moveis_decoracao,38,243,2,600.0,30.0,10.0,12.0
bcee0ddc3e34e3f03219ff29328f5636,brinquedos,41,795,1,300.0,17.0,12.0,12.0
6408c33baecf128bc76222e5863f85c2,beleza_saude,56,359,2,200.0,19.0,4.0,11.0
b35ce9c1e37f5b0f4134da0fe4c93b84,artigos_casa,51,867,1,1200.0,20.0,16.0,20.0
793f6e9b0f6ba6a59ff2869a20c1199c,perfumaria,59,395,1,250.0,20.0,20.0,20.0
ca804be785914dd234a6dd0177c2c577,papelaria,58,696,3,1700.0,101.0,15.0,15.0
429e7401fafb76436f15e86498bd7364,artigos_casa,60,233,1,2500.0,41.0,8.0,36.0
b441e652e4d7e9905e1d2734a908e021,fashion_bolsas_e_acessorios,36,343,2,100.0,16.0,2.0,11.0
be18d31877c33d94beb6e354401dc7e8,variedades,52,165,6,10250.0,48.0,19.0,19.0
a88d7a0d11f1f620053197f94584d6d2,automotivo,55,1484,3,375.0,17.0,7.0,12.0
d5ccbdb97bdcd82d309e35f10adea197,beleza_saude,58,384,2,1100.0,16.0,15.0,30.0
83639e59e789cf2ed557ebf817f1085c,fashion_underwear_e_moda_praia,52,579,1,150.0,42.0,4.0,14.0
e7f5908a3c9844728d24e3322254b109,esporte_lazer,27,372,4,400.0,27.0,8.0,15.0
95fb075ea52306f2188ae4199c5928a8,eletronicos,60,1095,4,3150.0,34.0,14.0,39.0
bce474cc95b6e77657e10939b0b4248c,relogios_presentes,51,638,1,310.0,16.0,10.0,12.0
4fb75e72740ecb238efad0fbea708f3a,utilidades_domesticas,58,582,2,238.0,24.0,15.0,18.0
976307932e1b8bc2f2da2feb7a027fc1,artigos_de_festas,60,517,6,2600.0,40.0,16.0,41.0
d285360f29ac7fd97640bf0baef03de0,relogios_presentes,46,501,4,363.0,18.0,13.0,13.0
ec19f9bc37a920964abe324dfb169c68,telefonia,57,209,2,50.0,18.0,6.0,11.0
91dbbc0bb2edadd00ccfd122d2212760,brinquedos,49,432,2,2200.0,30.0,20.0,22.0
db31f6c4f2b2a910fab39406640ef294,artigos_casa,57,178,1,475.0,28.0,4.0,28.0
51eb65f0fd99823a3cb2c0d985e230a9,beleza_saude,54,2009,3,29800.0,95.0,19.0,66.0
fa812218786a729a847c4e1869c4ca48,fashion_bolsas_e_acessorios,60,1118,4,1050.0,22.0,15.0,20.0
bef82b9c3489736794c29f6d4a686ca6,informatica_acessorios,51,147,2,300.0,18.0,12.0,14.0
f4562f701031e9ead90f426761bed162,ferramentas_jardim,55,1314,3,2100.0,30.0,30.0,15.0
636598095d69a5718e67d2c9a3c7dde6,ferramentas_jardim,52,1834,1,3900.0,31.0,13.0,13.0
04cfe2f4173f2acf181b3d2642a387d1,beleza_saude,55,2908,2,200.0,24.0,26.0,11.0
a526c4bc0a48c0e4345f97af496d87cd,esporte_lazer,56,1125,1,200.0,23.0,11.0,15.0
ac305a1e7e7b958e961fd896ef1395c4,automotivo,44,799,1,350.0,20.0,15.0,15.0
0e95d6eef2bedaf4ecf3c33f78199059,artigos_casa,56,336,1,1250.0,50.0,20.0,35.0
f98af4e337d1f14dc2773ef99d80e6f9,ferramentas_jardim,44,1153,1,4500.0,29.0,10.0,37.0
1ec486885049bbb9b79351d150ed18c4,fashion_bolsas_e_acessorios,36,412,5,100.0,16.0,5.0,20.0
2576da05088cd972479bd9072e0e84a2,variedades,33,893,1,950.0,40.0,40.0,30.0
a0dfc64334e89bf3c3762f5ad8b7249c,moveis_escritorio,58,1250,1,12775.0,53.0,52.0,17.0
38956cecc0bc8d8837371d0aeeefeb59,artigos_casa,43,113,1,350.0,40.0,4.0,30.0
175cce7a953e6f5765c7bb03b369a672,telefonia,43,693,1,100.0,24.0,10.0,24.0
f614b080b510187124d5e964cb35584a,moveis_decoracao,54,2075,2,600.0,68.0,8.0,13.0
4293865e4ead3d446609086b4cfedb4f,artigos_casa,59,189,1,1650.0,46.0,3.0,34.0
d812b354e25b2bd51eccbb4c4e8f05f1,bebes,46,449,2,1050.0,70.0,10.0,40.0
fafa8d1635b1fa204785386f79112a58,artigos_casa,51,1075,1,1000.0,30.0,8.0,26.0
20fe497c2f839ab186f043e9f5a78b2e,relogios_presentes,38,692,1,300.0,20.0,18.0,20.0
fd25ab760bfbba13c198fa3b4f1a0cd3,esporte_lazer,42,858,1,1300.0,30.0,30.0,35.0
9a6c2e91127b124802b1c0474cd6a6ad,relogios_presentes,50,672,1,500.0,21.0,14.0,14.0
a42ee02a34cea6addebcada939929763,beleza_saude,57,815,3,850.0,26.0,16.0,25.0
104df90728d375537321e6d994168cc1,ferramentas_jardim,63,735,4,5750.0,41.0,18.0,27.0
ba5aeff0d2c2150a200bfffdc8b06ebd,beleza_saude,37,1288,1,850.0,30.0,12.0,16.0
8b6f0c846cb5adca6c2fcd927038ac72,perfumaria,59,563,1,100.0,16.0,5.0,12.0
30cd699c7958f8352c9f479572eb66ad,informatica_acessorios,55,1183,1,100.0,16.0,16.0,11.0
20e4242f5101de646ac3a76508fc640d,moveis_decoracao,43,2186,2,250.0,60.0,11.0,11.0
1bfc9947194da1defa581550164fc92c,beleza_saude,45,744,1,150.0,16.0,16.0,20.0
47fc9ac35ea613a0fc62033750123d2f,fashion_calcados,52,380,5,1400.0,22.0,12.0,33.0
6e080931a13058facb0fc1fd930a98fe,artigos_casa,57,290,6,1250.0,60.0,20.0,60.0
d85ee6b5fa57f68444d86f77b51ae69d,artigos_casa,58,215,1,1100.0,41.0,18.0,36.0
2827ebfb043a328a13a06ca9165cad0a,artigos_casa,53,637,1,1350.0,16.0,10.0,16.0
287aafe80d2beee0ac805deb436fdd89,artigos_casa,53,128,2,850.0,50.0,5.0,50.0
616916cbe0a6e8a16fdacd908f05d030,informatica_acessorios,52,108,4,200.0,30.0,12.0,20.0
dda373e611cb942842a1c248b163c3aa,relogios_presentes,38,268,1,180.0,16.0,7.0,12.0
93614abf6fa6bb034785855817fb6796,informatica_acessorios,49,807,2,350.0,16.0,10.0,30.0
41ce18e06273b50422ebf6149066fa23,papelaria,36,41,1,100.0,16.0,5.0,16.0
cb9ed03b8602d8180e9de666d5cacb17,perfumaria,51,532,1,500.0,17.0,6.0,15.0
623eee74e76dce26984376983737af86,moveis_decoracao,63,1517,5,17800.0,50.0,50.0,50.0
78e4af9e5ea7b8768765492fdfaae545,variedades,,,,500.0,17.0,5.0,28.0
46fe748c7ab970cdaaeb666a29766c62,malas_acessorios,37,602,1,300.0,24.0,5.0,11.0
216d7596db68f81bfea69726dd1e5545,pet_shop,52,1540,4,850.0,24.0,20.0,24.0
8fe68d662b3eb9b22b8c6e1a3ef846ad,informatica_acessorios,51,180,2,100.0,16.0,6.0,14.0
0915ff4c13dc62982f2a0a3ae788945c,artigos_casa,28,1303,1,500.0,60.0,5.0,40.0
809ed6a364a44fcde2a4d20532e6ac70,telefonia,40,1382,2,200.0,19.0,3.0,11.0
b943428b30217b1cc766b75de5c4f691,bebes,34,679,2,200.0,35.0,8.0,30.0
e9697352e29a4997ca3675f10dd95740,pet_shop,50,1189,1,150.0,16.0,14.0,16.0
20fd0be27c1aa68faa30d494b21a4a1a,esporte_lazer,54,636,3,750.0,45.0,15.0,15.0
1f30aacc69904c0d0bf8d05cb2abef72,artigos_casa,58,293,1,1850.0,40.0,10.0,30.0
0e314819204e6e8c5f4481cf5e8367a4,pet_shop,45,599,2,250.0,32.0,5.0,17.0
d43e07c1d5416da3b79b74e7e8efc741,esporte_lazer,34,862,4,150.0,24.0,4.0,14.0
39d111da3ecf6cae8cca1d6d2946585f,ferramentas_jardim,53,427,5,1050.0,22.0,21.0,16.0
b65214d387c754bb0f858a4a5a0f41ad,brinquedos,57,696,4,325.0,21.0,7.0,16.0
d45a5247a53e54d5c3307229d446f75b,beleza_saude,56,315,1,450.0,19.0,28.0,17.0
e06b4c50b1658106be58b72fb9f8c12a,beleza_saude,57,969,2,2350.0,30.0,30.0,11.0
cdc4af478fef19f03f1d0353c00271cd,relogios_presentes,52,364,1,250.0,40.0,10.0,25.0
18ebcd64f3cc11d18509c67b886c64f9,automotivo,53,82,1,400.0,20.0,8.0,17.0
3933e8a85308e9e9e9bc428355ba203e,artigos_casa,53,267,2,1900.0,45.0,15.0,35.0
c773bee67e093ae2c47a883109b577b1,beleza_saude,59,1566,1,1200.0,16.0,16.0,16.0
4c9a8a9fb2f406d65ca084216a1ea0cf,moveis_decoracao,58,271,2,700.0,60.0,16.0,11.0
64693ed5472651f9ea64d52a689d9ea0,utilidades_domesticas,43,230,2,6700.0,40.0,25.0,40.0
c21bd5b6be0663cddb80ec6744d6ca24,esporte_lazer,57,3315,3,538.0,23.0,17.0,17.0
519909332323abec396b19dddaebde3b,beleza_saude,28,59,1,125.0,16.0,7.0,12.0
32fcefdea166b8a08f869ab8e6e29086,utilidades_domesticas,60,894,1,6700.0,40.0,40.0,40.0
6cdb62ae497596fb3be18c148a48741d,brinquedos,56,581,2,600.0,30.0,10.0,20.0
68e6674feb1930d0886bf0227361433d,artigos_casa,55,208,1,2543.0,34.0,12.0,30.0
28fd7231afb14b368127513ae6ffe144,artigos_casa,47,632,1,300.0,16.0,10.0,16.0
53a72a0b6feec4a5cb40c5c79374b471,bebes,53,194,1,3200.0,19.0,35.0,31.0
463eeb3db6fefe01fc8f4d3bb00bc018,pet_shop,55,1228,3,300.0,32.0,7.0,17.0
efdffd407eb1ed450506e74a528c8216,beleza_saude,41,1151,1,450.0,21.0,20.0,29.0
37583bbe907fb493b9b2efdc7b24ab54,moveis_decoracao,48,637,2,1300.0,31.0,40.0,11.0
6548c9763cc930450fb8b73c3353812f,utilidades_domesticas,30,334,4,600.0,19.0,12.0,12.0
eb8c629f70275fd1c4f809116cce1efc,moveis_decoracao,51,831,1,1400.0,20.0,30.0,20.0
bd6e8cf9fe4122c385da2bcb9f979d5d,telefonia,44,497,1,88.0,16.0,7.0,12.0
c7084bc72369a57c93c6edaf0b60b235,beleza_saude,37,613,5,600.0,23.0,7.0,48.0
f6c69d9a3f61a0d56c49e3f7a459c57f,livros_importados,51,470,2,300.0,16.0,8.0,11.0
7a9cf133da2a6494259ffeeab11b6276,telefonia,54,599,1,150.0,19.0,4.0,11.0
89c111575a1b19782a2e660eff07dd8a,fashion_bolsas_e_acessorios,46,633,5,300.0,30.0,15.0,27.0
25ce0807224644a6afe590a392c237b3,ferramentas_jardim,59,602,1,8450.0,45.0,44.0,29.0
048dc5e495c6f5e54f22fa6cd23c3e5f,relogios_presentes,43,597,1,450.0,22.0,14.0,17.0
f899d20577ed792aecb4c71a18cdef50,informatica_acessorios,40,878,1,900.0,31.0,16.0,16.0
c2ccc78b5a924096d5274ca6a3118e47,beleza_saude,23,814,1,567.0,43.0,8.0,28.0
80ec2c3e9b6567d1b32714e79282d57f,artigos_casa,52,384,1,600.0,16.0,10.0,16.0
5418df20cd587e12212d54c1d5d990fb,bebes,41,449,2,1050.0,70.0,10.0,40.0
be006818e0a584705110984cf17d09e2,fashion_bolsas_e_acessorios,51,372,2,200.0,16.0,9.0,11.0
ed724a28107bfd2a1aebcb6dcd2055f4,malas_acessorios,45,646,4,1200.0,42.0,20.0,31.0
c2f66da7257100a87b2d61fe2adf0535,beleza_saude,57,1009,1,583.0,31.0,16.0,16.0
c8a3354f3676a68d1d990112ee5f2b5a,automotivo,37,182,1,100.0,21.0,3.0,18.0
983352c530d4df29fc4ca5df21765827,esporte_lazer,35,833,6,200.0,25.0,5.0,19.0
b4d18e39c3f2e5571ef53d6101406eda,telefonia,36,280,1,400.0,17.0,17.0,17.0
61d980017b9f55ac2451dbf0bdb849f2,moveis_escritorio,23,160,1,50.0,35.0,90.0,45.0
b085d8c8840e8dd3d6ccdf3d86c6145e,pet_shop,53,823,17,1050.0,21.0,17.0,30.0
4025cbfac798d74f87c30ee87e6e9f70,artigos_casa,51,754,1,9450.0,38.0,7.0,26.0
f0424e66b65e73c95273f64fa036f3f5,utilidades_domesticas,37,409,2,8600.0,38.0,28.0,32.0
37e25cb997fa9c3559b68928bdddff23,malas_acessorios,60,244,1,400.0,34.0,6.0,24.0
49ab5384de586d3e4efd9072c43d50be,artes_e_artesanato,24,372,1,2685.0,57.0,23.0,25.0
03c526c6224e8b74620b3b1ff4d0f3ad,moveis_decoracao,57,87,1,3400.0,40.0,9.0,34.0
acf962a85a6f611c28a60519a4ae46e5,utilidades_domesticas,39,585,3,1200.0,34.0,15.0,34.0
addc5c8bbd255c685d87235db4c4579d,ferramentas_construcao,50,455,4,2550.0,20.0,55.0,40.0
e0345b1670b53fb0e3ffda000b7e3231,musica,58,799,4,200.0,30.0,8.0,20.0
aadae4da0b9feede5777009c5e1497d1,livros_interesse_geral,60,2671,4,600.0,20.0,22.0,14.0
8e3eb37785e42b6b3721e459f1bfaaef,informatica_acessorios,32,517,1,900.0,30.0,16.0,16.0
a060f64556f311d428c3589617d2db14,variedades,54,512,1,300.0,16.0,6.0,12.0
904a9e449fbfd90da738ab70ae6ca003,eletronicos,43,742,2,283.0,18.0,9.0,15.0
05b0567fb831a93123b9d6866b022490,malas_acessorios,37,1293,1,3300.0,34.0,31.0,34.0
a78b102a4520ca6cf50885443c44080b,beleza_saude,31,937,2,883.0,18.0,18.0,16.0
87e0a0706a9ccbdd1784f76e01b40176,bebes,59,556,3,3967.0,45.0,39.0,32.0
9286aa6d0235770b570beb128f608e42,eletrodomesticos,59,1400,3,1500.0,31.0,5.0,11.0
d431287fdddd377fc8fcbe60d31a806c,telefonia,58,317,2,500.0,17.0,17.0,17.0
39e09cc90decacc7e5ab1a15fea86f56,bebes,54,369,1,450.0,35.0,2.0,25.0
09f28cb5f7c4be97ab03652e641c7843,utilidades_domesticas,38,270,1,600.0,16.0,26.0,11.0
9ff509beb7efa504b8b2ac9511c4c737,moveis_decoracao,53,326,1,10100.0,30.0,60.0,40.0
e31e8a63c7576088f21c33a8365823e1,artigos_casa,38,466,3,300.0,16.0,29.0,26.0
110372508609f644a4ed639c1c9440fa,brinquedos,60,1182,5,550.0,25.0,16.0,16.0
756791c03bd72f60ad98162dd69d054c,brinquedos,52,825,4,1600.0,62.0,15.0,41.0
b0759d549c07bcc21fffd7ac9f3958a6,utilidades_domesticas,48,1717,3,1275.0,29.0,5.0,26.0
b22fd976711109004375eea45d21fe23,artigos_casa,54,517,1,5200.0,45.0,10.0,37.0
9176f023a7370b05745941b7c43c779f,instrumentos_musicais,59,1092,1,3600.0,70.0,20.0,30.0
d7aac623b37a602920a230c0bfd96025,esporte_lazer,34,129,2,350.0,16.0,8.0,11.0
49196a215bd6514843cebf65ebbe52c0,perfumaria,56,1440,1,475.0,16.0,16.0,17.0
6d800ae414430675b77d2ed17a4e404c,moveis_decoracao,50,941,1,1350.0,24.0,6.0,24.0
e6b1fb4c720a25db36b934075d87b42a,ferramentas_construcao,55,112,6,7900.0,60.0,20.0,40.0
28356035671957110f6f397362711b99,malas_acessorios,40,124,1,450.0,24.0,47.0,34.0
d5e382d902479580700a4694f5673dde,eletrodomesticos,56,259,1,400.0,27.0,13.0,17.0
4e2e67ecbe3c5465a6c3c76db8acba86,alimentos_bebidas,53,869,1,300.0,16.0,12.0,15.0
70501750103046be6103489889ccb96e,ferramentas_jardim,56,417,5,1150.0,22.0,21.0,16.0
ddcdacf74586b9dd116c64a5ae448f23,automotivo,29,141,2,900.0,16.0,57.0,15.0
34b14512f2273a75361c2809e3c3f8ac,fashion_calcados,52,408,5,1400.0,22.0,12.0,33.0
640dcd3e549f736cd39e1f943ff14c3b,fashion_bolsas_e_acessorios,29,132,5,50.0,17.0,4.0,13.0
25437c6ccd9cdc28db375f821881224f,esporte_lazer,56,1381,4,1050.0,40.0,20.0,20.0
017692475c1c954ff597feda05131d73,perfumaria,54,933,1,50.0,16.0,5.0,11.0
62c60792ce6e5bc866f3de3906beace9,bebes,49,1317,2,650.0,27.0,25.0,22.0
2ee4be9805f228255a38a6f9b03fff1a,esporte_lazer,38,715,2,3300.0,22.0,22.0,22.0
5691dd4a53d260fffdfff8bb0b24d626,utilidades_domesticas,58,2304,5,1650.0,24.0,21.0,19.0
8acfff88a4a05f0ce1b0336e47d16825,moveis_decoracao,60,563,1,250.0,35.0,10.0,17.0
1f456c34d70ce7a6bcb86a6f5a3fb888,beleza_saude,51,2388,3,250.0,23.0,7.0,15.0
3138a5168026c06238f332528ec8e0ee,moveis_decoracao,57,281,2,1600.0,30.0,5.0,45.0
6f4715840b3a1e8cf44b132da7084a3a,brinquedos,54,784,2,1600.0,16.0,35.0,35.0
f66597ad60f7a529979f1d8af0c71e5b,ferramentas_jardim,59,1399,5,600.0,19.0,7.0,18.0
b53b199f292707675aa8a518a76885ff,papelaria,56,125,4,1900.0,60.0,20.0,29.0
12715d8bb61f9c2c26219377d9737584,eletronicos,53,1996,3,373.0,21.0,11.0,17.0
bed9b7934576c9ba61b6ba6f3babc698,brinquedos,59,814,2,1400.0,35.0,28.0,16.0
46bc77b0444a94513691377cfcd3152f,artigos_casa,60,567,2,283.0,51.0,4.0,32.0
5ac31d4825e0f3d9077465c57d4cef3b,perfumaria,45,974,2,100.0,16.0,11.0,14.0
18c52ee8fc4012f63557c51b8558e8f3,beleza_saude,41,1797,1,300.0,16.0,19.0,11.0
a75fec02d3cc5911a71f3562fe378721,esporte_lazer,53,191,4,200.0,25.0,10.0,20.0
cf951c39ef0ca44ee11278e4ece167d1,variedades,,,,1200.0,64.0,11.0,15.0
677d432d850b00ce1a7ec62680f221bf,moveis_decoracao,63,456,6,7000.0,55.0,7.0,55.0
1d2ead71bc1ce7734db8e8a241fd1f1e,livros_tecnicos,39,1312,1,2050.0,28.0,5.0,22.0
c7db7a06c8b856703729c5f1b2a29378,audiovisual,43,947,1,250.0,20.0,2.0,14.0
d4a3b5aa064bf44e74f1e71862bea22a,utilidades_domesticas,59,236,1,100.0,21.0,9.0,13.0
1ff18eb99f2be0ccb3fb4e39d662308f,moveis_decoracao,45,354,2,1050.0,35.0,20.0,35.0
36e89a9ec56f96288ea7fbb266132288,fashion_bolsas_e_acessorios,41,395,4,100.0,16.0,9.0,11.0
8ffd6edb322bed280e0fcf67755353ed,alimentos_bebidas,17,954,1,440.0,17.0,13.0,14.0
ac9b6cd9849570634224a1175befc1be,beleza_saude,38,2068,1,1200.0,19.0,28.0,17.0
edb5629baae4be4447033a2d14b1d2d3,artigos_casa,53,313,1,4500.0,58.0,20.0,38.0
76cd6488b0486efc2652c4180c07f6ad,artigos_casa,58,324,5,4400.0,73.0,40.0,47.0
ed3f966cd58a4389bd3959ebf14f18c6,livros_interesse_geral,51,1095,2,600.0,30.0,4.0,20.0
af79ac70de9a79b9c1c85ee0880c7206,esporte_lazer,58,383,4,950.0,22.0,5.0,14.0
4aab09f985ad828b2733c0c0defc7911,variedades,56,444,4,2900.0,44.0,16.0,42.0
80619103c2b3bc2fe8358f9c3c0bd2c7,perfumaria,24,347,1,100.0,16.0,16.0,16.0
8f90151658c1de0ef26b6d9c3d74ae3a,brinquedos,44,88,2,5700.0,39.0,30.0,29.0
ef38b8a82331e59ba97285e7f531f641,informatica_acessorios,55,312,5,4450.0,19.0,23.0,19.0
69ddd03e946aeb806f29e21da4518329,artigos_casa,53,120,1,1650.0,30.0,20.0,25.0
73a6530caef9511c04711d12dcef551c,moveis_escritorio,35,292,1,5000.0,60.0,45.0,45.0
49d703d64ccd635b04ed7ed75d0f427b,moveis_decoracao,42,3438,1,1000.0,41.0,23.0,25.0
d39421ec4cc2bf52e35f8bf00f1ec314,beleza_saude,56,1534,1,1600.0,35.0,25.0,20.0
4e0f5e97804431100c5bded078a48df9,brinquedos,45,769,1,1400.0,64.0,10.0,25.0
af35be35db4ad0dc288b571453337376,moveis_decoracao,24,457,4,100.0,80.0,10.0,60.0
880be32f4db1d9f6e2bec38fb6ac23ab,brinquedos,45,589,4,200.0,16.0,7.0,11.0
553e0e7590d3116a072507a3635d2877,artigos_casa,38,735,5,800.0,20.0,20.0,20.0
b5feb29ea5b59182f19b7c82e7ea8102,fashion_bolsas_e_acessorios,38,404,3,223.0,20.0,9.0,15.0
a659cb33082b851fb87a33af8f0fff29,automotivo,60,380,1,150.0,16.0,6.0,11.0
065a46b0be3f31498ebdd3f4c668a6b6,fashion_bolsas_e_acessorios,53,1359,1,200.0,16.0,2.0,11.0
7f70545e9d4c47a4e84278437672f03f,eletrodomesticos,57,125,1,300.0,18.0,8.0,13.0
64769a595cce4c13428fbbd069fb285e,artigos_casa,58,255,1,1000.0,30.0,5.0,30.0
a3bd84c2a6d25ea7bc0e55c64d0760ae,beleza_saude,34,476,1,2900.0,35.0,20.0,30.0
b7a812ed1b86b3b00e566dc29ba7ec7c,artigos_casa,32,501,1,550.0,35.0,2.0,50.0
a8e6cef13c111ed8fffb4205d20fe8c6,brinquedos,54,1504,2,1517.0,31.0,22.0,28.0
1594615cd50616d0ac086f5581d04ac0,artigos_casa,54,704,1,1900.0,40.0,15.0,32.0
78adfff529228a4d45eef5446475d213,moveis_decoracao,63,464,4,300.0,20.0,5.0,48.0
ea4d546188ec8252ef66cff2f9c9ed9f,fashion_calcados,57,404,4,1400.0,22.0,12.0,33.0
ac4786140c38742724f166a81c594707,moveis_decoracao,23,284,9,400.0,16.0,22.0,18.0
fb61126545fe19cfa0593140a5cc3b13,fashion_bolsas_e_acessorios,57,457,2,550.0,16.0,5.0,30.0
f1e0c91e748d3ddfb2728c51078c2b08,artigos_casa,58,330,1,200.0,40.0,10.0,30.0
56fa78f2a0c7d428e8aaa226dac0fbfb,relogios_presentes,39,648,1,400.0,23.0,7.0,17.0
205eda573c0d52a57b83bc9332947b8e,esporte_lazer,30,643,8,700.0,30.0,36.0,20.0
9a3a44b7cc16f2592b2110e4205edf97,moveis_decoracao,57,2016,2,550.0,68.0,8.0,13.0
94f3e00f8ea2e9bd4579796cb9e18e37,papelaria,46,940,1,650.0,30.0,16.0,16.0
6f5a84d79bc9f79ecd9095e91fc47a2d,esporte_lazer,59,261,3,1100.0,40.0,2.0,40.0
e2a44ba73fdd5e184c188e4f45e32eec,beleza_saude,40,520,2,50.0,20.0,15.0,15.0
4fcac8e09620cd87a5e5283e6748da67,moveis_decoracao,32,470,1,22700.0,42.0,82.0,42.0
6917f21a7df770ef60ec45dd4714abaf,utilidades_domesticas,31,298,4,8050.0,55.0,35.0,25.0
5b3aa845bba5aa7ba1216e36ae882cfa,beleza_saude,42,618,2,75.0,16.0,10.0,11.0
7d8e924f1da646ec896e1c0a80ef2f99,seguranca,54,588,1,400.0,60.0,25.0,25.0
056d012d264624accb7f73d31caee034,artigos_casa,56,255,1,1750.0,30.0,5.0,30.0
d06a628f2ca3b33dc62348f33678a531,telefonia,42,271,4,200.0,16.0,6.0,18.0
25e45921120d6d8a1688f076632bdad8,telefonia,39,478,2,150.0,25.0,5.0,16.0
e003b894dd7927f3e2de2dd927b174a4,perfumaria,48,1117,1,400.0,22.0,16.0,16.0
31b69c5458a15ce93c1f3b25276514d9,artigos_casa,55,187,1,2200.0,35.0,20.0,30.0
a1692a17fad005e22bf5a54353439420,esporte_lazer,60,1341,6,3600.0,20.0,15.0,42.0
150c699262a053229e89213dc9c358d2,seguranca,60,480,1,300.0,16.0,14.0,15.0
1234e5d27a954d308ea9c87d8106a8df,automotivo,57,1399,3,11450.0,61.0,25.0,45.0
3b213ba02fcd0799a85c9c3580a3033d,bebes,39,1640,1,350.0,20.0,16.0,25.0
4352aa5f49dc18ba0eb54e57e632281a,moveis_decoracao,60,253,1,1000.0,25.0,25.0,25.0
f81d3acffbaeeafa6f2a1a2f6d4a41ff,telefonia,57,586,2,200.0,19.0,4.0,11.0
a2048b46525cb5cb30be4e5ff3f83c5a,perfumaria,50,694,1,397.0,21.0,15.0,17.0
94ad63831117fac82c6054d2056ed118,pet_shop,58,1775,6,600.0,20.0,19.0,20.0
ba5da398a4dc7a375349e2d32896a3bb,utilidades_domesticas,38,595,1,1100.0,30.0,30.0,30.0
ab169b33d13e5041b9b9d4a2fafce9d9,telefonia,59,734,4,300.0,17.0,4.0,12.0
27e90baf9d996277a5299e5d828be218,utilidades_domesticas,28,3194,4,7900.0,29.0,44.0,29.0
2b6d84a08eed9e50e3d8389b56cd3327,esporte_lazer,33,537,3,500.0,30.0,10.0,20.0
e74935f7a47674c519b43da6244d30fe,moveis_decoracao,53,231,1,300.0,27.0,10.0,12.0
2f5e485bacfeb554bec55cd497c9bc51,utilidades_domesticas,42,367,3,236.0,23.0,14.0,16.0
6fc7ab933ccdd144b8fa4db0e99205d2,ferramentas_jardim,63,167,1,50.0,16.0,2.0,11.0
25707e90c7f4f672f8d1058a32d78982,esporte_lazer,39,799,3,725.0,23.0,23.0,23.0
d3450bc0d7d9c8a11a079aa78614e3f3,fashion_bolsas_e_acessorios,51,1398,1,200.0,16.0,2.0,20.0
3e6c4215625c463bdeb0cba3ec9ceb01,automotivo,59,695,6,5100.0,47.0,19.0,23.0
325a06bcce0da45b7f4ecf2797dd40e4,esporte_lazer,44,1089,1,300.0,16.0,5.0,15.0
fd206f3c185fd47c22d6de48f25133fe,telefonia,28,314,2,500.0,30.0,10.0,20.0
2e0a1c70d32cd53538dba96b8cae229b,automotivo,60,336,1,150.0,25.0,20.0,25.0
11b062c710beb867b4897ff2728e828d,moveis_cozinha_area_de_servico_jantar_e_jardim,50,445,1,1000.0,34.0,25.0,25.0
9befce53daaaaab36a5947f3cd80f42d,esporte_lazer,46,565,3,10150.0,20.0,20.0,20.0
d6fcd73ce07da9fa86858f67f6ba7346,brinquedos,47,465,1,500.0,26.0,8.0,21.0
18dacb31f154c3607af782584f59b3c9,relogios_presentes,53,538,2,225.0,16.0,7.0,11.0
12803e6c48756086227e39a8a2d2026b,variedades,37,1794,3,12000.0,24.0,25.0,31.0
74528b0886c5bd579dc5794d8c8c4f2b,beleza_saude,47,557,1,150.0,20.0,5.0,15.0
91497eff4735d835057824111f9532b7,artigos_casa,52,287,2,700.0,45.0,15.0,35.0
e54464e95c9fb80e4edefa0ba49133c1,brinquedos,57,927,3,800.0,20.0,35.0,20.0
1d974de82e60d653a2d1cc79984dcec8,utilidades_domesticas,34,605,5,1650.0,37.0,17.0,34.0
0466aacbd155769293483722a2e5bead,ferramentas_jardim,53,2430,1,7150.0,30.0,40.0,30.0
c40719220792e9a4b4bdfeebb4f350d1,informatica_acessorios,34,244,1,600.0,16.0,15.0,15.0
530b2adc666f8f1553e3590543920a72,ferramentas_jardim,54,1313,2,800.0,20.0,20.0,20.0
47cc9106e1bc828d424f9439933ca075,artigos_casa,55,434,1,1100.0,22.0,18.0,18.0
ad47aff134f11264c92d7ff1299163b1,ferramentas_construcao,60,455,5,4400.0,19.0,23.0,19.0
e0148326fbd8d54b927f7000959751a4,perfumaria,29,156,1,100.0,16.0,8.0,19.0
1d1d29cb3e67f3a4d7eb040b5a13d361,moveis_decoracao,30,634,1,25250.0,41.0,43.0,91.0
47ac1c318ec3ad95a8c89005e384f6e8,automotivo,44,174,2,600.0,30.0,30.0,30.0
372645c7439f9661fbbacfd129aa92ec,artigos_casa,60,236,1,1500.0,34.0,7.0,32.0
1309e677b68af1ad09167cf712dc0de4,automotivo,55,874,4,2000.0,68.0,9.0,35.0
80e8fdeeef442f075fbc30aea71f0d3f,informatica_acessorios,49,1175,1,650.0,16.0,25.0,16.0
66e08854f9319c6aa4874ca435598331,artigos_casa,54,584,1,1400.0,33.0,8.0,23.0
4f4dce53833f830c4cc6e1a307167d0c,moveis_decoracao,55,1065,1,650.0,33.0,4.0,33.0
38cd38029795797c97b73421fdad08cf,fashion_bolsas_e_acessorios,42,95,1,350.0,17.0,18.0,17.0
19b7148be60fb48eb30c7eb0431c1a8b,eletronicos,22,603,1,500.0,16.0,21.0,20.0
bf8f8dcc8811756c8dccbeea08223f96,esporte_lazer,40,719,4,200.0,20.0,8.0,11.0
ce3e4366349f6a16dd3732471e3c2697,automotivo,51,1008,5,450.0,27.0,16.0,27.0
564f6ff7ae760d6eda6d32c551724036,artigos_casa,60,298,1,2500.0,33.0,7.0,39.0
ccacefe78ca651093756adf7521f5832,bebes,57,779,1,750.0,18.0,20.0,20.0
88edbcd7253153fe0b9b64c8e643ec00,pet_shop,60,505,5,300.0,27.0,9.0,27.0
8f83335d6508c667813ff14dc437bc81,perfumaria,33,340,1,563.0,20.0,12.0,14.0
c2bd6687fd8abe764233efb9c4a3c27d,variedades,36,1349,1,700.0,32.0,32.0,16.0
3c6c586873c519088ed25e7e28362bad,automotivo,60,232,2,450.0,25.0,25.0,25.0
5afde944579b289b99c1ee420b2ad73d,beleza_saude,59,633,1,488.0,18.0,15.0,17.0
c8d4b2652543be14a917376a17f426c2,consoles_games,41,811,1,30000.0,65.0,65.0,65.0
570509b6d981370031c1f839592a1be0,utilidades_domesticas,20,1115,2,4006.0,45.0,24.0,30.0
3907f392eb7a6ba1d75fb55b28f7a27e,brinquedos,59,763,5,1083.0,48.0,20.0,47.0
9541c4d8ef396401c096f381c3d6aa64,utilidades_domesticas,44,411,1,500.0,30.0,15.0,25.0
62995b7e571f5760017991632bbfd311,utilidades_domesticas,44,518,1,500.0,16.0,25.0,12.0
0b118a49dedaae5a3d10b55467aad998,artigos_casa,32,734,5,400.0,16.0,10.0,11.0
6dbee6015717e50868e393e9bc6714f8,moveis_decoracao,55,2031,2,600.0,60.0,11.0,11.0
b993dfaf418915ff7d0aa74016f030f7,fashion_calcados,40,303,12,500.0,29.0,7.0,16.0
aecdd1c18af2379312e946f33280fe25,informatica_acessorios,47,207,1,100.0,16.0,8.0,12.0
cd9dfd413f60d6cdb25aa4a3e1960e59,livros_tecnicos,55,2085,1,1900.0,27.0,7.0,20.0
32ab984210a9cc604931ba8408ec6994,esporte_lazer,45,450,1,1300.0,16.0,12.0,13.0
0cb8c29f963ae2069fcc3afe95fd93c1,brinquedos,22,499,1,5031.0,60.0,43.0,29.0
c785fffd281ac9afffc38c8015455fd8,artigos_casa,51,352,2,600.0,60.0,10.0,50.0
6bd4c564d1f96b0db5d02d376b4daed6,utilidades_domesticas,59,435,5,5350.0,36.0,22.0,36.0
1ed65bd74fcdbc4b99bc838f1b8583e8,esporte_lazer,45,317,2,500.0,25.0,25.0,25.0
7192c6fea73bae6687d1b584a551376f,relogios_presentes,53,716,2,175.0,19.0,7.0,11.0
c31e1b9e61e5cdcc727c10d01581d2bb,market_place,18,1315,4,500.0,20.0,8.0,14.0
2e5c0bb27fdd53873a033938b91ed656,automotivo,34,812,4,2700.0,20.0,40.0,40.0
183b0c895605218dbd34cdcfcfa8af28,moveis_cozinha_area_de_servico_jantar_e_jardim,34,905,5,5400.0,53.0,10.0,67.0
d1cf12507d5190de68d2269e8f935dd6,relogios_presentes,59,644,2,350.0,16.0,11.0,11.0
af0d0d1521e30e05b1cfc77192c685b6,relogios_presentes,42,596,5,100.0,16.0,17.0,12.0
202bd859659a841de892b00c341300ff,relogios_presentes,57,573,8,200.0,16.0,2.0,11.0
31b8e7c2a22f3dba5183cc110bdd72f7,eletronicos,52,602,1,281.0,17.0,9.0,13.0
568e52d4c670b4d5130bae2dbf211c40,automotivo,53,524,1,1675.0,63.0,9.0,63.0
f93213a23c50edc16c27b96333f734dc,esporte_lazer,52,482,1,7550.0,28.0,40.0,40.0
f57d7420f086c47b2fda2115ecfbd2c9,ferramentas_jardim,51,305,1,1000.0,25.0,16.0,16.0
c8078bb7927143cdb008e3563230ca61,bebes,40,1978,4,250.0,65.0,11.0,11.0
1b30d1c25bb529469aa0c83e326834b4,automotivo,46,350,1,2500.0,33.0,27.0,26.0
7d1de1f9f0157db00486b7ff28b6c5a2,ferramentas_jardim,54,708,1,5100.0,50.0,73.0,20.0
5232994b2d1d55105b92d445d97d0f62,esporte_lazer,58,1186,1,350.0,20.0,20.0,20.0
97373049bc86f3b3245c07a56795b2d7,informatica_acessorios,51,785,3,183.0,20.0,15.0,17.0
17f2685e91a49b99540dcb684ee7d94a,moveis_escritorio,58,1256,1,9200.0,52.0,52.0,17.0
8d28eb3a7309368ca0de19e016266251,beleza_saude,43,423,1,2525.0,17.0,14.0,15.0
11a10f5773a7da9fb352dfe9e119803b,artigos_casa,57,906,1,1600.0,32.0,9.0,21.0
0adf970bf07772b0f8c88f664e146221,ferramentas_jardim,60,2253,5,3500.0,32.0,31.0,11.0
1e41618bcaf005d9f4cba13fb70915bf,relogios_presentes,39,1405,4,1017.0,23.0,16.0,18.0
f9bdcb274f479aa71dd34e8bccdd9a82,jardinagem,55,2036,6,200.0,16.0,3.0,12.0
df2d06c915846282d43217da4911c122,informatica_acessorios,53,357,3,250.0,19.0,3.0,14.0
71bd8f5de551c71f6ff1386868d57526,esporte_lazer,52,522,1,100.0,17.0,7.0,14.0
fa559a64fdb8719b675a8baf140b3d9e,artigos_casa,58,563,1,600.0,16.0,10.0,16.0
2a7835ac39ba7753ece75242d290f044,utilidades_domesticas,49,179,3,750.0,60.0,6.0,12.0
e5f4167c170ccd8777cbf51841b6f7f3,moveis_decoracao,58,1400,5,550.0,47.0,17.0,30.0
db8d62bf1bf1d2dd880c99b88ebff3fb,automotivo,60,705,2,350.0,17.0,21.0,11.0
04fa587378a8e74c3b0acc00efecc93e,automotivo,50,829,2,14900.0,32.0,47.0,38.0
1bb451598371a55d8d19057f39929ec8,beleza_saude,53,2506,1,2550.0,28.0,14.0,20.0
8a0234d9460e4ad9a041849057dce64e,beleza_saude,46,2079,3,625.0,35.0,9.0,28.0
05f581382fca988fec41f4a3de0e0fda,variedades,,,,100.0,16.0,16.0,16.0
4310db2c2f39a8a5fe403463e39ca5da,informatica_acessorios,42,306,2,18100.0,45.0,65.0,40.0
e931f0b36e64979ba569e7efd36b1736,artigos_casa,38,411,1,11500.0,48.0,30.0,35.0
4ba2ecadbc22416fc5eab3097203922c,beleza_saude,37,264,1,113.0,20.0,12.0,13.0
0eb2c19991a9a90d3536addc877e36a6,utilidades_domesticas,56,381,5,1900.0,30.0,15.0,15.0
5aff1262b1ba2be4c6fa3bdb39d765c7,moveis_decoracao,60,2084,3,1350.0,69.0,11.0,11.0
ff8bb42702f38636b348fd7e2332ce2f,variedades,,,,100.0,25.0,2.0,17.0
87d87bc896790e32575a4a78c8ccb983,bebes,37,1110,2,300.0,21.0,8.0,16.0
d670c0f6be30a062ebd8f8612ea82d71,telefonia,39,975,3,450.0,16.0,8.0,16.0
9a6283d6f1e4fb8602400d89cd25dafd,informatica_acessorios,25,282,2,300.0,19.0,5.0,13.0
5ff59c5f2db7600fa8143442c8b1e4f6,esporte_lazer,28,1174,1,200.0,20.0,20.0,20.0
fc2a6f1929e34e5d997d26683b6c0bd9,pet_shop,56,387,2,600.0,27.0,9.0,26.0
892ffd4f35db82ec18966893c5dfec9d,esporte_lazer,55,1891,6,550.0,38.0,11.0,28.0
3a56b62f46a9b0557e724950daa575c4,moveis_decoracao,60,864,1,150.0,22.0,22.0,22.0
18fc07433ae4bcd5a8bdf658b2c6e40d,artigos_casa,60,553,1,900.0,20.0,2.0,20.0
af95259110629cb75230e231da812ecb,moveis_decoracao,51,822,3,1050.0,55.0,11.0,11.0
ea28ecb788ab4fd8d5dc8bd4b4274209,moveis_decoracao,50,1181,3,2600.0,53.0,8.0,11.0
3b4c2252c7918d2d7756dfbc7d5842de,utilidades_domesticas,52,278,1,950.0,16.0,30.0,27.0
bb192bc461e65d645d26fa3a97866f2f,moveis_escritorio,46,2115,1,14600.0,58.0,28.0,58.0
bd6e6fce9ada76ea2db0f1912e8e478f,artigos_casa,49,381,1,850.0,25.0,18.0,40.0
121f7f44c9e25be4873ca9296542ebd3,beleza_saude,56,2264,2,1025.0,23.0,18.0,20.0
1b9257f42072f68e325a4dc79dd99ae4,esporte_lazer,46,1850,1,1450.0,20.0,30.0,20.0
af51d485dc5255ba2e18b21b550156e6,malas_acessorios,57,674,1,22350.0,32.0,74.0,53.0
523adcd9eeda8b1adc61c990e5c0042b,jardinagem,59,915,1,588.0,16.0,14.0,13.0
06fb87866499b0e65992b2d88aca8282,relogios_presentes,49,666,2,700.0,17.0,13.0,13.0
c77b5fed1d58641e0f5e70cefd093a62,esporte_lazer,37,213,1,400.0,16.0,10.0,20.0
04162d7f092b675a184e76e91fd521d4,utilidades_domesticas,59,203,1,400.0,16.0,10.0,14.0
2bf72be295c67ec55ed408f9d0c582b4,informatica_acessorios,45,812,4,500.0,16.0,8.0,20.0
5fe7fd1b8ea02958b45106dcd79874e8,artigos_casa,57,677,1,1050.0,28.0,14.0,16.0
aca51bff59e5fefae004afb85cb5afc4,perfumaria,52,874,2,265.0,19.0,14.0,16.0
81761c6b742a57257960263f51adcb8e,utilidades_domesticas,50,389,1,8350.0,35.0,34.0,34.0
0980718a7bdcf89f5848b202b6394965,beleza_saude,56,627,1,2000.0,37.0,30.0,24.0
a6b32d26b9f925954b1cd8339f664a6a,perfumaria,45,128,3,400.0,25.0,4.0,20.0
26459570e7be02e4861603614f8043c3,utilidades_domesticas,57,396,3,4500.0,27.0,47.0,27.0
9e104e498448eaafc576278446e9bdd5,fashion_underwear_e_moda_praia,51,1343,4,300.0,25.0,16.0,11.0
2772d1e494d431a05b7bcc95b02163b6,pet_shop,57,2093,4,1550.0,40.0,32.0,20.0
f083f237cbf95dd0a5185e902f385dd5,eletrodomesticos,40,125,1,1800.0,25.0,14.0,23.0
a10fa96cb854e79dc01be7ab3d685c7d,esporte_lazer,51,833,1,1100.0,16.0,16.0,18.0
d425f8ccf937bdc4c55eb96ef872d812,fashion_bolsas_e_acessorios,39,206,5,200.0,22.0,8.0,15.0
53394e15d1c663729450eb4a49c4ff7e,brinquedos,28,422,4,500.0,19.0,12.0,25.0
0021a87d4997a48b6cef1665602be0f5,informatica_acessorios,58,946,6,650.0,25.0,10.0,15.0
fd16d6944e49931ace2c99037c4d8868,informatica_acessorios,60,893,2,750.0,50.0,6.0,28.0
131701f2c91073ddf0ca954ced4f55ea,moveis_decoracao,59,372,1,400.0,37.0,15.0,27.0
0563d4cc419141eab2e5b438046e844e,ferramentas_jardim,41,1903,1,5650.0,17.0,38.0,32.0
1e065b64f82eb1e3fd606ae9b4fef074,beleza_saude,46,388,1,1250.0,18.0,20.0,18.0
5b3e03e8dfa69568003b9f9ca8e9344d,beleza_saude,36,535,1,2000.0,30.0,12.0,16.0
ae89da88eb55261881375b12d5cdcda4,automotivo,55,2026,1,3375.0,103.0,23.0,27.0
40cc62bf0cf7aacfd12d865c196baa55,telefonia,49,613,2,250.0,19.0,4.0,11.0
963bc5def5962c07b9a36fa70d08c989,esporte_lazer,30,1764,1,150.0,16.0,17.0,22.0
f6847515f58b8f340dcc75d150d6a0ab,fashion_roupa_masculina,39,411,2,900.0,45.0,10.0,35.0
dd1759836cc99a88be1a42bf6673abe0,perfumaria,38,419,1,415.0,26.0,12.0,18.0
4e6554c7113b9e0447a2ffed3bc76195,fashion_calcados,57,404,4,1500.0,22.0,12.0,33.0
98b60cfeeb9f910672c471ffc94541c2,utilidades_domesticas,55,205,1,2100.0,42.0,22.0,28.0
b10eef6094af9cc3dce92e1612dcb541,brinquedos,44,324,2,550.0,31.0,19.0,26.0
938ff611131211b429e75da96367a947,fashion_bolsas_e_acessorios,51,789,1,250.0,16.0,2.0,11.0
30462047cff6376a3f9958b2ea254943,jardinagem,38,673,1,150.0,16.0,20.0,20.0
e34c56a36fdb6854b10410b776c39442,eletronicos,30,1792,2,3525.0,39.0,36.0,24.0
549356446db225e7f67b22ceaf66d159,climatizacao,58,872,1,6250.0,53.0,21.0,36.0
746789f724254a8b473de5a83f4e2a92,relogios_presentes,48,702,1,362.0,19.0,11.0,15.0
52c80cedd4e90108bf4fa6a206ef6b03,ferramentas_jardim,33,2188,2,7650.0,20.0,20.0,20.0
3918438461819ce9da3aad383410a292,artigos_casa,58,231,1,8800.0,40.0,6.0,29.0
88e40881adf08ea3b87cb1d65c8c1d83,pet_shop,60,542,3,300.0,20.0,7.0,17.0
b7f1a22cf39550d036ddf4f9ee1295b5,artigos_casa,55,693,1,2050.0,42.0,11.0,32.0
7d681d24b9bad757fb34b0d464c350e4,beleza_saude,59,1271,1,240.0,18.0,14.0,16.0
be093c0e6f627542bae561c8f3dff875,ferramentas_jardim,50,1054,3,175.0,22.0,8.0,15.0
f4ff31c676834c31a24648df290aa349,artigos_casa,49,532,1,300.0,16.0,10.0,16.0
787a015e505e9dfe5dde6e5be78f0eac,moveis_escritorio,57,957,1,7667.0,52.0,52.0,17.0
c67a6a85a57f4d216bdb8dbe8724c3ae,informatica_acessorios,50,486,2,200.0,16.0,7.0,23.0
5bdfe8e8b816fda68f9f8eb7c0c08e62,artigos_casa,60,213,1,1050.0,35.0,10.0,18.0
07a2b4290dce4edc619005d1a6348439,fashion_bolsas_e_acessorios,57,457,2,500.0,16.0,5.0,30.0
a9e0e7b3976de987fdbd2773ec699f0c,artigos_casa,58,205,3,1350.0,40.0,6.0,30.0
c64704f589ce59df6b4514543e21ccd7,pet_shop,60,496,2,150.0,27.0,9.0,27.0
fc154625377a75559098d1b52e40b78a,brinquedos,53,645,1,1905.0,30.0,25.0,19.0
e840aad8112818661548fda5d12653f2,artigos_casa,59,140,3,1400.0,36.0,8.0,29.0
4bdcd91fcab0b7401865fa7d7f916253,ferramentas_jardim,59,317,2,7900.0,70.0,8.0,34.0
ffb2a783fe9381154e13bb3457651996,moveis_decoracao,57,392,1,5300.0,64.0,40.0,50.0
329ee774172a8dec4ae65b229f2c73fa,esporte_lazer,57,3285,4,1225.0,30.0,17.0,17.0
6ee7217ab647f3c2b4a5161c75cadab3,moveis_decoracao,49,374,1,600.0,25.0,2.0,17.0
2dfda1ff7f02fb76576e5961ddd85e38,perfumaria,40,638,2,50.0,20.0,8.0,14.0
5304ff3fa35856a156e1170a6022d34d,artes_e_artesanato,27,59,2,100.0,20.0,20.0,11.0
3236ebd1684fa3ff2b74858fcd9ea688,beleza_saude,53,1229,2,725.0,32.0,22.0,29.0
c4c428c423b8dfbfeae8ecd499d9a048,artigos_casa,60,3863,5,21400.0,82.0,23.0,68.0
84676380ed30810651646aee76522f90,utilidades_domesticas,56,1793,4,500.0,35.0,14.0,15.0
4775a411941138402e6de133a0245dad,relogios_presentes,41,304,1,250.0,16.0,16.0,16.0
815ab08327dd05cc75b2b67311f83239,brinquedos,45,698,3,450.0,20.0,12.0,17.0
952a1b105b353afa2fb1fab92e52b454,eletrodomesticos,60,159,1,150.0,18.0,8.0,13.0
3fca280b9c1738d8d7996c7373d3ecee,ferramentas_construcao,55,501,4,600.0,30.0,12.0,20.0
d836b3e9c0eeb39311934db68a0878db,brinquedos,46,599,1,725.0,35.0,25.0,24.0
e89d4c89630fcc709f93fece786bb06d,beleza_saude,52,910,1,350.0,30.0,20.0,30.0
425ca58a47a3eeb10c21c05ddf8d7a52,perfumaria,35,389,1,378.0,20.0,15.0,16.0
a6dc9ab5ad94c307903acdc50a106a5c,climatizacao,56,817,5,2800.0,30.0,10.0,30.0
44a879f6d43c4750534a30dea1f6d804,relogios_presentes,48,680,2,5867.0,43.0,19.0,30.0
5c535d2479b9759c3bc8d6ac57085cf0,informatica_acessorios,58,684,3,1300.0,16.0,16.0,16.0
6fd98945d378fd5d76031095b1ba6523,beleza_saude,53,891,5,300.0,28.0,8.0,18.0
f382fd2265b83e4c7689c1a6dbf74ac6,esporte_lazer,56,176,3,2700.0,43.0,11.0,31.0
8b79df7bdd69663fb86eec7b7bdaa927,automotivo,58,1849,1,200.0,25.0,7.0,12.0
c784aabc6d8366b8fd85eaf9631cf96f,utilidades_domesticas,59,920,4,200.0,22.0,7.0,15.0
12dc5e5d178b930cf87cf16e812fc2d5,perfumaria,27,1280,1,125.0,16.0,14.0,14.0
a8e35f118bd7f9b1d38fc786b555d210,fashion_roupa_masculina,55,1241,2,500.0,16.0,2.0,20.0
1ccef988a8dd457a93b0b4833b8f0724,telefonia,38,580,2,100.0,16.0,3.0,11.0
a9ae3095ce9466944a7427933de5f784,papelaria,46,664,3,800.0,48.0,7.0,38.0
b86a41241c8b868c080b433563dc9223,artigos_casa,53,665,1,800.0,30.0,3.0,24.0
2b3ded25b94fa59143322115fce48003,artigos_casa,58,706,1,1250.0,20.0,20.0,20.0
85095e161b46d68305c1293b02c27d23,informatica_acessorios,39,1350,4,217.0,19.0,4.0,15.0
2ea654ee9e83b7622ce3ac79ce772970,artes_e_artesanato,57,851,1,1500.0,65.0,6.0,48.0
1f7aa19e7161eef1ffff0599cebcbdb7,informatica_acessorios,60,549,1,400.0,30.0,15.0,15.0
4219bea6cb9e38ad99b7e380bc11fb16,artigos_casa,55,514,1,2300.0,25.0,25.0,25.0
6cc859e89d080218ff4416539ffa030c,artigos_casa,59,225,1,1600.0,35.0,8.0,29.0
b49d4a78de28aa875ee85ae9ae66f239,fashion_underwear_e_moda_praia,21,1683,2,100.0,16.0,2.0,11.0
f83a07c7e2a2609ea4c66d3d880b2a66,fashion_bolsas_e_acessorios,36,1356,4,200.0,16.0,6.0,11.0
917fbdb7daca454f54951b89f0964526,moveis_decoracao,55,1457,1,1050.0,16.0,16.0,16.0
3e4176d545618ed02f382a3057de32b4,malas_acessorios,35,468,1,1200.0,40.0,22.0,30.0
7fd9bccf4c66729e3f5bd94f542de136,esporte_lazer,55,699,1,5250.0,23.0,23.0,23.0
ffcfaba393e8ef71937c6e8421bc2868,casa_construcao,55,523,2,19800.0,45.0,45.0,45.0
0ca70d1b7cdf19dd90d993373aba94e8,moveis_decoracao,48,948,4,600.0,34.0,6.0,23.0
f5a0cfa0a3289fb63ddcea79601165d0,variedades,,,,200.0,16.0,2.0,20.0
93305944cf8bb41c63bf59676ac2d0b3,variedades,,,,675.0,32.0,7.0,32.0
715a41d0a95641fda38167ad49142b7c,variedades,45,199,3,825.0,39.0,18.0,38.0
65803a899ace1acd56cbb80caeabc936,alimentos_bebidas,42,2268,6,3250.0,28.0,16.0,16.0
5b3242867b3c1f86ebe790699c88b901,malas_acessorios,55,197,2,450.0,16.0,2.0,11.0
a89d629b52f63724dbee62c0ba9e979e,jardinagem,35,1151,1,150.0,16.0,11.0,14.0
a4a04b698e98a60246c2ecdbe629c447,bebes,58,2379,1,1100.0,26.0,22.0,13.0
fab8297a9d2e7e1e756998675831f7e9,pet_shop,63,1440,3,6700.0,40.0,20.0,50.0
5c31001a08d64b7c60a58f6e5a9604b5,moveis_escritorio,42,2065,1,15100.0,58.0,28.0,56.0
73e0db4719016f90a37238ca8e5a1cab,artigos_casa,58,162,1,3050.0,20.0,30.0,46.0
d8fb151eb350f0956fbd847567d78954,papelaria,43,386,2,750.0,31.0,3.0,22.0
1b42d5d23103d5b706f8107ce7549920,eletronicos,46,573,1,1075.0,20.0,20.0,20.0
7768494922ec00df78713cb957ae63c8,artigos_casa,47,235,1,3000.0,55.0,25.0,45.0
6f87cdb6dcbe843d379d0c9cd3369337,brinquedos,42,1083,4,400.0,20.0,10.0,20.0
fdb33d3471c9183b30cea8b7b34e4880,automotivo,44,736,2,570.0,15.0,10.0,14.0
961930544d39899c18cfdbc336aeb15e,moveis_cozinha_area_de_servico_jantar_e_jardim,49,321,1,30000.0,97.0,30.0,70.0
c37e775cc9f2dd910db751444447fa3d,eletronicos,57,810,1,150.0,19.0,14.0,19.0
c8bcb1f3775756d1cf29af0e65f4fb47,utilidades_domesticas,55,1319,2,2400.0,102.0,20.0,31.0
521a25c115e204f7024656cd8b05aeb4,utilidades_domesticas,48,734,2,2250.0,40.0,35.0,14.0
0030026a6ddb3b2d1d4bc225b4b4c4da,esporte_lazer,28,502,4,800.0,25.0,25.0,25.0
f55685df4cdbceeecfefb0c45aded1bc,brinquedos,53,923,3,1200.0,50.0,15.0,32.0
32d16d374657488a491cf67b33d5fac5,eletronicos,46,111,1,389.0,17.0,12.0,13.0
3e72533d34a1779d818ac8a73403387c,livros_importados,59,706,1,150.0,33.0,2.0,23.0
a2c499ca39527cc328317e93c302112e,relogios_presentes,59,573,2,275.0,19.0,13.0,19.0
114cf6e338f90a48f7fae837c70e8325,moveis_decoracao,26,304,1,2400.0,37.0,30.0,20.0
c84abe5abc6e244478124129024bc9d0,moveis_cozinha_area_de_servico_jantar_e_jardim,37,768,1,16825.0,60.0,48.0,53.0
c6ab810300ecce0784a66d36fcb5560f,moveis_escritorio,37,851,1,6550.0,23.0,19.0,29.0
250a5d56eaa9f1bb1a998ddb0a10a2f9,variedades,26,887,2,1000.0,16.0,19.0,15.0
dfdfd0def1171ab6cb6b8b095e2246e4,esporte_lazer,44,3520,1,470.0,19.0,19.0,18.0
a4e0070054ddd4bf93795b80668c6ea5,relogios_presentes,46,464,8,250.0,31.0,4.0,15.0
af62c06a5e8bc086ba8b49063306ead6,esporte_lazer,59,913,7,450.0,20.0,10.0,20.0
8def905dc2fc7ae5edb3637821a7652d,variedades,,,,900.0,16.0,16.0,16.0
443686a203341f24c2cead2297359568,pet_shop,31,933,5,1100.0,20.0,20.0,25.0
d24c7932a5182750c209db9a91d209a0,variedades,56,1002,2,4950.0,18.0,32.0,18.0
f819f0c84a64f02d3a5606ca95edd272,relogios_presentes,59,452,1,710.0,19.0,13.0,14.0
d7423500e1911ba5972c229b2fb974ca,consoles_games,25,2247,1,175.0,20.0,2.0,15.0
6e81e19eefa7a8f9d1b9d141d2afad8b,utilidades_domesticas,58,507,1,900.0,60.0,10.0,13.0
77f217636750a5d2e21017effe0a634d,brinquedos,52,1125,5,300.0,18.0,8.0,12.0
e3d56b75987accb32f776ba6c710913e,moveis_decoracao,24,268,1,1050.0,22.0,22.0,24.0
1377fd796465e86c4306ad7afc6a6dfe,informatica_acessorios,36,498,1,300.0,18.0,9.0,16.0
5dcd17b12ed2175d4fe6157e047d7be2,moveis_decoracao,60,572,2,27600.0,70.0,60.0,60.0
804276969fd6adfcfb9c9dcbce2fe8ec,esporte_lazer,45,982,1,4900.0,36.0,31.0,31.0
b7082b40a807413582afbfac88facc4b,relogios_presentes,55,689,1,500.0,16.0,11.0,11.0
cf67ebdec22e11186b2129b5852f981b,automotivo,58,267,2,1550.0,16.0,10.0,20.0
cc5c6bf704a4b642e8964b5b2dcdb0da,ferramentas_jardim,42,2052,2,200.0,30.0,4.0,30.0
46c480f48e4167c60ce2ddf4ed25a819,perfumaria,49,656,1,1450.0,20.0,16.0,16.0
a0fe01e446dce7a61936310e6c3f3e37,esporte_lazer,50,1295,1,250.0,17.0,14.0,15.0
b02d334af22793873b82e5f53d119df8,bebes,60,1759,4,400.0,65.0,8.0,13.0
d176ffad05e4e7fd2de465fbdecc7582,moveis_decoracao,32,2370,3,650.0,60.0,11.0,11.0
20bc10f7f2776f8b2eb6b817d2df190a,livros_interesse_geral,47,891,1,400.0,35.0,4.0,30.0
4e8e9ef9e7003217fb1fe04df616fa69,beleza_saude,50,3919,1,600.0,19.0,7.0,12.0
5e939a93f81b2b628f2c09510001742a,artigos_casa,53,337,3,1800.0,45.0,15.0,35.0
0d273869567a92a7fa9758f0b5507e87,fashion_bolsas_e_acessorios,54,229,2,100.0,16.0,10.0,16.0
77eb902dbce27d7867fa9c6a9108966d,artigos_casa,58,231,1,1550.0,40.0,6.0,29.0
a8706ec14f38594a6c118b7eeb8ae1e3,artigos_casa,35,346,1,600.0,33.0,17.0,36.0
ea7d883a0a9922f5899f071e5b4f8873,moveis_escritorio,45,2233,1,6500.0,58.0,20.0,58.0
de17feec1983829fec4bc58cadaa43f3,utilidades_domesticas,30,203,2,1100.0,32.0,14.0,32.0
c20489c9e2a067f1bd6e941b6dcbe771,informatica_acessorios,41,1402,3,1450.0,30.0,23.0,20.0
b80d1191f28486e54df2e4c6bdeac10d,artigos_casa,39,162,1,900.0,33.0,9.0,38.0
2ce9227f31dd89541bd4b89d835e9056,consoles_games,28,1492,1,150.0,18.0,2.0,14.0
54d4f4a90b9907d07136e40d31d92ab0,brinquedos,47,443,2,250.0,29.0,8.0,37.0
bbdef93b1bffe87d66bc97697e58c1ad,variedades,,,,1000.0,18.0,30.0,19.0
5b3e84d222c3b93e0967d608cefdd472,iluminacao,60,281,1,15750.0,70.0,40.0,40.0
7ddc9c0c8d8ff59c19050d36d2bdcb2a,artigos_casa,57,217,3,1700.0,30.0,20.0,30.0
1bab2e484686f57566de99a627223576,artigos_casa,45,248,1,900.0,30.0,5.0,35.0
662276c22ed1b925786d19da6677e19d,informatica_acessorios,46,1458,3,450.0,27.0,9.0,18.0
b11671939984d7f8b038369720ed36d3,moveis_escritorio,41,1418,1,5500.0,22.0,22.0,33.0
03c1fa561b6e1d70f9fa22ab1f08c762,moveis_decoracao,59,376,1,8000.0,55.0,17.0,45.0
60061c870d0d52a2c5bc678d56538fdd,automotivo,48,539,1,12200.0,62.0,62.0,19.0
575617410387f4e614f39628fe8e81bd,esporte_lazer,31,242,2,500.0,16.0,11.0,11.0
57c02c48a650103c03cfa86b8b67b7b9,automotivo,59,1664,3,700.0,16.0,21.0,18.0
77b1cb0e43513cea3c9f7546cbc78cba,pet_shop,59,803,1,500.0,20.0,50.0,20.0
306b0c58328826c0564cbc520787d508,artigos_casa,31,209,3,765.0,35.0,20.0,48.0
c60d6fe365c9718c407170dd8a8223c3,artigos_casa,58,274,1,2200.0,47.0,13.0,35.0
a0f12db60a5019ce1a4c21fce1697574,papelaria,59,263,3,6150.0,60.0,20.0,29.0
dac245c10d9ccd0f3dd3b14f4b7c4b7f,utilidades_domesticas,38,506,2,150.0,30.0,18.0,18.0
1694be93ee57fcedd649a53f11848edb,perfumaria,44,1255,1,200.0,16.0,13.0,11.0
1108e11fe60f34cb7f2a832d96c17137,moveis_escritorio,37,2071,1,10850.0,55.0,24.0,55.0
572ce8c246c9eb25f976d31f29278d09,moveis_sala,53,1054,2,1750.0,26.0,8.0,17.0
f268298baf71005ba24a9c97a4964a7e,artigos_casa,59,1219,2,800.0,33.0,14.0,23.0
d44b26fcb399a78808dc8643d991ec14,beleza_saude,30,550,1,125.0,16.0,12.0,13.0
3ef69437b2ca2234de7ad9165bebfe43,pet_shop,37,692,6,250.0,13.0,16.0,16.0
b4168a64b570417bededa30b167c6148,beleza_saude,36,659,1,200.0,16.0,2.0,11.0
7367e6c268b9dca6187b2576a496d471,moveis_decoracao,58,314,1,1000.0,40.0,5.0,30.0
a1d54bd2293d947527d70e04dbe2a93e,climatizacao,45,638,1,19275.0,85.0,42.0,40.0
b9ee7519d0187d2389af62ba6c612963,esporte_lazer,53,212,6,900.0,28.0,10.0,28.0
07a5fb04bc32fff7f9bb683e5dac80ab,beleza_saude,57,1671,1,350.0,28.0,24.0,11.0
43706a3188de57bb50aa9f10e3b2fbde,beleza_saude,59,1507,1,150.0,16.0,4.0,16.0
dabe0ebb4c28b903d35030ba1b6c8797,relogios_presentes,40,615,1,400.0,17.0,11.0,12.0
e6df15acc550c0878f3fdaa84f57f9e1,artigos_casa,47,475,2,1194.0,36.0,17.0,31.0
f7fd83ec60b315b4f99710fed4089aa6,brinquedos,47,262,2,600.0,23.0,39.0,30.0
b5ebab9fa4b5f2771ec47a5d6139f3ff,instrumentos_musicais,60,2396,2,3600.0,36.0,10.0,23.0
a68149d568e07ca72477faf0b10906e1,bebes,35,1081,2,2804.0,31.0,38.0,22.0
3303c5bebf8d9dd9394a38501c4033f6,moveis_decoracao,62,222,9,1100.0,31.0,11.0,26.0
a4feaaaf220690fe86cad96217774d0e,eletronicos,58,767,4,1375.0,36.0,23.0,14.0
0043c62d00db47eff6a6bc4cf6bfaeda,esporte_lazer,36,1105,1,380.0,18.0,12.0,14.0
4898021db93ae39fbea80a9b2bda3b4c,pet_shop,43,495,1,1400.0,60.0,15.0,15.0
6aa063e063f2ab982b471e58afe06d72,artigos_casa,57,126,2,9000.0,25.0,55.0,50.0
cd494d8236315646d34e31b09c5f86a4,beleza_saude,56,658,3,200.0,23.0,7.0,15.0
feee7d52babf4002f100a79183eb7989,beleza_saude,51,2453,1,430.0,17.0,13.0,13.0
4d8f03d6420572bd5d809ac866672a1b,eletrodomesticos,59,323,1,150.0,18.0,8.0,13.0
cc7e60cc41c667212b37102362120438,utilidades_domesticas,49,880,1,8350.0,53.0,24.0,33.0
fe6e5de30335f28d5c71820661ce4019,automotivo,57,1253,4,200.0,16.0,7.0,11.0
b0d010ca0b17fe7e3587343f2c68be43,perfumaria,59,753,2,800.0,25.0,12.0,20.0
cf96309600a89c51987b4786465f1be3,fashion_bolsas_e_acessorios,56,39,1,200.0,16.0,2.0,11.0
ec2c6de7f1f282340229992014af0642,moveis_decoracao,49,897,1,1600.0,30.0,30.0,30.0
0cd0a2334c30b335c4a4e73205bfd366,artigos_casa,54,273,1,3400.0,45.0,19.0,35.0
543cc037b05f74eeacee9b376522b9d5,ferramentas_construcao,58,250,3,3050.0,30.0,10.0,30.0
b224eb3c154415f1a25f604619f48b77,bebes,37,516,1,17200.0,65.0,36.0,45.0
56f96b94cbba67352e072d40e4e02167,utilidades_domesticas,32,568,1,150.0,16.0,20.0,11.0
9e0bbeed8f6cb9acb9809733f155800b,artigos_casa,53,442,1,800.0,16.0,10.0,16.0
2dfbe6c95d43a6a29a0d56e5b9f528f2,esporte_lazer,48,719,1,500.0,24.0,20.0,20.0
b7a83b58b9091311faf9705dd7e2e1a7,esporte_lazer,43,731,1,150.0,16.0,9.0,16.0
69ff1e4ad10ccba4d0e1ffc0aa771380,relogios_presentes,50,1579,5,150.0,16.0,16.0,16.0
df3a82b424a1bb351c314547f6644066,variedades,35,534,2,200.0,20.0,10.0,20.0
cff8174d451ee47afde02105d11b1758,esporte_lazer,39,317,1,410.0,38.0,38.0,38.0
84dbf59971e2dd6aede4b0e0b1847a54,esporte_lazer,41,971,1,300.0,33.0,21.0,27.0
7cb2ff3193293db892fd5697aa99a19b,moveis_decoracao,56,297,2,950.0,100.0,5.0,20.0
85d4c1a46f08f730de651ea6f6645313,papelaria,50,113,3,500.0,20.0,30.0,20.0
bf7e9480325415ebfee169ceee8b53e0,esporte_lazer,57,576,1,1800.0,26.0,18.0,18.0
01c3486b189d16ad1b35270d5881e5a4,bebes,59,869,3,9750.0,38.0,38.0,35.0
235bec397501f88e0593219e90c28b4d,brinquedos,40,503,3,800.0,32.0,19.0,30.0
8f7a3322e1abfed89ac080b0f7364779,alimentos_bebidas,25,283,1,1403.0,29.0,36.0,33.0
485977d79fe47209050d22d220aaab7f,artigos_casa,55,241,1,7625.0,50.0,35.0,45.0
c0eeedfd383f32ae9524a15a8898b129,relogios_presentes,40,632,1,425.0,16.0,12.0,13.0
ce8a8e2aca6f910ff8bb3ae8bda6a041,brinquedos,48,654,3,9025.0,47.0,34.0,45.0
6ba807133a1b2747a01375d7417614e9,relogios_presentes,48,596,3,400.0,23.0,15.0,19.0
40057bb8798f91bc5835fe774b8b4c36,utilidades_domesticas,49,707,2,800.0,25.0,8.0,15.0
7d122633abe5616b25c4d1d42c6e2d72,papelaria,57,294,5,6300.0,38.0,30.0,28.0
1831eef8008d196ec59bba8f52a526b8,eletrodomesticos,50,172,1,450.0,20.0,13.0,15.0
72af228db018a06518f1b2a8c070a2ac,livros_interesse_geral,35,1238,6,1633.0,17.0,17.0,18.0
75d67b030a777f5f1081b8830606abb5,moveis_decoracao,59,471,1,1150.0,30.0,5.0,20.0
436f1aaf28631abf937c44f695d3c350,alimentos_bebidas,48,1888,6,3650.0,30.0,30.0,30.0
40db914a3129475d11db840a1c411fba,alimentos_bebidas,57,3838,10,800.0,28.0,12.0,12.0
6d2fde7d12bb6ff367dbda120ba8828e,informatica_acessorios,60,704,1,200.0,39.0,9.0,11.0
1a20dc4f6c828ec4836526c671154282,moveis_decoracao,57,130,1,1400.0,40.0,7.0,34.0
f1cf1f7cd5a15a0805ed75df40b002a0,fashion_bolsas_e_acessorios,48,170,1,200.0,16.0,7.0,11.0
d1133fab4bf2da55f3ebdd4de51d8587,relogios_presentes,60,732,2,600.0,25.0,6.0,24.0
a13b7a4ff25bbeb55fd4ecfb4abaa0b0,moveis_decoracao,38,449,4,5450.0,38.0,19.0,33.0
3385a47f5a1309eb44c03904a027faf2,variedades,60,998,1,2800.0,42.0,25.0,15.0
f25b4b41194b370120c42e1b19bd2a8a,artigos_casa,59,288,3,1600.0,37.0,23.0,35.0
5f043cb6ec3f7dcaddf80468c523a80d,fashion_bolsas_e_acessorios,45,602,5,100.0,16.0,9.0,11.0
60c031bf1162848b7ee14f56f432285b,beleza_saude,55,706,2,225.0,18.0,11.0,13.0
4c3ae5db49258df0784827bdacf3b396,bebes,44,304,1,100.0,16.0,5.0,16.0
07a6879526099e7f3483481e5bd60b77,esporte_lazer,45,235,2,3000.0,60.0,15.0,15.0
d1e76288230900ffd92f91ef0fe1b509,automotivo,39,988,4,800.0,16.0,10.0,16.0
4666663905288ce384a71d096b22e7cd,papelaria,49,1048,2,1350.0,11.0,11.0,52.0
52c87e7b33516eb97c3023a20848ea81,fashion_bolsas_e_acessorios,38,217,1,200.0,24.0,9.0,16.0
259037a6a41845e455183f89c5035f18,pcs,55,1710,2,2900.0,35.0,10.0,40.0
d84e43351df6812fc8bf1c70405fb42e,esporte_lazer,60,345,2,600.0,16.0,12.0,11.0
4463c4f83cecd53e81653bab5b41a0d9,papelaria,53,1665,3,3550.0,46.0,7.0,46.0
c048c78e247ffc5c2493a9a39e0fc5cd,esporte_lazer,51,700,1,433.0,21.0,15.0,20.0
547041433f87f5c5a9ef21b598661cd3,fashion_bolsas_e_acessorios,63,464,4,150.0,16.0,5.0,11.0
9e65557e7ad596213400fc446f760f47,beleza_saude,32,144,1,315.0,19.0,13.0,15.0
5739177f0e1a8c060da43932f5a447a8,alimentos_bebidas,38,379,4,525.0,27.0,13.0,35.0
59542ce967e2cbc86b0cfd48baf77d96,informatica_acessorios,41,398,3,300.0,20.0,20.0,20.0
9799f204443f39b914cb108eb13ef6e2,beleza_saude,58,2951,2,150.0,16.0,6.0,11.0
72213b0a540435cfdaf469c415de0082,brinquedos,54,158,1,813.0,35.0,20.0,40.0
73efecdfe04fa13599a99282cebf99ff,moveis_decoracao,57,108,11,850.0,40.0,8.0,35.0
c354b34e5d5b2dea6889ae714861e8f1,fashion_roupa_masculina,63,509,3,500.0,36.0,6.0,27.0
ce215f864c313d0ecf9582661992f4d9,variedades,,,,200.0,50.0,2.0,50.0
d251a837dcd0e6fd30f65d0df8338570,perfumaria,58,2791,1,77.0,25.0,13.0,14.0
7248b99ff380f23a1094ff737a1112fb,artigos_casa,58,435,1,2000.0,20.0,16.0,20.0
7bb567b3d3e446fd872e217d27d8682d,informatica_acessorios,58,562,1,500.0,20.0,20.0,20.0
48acade3f4dd39bbab10bd14bcfc8735,beleza_saude,52,1649,1,250.0,22.0,5.0,15.0
06a2ab007679c70b21a1123749c09719,musica,36,600,1,200.0,22.0,4.0,16.0
c2f914f366f5fd371453590b140e929d,beleza_saude,49,2652,9,400.0,22.0,12.0,22.0
aef29ba8f524551d01c5497f60832b2c,esporte_lazer,34,345,1,120.0,21.0,4.0,19.0
4279d87e5f7172daa2836d7122d10829,variedades,36,1101,3,13800.0,50.0,20.0,40.0
6d5b63b6c4575265bb9236cf355baed0,eletrodomesticos,51,930,7,10550.0,73.0,15.0,52.0
87db1d6af39ede804084ef2f8e6b9b46,brinquedos,51,761,6,900.0,43.0,18.0,23.0
7600ad0c8b6aec897862eb7944ae0856,papelaria,29,488,3,700.0,50.0,10.0,40.0
5ae7943d5ce738386050e944a06f9603,automotivo,56,1467,3,500.0,20.0,20.0,20.0
26ead2db8f3cb1ee3456206dc231f94d,moveis_quarto,33,463,2,6000.0,40.0,54.0,40.0
b766885916ec3bd6e7dc8e2a7e90e1c3,beleza_saude,19,817,3,1200.0,22.0,20.0,16.0
1d7f26f5a811fa26335fcf8ba11b9f77,relogios_presentes,56,1057,1,300.0,28.0,10.0,18.0
d480c8ac2b14450ec3429f878a525143,informatica_acessorios,41,500,1,200.0,18.0,9.0,16.0
235e0d56841710b62daf088840a96ba8,bebes,39,224,2,7050.0,75.0,15.0,50.0
eb54d6afabdf1f96c248b81dec8f180f,consoles_games,26,2385,1,175.0,24.0,3.0,17.0
88aae2af22801d0292b79bc80e4c1d01,fashion_bolsas_e_acessorios,41,248,1,200.0,16.0,16.0,11.0
21b9b9a3c79c6ced9c182a18e95aa159,livros_interesse_geral,35,2023,1,850.0,18.0,22.0,22.0
5d8c8b26726d0c5f8e2b47813a80dd89,instrumentos_musicais,54,490,1,15100.0,48.0,28.0,58.0
f398dcfdd7c7e5933e300b4a3c82ae6b,telefonia,59,823,2,400.0,16.0,22.0,11.0
32b168004f17c743f16bcf5bab0de982,variedades,23,789,1,5250.0,40.0,20.0,40.0
d5faac00dfa98a995784493a3ea08a05,industria_comercio_e_negocios,60,1497,1,2000.0,30.0,20.0,30.0
1f0f0d2254362b05c2248e033053825a,moveis_decoracao,43,862,1,600.0,20.0,10.0,20.0
73fbb5c7d95425e37d003af6ee943997,artigos_casa,57,404,1,800.0,16.0,10.0,16.0
c98f9b6939bc77914b077d6aa93cd97c,audiovisual,59,1085,1,200.0,20.0,2.0,14.0
d692d19cee022f7acab76373f297ad6a,artigos_casa,56,286,1,1850.0,70.0,17.0,50.0
c6bf4cdc2fc9ca1189d18f026d95af07,utilidades_domesticas,58,1237,5,5250.0,81.0,13.0,31.0
00d62d0388b0786d730a1aaed91c0ae0,moveis_decoracao,53,646,1,300.0,16.0,30.0,20.0
15bfe701fea63d0f6384b743e492b3fb,fashion_bolsas_e_acessorios,47,433,5,150.0,17.0,4.0,14.0
b490f634b94203ba433c7f74c897bdaa,moveis_decoracao,34,259,2,6150.0,40.0,30.0,40.0
a4aa7c1427c31344e5f7cc3d839fe562,pet_shop,52,625,8,2200.0,50.0,20.0,40.0
f88e0d55c56301ce5e0d6d518c7f0598,fashion_calcados,37,480,4,900.0,16.0,33.0,19.0
4fce0eab61e01d521044c8b071cdfead,esporte_lazer,56,595,1,260.0,21.0,16.0,20.0
3cb0ece3f5f0b8121a53635c9f783aa5,utilidades_domesticas,9,380,2,500.0,30.0,11.0,20.0
aed29c4783b11ffad4ab0ca3d12654d6,alimentos_bebidas,23,487,2,300.0,20.0,8.0,16.0
650e39eebfbf781051ea573d02d0342a,instrumentos_musicais,40,418,7,16000.0,25.0,87.0,56.0
862e1c1b2c4a148c5a5b23dc0ced1fba,beleza_saude,52,1009,1,200.0,20.0,10.0,20.0
44f33e4105880d97c9db2506954dbfa3,pet_shop,58,569,1,600.0,18.0,15.0,18.0
6906f6d2bb318a3cbb5351653e93ceb4,beleza_saude,49,907,3,6150.0,58.0,60.0,16.0
791d3e6bfa05746c3434250319e5e6d3,brinquedos,40,231,1,367.0,22.0,17.0,23.0
0226c9207aea0b16076a27ca65cb4929,perfumaria,47,1220,1,600.0,20.0,8.0,14.0
e72e59338050d312832e22ea7aedc0fd,automotivo,50,314,1,14600.0,27.0,27.0,27.0
414be5dc022136f85fabc55455fe3686,telefonia,48,509,2,150.0,19.0,5.0,13.0
fcf6ad274391aea29f5d6e5ef9da5050,pet_shop,51,1592,2,513.0,19.0,15.0,18.0
573ecac44bc00133b12d7d80ed8f3fa1,utilidades_domesticas,36,296,1,650.0,30.0,8.0,23.0
dbc624bf17ad3fdf6f8e5737ad9bf1cc,beleza_saude,57,1866,1,250.0,18.0,12.0,15.0
cbaf5898b92064cd5e399c7cff291d0a,beleza_saude,50,1031,1,350.0,19.0,12.0,13.0
b96115c5e5fa5f083da5650e74411738,fashion_bolsas_e_acessorios,42,1003,6,50.0,18.0,18.0,12.0
77d86f9e64c28aa93e3d46f4047646d7,automotivo,40,683,1,450.0,16.0,15.0,11.0
b950ee33f8e898131a41a874f72055dc,ferramentas_jardim,57,2151,1,1050.0,16.0,11.0,11.0
77cf3aae7aaa73367945ee2b3e3b6776,moveis_decoracao,54,486,2,250.0,16.0,6.0,11.0
5cd47d379b62715339c690e8ffe65df4,relogios_presentes,59,1256,2,400.0,16.0,11.0,12.0
a0ae6b149646eeab8dc5e54ec5c5b64c,fashion_bolsas_e_acessorios,54,1434,1,200.0,16.0,2.0,20.0
ea54f7358c3cecaf658b39b7c5f0f020,perfumaria,23,479,4,100.0,16.0,10.0,11.0
1a57051039dca27521c83e2212042176,fashion_calcados,40,303,12,500.0,29.0,7.0,16.0
654cf8b68265f0efb5d140cb8fc1b30d,telefonia,27,380,2,50.0,19.0,3.0,11.0
31c79131e883e5fd8c4c85fe9f7d2bb2,telefonia,58,734,3,250.0,17.0,4.0,12.0
d9183dfd54675cc248e35dcd8af6f359,esporte_lazer,45,366,1,420.0,21.0,18.0,19.0
3ae1230d17a23cd85318a2b902269d72,variedades,50,623,1,363.0,18.0,16.0,17.0
3cc842aabeddd8ef0d633a10ef8a51aa,brinquedos,32,582,4,900.0,44.0,40.0,16.0
f989412e4e7110deab61cdc486f8e0de,brinquedos,50,386,3,3700.0,20.0,38.0,58.0
0617fc134ca8e00687023ad84d2358cc,informatica_acessorios,48,2369,6,200.0,16.0,16.0,16.0
b6bc721dd9f8308b569e8a73982a560e,artigos_casa,39,2656,1,650.0,16.0,22.0,11.0
1de98461015ec4932a0459c5772f7b1f,papelaria,53,197,3,650.0,23.0,7.0,15.0
560ed840b584c6aef5c8959366dfd41e,bebes,60,868,2,12750.0,38.0,47.0,44.0
8ed5b7ff674f091d1fad96a4bb0d58e8,moveis_quarto,44,750,2,11650.0,65.0,35.0,35.0
81ffa58b323a87cc1fe4a7cc9b6f5f98,relogios_presentes,58,666,2,400.0,16.0,11.0,11.0
57fb124210d7dd98867b5b798c668eca,brinquedos,58,918,4,18650.0,45.0,50.0,45.0
11c273f63badb1626f41abce9a038587,papelaria,44,386,1,1900.0,19.0,15.0,13.0
969250f1300755ae847449ef253547f1,perfumaria,57,814,3,475.0,19.0,16.0,16.0
5ed0b8a887db0f0bf05f56d8923b0e7b,moveis_cozinha_area_de_servico_jantar_e_jardim,54,792,1,855.0,37.0,13.0,31.0
b8ed1dd103e32cc29c222145bc5c74ec,variedades,55,1655,4,6600.0,50.0,16.0,60.0
e2ad69c2a7ddfff443751c7b57a9c23e,variedades,,,,200.0,16.0,15.0,20.0
06ecc3d4006ad6eb293a1b93ec3c7183,moveis_decoracao,59,903,1,750.0,22.0,22.0,11.0
de37ff8068c8e7b1164a19f0f4d05619,casa_construcao,60,878,7,500.0,17.0,27.0,17.0
3a09301261a624d18ce3c338fbe9d225,automotivo,58,577,1,600.0,16.0,16.0,16.0
098c663630a7a81f7d7f42a2ce0b02d7,brinquedos,57,419,5,800.0,25.0,8.0,15.0
bc5b673b87453987a45b11d34bb69de8,moveis_decoracao,37,260,1,2750.0,50.0,50.0,16.0
eea3e07f864a0a1389726d8a5f31c3f6,perfumaria,45,955,2,125.0,16.0,11.0,14.0
8719507b451f0290b7a707f076458264,utilidades_domesticas,36,2149,6,300.0,50.0,20.0,20.0
db666be3f0d386b173b91c54e6824e05,artigos_casa,37,362,1,450.0,25.0,2.0,20.0
224037b21bfa8621e39c265513ee6594,eletrodomesticos,50,345,1,16550.0,40.0,60.0,40.0
a701c0cf4ef20a945be9246c4c728c42,brinquedos,58,1209,2,225.0,18.0,18.0,18.0
c4101d1b4e0fabda6c62a8074e92cbbc,eletronicos,53,199,2,250.0,16.0,35.0,25.0
91103cf73f3a0e72896573d8f2271e17,eletrodomesticos,60,338,3,350.0,27.0,8.0,21.0
e3a0ab4fb3aeeae8ac7be823142befa2,utilidades_domesticas,54,502,2,550.0,38.0,5.0,24.0
2e0ce433616916840a405d0853407af8,informatica_acessorios,48,407,1,100.0,24.0,14.0,11.0
cc28e7bdcc3ea1721d32acf3724d99d0,pet_shop,50,661,1,10500.0,63.0,13.0,62.0
6a3dfd59a5999279171c5ea1014b0a09,esporte_lazer,57,854,2,300.0,16.0,2.0,11.0
56a2556592a309ac9f087be6ca82fbf0,beleza_saude,46,1138,1,1517.0,29.0,16.0,25.0
ce3331eb40fd5790c4109f40a80df7aa,moveis_decoracao,63,438,1,200.0,45.0,15.0,35.0
4a1dfb01e40129a3bf4fde8c01d93ff3,artigos_casa,48,764,2,800.0,58.0,12.0,37.0
9ef6c728ed471353c6f06bf8013882c5,fashion_bolsas_e_acessorios,46,118,3,1000.0,20.0,20.0,20.0
b2b2279a0174bb3ce78d8b668f8fe27d,esporte_lazer,45,703,1,350.0,20.0,7.0,14.0
57284a8b927e8047fed61c481045b3d0,eletrodomesticos,59,737,1,550.0,20.0,13.0,15.0
2633fa4ea71ee7977ce3251ed0b2e2ba,moveis_escritorio,35,2403,1,15700.0,58.0,28.0,58.0
9f404f5737d7df22b5dc718b6d73a7fb,pet_shop,30,704,1,12800.0,74.0,20.0,50.0
2b0233a7e7ded4751e8e3812f9a4553e,informatica_acessorios,46,391,1,1925.0,37.0,11.0,27.0
339dea747edd309d3de1cc833cd28137,informatica_acessorios,54,3641,1,1000.0,16.0,16.0,16.0
2ed52188df2df50745b4f6a9b0fa1c06,esporte_lazer,60,1423,2,6400.0,20.0,20.0,20.0
5e8f674eea4267b3de326c3e2ee2c5e7,telefonia,57,688,1,300.0,30.0,5.0,12.0
b3a1e177812466b5c1c71b314ee2ee31,eletrodomesticos,43,430,1,850.0,30.0,19.0,17.0
b7be32135142911c4a0f4d17ceb23497,eletrodomesticos,57,260,1,550.0,50.0,2.0,37.0
1fcf5e0632e4af48ee4956c82c8fff3b,alimentos_bebidas,55,3400,3,250.0,25.0,17.0,17.0
2c930b64f2bd69c30cd3473b82653ae0,moveis_decoracao,63,751,1,1400.0,32.0,12.0,30.0
d37abf50cce5bcd682830a357783622e,papelaria,56,342,1,2500.0,17.0,44.0,34.0
729e4dedfa3ed50a3fd4898b6f11c715,fashion_bolsas_e_acessorios,59,219,4,200.0,18.0,9.0,11.0
0c6f417a4037ab082ea5fe9a4e7da299,utilidades_domesticas,58,1095,1,20000.0,43.0,78.0,41.0
bbf975bffd2ae9ee52f513ae5c8a4b27,beleza_saude,40,1694,1,2400.0,33.0,10.0,16.0
0698b5407c0c472d66ff54f57f144812,musica,47,88,1,250.0,30.0,11.0,21.0
0a1902453c06a6bb74a24a4fc60d1611,utilidades_domesticas,41,74,5,200.0,18.0,4.0,12.0
735413ccfa564132a231aad945ef85ad,esporte_lazer,55,342,3,300.0,22.0,15.0,22.0
36fe62c1a0f657634af86b5bbf10f459,fashion_calcados,53,408,5,1400.0,22.0,12.0,33.0
0d361d3e685f13bd282a6f3054de5a23,moveis_decoracao,36,563,1,5400.0,36.0,41.0,36.0
952ef4ed720bf5d77f42712da90f2f49,moveis_decoracao,24,229,1,5300.0,21.0,28.0,21.0
284ef4c556d79d838fd1970e26d14173,relogios_presentes,60,215,1,1700.0,42.0,10.0,42.0
7ead55b1f52de17d6dac82001470b2a2,papelaria,53,2504,1,100.0,16.0,2.0,11.0
ecac132b51e1c9c36430c6f9be9903a3,moveis_decoracao,56,297,2,900.0,100.0,5.0,11.0
7498e2ed667dd1d3fd92e0d4c33b7944,moveis_cozinha_area_de_servico_jantar_e_jardim,60,442,1,13600.0,45.0,58.0,42.0
cc9c93a7dc6ba4b5913c8f3fba62612e,esporte_lazer,28,658,5,350.0,26.0,14.0,20.0
5c96b436c3812334679b74dc5da4cb6f,artigos_casa,60,226,1,1500.0,49.0,7.0,40.0
a213969f10be36f5ef5717a3c2c27952,bebes,60,441,4,11100.0,79.0,23.0,23.0
7c1ac37ea884ec9c46ebf155ffc53d50,beleza_saude,44,274,2,250.0,22.0,12.0,17.0
e41a6ac2f57a273eb0d214c7cbab5db9,moveis_escritorio,56,1085,1,8975.0,35.0,52.0,36.0
7172a7870fee91850dcbcb1f4de40cfc,artigos_casa,53,244,1,1850.0,45.0,15.0,35.0
c9c64ed470b1fd9239c456fd6fe99738,artigos_casa,51,807,2,6125.0,35.0,25.0,30.0
be70253973dbb353054c814633a5d4e4,relogios_presentes,52,581,1,400.0,18.0,12.0,12.0
dd2c0e65f062b05286c37e92e35e5566,beleza_saude,60,787,1,567.0,19.0,12.0,13.0
1b0991f5c6be6a8de9ad8e1027ff67d7,fashion_roupa_masculina,25,183,1,300.0,19.0,27.0,27.0
017066298c485af1e19e55363f5dc362,esporte_lazer,41,546,1,100.0,19.0,4.0,11.0
9cec1c525c7f0c91eb24c74d790d59ef,artigos_casa,52,583,1,8750.0,16.0,50.0,40.0
f353779abb6114db5f8f79fbad12e375,utilidades_domesticas,63,3771,2,4000.0,46.0,9.0,32.0
f6b0f3b6a88401ac556cd65f80cfbc86,utilidades_domesticas,56,484,1,1250.0,25.0,14.0,25.0
6c4f9f5db7665ec7f628f17d459b4aac,beleza_saude,51,762,1,400.0,19.0,12.0,13.0
6cdedcaa72a7ac7fd354bc71adb02ddf,utilidades_domesticas,47,231,5,5350.0,54.0,18.0,35.0
e43da23e8c063291ca4e887e6ee98107,artigos_casa,60,216,3,3000.0,40.0,20.0,40.0
e59710c424d7084b69c46fab3dcc4c47,papelaria,55,278,1,1300.0,31.0,33.0,35.0
b8b642aae03f19310f2dbeccf772b5d4,fashion_roupa_feminina,32,314,1,300.0,20.0,20.0,20.0
0878b8484ae10e2ef355fac0690fabe7,bebes,48,224,2,8050.0,75.0,15.0,50.0
df42f27d852d49828f9f9fcbf29820d3,utilidades_domesticas,55,303,1,2100.0,30.0,40.0,30.0
6f3871fea8efb6b35523237acd177012,moveis_sala,58,1038,5,16600.0,35.0,65.0,45.0
111e742af54b3ee11099c8b396e1eece,ferramentas_construcao,60,1282,2,1500.0,54.0,10.0,11.0
c80525a7dab2df6000ca88a2e7197323,beleza_saude,56,587,2,275.0,18.0,11.0,13.0
6cff6d6aec600f9164a32e927f72a6fa,esporte_lazer,48,262,1,600.0,22.0,15.0,22.0
fb4dc3571e0698692224020b5b1b672a,utilidades_domesticas,35,716,1,400.0,16.0,13.0,11.0
ce6e846888716883ea858c8483dc2fef,eletrodomesticos,59,489,1,100.0,27.0,13.0,17.0
0369a47f7ad96df46ad8ed76767de8bd,perfumaria,56,205,1,900.0,25.0,35.0,30.0
63cf4d771cba1d380af927afe5895d4b,fashion_roupa_feminina,42,367,6,350.0,16.0,5.0,20.0
f96ff9b997681965689f78bef092fdd9,beleza_saude,26,1064,1,250.0,20.0,10.0,15.0
4e53856aa75b2748ac1a83f3adbd9474,utilidades_domesticas,48,1012,1,250.0,25.0,18.0,18.0
f320d436d02e0ada8609c458037f61ea,agro_industria_e_comercio,59,2444,5,5000.0,35.0,20.0,17.0
23f91e3d76be3938bfad0ff292392502,automotivo,56,3213,2,4500.0,24.0,19.0,18.0
ccf8c7b526eed63003b48fc7825296fe,fashion_bolsas_e_acessorios,39,1053,1,100.0,16.0,7.0,11.0
364e789259da982f5b7e43aaea7be615,artigos_casa,55,376,1,750.0,16.0,10.0,16.0
10876ffa7227a74d878729d3f6bea35d,pet_shop,46,474,10,2500.0,45.0,15.0,28.0
0c3d6918621fbc7eb3c1dbb40d36b746,eletrodomesticos,60,136,1,300.0,27.0,13.0,17.0
ca0e18cb90ba3928271a3b09d9141dd0,telefonia,38,214,1,126.0,16.0,11.0,13.0
26644690fde745fc4654719c3904e1db,artigos_casa,59,534,1,40425.0,13.0,65.0,28.0
3efebb35470259ef6ca0f8fa282631f7,fashion_bolsas_e_acessorios,31,101,2,50.0,16.0,8.0,11.0
db38d1338de679229f55fcf762f63d7c,automotivo,41,1146,1,2775.0,60.0,21.0,25.0
880e2c1d5c4b60504e6b0a0c8bf89a1f,alimentos_bebidas,43,736,3,1950.0,35.0,12.0,23.0
8ce6b041b5fa5dfaa937f53e145ce299,informatica_acessorios,37,433,3,425.0,21.0,4.0,16.0
7ac6cda1ec564b21b2daa9dc0973c1df,brinquedos,60,291,4,501.0,27.0,22.0,22.0
632b3e2be69e6d3ab1eb59c87bb8c3eb,telefonia,41,880,2,100.0,18.0,6.0,11.0
4b2ab372456de58e4d5588f0fed9a065,fashion_roupa_masculina,40,322,1,650.0,20.0,20.0,20.0
8ea2105f9dac119565ef0138ad05f6fb,relogios_presentes,44,688,3,500.0,20.0,12.0,15.0
063d853b6d570a9a5d06e8e044658c21,esporte_lazer,63,1777,10,900.0,22.0,15.0,20.0
90d0df1dcc6b9808cd5f1451917e1ad0,papelaria,57,187,2,300.0,24.0,7.0,14.0
5a76b277c6c31033b89362512fb80274,artigos_casa,41,104,1,500.0,20.0,10.0,15.0
5b3905d05840ce0b216434db7e7c638e,beleza_saude,35,331,1,2000.0,20.0,40.0,30.0
5ec2e292f7f45809fd14d9f45583e2c1,artigos_casa,60,560,1,350.0,30.0,18.0,22.0
d72d96f0d7cf186681527ebca321eba4,esporte_lazer,22,541,1,568.0,22.0,13.0,15.0
3b17f6528c9e2a01b2f75f844a60ddae,instrumentos_musicais,59,326,1,5000.0,40.0,9.0,105.0
58249dbd9270974a6a9d8f0222410165,moveis_decoracao,55,414,1,7950.0,52.0,18.0,35.0
6f248e27719f6f299e711e02651b6df6,esporte_lazer,49,816,1,713.0,17.0,15.0,15.0
985c412b0ac92ed9d8a76bbeab6d44eb,moveis_decoracao,40,370,3,1800.0,34.0,6.0,28.0
b480b78b6faef44b44a532fca67a9c92,brinquedos,40,1600,3,450.0,23.0,16.0,16.0
be7e1eebdec8d6a9842ebf1c2c2c3dac,automotivo,44,610,4,1300.0,32.0,50.0,27.0
5fb8e63ae576fbfbd243c50c5ce74050,telefonia,59,603,1,275.0,18.0,4.0,12.0
4ce6c1b5cfe26c9f980438fc1c810f8d,jardinagem,57,1227,1,6200.0,76.0,28.0,18.0
fa38811cc82d393bddb9ad0b9ad96e2a,utilidades_domesticas,55,757,1,8050.0,30.0,40.0,40.0
c4fc41aafff1435a44e93e06adc74bbf,informatica_acessorios,56,431,2,100.0,16.0,8.0,11.0
1a863cc45960ea60fa0aaeedce00c28f,moveis_decoracao,51,638,1,300.0,35.0,10.0,25.0
9c47a6decf56cc98020990e11f733ccd,automotivo,54,651,5,10500.0,78.0,4.0,47.0
7514a3aab09ede7053ace487b3c89873,artigos_casa,47,298,1,1000.0,37.0,23.0,35.0
b0c8da302d49498d2ce6be8c631e4e20,informatica_acessorios,24,401,1,213.0,18.0,12.0,13.0
de305190ccd7a8cc302a6ee42eb059a1,ferramentas_construcao,41,1270,2,250.0,20.0,5.0,20.0
7ace8e994998f636a12d3cdc71c6b942,informatica_acessorios,39,290,1,117.0,23.0,14.0,14.0
f5f0e64686adaf487590fbb8a75a1d2c,esporte_lazer,51,929,1,2200.0,22.0,22.0,22.0
a6ad77b15e566298a4e8ee2011ab1255,moveis_decoracao,45,660,1,3450.0,23.0,35.0,35.0
c5ef13c4546279ceb81432eaef3cef41,casa_construcao,49,866,6,750.0,16.0,20.0,16.0
8afa66574cf6cd61a7bff6af5494b37a,artigos_casa,55,256,1,7413.0,44.0,29.0,47.0
cba30a48fc64d64f9a3c084df2658d76,esporte_lazer,55,440,4,500.0,24.0,17.0,20.0
cd2c03056720c7de4d6a59c1167bdee0,fashion_bolsas_e_acessorios,50,554,3,100.0,16.0,5.0,11.0
718194d9c10c770347b81e6dedb5cc61,instrumentos_musicais,54,1896,5,1350.0,17.0,22.0,22.0
b7d3e30e28d937c46e0a72024c6cdc67,relogios_presentes,36,521,3,550.0,38.0,12.0,38.0
868519b1962b0fdb994a54aa184c850d,perfumaria,59,645,2,150.0,16.0,5.0,11.0
59617a7c706291d0b7df5b380aa3e583,variedades,53,108,1,400.0,19.0,14.0,15.0
01cda14e6051f3dcf61bb80abf210b79,informatica_acessorios,60,53,1,150.0,17.0,9.0,12.0
73c92dd0decac87c55334f6ae653ad36,automotivo,60,1658,2,550.0,16.0,21.0,18.0
cb3eca8ad99e38bf5287d408960623d9,automotivo,57,2304,5,250.0,16.0,6.0,15.0
21fadcf38b21749b444f0619ccecd90c,artigos_casa,52,188,1,1300.0,35.0,15.0,25.0
9d7e2c8835276b06ea5facb880789f4b,livros_tecnicos,53,1235,1,1350.0,29.0,3.0,21.0
3b68252831a799e9e109e44967b61422,pet_shop,48,1044,1,300.0,18.0,18.0,15.0
44fded21627553d1886d459384bbce06,eletronicos,56,280,1,150.0,25.0,7.0,16.0
b7ebdc826d0220dc16c813b9682d63dd,variedades,57,410,3,7200.0,53.0,15.0,53.0
cf71bfa06fb0f932bc3775020acde164,esporte_lazer,57,3304,1,3700.0,31.0,33.0,32.0
b44e238dee5686eb00c9130a613519b3,ferramentas_jardim,38,668,3,17100.0,17.0,32.0,32.0
a6cef514bc1c722ff447863e87e4d77d,automotivo,53,1168,1,1500.0,105.0,7.0,25.0
a9f480bfc49f0b85e8394e1cdf685b4e,brinquedos,33,69,4,5700.0,39.0,30.0,29.0
04de91d60b1cc9be205fb4a63c87bece,papelaria,30,121,4,100.0,16.0,3.0,11.0
e3144d54af34133a585de8b475dfc57b,informatica_acessorios,59,780,1,325.0,46.0,8.0,20.0
c846242ebe2b7232417dcb7770622fd3,bebes,34,350,1,350.0,30.0,20.0,12.0
b2c4be88b59f29df2e70ade6bbd04ba0,telefonia,48,1440,2,150.0,18.0,6.0,11.0
ac9582d10bd0aa9ee0e32da77c4495b6,fashion_bolsas_e_acessorios,31,177,3,200.0,24.0,9.0,16.0
876a3339df70e1a65e56eb7715687787,esporte_lazer,56,985,1,783.0,19.0,19.0,19.0
c2dcfc26a9e55c3ef878f762a91de377,esporte_lazer,56,942,2,650.0,17.0,5.0,17.0
8a6bebed424788f0e8e407bf8789102b,automotivo,54,733,1,650.0,16.0,10.0,11.0
7ad1818fa5f8a28faf8844aec3b3f540,climatizacao,48,263,1,20650.0,53.0,44.0,14.0
eb3569b5cae58e2c6f616f86d3fcd507,moveis_decoracao,60,656,3,2500.0,45.0,7.0,50.0
22544bc3cbb21d6fca8630805448ed93,moveis_decoracao,51,215,1,200.0,30.0,25.0,11.0
b65921838adc0239b7313971a9cb18de,eletronicos,35,223,2,150.0,16.0,7.0,11.0
078cec63541a67851b9057468288f722,utilidades_domesticas,15,332,4,200.0,16.0,20.0,16.0
e700f78051f21e58845305f537628255,telefonia,55,1151,6,225.0,22.0,10.0,13.0
99563e23b641c8a43e04e528c10002e9,beleza_saude,60,919,1,150.0,22.0,3.0,15.0
5f61715df376d28bae7088fde14894e9,artigos_casa,56,574,4,6050.0,50.0,18.0,40.0
5626784aa282f14f7314c4a01355d91f,utilidades_domesticas,41,454,1,7600.0,47.0,4.0,27.0
bd158bef6c521e26c8af76664c4d167d,bebes,48,350,1,250.0,16.0,15.0,15.0
2748fba16a62f912134f7991548c3cee,malas_acessorios,35,363,1,3715.0,54.0,58.0,16.0
d568eba76717c34870be82a2e9a194cc,jardinagem,59,2170,2,3300.0,25.0,18.0,20.0
e134cbe135ee33ea460b71bfd96a38ed,moveis_escritorio,47,2230,1,13000.0,58.0,28.0,58.0
2ce3fdcd111447e6190399ff4b7eb499,relogios_presentes,29,867,1,150.0,19.0,14.0,17.0
b0a8a49ada74c34192709d0c9490d915,pet_shop,44,1044,1,1200.0,40.0,4.0,40.0
45746155b8481c23a21eb4645c306438,moveis_decoracao,60,2281,1,400.0,70.0,11.0,11.0
66042159d0dfc38befb19be08d425817,moveis_decoracao,38,569,1,700.0,30.0,30.0,30.0
fd52a24b7fa473a6c7a62a5ee7579def,papelaria,42,357,3,700.0,21.0,15.0,30.0
fa4e84908e2dca7e8d5c267baa88cfbb,variedades,34,440,7,1850.0,28.0,10.0,25.0
68486b30d9aa029461c1906bdcbf09df,moveis_decoracao,63,457,2,8050.0,80.0,10.0,60.0
bc596794d92f7b9959fe0e7430354b52,bebes,29,288,6,2000.0,35.0,10.0,50.0
5ff441e1a42b8812f2bd9467947a2f00,pet_shop,55,989,4,100.0,17.0,5.0,19.0
b477918b815e37390bf265cc4a2c1441,esporte_lazer,48,265,3,825.0,47.0,12.0,29.0
753a7c03962394fbdf40fbe595048b89,artigos_casa,59,278,1,450.0,16.0,20.0,15.0
4ddcf7d53dbb3e87d1893112d1154e10,pet_shop,56,510,4,250.0,27.0,9.0,26.0
4a6321f64a44128094dd02ba6cf07262,automotivo,57,667,6,6450.0,47.0,19.0,23.0
ba45ed17e0da09c7be0de3de084f6e2a,esporte_lazer,46,1665,2,1800.0,26.0,26.0,26.0
3a7494d56b0e60a130d628caffc99d3f,automotivo,60,1326,3,400.0,17.0,21.0,11.0
ec7b2b334516bb56c78c6c26dc1136d9,artigos_casa,59,420,2,2125.0,38.0,9.0,31.0
579beb8c0b718599ffc6f1479c836353,moveis_sala,33,319,1,8100.0,56.0,17.0,56.0
8ab78b6f871fd72d1ef38097498b70b7,ferramentas_construcao,59,1810,1,1650.0,16.0,11.0,11.0
af65cebb32799378a21748dbd0620df3,utilidades_domesticas,42,1624,1,1200.0,44.0,5.0,34.0
b192be433004cc1f10b467c0e9ea309b,informatica_acessorios,57,977,1,725.0,25.0,8.0,24.0
57d2fa6882b789ad55e86074398826c4,perfumaria,57,514,2,1500.0,20.0,20.0,20.0
ae760abaecd982ddef888b342412ee8d,telefonia,57,361,3,150.0,21.0,7.0,14.0
a631c71e25f1ee728bc8bfcef5de3deb,telefonia,57,576,2,150.0,19.0,4.0,11.0
ea4802c51ff32d5122f8a282f1ebc730,perfumaria,51,756,1,500.0,22.0,16.0,16.0
8792fbc1d128e768d160a74148aedaaa,esporte_lazer,25,1301,1,200.0,16.0,10.0,14.0
2b89194a2977f53d2d61aeeda4165417,telefonia,59,722,6,250.0,18.0,4.0,12.0
585d35af545f17795ce05febd7a474d2,ferramentas_jardim,60,2165,3,3100.0,32.0,32.0,11.0
3b2cf6f48e64f1b64c75b8dcabc8655b,automotivo,56,672,5,1575.0,68.0,9.0,35.0
347ba21666e27d60475549270486d936,beleza_saude,24,311,1,500.0,48.0,11.0,11.0
fd87595e4b416c50ca77899592f2bef3,artigos_casa,55,505,6,1117.0,31.0,15.0,26.0
f0b543161e745b6c80a79c368db167a5,telefonia,60,540,2,300.0,17.0,4.0,12.0
5c36ba081d9b2a3f798728d7f43ba370,telefonia,59,776,6,200.0,17.0,4.0,12.0
7932fcce65e2aee84d6feb4a288f9cb9,fashion_underwear_e_moda_praia,60,981,1,200.0,16.0,2.0,11.0
5e80fe2cee2f6de9a494047ed35a2fe3,ferramentas_jardim,63,1244,5,700.0,36.0,21.0,36.0
c59b59b99633517061514b986fd0a481,ferramentas_jardim,53,321,1,250.0,22.0,3.0,20.0
b8d9462d449fe376dcbefb544450ecce,perfumaria,31,1009,1,1150.0,23.0,14.0,14.0
1e0d051115919ea51ac96e8e01816b57,moveis_decoracao,63,625,6,8050.0,40.0,40.0,30.0
ee0698233ed7e7c83c26c24f3efe315d,variedades,,,,1000.0,16.0,25.0,20.0
851f4830cdcb436185cfcc40b8bffb15,moveis_decoracao,54,1757,2,700.0,60.0,7.0,11.0
4aa52adb5489aa151e17023d4e153297,pet_shop,49,1537,4,8200.0,45.0,65.0,45.0
5237739bb5fee495dbd337755a138660,relogios_presentes,39,600,3,645.0,19.0,16.0,18.0
8df319d9f48776cb857c83625848367e,informatica_acessorios,58,2083,4,300.0,17.0,17.0,17.0
6ed8558c820f37754cef08c7719d34f1,esporte_lazer,39,159,1,3783.0,30.0,25.0,28.0
26a74487c38e901b06cfa26162688614,brinquedos,35,1250,1,100.0,20.0,8.0,20.0
4c89737c10cbdd71a70bb34964577657,moveis_decoracao,63,254,2,2500.0,48.0,12.0,40.0
5c995522494b7e399aa98537516e1c20,artigos_casa,39,276,1,1650.0,30.0,10.0,20.0
1aafc94a341ff202817c81cd5e66e522,pet_shop,60,436,4,500.0,27.0,9.0,26.0
1fa419f430caa58899132fe77917b7b6,moveis_decoracao,60,214,4,2500.0,25.0,23.0,25.0
45f3c607c2bc2ccd08a385fb6faaf05d,ferramentas_jardim,27,130,1,900.0,30.0,20.0,15.0
62f423e57a8c157d3877ee5867d7db88,informatica_acessorios,51,2385,1,50.0,30.0,30.0,25.0
c38ee4efdc9e1bff64ad2bb6ff88b93a,telefonia,58,823,2,300.0,16.0,22.0,11.0
ece54c93627dcd4a6352b330d5052678,esporte_lazer,55,1381,4,1050.0,40.0,20.0,20.0
6e02baf23db1455640241542c78be139,fashion_roupa_feminina,58,341,1,900.0,25.0,5.0,17.0
79380e4f154e94ac435d6d1e7ce413cd,utilidades_domesticas,44,585,1,4200.0,62.0,30.0,25.0
ecf9484703bdfb9cfcc1ac9c2084b567,utilidades_domesticas,57,270,5,11400.0,45.0,19.0,45.0
948b143a942ee5c521acea82547b623a,utilidades_domesticas,54,857,3,700.0,35.0,25.0,25.0
6a8745913f4b7d91d9c9bffc4e592025,informatica_acessorios,50,2409,3,450.0,19.0,24.0,19.0
15eb9e69b64370ff66882a2eff037862,automotivo,60,651,5,3375.0,72.0,4.0,46.0
bc3df33d80a595ba6d8bfe2212182bee,instrumentos_musicais,52,569,5,800.0,23.0,7.0,22.0
aef98ce647739e381bae28e004c63235,utilidades_domesticas,52,904,4,200.0,22.0,7.0,15.0
de04a994ad17964562eb95e322d13529,fashion_bolsas_e_acessorios,45,403,3,150.0,16.0,9.0,11.0
a3b68fbd8f68d8fdff1dd36cf1336b6b,utilidades_domesticas,45,1760,7,2000.0,25.0,30.0,25.0
eddecafe978fc89774f82f552197bb08,esporte_lazer,44,152,3,500.0,40.0,10.0,15.0
2174a02a3c42e648e408c9b3505c54d3,esporte_lazer,60,1327,1,12250.0,24.0,24.0,24.0
6186e311c6a52e7438c538015e82cda4,automotivo,51,387,1,283.0,17.0,9.0,14.0
a268f9f5cf863852b5b091ebc8cc0171,variedades,,,,500.0,18.0,8.0,12.0
2d478f93299ce7b39c010314f6ea8dbe,relogios_presentes,60,1309,3,302.0,16.0,7.0,12.0
a920685138cfc659306332b0f87e5cbc,fashion_bolsas_e_acessorios,53,325,1,150.0,22.0,3.0,12.0
662eb743b41155e398e7fdd5d4cf5a3a,beleza_saude,37,385,1,600.0,16.0,10.0,20.0
ed4359e101555dd1a1b90dea86938a9f,variedades,,,,600.0,20.0,20.0,20.0
a50c606310374ff8660bbe03010e021b,fashion_bolsas_e_acessorios,41,835,1,100.0,16.0,5.0,16.0
cb0c5efccd7813081ac13792fcaeb07a,ferramentas_construcao,28,123,2,6050.0,54.0,18.0,35.0
e25f22a38cdc5a14a51ade281eebd0e9,eletronicos,55,609,1,450.0,19.0,9.0,13.0
7d0b7e7fe3e96e047cacafa33a808bd7,artigos_casa,49,120,1,750.0,34.0,18.0,44.0
a9c404971d1a5b1cbc2e4070e02731fd,variedades,,,,700.0,35.0,14.0,11.0
96d80c8b6c6545a30eb5bdc4961455f3,eletronicos,55,486,3,213.0,16.0,7.0,12.0
c8a93a4386deccaca35baaaf72ec918b,moveis_decoracao,59,955,7,3450.0,40.0,12.0,40.0
3c863457e83bc6cbf703702c610c5d3a,variedades,33,893,1,1000.0,40.0,40.0,30.0
1778cf7281a461e29e202a848bcb2a77,variedades,56,2192,3,1525.0,15.0,11.0,15.0
12cfb75a481057d8c401f03f870a3305,esporte_lazer,46,527,7,350.0,20.0,10.0,20.0
96b4ceeea5f4e3997ac6543f49a4f138,perfumaria,56,416,1,950.0,20.0,10.0,20.0
cc82434eb4afd2f81d3c2525e54cbfce,instrumentos_musicais,53,493,6,400.0,22.0,8.0,11.0
a3f986f6c4400aa6545d224be435f812,climatizacao,33,451,1,1655.0,30.0,30.0,20.0
78bef8d05453a2ecd72281bcf2dcbcdc,livros_interesse_geral,57,1121,1,475.0,15.0,12.0,16.0
e748f783e8fa7129d8541dc5ecc507be,moveis_decoracao,53,826,1,15800.0,30.0,30.0,30.0
898bfd7ee2dd15e7cccab48142968d6e,brinquedos,56,706,1,1700.0,35.0,17.0,35.0
03aad9707028422f38b0563410912177,artigos_casa,49,591,1,1500.0,38.0,11.0,30.0
6157bc1be1e8edc531fc0c94dddf5ac9,telefonia,60,818,6,300.0,17.0,4.0,12.0
95bc2131ece03edd6623b82c80db02bb,telefonia,55,2129,1,133.0,19.0,5.0,12.0
0cb4e1aa97c8535093fc677376536b4c,pet_shop,58,632,3,700.0,55.0,7.0,39.0
14f964bb089089d5e114cdaf786ce1b9,eletrodomesticos,59,251,1,175.0,28.0,13.0,18.0
a41d9e51c365f6e2f5eb1f98fa4097eb,beleza_saude,47,405,2,150.0,20.0,20.0,20.0
19288b027391bb4c6280b7ef7d129438,artigos_casa,50,379,3,1900.0,50.0,22.0,36.0
28e9b64b256f8081ceba628dac2ccca7,esporte_lazer,49,1689,3,7700.0,32.0,45.0,32.0
8edf8f0889f2cf40d743f3b983aebd3b,automotivo,56,294,1,1700.0,30.0,10.0,60.0
2ca29ce3a9c64e55103356a459e97cf4,esporte_lazer,46,1322,2,400.0,26.0,16.0,21.0
dc2410804cf782c5d87dbcd201b74e9b,informatica_acessorios,44,292,1,1000.0,36.0,9.0,20.0
56c1cf251f11ba5c5f1dd029fa148363,brinquedos,44,216,2,400.0,45.0,15.0,35.0
3eee0fd6b877331481b1ca94b2c77319,automotivo,55,257,3,2400.0,35.0,15.0,35.0
dc93254d4d00a9ff3b05490e585e5376,brinquedos,50,593,2,700.0,30.0,10.0,20.0
81f2db696217a6ca38f7addba4245fd7,papelaria,47,81,2,450.0,20.0,30.0,20.0
d839c79a48d4a34a404b96085446aaa7,brinquedos,31,398,2,1000.0,23.0,31.0,27.0
7762d533895097b6e2f2b64ef66b2ec9,utilidades_domesticas,50,1062,1,7300.0,50.0,25.0,50.0
68935616eb789144ba60861fa5a60e3e,pet_shop,56,239,1,17700.0,50.0,30.0,40.0
7384fb8f06ad25539cdc1f9f56d02947,fashion_bolsas_e_acessorios,58,391,4,300.0,25.0,25.0,12.0
5c86703f3b01f9df579c3a6232bb908b,eletronicos,41,408,1,200.0,22.0,11.0,16.0
b887a231bf9304318f9c3c899a130305,moveis_decoracao,52,799,1,1800.0,80.0,6.0,58.0
47cd48073d67f91f09cb5ef9496c920b,artigos_casa,52,248,1,2584.0,68.0,17.0,49.0
76acdd98759c649f3b6ecd0dc8576c8e,esporte_lazer,58,402,1,650.0,16.0,7.0,13.0
3fda5d7d8639fc5c850231af6fb34b36,esporte_lazer,49,1841,5,3100.0,50.0,39.0,12.0
f48b3c028081f637a45e3374cf0061ec,fashion_bolsas_e_acessorios,34,534,5,400.0,21.0,12.0,11.0
e932008cf0ea7c93a077dd8d7e5f49eb,climatizacao,60,3270,4,7350.0,105.0,10.0,40.0
fcf39794919367e915d2656291f99564,informatica_acessorios,57,150,1,100.0,40.0,2.0,24.0
48633254f8b7b802b1ca8c4f4dcf3e33,artes_e_artesanato,53,638,10,200.0,25.0,5.0,33.0
8015f5d7a88ec30688c99aa9486561f7,telefonia,51,44,1,100.0,20.0,20.0,20.0
2484041040e0c40b2a21ba32219d5537,informatica_acessorios,60,508,2,500.0,37.0,6.0,12.0
5dd661de5faff6a71b571602a8090e93,ferramentas_construcao,50,1007,2,400.0,37.0,4.0,16.0
bbff7e0ea95dd990ce461d8104ee9173,eletrodomesticos,57,1933,4,15300.0,75.0,22.0,44.0
1ba7af3234371545d85021375fbe3739,pet_shop,49,1321,1,125.0,16.0,11.0,16.0
2f02a124a827f65bfcc0baf443dad405,esporte_lazer,40,1686,1,3650.0,34.0,12.0,27.0
386a4f2070eb63feb31e2147c0aecfae,esporte_lazer,57,1812,1,150.0,19.0,7.0,16.0
543fd1c1fba9cfa6e424473dd4d830f0,beleza_saude,59,1278,1,550.0,27.0,10.0,22.0
78eacca1151432fda7271e7e53e49720,artes_e_artesanato,42,489,1,200.0,16.0,6.0,11.0
04565ebccdd3c4acc43789823458d6a8,automotivo,42,334,1,400.0,35.0,15.0,25.0
f275eaf9343b3ca6f1fa80dc6e300385,esporte_lazer,42,160,2,150.0,25.0,11.0,11.0
44b63b148b673cb9a06672f06683b9b4,artigos_casa,40,384,1,2555.0,55.0,17.0,48.0
b9a4c42463488180d477e980b5bca0d7,artigos_casa,57,475,1,1850.0,48.0,8.0,39.0
7fd93eccaf2d461cb6bc4bbd1aa91f1a,relogios_presentes,45,1527,2,600.0,21.0,16.0,20.0
e3b71bff5fb99ff546aec54b38aa760f,brinquedos,27,163,1,233.0,16.0,16.0,17.0
09481a6dfe9eb590dc8b265b54dc4c97,informatica_acessorios,60,240,1,2533.0,33.0,30.0,23.0
fc5043902812d122c4e80113ff924c1b,papelaria,57,254,7,5500.0,35.0,60.0,40.0
e65f24b5001e750649f5fed3a88b9f4a,brinquedos,27,341,2,1250.0,41.0,14.0,19.0
cf492edce9b45b948fae7ca5cfb4c24c,climatizacao,53,1191,1,200.0,20.0,11.0,11.0
9a49f1f9ee9f59e57eaa5e872bce5ef4,brinquedos,59,484,1,800.0,34.0,5.0,34.0
08fa0d50b027a64e8600e9c04759c825,esporte_lazer,58,231,2,700.0,40.0,25.0,30.0
ea413ac4e120d19ac3473fb659db1c9a,moveis_decoracao,60,2260,3,3000.0,69.0,11.0,11.0
fe9c4b2cf9c3adbaf3644880fb72254d,moveis_decoracao,44,621,1,14000.0,32.0,100.0,32.0
8d7824fad74013f01b11d646e9b94729,esporte_lazer,52,458,1,1950.0,20.0,35.0,15.0
0424d4d1508370eb771126734ec9740e,artigos_casa,55,247,1,2100.0,36.0,21.0,36.0
f44a1931c29511b4e200e4c044c83cca,audiovisual,40,1095,1,200.0,20.0,2.0,14.0
e6c281e2c53db0da44ecb84c5451d25e,informatica_acessorios,54,897,5,175.0,17.0,8.0,13.0
f10384f43083c71548cfe45cb5f21943,automotivo,60,99,5,300.0,16.0,10.0,16.0
8e2de8820f8133bf82200eea7d9a5b8f,instrumentos_musicais,40,767,2,450.0,17.0,5.0,17.0
8a8d870b168dfa470a5f28efab92145d,utilidades_domesticas,60,1285,3,2650.0,26.0,20.0,20.0
cfa14c9ef22bd6c41e20df06de9dfa76,utilidades_domesticas,60,217,2,9950.0,61.0,31.0,31.0
b80497f4acd663733b0931af466827fc,brinquedos,34,212,1,108.0,18.0,11.0,16.0
8fd0367b363b1c5cdce93b1f60116f88,artigos_casa,36,234,1,4925.0,42.0,26.0,32.0
626fcce994b573d0bd54d6447d5badd3,variedades,,,,300.0,18.0,6.0,11.0
00ba6d766f0b1d7b78a5ce3e1e033263,utilidades_domesticas,52,418,1,7850.0,28.0,62.0,28.0
de916cab431520b8d1980c24bf4dd473,brinquedos,52,20,1,2950.0,25.0,30.0,20.0
801a695ff5c0c14970a71a4ceb70989e,casa_construcao,52,1132,2,350.0,18.0,15.0,16.0
b2a90ba22313bc64caf4664c557a7703,ferramentas_jardim,57,783,4,1275.0,45.0,16.0,45.0
20415eb4f2c37838abe474b4d601da86,utilidades_domesticas,51,101,5,7000.0,45.0,19.0,45.0
02f5620577c231921c3b01678005d2ba,papelaria,60,574,5,500.0,21.0,7.0,15.0
56e841b3011bbc87265ef5c05544e7c1,eletronicos,52,209,1,200.0,22.0,6.0,16.0
3a50509ecc44f58f235ec751ad7fe8e3,moveis_decoracao,58,330,1,600.0,50.0,20.0,20.0
016becd5c493d3b3872aaa7294accf52,esporte_lazer,38,1662,1,1071.0,17.0,21.0,15.0
641a45900528e8324c4848dda4e0a3fa,utilidades_domesticas,55,303,1,250.0,30.0,30.0,30.0
4efd35570dbaaa27e216bd8bf3ed4cf3,moveis_escritorio,26,1148,1,15925.0,44.0,57.0,27.0
5bccc8fe44471df6c7b7e08176837d2f,esporte_lazer,44,87,3,150.0,20.0,20.0,20.0
b3a3a5bfa5a1ee872afa9c86b8a0d0fa,beleza_saude,46,583,1,1050.0,19.0,8.0,12.0
652683d85a89f3b134e44989a601bc58,livros_tecnicos,30,246,1,1100.0,28.0,3.0,21.0
19501e8fc293f90acb1b233f4c02e1ec,artigos_casa,50,327,1,1350.0,22.0,9.0,33.0
d0807c73a4a44baf809ff7bee3ea5c97,artigos_casa,58,723,1,1350.0,33.0,10.0,29.0
af1190b9fff9a3c0ea7bc29ef8dfd8c1,brinquedos,29,351,1,363.0,17.0,14.0,16.0
f087c706a59c175468a1a05c5d2305e5,moveis_decoracao,41,143,3,1300.0,40.0,12.0,40.0
3a239046c442012dbbd86a4823bfe490,utilidades_domesticas,48,184,1,300.0,17.0,10.0,11.0
ce098d2a36ef6a9b6658f0ffd3e37ae4,relogios_presentes,60,193,3,200.0,16.0,2.0,11.0
1b28754d4c3737f9655d4a27c118bcd5,automotivo,43,671,2,2800.0,30.0,30.0,30.0
cbed65dd852bda2f669945e36b28c580,ferramentas_jardim,59,146,1,150.0,16.0,2.0,11.0
847ae12131fb2ab1eadf2a377dc1e620,moveis_decoracao,39,1202,1,19425.0,70.0,67.0,26.0
2caf3d5ea53377d4de079fdaf4ef13e7,informatica_acessorios,50,377,2,600.0,32.0,12.0,12.0
eba9c1e37886a1be0cb4bbb39321e914,telefonia,28,411,2,100.0,19.0,3.0,11.0
75b44a10da90b5dbfcfb773c62a492c5,esporte_lazer,52,3245,6,1600.0,21.0,26.0,24.0
8c464efd8ef90612cb673a5ce7046e8c,papelaria,59,175,2,400.0,20.0,20.0,20.0
715c4b03fc180db258f11f6808749674,beleza_saude,51,652,3,250.0,16.0,25.0,15.0
faa36d27544b2b05c79f3d8c801d5dbd,perfumaria,59,661,2,600.0,43.0,16.0,27.0
36c2fb4fa746273709c373f6d6ec6796,artigos_casa,55,1714,1,6038.0,68.0,17.0,47.0
095fc85516c1210e6dbed95ed8041ee0,moveis_decoracao,19,229,1,1050.0,21.0,28.0,21.0
362917ef32b7ab0660f1d2b1111396ac,alimentos_bebidas,55,965,1,900.0,16.0,2.0,11.0
cf06cedeb188baaa6ce7d01348cb19e9,fashion_calcados,54,404,4,850.0,22.0,12.0,33.0
7ae6a30460946f90c6365ff9c6c36fcf,automotivo,57,679,5,5400.0,78.0,4.0,47.0
54f757fd2efc9fdaddaa3234ea537a2a,brinquedos,55,1201,3,500.0,16.0,30.0,16.0
38678a5e13a692f0688857023bc46db6,esporte_lazer,56,1062,4,150.0,17.0,7.0,12.0
67d3f6027e457def88e26057b5a92836,moveis_decoracao,63,157,3,14700.0,84.0,8.0,84.0
eb9a3adbcce4a03f2ea0394ec01a58ad,instrumentos_musicais,34,188,1,50.0,16.0,7.0,11.0
373a617610cfa1c7e1998fb1bfcdd51b,consoles_games,59,224,3,155.0,60.0,16.0,11.0
a57ac492e4e2cbad73b694cce2ba4b7f,fashion_bolsas_e_acessorios,56,636,2,200.0,16.0,9.0,11.0
81d7eb906ca211cac7d603e93fa5eece,telefonia,47,1349,1,100.0,19.0,4.0,11.0
77a399638eca91f6fa1a508a30e01565,automotivo,59,592,1,600.0,30.0,30.0,30.0
e7f79c79a485447b88964a9d0b86fe45,perfumaria,45,971,2,67.0,16.0,12.0,14.0
ea4c8ff9e3eed211078ef05358887149,esporte_lazer,54,161,1,1300.0,22.0,5.0,15.0
66f8d8bf340c88f30f30b10a7bd2bd15,pet_shop,59,563,4,300.0,27.0,9.0,26.0
24bc22853c82023ea47f960c910aff6a,bebes,13,850,1,300.0,60.0,3.0,24.0
47df1cc931d0e258285911e6be6d894c,informatica_acessorios,60,1844,4,6250.0,30.0,30.0,20.0
d1040cea3114b6e9f7e2170dc39af1db,perfumaria,42,367,2,250.0,21.0,4.0,15.0
862f21f0a089e3a09528412f6ec63428,moveis_decoracao,61,290,4,1400.0,35.0,13.0,35.0
b883409932bf862f43008f116a06cda5,ferramentas_construcao,51,3436,1,15650.0,32.0,34.0,32.0
bd8c43f5716739d47046ab8591aab1bd,papelaria,48,111,2,200.0,24.0,7.0,14.0
e073574bfbfbdfbe59454d8474cad673,papelaria,50,226,2,5850.0,60.0,20.0,29.0
d03a3e22b08287c1c29aa67a79f3b2ff,esporte_lazer,54,1099,8,5400.0,85.0,15.0,22.0
937a43407f2cf75f612cef2795160860,utilidades_domesticas,50,401,1,16500.0,38.0,65.0,45.0
3eac3be4413c51ec917d2108ab24e69c,variedades,,,,8750.0,36.0,27.0,54.0
679c97b6819e657c506237438cacf60f,relogios_presentes,53,566,2,250.0,16.0,11.0,11.0
f34707f5f83dbd799b36e79242802784,telefonia,53,463,2,150.0,17.0,8.0,14.0
2d9ff06c8870a518f5f6909774e140fb,utilidades_domesticas,44,543,3,950.0,25.0,10.0,36.0
3b30fb3ac17cda9e7e5b5112c692f665,variedades,54,1704,1,2400.0,62.0,7.0,35.0
0135900191d4383219257d6fde585ccf,pet_shop,44,348,1,14475.0,70.0,28.0,48.0
e169dcec1f41c7d588f6648886492792,esporte_lazer,60,350,2,500.0,16.0,7.0,20.0
c6aeb159daefcd63e4caed10bf47ef0b,brinquedos,51,698,1,14050.0,70.0,30.0,40.0
2cc6b9c8353f08189f70b928d2185a9d,artigos_casa,55,394,1,650.0,16.0,10.0,16.0
419538c5c0c21d892928586bee1ea16a,artigos_casa,54,289,1,2900.0,35.0,9.0,34.0
fda8e9e4aa94f525fc48f6777ff040ea,variedades,33,412,4,13800.0,24.0,58.0,15.0
986af931e7ce399914deaa43d224b124,artigos_casa,47,117,1,300.0,40.0,4.0,30.0
23ed7a10a36c6f88a757a9c83df9ea20,perfumaria,31,329,1,471.0,18.0,12.0,15.0
cf16b26e6da6ddbd92767757bfc96af6,automotivo,59,195,1,100.0,16.0,7.0,11.0
ffbbf6b9097237a1122f17e7341a3fb2,esporte_lazer,59,99,1,250.0,26.0,3.0,15.0
620ea491128bf83c51950ac006de001d,esporte_lazer,63,759,5,900.0,65.0,13.0,25.0
ca169d8dceee80e88508bc636a2aac96,artigos_casa,53,167,1,1900.0,47.0,7.0,35.0
b644708366a941f6e8db3bdf92f82421,utilidades_domesticas,60,836,1,1600.0,16.0,30.0,12.0
30c01cc81c9eb80469371743813789cc,pet_shop,59,732,4,300.0,16.0,16.0,16.0
fdd4f5e099d232bbd0d1fca8eab34172,fashion_bolsas_e_acessorios,29,110,1,200.0,16.0,10.0,15.0
c5d12f312c344b2c60aad2155a3e6890,pet_shop,59,468,3,1750.0,31.0,16.0,26.0
ec165cd31c50585786ffda6feff5d0a6,brinquedos,12,503,1,967.0,37.0,23.0,27.0
2f70195374f6c3d3c6542edf5bd17c8c,relogios_presentes,59,179,3,250.0,16.0,2.0,11.0
efdc6e0a04b68a8c329d485ab2bde52e,variedades,37,936,1,400.0,20.0,16.0,20.0
32c93bc61f5d2d836c65254f99a46b71,esporte_lazer,26,736,2,575.0,25.0,14.0,23.0
b5e2d4b3fa2f9ecad4c1df951afcc8ce,esporte_lazer,51,2251,5,300.0,16.0,11.0,11.0
1b7e8de633927dc83ae6d84f54f9cc1e,beleza_saude,35,472,1,358.0,17.0,16.0,14.0
e1ef8c2b8bbfe112673cc1ca044f630a,esporte_lazer,46,806,1,3200.0,28.0,23.0,21.0
f9be994ca0d51259ddb5de1035bbd5b3,brinquedos,30,816,1,17163.0,75.0,16.0,64.0
eeeb398bee794dba17f95449a7f66b5a,alimentos_bebidas,34,498,1,1525.0,28.0,30.0,17.0
14d6a43dc8ec3b5e86ef500845374ebd,beleza_saude,52,1592,1,2400.0,18.0,30.0,18.0
35582ccc8dcd2cc9841d257c0506b641,esporte_lazer,56,1235,1,4250.0,20.0,20.0,20.0
5a968ab149dac747332323c42b49e30a,ferramentas_jardim,46,1568,1,850.0,25.0,11.0,20.0
70120d2f9b9193aa0030342072d8adec,telefonia,40,622,2,263.0,19.0,10.0,15.0
1a44ee797acd13dc4585b03de4f8e112,utilidades_domesticas,50,495,2,1750.0,47.0,7.0,33.0
ec8514b52ebb78103c68fddbb2d9f0a8,instrumentos_musicais,52,291,6,400.0,16.0,30.0,16.0
9842dfe3247b396ef1cdff1e0d02216f,casa_construcao,55,918,6,1050.0,16.0,20.0,16.0
68fcd6e074680a12b9fa38a42bbfec1c,relogios_presentes,57,534,1,300.0,16.0,11.0,20.0
b25615f18b0de81909e61be53b1351b9,variedades,,,,1000.0,26.0,21.0,19.0
55782ee5db5083e1e3bb2dbb054fdf49,variedades,56,708,2,5400.0,42.0,21.0,36.0
966123de13ad29f76b83d5f9752405f5,automotivo,52,288,1,150.0,16.0,10.0,15.0
306f08b921e16b00a795166ea8edcdee,brinquedos,52,353,2,2200.0,30.0,30.0,40.0
d3648df999a7213c708253a32f095b53,bebes,55,1637,1,600.0,20.0,13.0,13.0
36efd30e7c14e8ed3a6557e9104112b3,eletronicos,58,1912,4,100.0,16.0,3.0,12.0
0b60c390c7176d836fa228baa164af0d,seguranca,57,563,6,1200.0,20.0,20.0,20.0
0e482d9064073154832a2311c821c668,moveis_decoracao,32,191,1,450.0,30.0,5.0,30.0
7c898e0b8ea203dd94ba846627fc34d1,moveis_escritorio,33,1207,1,12650.0,54.0,54.0,18.0
86a7362af6fc1b61f0e613146b8c4cca,beleza_saude,36,371,3,200.0,20.0,5.0,20.0
39e2a9a2f088b50daf806b7a7e1aea82,casa_construcao,59,872,7,450.0,16.0,20.0,16.0
eaac80e3f50c54437cdeb9980d8e974b,ferramentas_jardim,52,626,2,600.0,25.0,12.0,26.0
62953ad36e6c894ce69fc72d9a5246f3,artigos_casa,59,407,1,13050.0,45.0,15.0,35.0
f051c57c7f088f7698700e4347549025,pet_shop,46,497,2,250.0,30.0,10.0,17.0
ecac1d187a5eb579329eb27d3e4d636f,beleza_saude,60,1237,8,365.0,44.0,16.0,18.0
57bdf3098169cccdb62221bd3e089cbd,fashion_roupa_infanto_juvenil,38,168,1,100.0,16.0,16.0,16.0
e1a698b55be47318e6d178c57bf5370f,informatica_acessorios,35,1101,1,350.0,42.0,2.0,30.0
82cfbad6a3bb123bb807f51078765a0f,esporte_lazer,56,405,1,5700.0,25.0,80.0,25.0
2a8181f10547f2766c59997bbf9af643,fashion_bolsas_e_acessorios,25,591,6,125.0,18.0,11.0,13.0
59d9245beb10febb688aa778cecf1bc7,relogios_presentes,48,721,1,375.0,25.0,12.0,16.0
cc77b8a29a57a3506f7fd74c1117dec1,perfumaria,43,353,1,100.0,16.0,7.0,12.0
5d030df086e7b38e143350d4c99db48d,moveis_sala,17,267,3,30000.0,60.0,50.0,70.0
8a6187b2665118d5095f99a25fd7ba7a,artigos_casa,56,275,1,1300.0,45.0,15.0,35.0
f205a345ee16cad441a50241e820286b,automotivo,60,651,5,5500.0,78.0,4.0,47.0
2c446ef2d2415f2c802a41573824282d,utilidades_domesticas,58,266,1,1000.0,24.0,15.0,24.0
441cab1deea761934372ba090ad7cc24,automotivo,55,1531,4,5900.0,28.0,14.0,28.0
94254892148eb9bf4087a3e0886f3f30,variedades,46,882,1,1000.0,42.0,25.0,15.0
ce11f5eb434bd8e7c26fdfaf25a0b167,audiovisual,48,486,1,200.0,20.0,2.0,14.0
4183c824f5d60e348c536af8155f4e8e,utilidades_domesticas,54,1942,1,10975.0,46.0,46.0,45.0
d22625c4bd160a54f96629f139153c74,esporte_lazer,42,3495,1,2386.0,29.0,30.0,26.0
0fb9aa9a6103872d8f580d721e099f89,jardinagem,32,1908,1,3863.0,19.0,20.0,19.0
24905035adec59d4ab5a46c13973ef17,automotivo,52,107,3,100.0,20.0,20.0,20.0
9fc98e39f04be8e382d8aa5e259f5489,artigos_casa,29,200,1,600.0,40.0,5.0,30.0
e33c23f84ae4675691f3254c27d583d4,telefonia,55,448,1,325.0,22.0,9.0,17.0
be1d391bd8ff820e431cbb0229d2b92f,artigos_casa,59,217,3,5000.0,50.0,20.0,40.0
f4351f9cf9973a12b18474a9c44238a5,utilidades_domesticas,55,462,2,1600.0,16.0,35.0,25.0
a97a0ec5a609c8af654b79e9a96d12af,moveis_decoracao,51,831,1,1050.0,20.0,35.0,20.0
f99c1a9777ae7b608359a17bf3436d90,moveis_decoracao,59,382,1,450.0,20.0,2.0,15.0
c66d6e9a7e915171e7e3102f9afee78c,fashion_bolsas_e_acessorios,12,354,2,500.0,20.0,20.0,20.0
49a968658d070a34b8ace5e4441d1030,fashion_bolsas_e_acessorios,49,90,2,200.0,16.0,2.0,11.0
4e3338174342c9d868255b062718111e,automotivo,60,891,5,850.0,23.0,7.0,38.0
1f46e84d4c98952d675fbd9bf529a96c,automotivo,58,315,1,200.0,18.0,3.0,14.0
878699846fa5ea02a5b41e59f7c4439d,moveis_decoracao,49,960,4,2800.0,38.0,20.0,38.0
20ba887d70d6841cc13bcd65338c220a,casa_construcao,53,1143,4,1250.0,45.0,30.0,15.0
c1e0531cb1864fd3a0cae57dca55ca80,moveis_sala,50,837,1,30000.0,70.0,60.0,70.0
c2849941c090e1ee1732b25aaf01b397,relogios_presentes,45,359,1,250.0,16.0,9.0,12.0
72146711a2b027f714feab6d05476b25,utilidades_domesticas,32,480,1,6275.0,38.0,30.0,35.0
a3235d403e3602c84e7b11e9359133dc,automotivo,55,508,1,250.0,23.0,3.0,18.0
05cd024f2c54923c3396db4156fdaa44,moveis_decoracao,49,455,4,400.0,22.0,22.0,12.0
b9f0de89fde69dc44e3bd2a9c578a5ea,seguranca,58,238,1,150.0,20.0,20.0,20.0
6cf14dbbc3b753384a72cf9c57119063,brinquedos,36,801,3,1267.0,37.0,23.0,26.0
aa3e27bf73286809fb5e0f5dc2ac552f,beleza_saude,59,709,1,200.0,20.0,10.0,20.0
2dcd39f15943e045ea8db6296cac9b7a,utilidades_domesticas,55,252,8,750.0,33.0,11.0,33.0
f915422d1dfcaad46759f41c28790158,instrumentos_musicais,43,619,3,400.0,19.0,9.0,13.0
5eccc2d95245db3260989916f2646afe,malas_acessorios,39,744,2,400.0,60.0,10.0,45.0
06b6d4805b3659e45575c03e57cef6fb,fashion_bolsas_e_acessorios,29,204,1,100.0,21.0,9.0,14.0
37eb540beaaf7aebd7d20b2f384af63d,artigos_casa,52,150,1,250.0,16.0,10.0,16.0
84937bc75b42166135cebb022d7b262b,automotivo,59,703,6,9250.0,56.0,11.0,32.0
562970ce0462981e1699d50878a10450,utilidades_domesticas,57,1348,9,375.0,28.0,11.0,15.0
f524a09994004b2dabb3d13cf1a041fb,variedades,,,,7150.0,50.0,18.0,40.0
6e8c9fd72a0e5527d9e79282dca8415f,fashion_bolsas_e_acessorios,48,1398,1,200.0,16.0,2.0,11.0
beda52fd19ab7f39cadee87a7f3f472f,ferramentas_jardim,42,148,2,900.0,24.0,41.0,24.0
6698f23d5d6f5815239e55660f30a0b1,artigos_casa,46,162,3,3050.0,35.0,12.0,30.0
d96d21e61b8ba376ac95aa33861f9575,utilidades_domesticas,60,1559,1,850.0,16.0,24.0,11.0
75d612dc15c03222d19962a082a6424e,beleza_saude,39,1259,1,115.0,16.0,12.0,13.0
f1b8b583029e70fcff9db190d83b3460,fashion_bolsas_e_acessorios,29,178,7,700.0,17.0,4.0,13.0
efc92e405d7cee7066082c5c623a9f1e,ferramentas_construcao,53,328,1,350.0,44.0,17.0,13.0
cbff1df298f7bfd7b65557cfc4133d62,beleza_saude,44,1168,1,450.0,16.0,21.0,20.0
aae7281498244a475eb36eec95c9a859,beleza_saude,55,989,1,1050.0,18.0,18.0,16.0
316a71b4e7fd164c8f70e6a505044a69,casa_construcao,30,595,4,600.0,17.0,20.0,17.0
3b0d9b1ec53a9d43f4e4837823c9fb24,perfumaria,50,285,1,800.0,18.0,7.0,11.0
9d6332c3e975253362b8cfbbd71f5a25,artigos_casa,55,483,1,350.0,16.0,10.0,16.0
b621b4b501b679f21cf155135207503b,brinquedos,44,2010,2,300.0,16.0,7.0,11.0
4a5b6d3c24ac5f9eb93d07463ef04dba,esporte_lazer,56,1760,1,200.0,16.0,15.0,15.0
6f3b5b605d91b7439c5e3f5a8dffeea7,relogios_presentes,35,640,1,335.0,17.0,11.0,16.0
d815c471ccb5ba83a8c49fc5ecb28266,brinquedos,47,121,2,700.0,20.0,31.0,30.0
7f303faaca61ab40b8f37d23b4ad34a7,brinquedos,44,960,2,450.0,28.0,6.0,16.0
ad8efe3688ce3a566187905f9830fa97,artigos_casa,62,643,1,1700.0,38.0,7.0,28.0
492c2e63fd021a5da2c15d1740d5b348,alimentos_bebidas,51,701,1,147.0,16.0,7.0,12.0
24b0f3ae895b131e61a93132876bb191,fashion_bolsas_e_acessorios,34,428,3,300.0,16.0,12.0,16.0
843a502670c17eb4f8e7898bc2969be3,relogios_presentes,44,1113,2,500.0,20.0,12.0,15.0
0d9374142ba86a7c22357ea192bcfde6,utilidades_domesticas,60,1126,3,1275.0,27.0,26.0,27.0
5a90c762ed3f5a71bbe44860342fd112,artigos_casa,59,378,1,13550.0,63.0,30.0,43.0
e9b3cf27d68caa64832c4a7c460abcb9,market_place,43,1373,3,1200.0,40.0,10.0,30.0
49f906609418f32ad932aa7a24396268,artigos_casa,43,125,1,250.0,40.0,4.0,30.0
381a0b846affd6aa7e80a863bcda52b7,papelaria,48,207,3,300.0,24.0,7.0,14.0
07d78aaf21af9a0d738b9da323e3571d,automotivo,59,685,1,7200.0,71.0,9.0,71.0
fdcd8c17805ad801a924cf11272a2834,esporte_lazer,46,1027,5,2050.0,90.0,8.0,15.0
8ad980f63b9be72d0b2aba90fbf5a689,beleza_saude,30,440,1,200.0,35.0,6.0,25.0
111d0b1e69f349615615113cf6b275fa,esporte_lazer,48,350,3,750.0,50.0,15.0,15.0
133f594a246e5c52489304a4b5a39830,audiovisual,48,354,1,200.0,20.0,2.0,15.0
24d7b551f0ea7c3cea080d402b211132,artigos_casa,45,113,1,400.0,40.0,4.0,30.0
ffe9468f4d890db80b7231e86931ff37,brinquedos,63,598,3,17000.0,47.0,52.0,32.0
cc3f2c3c98c34475aac4da902b2f7eee,informatica_acessorios,52,181,1,100.0,40.0,2.0,24.0
3f6cfbf79bad1fd33c65e65cde20ab67,fashion_calcados,57,404,4,800.0,22.0,12.0,33.0
a8d44734cde6fbd2f5c32818da67b97a,utilidades_domesticas,53,476,3,250.0,17.0,6.0,12.0
17787817a9595579380dbad81feb561b,malas_acessorios,54,672,8,5800.0,50.0,40.0,15.0
6ad7c7ba5dd9225f5551c6157e54e8b6,pet_shop,59,1217,2,1200.0,55.0,2.0,40.0
cf7a7b66aacf1f397f944fa689f6af82,automotivo,59,825,6,4100.0,60.0,15.0,25.0
907c096bf89737ef081eeba5c13991b0,perfumaria,46,350,1,250.0,23.0,18.0,21.0
93379aae3263d95b317cf987e99d9d0a,esporte_lazer,37,571,1,200.0,18.0,9.0,13.0
9b50f294e57c09ca104cb8550ea0e180,fashion_bolsas_e_acessorios,44,759,1,200.0,16.0,2.0,11.0
0e67e54b55cf6c87a00d7f0fd3c5c491,eletrodomesticos,56,161,1,150.0,20.0,9.0,14.0
1878fcfa202ce65b4bfaa9d16250ee86,moveis_escritorio,46,1198,1,7725.0,53.0,51.0,18.0
40eb3da673124832fdf8b3ee24215b95,alimentos_bebidas,57,917,2,200.0,16.0,7.0,11.0
81652e8e327c1690eecf9aa488c93895,beleza_saude,47,736,1,16200.0,50.0,35.0,30.0
cb5f0bd874f7d1ffc270139294225462,bebes,57,1644,3,550.0,23.0,33.0,20.0
b99e384e6e039ba6d828b4b0389ce91b,informatica_acessorios,35,500,1,1300.0,18.0,9.0,16.0
98eb4ae2cc4f0aa3f5c7762583b71e51,artigos_casa,56,1361,1,1350.0,32.0,4.0,22.0
0526bcd59b4bbb167f8a4e93d56c0a07,automotivo,57,408,4,100.0,24.0,2.0,17.0
d3e87f5919c07582b6b4ead0f7eb15c0,artigos_casa,48,359,1,600.0,45.0,5.0,30.0
687686c6408c9389febfde350b99c82c,moveis_decoracao,43,328,7,550.0,36.0,36.0,36.0
c6e474e4e7e08a02bd7153cfe6d68dfc,pet_shop,42,957,2,850.0,24.0,20.0,24.0
25c38557cf793876c5abdd5931f922db,bebes,58,1447,5,15800.0,38.0,62.0,57.0
38f16086ec7bd2fc9f61f4271c6df59d,ferramentas_jardim,40,224,2,400.0,30.0,10.0,20.0
a16dacf975b8dcbafff14b679e6eeec2,esporte_lazer,57,3910,1,1200.0,26.0,26.0,15.0
47c99788ea439ec2acce3a497b596a51,beleza_saude,45,3059,3,250.0,23.0,7.0,15.0
a4244677524382339c909db6013a34b3,beleza_saude,39,408,1,350.0,16.0,7.0,12.0
156c786708d60c0091d590d5ff937229,papelaria,51,322,1,100.0,16.0,6.0,13.0
740c0ddee707e6ed16e436d2358f5860,bebes,45,471,3,8250.0,44.0,32.0,35.0
40940f4039980878d9798bcc63d8b11e,automotivo,58,154,3,4300.0,16.0,79.0,48.0
f5830370acf2d2669604d24406c2c6b8,telefonia,59,600,1,275.0,18.0,4.0,12.0
9d014dd97b32b1631dbbf5b35c4c36a1,ferramentas_jardim,55,145,1,2900.0,36.0,7.0,27.0
aca27d7a91bfb10489d3e1aae184d137,perfumaria,22,663,1,500.0,20.0,15.0,15.0
2820a0ee65a765e5dbb7ef1da30d2f4f,automotivo,51,2242,2,1525.0,27.0,23.0,24.0
77d9c106d2e0bc6122c9f7b991f795b4,relogios_presentes,60,527,1,290.0,18.0,9.0,13.0
58816ce2ec224ea03aff8abe045f8407,alimentos_bebidas,60,730,5,1050.0,23.0,15.0,21.0
f96dd9e258daf5610e93eb2034b5102a,informatica_acessorios,53,1437,1,300.0,30.0,8.0,16.0
b6ae00a2c239c532a6e622262e49bb55,musica,35,386,2,300.0,25.0,11.0,16.0
0b1b954cb171434674907a8da1778e11,ferramentas_construcao,45,127,5,7400.0,60.0,20.0,40.0
9969f7caa71f4ddb8127440e8d5890e8,artigos_casa,51,807,2,4000.0,50.0,10.0,20.0
5373e18844eec682770d139ba29cd32c,fashion_bolsas_e_acessorios,37,558,1,100.0,17.0,3.0,12.0
1e571e871a93944c5c48e6226f2cd94e,beleza_saude,63,2652,1,400.0,20.0,20.0,20.0
2c6bcc88c0f2f55d3c085cb9fa67b4cf,informatica_acessorios,41,224,1,615.0,19.0,10.0,17.0
50c903691960bdd77acb82418a4445ec,bebes,24,174,3,200.0,16.0,11.0,11.0
b59fc0a170a01469b1a02ebbc6e6fb81,utilidades_domesticas,35,130,5,650.0,16.0,5.0,13.0
47b950932520619f72b6ebc1c4adcaa7,esporte_lazer,58,722,4,600.0,16.0,11.0,16.0
f7442dbcf090d2436e0321688ecf7d0b,esporte_lazer,56,1457,1,1700.0,16.0,16.0,16.0
786248c98cab9ad5cccdb751909da1af,papelaria,60,339,4,200.0,16.0,10.0,16.0
d34347977e0997e8f5635d50e60b3c20,informatica_acessorios,58,926,3,167.0,16.0,4.0,11.0
5769ef0a239114ac3a854af00df129e4,telefonia,39,2493,3,750.0,16.0,16.0,16.0
1b28df0b54809d40f2bd2f2218c601a2,alimentos_bebidas,59,3762,1,875.0,23.0,17.0,17.0
e27e689c4ce425f2fe7e2a270fd4d2db,artigos_casa,60,683,2,825.0,28.0,3.0,29.0
95f8862124d526f3151c7dba46c01df8,brinquedos,55,905,1,600.0,23.0,9.0,19.0
9694310dd8c2910c9f91b5ac27ab77f2,fashion_calcados,37,480,4,1100.0,16.0,33.0,19.0
259bd66612b61aa4e82ce3cde9272bbc,utilidades_domesticas,57,970,5,250.0,16.0,4.0,11.0
7ed8c74b7ad2f1790a24a24c071da537,brinquedos,52,288,2,667.0,25.0,33.0,31.0
991e90b036a1162adf21d4227b751365,esporte_lazer,52,1205,1,200.0,16.0,9.0,13.0
15050d3aa6e44bc924642e38dc255677,eletrodomesticos,60,139,1,300.0,27.0,13.0,17.0
6a3de1215846cd955a86490be42953d6,relogios_presentes,31,255,1,450.0,16.0,10.0,11.0
3a1d2391ad7b58b404bce1939446332b,casa_construcao,55,322,1,800.0,20.0,25.0,15.0
fe95eb948375116da759c8ef60295001,artigos_casa,58,556,1,800.0,45.0,15.0,35.0
849bbcb8cdb844f1cb82330de929a1e5,malas_acessorios,48,595,2,1400.0,33.0,16.0,45.0
e4a559e4d11658f9979148efee14c535,bebes,29,635,2,200.0,20.0,10.0,15.0
5dbd7cc557840defa81a4a99590b215e,utilidades_domesticas,58,1212,1,2575.0,29.0,28.0,28.0
bbdb487c5f9a780a6a574fe48ed37796,esporte_lazer,34,447,3,650.0,60.0,10.0,50.0
fa680bff04bea02bfc06fd7feef8d347,artigos_casa,47,161,1,525.0,37.0,7.0,31.0
cc53571eed3eb6a52148b2145955a0ef,brinquedos,56,1839,4,1600.0,30.0,37.0,20.0
8b91b9d3fea3a20b5ab4ffa874fdb062,instrumentos_musicais,51,846,4,7600.0,30.0,30.0,30.0
508cb20f6a6f0bab91557dad150444e2,fashion_bolsas_e_acessorios,48,1359,1,100.0,16.0,2.0,11.0
9b6aada2786f40a15f5f186b84d8dc5d,perfumaria,46,1529,2,300.0,16.0,4.0,11.0
68bf40b3abd5ffc25981c25df9ed9087,papelaria,50,201,2,8550.0,60.0,20.0,29.0
dbf4588317c84ec9cde32b033de522e4,relogios_presentes,55,287,7,500.0,19.0,19.0,19.0
46e6a376635208ea97d2fbf75e002f7b,automotivo,28,673,2,400.0,16.0,7.0,11.0
47ca911aa7f3febfc2478f63fc1aed07,artigos_casa,58,466,1,4200.0,60.0,25.0,40.0
a1250bbcaa645885c9165eab1573b5c6,fashion_bolsas_e_acessorios,59,179,6,200.0,16.0,2.0,20.0
6a96ef77fb9fd6a8de17df8d3b5a3087,esporte_lazer,54,618,2,5700.0,82.0,16.0,26.0
ef55549ccb7d442f4ed08cff81eba0be,beleza_saude,54,628,3,175.0,18.0,11.0,11.0
9cb406e79e6c2918987297be991b3aec,climatizacao,53,568,2,200.0,20.0,15.0,15.0
e6dfd63d9ecc2a60f8a848b4fa051a84,beleza_saude,46,477,3,50.0,16.0,2.0,11.0
ed7ba72ce7a0ce3d9b60d543329b1fa2,esporte_lazer,23,449,1,200.0,20.0,20.0,20.0
526e24e5c44ede53f4d3a7c10cf8bddb,moveis_decoracao,54,752,1,300.0,20.0,15.0,15.0
eea1d0033f3735c72d0501fdc2be0437,moveis_escritorio,38,1274,1,22900.0,74.0,68.0,26.0
14555ba663de8689feacf1d0819cc3b3,esporte_lazer,42,660,1,2150.0,41.0,10.0,35.0
9571759451b1d780ee7c15012ea109d4,automotivo,39,1042,1,1400.0,20.0,31.0,30.0
89e82f5648ed99305524c2941f3eb518,telefonia,49,525,2,200.0,19.0,4.0,11.0
d872166419d58e965080a873198b6853,informatica_acessorios,54,326,4,200.0,16.0,7.0,11.0
b92c0c9a860191befb3f8139aee8c4e1,beleza_saude,28,733,1,700.0,27.0,14.0,15.0
62084031a76caa648aeed58ef2fcfbff,bebes,22,1217,3,7767.0,38.0,34.0,39.0
54bb3470c28291c7252832f0437ca469,artigos_casa,58,207,1,500.0,50.0,11.0,40.0
481aad97c80d6786a7c6096991003274,relogios_presentes,57,441,3,450.0,16.0,17.0,13.0
ebe145f96a8e34a7b947389a2d87192c,audiovisual,63,889,6,200.0,16.0,4.0,11.0
f521813909e310116b6b2f0b11f3dd44,moveis_decoracao,54,576,4,750.0,17.0,20.0,17.0
165160698dfc8156898999e0be8c4b27,utilidades_domesticas,58,591,1,1300.0,30.0,40.0,30.0
77ccbcf251886c8b83676fc918e7336c,pet_shop,55,499,4,200.0,27.0,9.0,26.0
93a768547d47e73c2706e76cad0d87fb,pet_shop,53,830,15,6000.0,39.0,20.0,46.0
621825925438424fa89b11502fe477cc,bebes,47,890,1,200.0,33.0,6.0,12.0
65b96b06398ff62ae0202c4c1987984b,esporte_lazer,59,1552,1,400.0,31.0,20.0,20.0
f65da4eafdfa856de29dc7392408dd0a,brinquedos,60,940,3,4600.0,70.0,10.0,38.0
fb3d7615501eb8155531583652015360,variedades,,,,350.0,16.0,18.0,16.0
7329db39e452f3fa1b4f8285055a8e36,papelaria,58,115,1,350.0,20.0,20.0,20.0
51751d81ddd01c1328af143d17d7d945,pet_shop,51,663,1,8350.0,55.0,13.0,49.0
7b6b9dcfd2e81d13feaea2b0681b9976,artigos_casa,57,240,1,600.0,24.0,15.0,18.0
378f22f6d7e100cb914fdb9a535c284c,informatica_acessorios,43,955,1,250.0,16.0,3.0,11.0
2acce4db469045e8f9a863028abce19d,telefonia,52,434,1,50.0,19.0,4.0,20.0
dcd0ac7b3f622ad8b043dda410f0c3dc,utilidades_domesticas,30,547,2,150.0,23.0,7.0,15.0
3efc7a945462447c7f6219f14ce3235a,esporte_lazer,49,1215,1,1063.0,26.0,25.0,20.0
93469d43c0b67d96b6b9156ba384f78d,ferramentas_jardim,39,274,1,100.0,16.0,2.0,12.0
f74979b5e7c8d317baa1bfc0ea886ee1,livros_interesse_geral,40,329,3,200.0,35.0,6.0,24.0
52067b6ad15670cbf03133bb13d2a0a9,beleza_saude,49,626,1,900.0,25.0,12.0,15.0
ecbd40ab57460010c6e9454b586231a8,beleza_saude,57,407,5,250.0,21.0,18.0,18.0
e2765be8c962369ccda8f9880e6c3b6b,artigos_casa,58,850,1,1000.0,40.0,10.0,30.0
bf3593b82ee52016de33cd1c5ff7d102,telefonia,32,269,6,200.0,19.0,3.0,11.0
8e50f956978d187a7cd200b9b45fe9c4,livros_interesse_geral,39,937,1,450.0,26.0,6.0,17.0
86766d5e84f560b949d8a4582e9fdbdb,artigos_casa,63,665,1,2910.0,42.0,16.0,36.0
e20b58fe57d487f33247e6cc1154eb9c,automotivo,51,1221,4,1200.0,20.0,20.0,20.0
559f77dc39e5cb5aad61c0e0d32594e8,artigos_casa,52,220,1,22200.0,56.0,38.0,48.0
2efe8f5e5c3b7327473c75cf2f11bb02,perfumaria,54,209,1,350.0,30.0,10.0,30.0
31cddbc370031fbb839a21441df28015,beleza_saude,45,400,2,433.0,19.0,14.0,15.0
56e8054262b705086dd99fc97b01a9e4,livros_interesse_geral,28,180,1,100.0,19.0,2.0,19.0
672a21bf17c63f71edbe01ecb9b14814,pet_shop,34,761,1,6800.0,45.0,20.0,45.0
81521040c9500ac8e175c2839d193a46,telefonia,50,722,2,100.0,20.0,16.0,12.0
ba1adcf388392101517056482eb5c849,brinquedos,36,371,2,4700.0,70.0,16.0,35.0
4cafc445fc7535c3b41b8978c0ce68dc,industria_comercio_e_negocios,36,1109,1,5550.0,36.0,51.0,18.0
3f56545df76cf762c62d35d987a29962,artigos_casa,48,701,1,1000.0,50.0,12.0,12.0
2d9b49aa7510c59fca0cca0e1dc0e0ca,utilidades_domesticas,54,537,1,1550.0,25.0,10.0,20.0
3fd04b238d42b022434a07519d30a354,moveis_decoracao,51,567,1,2400.0,30.0,10.0,27.0
80f258d43a984e2e7af7f1e1163e4018,pet_shop,59,805,1,1100.0,20.0,15.0,15.0
46f9a2eb5e76a8a39f88ba06e4e9fc9b,esporte_lazer,45,1246,2,750.0,40.0,10.0,40.0
62fd674a590e093bfc9aa9515d94caee,ferramentas_jardim,59,548,3,2500.0,27.0,16.0,32.0
35fedf44451bf3020fd3abaf5827d41e,automotivo,50,214,5,1600.0,25.0,9.0,17.0
798edd0e46657089dcdd3ae893a5b015,informatica_acessorios,51,1415,4,1350.0,22.0,10.0,23.0
c05445666d793190048c0ec1d0bb7f0f,eletrodomesticos,60,403,1,2500.0,32.0,37.0,22.0
bd082283de9ecc71505205dfc7c6c9b4,brinquedos,40,280,1,1804.0,40.0,32.0,33.0
1e2e095149b3e9ca487d9c2d8c20378b,relogios_presentes,30,506,1,600.0,17.0,13.0,14.0
73f904226d62f004bbd49c022e686999,perfumaria,42,386,1,513.0,24.0,13.0,17.0
45986044725e448e85eb0d81251a8892,artigos_casa,50,484,1,3950.0,70.0,20.0,70.0
bf2f8efdd119b43056e1355c46119f04,artigos_casa,48,185,1,650.0,40.0,2.0,30.0
b3da02c4cb913443d1b2d80852831557,esporte_lazer,60,933,1,150.0,20.0,5.0,15.0
e939ce2e0cc01186dee365b969f86064,utilidades_domesticas,60,495,5,1500.0,29.0,12.0,26.0
f9f8bd8b40b145240563d5e05ac4c75d,pet_shop,38,769,1,60.0,20.0,10.0,15.0
5a9e59a4796fdb38dfd89e0977993f31,artigos_casa,52,162,1,200.0,16.0,16.0,16.0
19ae992992da3f4401e014758f5d58dd,beleza_saude,38,1475,1,400.0,17.0,17.0,15.0
349ce46a0e2e20054aa9d80c48af8816,iluminacao,41,971,1,1300.0,16.0,19.0,16.0
ffc88104d219c1b767d566fd93653dd2,utilidades_domesticas,49,428,2,675.0,33.0,9.0,32.0
74308f15a8dd46e8e66e8801b76625b0,informatica_acessorios,40,499,1,200.0,18.0,9.0,16.0
ec90895370885d025efeb8e72e7fa699,artes_e_artesanato,57,283,1,1200.0,20.0,20.0,16.0
40c6bf0ca8c0c5dfe779fd8c08a1f326,artigos_casa,49,217,3,5350.0,40.0,20.0,40.0
10230be3f50a9367f8220d6c126f0dc6,variedades,,,,16000.0,80.0,60.0,11.0
b07d64d413a7a5f5dac72fc60b3b14ca,ferramentas_construcao,58,581,1,50.0,52.0,5.0,52.0
03137dc3af3dc8138e070c4536407618,utilidades_domesticas,60,1172,5,625.0,30.0,12.0,25.0
153c09356373389880c8dc8d701a60d7,moveis_decoracao,48,416,4,13300.0,23.0,59.0,23.0
d3796e73f7d260e45f5d5b9dc1c5a7a1,artigos_casa,38,567,1,2600.0,37.0,23.0,35.0
c6745a1ce132f8dc5f38829c6fb67eba,informatica_acessorios,39,1423,1,150.0,17.0,11.0,14.0
ee406bf28024d97771c4b1e8b7e8e219,variedades,54,629,1,1050.0,36.0,24.0,22.0
d7d4469347b566ef611163dc0b9cee2c,utilidades_domesticas,60,1166,6,1200.0,20.0,35.0,20.0
09a9117d69aeb6275e4f3187bd2eb45c,fashion_bolsas_e_acessorios,57,284,3,100.0,16.0,6.0,11.0
33b22110fa818ff5f0c387a79f19b612,esporte_lazer,52,891,1,300.0,16.0,16.0,16.0
d9784e33aa88376ea735fbff56d3fd67,moveis_decoracao,58,2118,3,550.0,68.0,8.0,13.0
5d9da5147623b060b44db5b01bf9e60a,beleza_saude,48,2519,8,775.0,23.0,8.0,27.0
2f08de199f389c9b400128b0c7b750e4,moveis_decoracao,56,546,2,100.0,16.0,11.0,16.0
167eb9b9fa0dad61a47c00a96bccdf4d,ferramentas_jardim,32,349,1,30000.0,62.0,78.0,36.0
98ba4d6506268560a9b0a03b6ae02636,malas_acessorios,54,812,5,2700.0,19.0,49.0,34.0
99407e203910716731e1644a5a0bccd5,artigos_casa,50,830,1,2000.0,16.0,10.0,16.0
51afee91e441387a77e232e59c3d6135,beleza_saude,43,810,1,175.0,19.0,7.0,12.0
8f5b9d7258ddc83215b7efa05e73825f,variedades,,,,6200.0,28.0,40.0,32.0
de809d6e8b2d61c8d82566466916d5ba,alimentos_bebidas,51,678,2,1200.0,30.0,21.0,21.0
c0ad0886177197bdbb891829bafc45d2,eletrodomesticos,59,113,1,250.0,18.0,8.0,13.0
65586e7ecd256d15d4360a6854d15b14,perfumaria,48,1062,6,1000.0,55.0,8.0,25.0
d0006d7461b9b762e1ac658ca1fc55fe,moveis_decoracao,58,1372,2,250.0,17.0,37.0,17.0
0be79cf589781c512bd91976eadeeff0,consoles_games,45,304,1,200.0,25.0,5.0,15.0
9f7b1850ae0063307163fd32f6d543f8,esporte_lazer,29,1132,8,9800.0,105.0,18.0,28.0
60d0556ba3ec09b00a4656eafb0a2760,ferramentas_jardim,37,225,4,300.0,16.0,5.0,23.0
8c4851c8c9bb79e51a0f3c16cb499cd7,informatica_acessorios,58,890,1,225.0,16.0,6.0,11.0
6bc9ae87edf6ad4063076624b8ad0268,relogios_presentes,57,631,3,700.0,23.0,15.0,19.0
4ba9263261711e19aa09a61e3ab72316,eletronicos,54,772,2,750.0,25.0,10.0,18.0
82b73150f90f4fef92913e35b9984bb7,utilidades_domesticas,40,545,3,2200.0,48.0,25.0,25.0
3329c7aae267c404ab16dde58f37213b,informatica_acessorios,55,1412,5,600.0,19.0,15.0,11.0
857dae9f7ebd67d5920e6543f24c3841,artigos_casa,41,729,1,4700.0,20.0,30.0,30.0
629e019a6f298a83aeecc7877964f935,automotivo,57,1166,5,1750.0,30.0,30.0,30.0
adb1f1939b613f3078806b6afcca0e51,esporte_lazer,57,1235,1,4250.0,20.0,20.0,20.0
697b581688dd771021a47554cbff8f94,automotivo,58,763,1,7200.0,64.0,9.0,64.0
d7c0092b092958a42314392abfff9d76,informatica_acessorios,34,1080,2,300.0,41.0,2.0,29.0
9ee0701e1be943cb92d9cd9305fdd026,malas_acessorios,45,331,2,3550.0,25.0,28.0,37.0
4b04a764c875af7101955fbcd3989b7e,bebes,44,657,10,8150.0,39.0,20.0,46.0
adae758556f8338f07f3064736416064,artigos_casa,58,282,2,9375.0,40.0,35.0,45.0
af33555ebc3047e394e7b0074772aaec,utilidades_domesticas,46,420,2,288.0,20.0,13.0,17.0
2d72cf7f8c3240028550efb165045073,instrumentos_musicais,53,1016,4,300.0,25.0,4.0,20.0
7fa380056f1fbd883cc80a75e60f207b,moveis_escritorio,42,1188,1,10125.0,57.0,55.0,22.0
5ea3a4fc17bd1341eeea4716d481ccfa,automotivo,52,666,2,6800.0,65.0,25.0,25.0
a77aadc991c8f31b9b553fcbb8975ab8,beleza_saude,47,342,1,2500.0,27.0,10.0,19.0
d78c524a16fe960ae8229034d4541469,beleza_saude,46,803,1,250.0,22.0,3.0,15.0
f68db1bd8309b0f83c38d83717b390a8,utilidades_domesticas,54,246,5,700.0,16.0,17.0,16.0
14ad6805c263d8d758d648f46a06570e,bebes,30,782,1,350.0,18.0,14.0,18.0
e187f69b85487c86a0da79e18ee51982,relogios_presentes,53,518,2,333.0,18.0,12.0,17.0
1d25200882dc5bcbff689ba2ba117f9f,artigos_casa,55,290,2,17100.0,56.0,38.0,48.0
da126b80758e8f5f13c45580e9260fd9,beleza_saude,30,334,1,1250.0,21.0,16.0,31.0
751a90669988d4888aa82a198870ca47,fashion_bolsas_e_acessorios,46,846,7,1900.0,45.0,15.0,45.0
b9871eecffc86e4ce44299d2e0d10cdd,artigos_casa,51,413,1,2700.0,42.0,16.0,36.0
61bd46a698da866fe12ac56c1eaa1b09,bebes,60,1249,3,2250.0,42.0,25.0,15.0
87b92e06b320e803d334ac23966c80b1,utilidades_domesticas,58,914,5,15000.0,35.0,30.0,25.0
2020db9c389956e879dd05e6250413d8,malas_acessorios,24,519,5,4000.0,38.0,52.0,22.0
7329d78e4f4ab3101c7e5fc53fb0aebb,beleza_saude,53,1625,4,975.0,19.0,18.0,23.0
b27653c33039497c46ceba21db46a43c,informatica_acessorios,33,2756,3,50.0,16.0,5.0,11.0
f7b99d8ce1193a2e5979b3c1584a5d08,automotivo,60,1145,6,3800.0,53.0,43.0,11.0
c24f29c580f6317c48c8fa0661a232e9,fashion_bolsas_e_acessorios,46,160,1,100.0,16.0,8.0,11.0
633610a66bd9c0ecd11d46bf42c4ea80,automotivo,59,864,3,6500.0,38.0,20.0,38.0
40a247eff18242601020870abbfb4ba9,esporte_lazer,53,100,1,500.0,22.0,15.0,22.0
7d1a4ebaf97da87516f9b108af5bd3e3,artes_e_artesanato,51,169,1,200.0,22.0,25.0,11.0
95e257171227c7187fa4cb6361baa1ad,utilidades_domesticas,30,978,4,300.0,20.0,28.0,11.0
abef8cc12c6428d93526f5bd0f76dd0c,utilidades_domesticas,40,215,2,350.0,24.0,29.0,16.0
668627d7997bde540866a91f02484ae6,esporte_lazer,50,1039,1,319.0,18.0,12.0,15.0
3b0fbb3ab5b1512278d2e1c695b07e85,artigos_casa,44,273,1,400.0,40.0,5.0,30.0
515848373adcbd9d2fae893d43fb772e,ferramentas_construcao,53,882,1,700.0,46.0,7.0,24.0
a5e50ce997abf8eeb6ef3126bd5c9cad,moveis_decoracao,42,697,1,800.0,28.0,8.0,18.0
7bcf2266b78ccc737b8f26f925d3c5d4,perfumaria,37,1209,3,135.0,17.0,4.0,12.0
42fffc68ff7e8176f11baaf4a4227557,beleza_saude,35,1553,1,1600.0,20.0,20.0,20.0
1d9fc0078db05f802e870d7601042c29,automotivo,55,292,3,75.0,20.0,2.0,15.0
4372c58b785f6a6e66899e62099b6ef2,pet_shop,55,922,3,900.0,20.0,20.0,20.0
274c0bd39936b237bdb8cee38abf94f5,relogios_presentes,53,665,1,250.0,28.0,10.0,18.0
ec322025096f33818acee169e97d5b97,beleza_saude,49,1655,2,250.0,24.0,6.0,23.0
3429d7e4892a2df967fae671f4c98deb,beleza_saude,53,1125,3,5700.0,34.0,29.0,34.0
d75ce98cba882d2c4ae2f46fbdbcb4f4,moveis_decoracao,50,750,1,950.0,30.0,6.0,32.0
bfc0d01be79d9038c7720f983bf954e0,relogios_presentes,59,2852,2,950.0,40.0,20.0,12.0
0a565163afd9cccd9d2b6e3942f823e4,esporte_lazer,44,375,3,1950.0,20.0,40.0,30.0
2fb51d5cb775a68676826ebe06a17dc5,artigos_casa,59,630,1,1000.0,35.0,7.0,24.0
9414323ebb3ebedacbca284868df0eb5,artigos_casa,47,664,1,5900.0,44.0,14.0,34.0
ca718604fcd4b098d85a7d103d510951,esporte_lazer,55,525,1,1400.0,31.0,32.0,31.0
689c51a11e9c5daefc1f9b0782e28fcf,papelaria,47,127,1,150.0,20.0,6.0,11.0
8f40f0b0018b8f6fd449c4c0713e3118,utilidades_domesticas,62,1240,4,2900.0,53.0,15.0,13.0
52d7a7207b9646509bdc754fed3a0cef,artigos_casa,54,624,2,413.0,54.0,4.0,39.0
49eeb31f95c522d5db1c2d6044c23c46,bebes,59,302,1,350.0,20.0,5.0,11.0
6cc77f7f5a82f5afe9ededad3e9d9400,variedades,53,385,1,1783.0,35.0,7.0,35.0
02706657691ad03bacea6d0d0d69d13d,eletronicos,49,1353,2,4550.0,23.0,54.0,25.0
82f142f09dd26762af87b2a889f6ed58,variedades,,,,340.0,23.0,8.0,15.0
0b1737a3a63fdc90fb30dccdffcace42,moveis_decoracao,28,119,1,1500.0,20.0,40.0,20.0
84bfcd816fd74a36bfaee19837bb4b38,automotivo,55,117,1,2500.0,30.0,20.0,30.0
db9f62e6fb453028d58b26fa46c56d31,bebes,35,408,1,100.0,20.0,6.0,15.0
437bd97b94971c4355b99e46d74f9139,esporte_lazer,58,885,4,375.0,33.0,17.0,33.0
4c1bbc12438daec98a77243c2bf7a3ba,moveis_escritorio,24,985,1,15475.0,81.0,7.0,83.0
a44d4702562f2bdae04d6f3d144fde5c,eletronicos,43,582,5,18400.0,60.0,13.0,60.0
1c8c80454d9a8829112d5be9fe885fab,esporte_lazer,36,269,1,1250.0,26.0,20.0,15.0
44815c128303d654f94d021e47b0764f,esporte_lazer,50,417,2,600.0,50.0,10.0,30.0
223d34a3d9334039f5ff9511dc044bbb,telefonia,50,1246,1,900.0,23.0,7.0,16.0
e101ca6287658a6104e804774d56b871,artigos_casa,55,349,1,1500.0,45.0,15.0,35.0
701381eb0d8b3d7b33e0892adc8b0172,fashion_bolsas_e_acessorios,52,1410,1,200.0,16.0,2.0,11.0
1f6152747a58175ea9be895d066a0429,relogios_presentes,55,218,1,400.0,18.0,12.0,12.0
cec6b4ac0968c2cb31bf465a834aa831,beleza_saude,39,1705,1,513.0,18.0,14.0,14.0
8470bac0f1a7439fe183013eab283534,artigos_casa,63,511,1,5050.0,45.0,15.0,35.0
977ba64f692dbbeeb81d35ad7f953c5f,esporte_lazer,34,545,1,300.0,24.0,20.0,21.0
f0b23cf62b44c4cbd631ee45ccb8fc60,pet_shop,57,721,1,1700.0,50.0,30.0,33.0
96f027a4749058d508f6c1bda657c79d,audio,45,442,1,483.0,18.0,12.0,13.0
2827075656967a213fe9f7484a7469f6,moveis_decoracao,57,1102,1,900.0,30.0,30.0,30.0
090d6db6ad440d35cef0726b5a8bec14,utilidades_domesticas,19,97,1,7300.0,53.0,33.0,33.0
555b27dfb2ed94d001c28e5624dd6961,artigos_casa,46,372,1,1450.0,34.0,12.0,40.0
b6082890c14103b3f5f7b63c46e0791c,esporte_lazer,59,274,1,400.0,16.0,4.0,16.0
a7be9caca74a79278d40cd95bca4531b,perfumaria,37,487,3,400.0,23.0,2.0,11.0
695850ec52374187f226ee4b08af1785,fashion_bolsas_e_acessorios,63,464,4,150.0,16.0,5.0,11.0
4ea09ee045a69335784c9d8ff7405b2a,brinquedos,26,350,2,7400.0,59.0,23.0,25.0
cf9ffafa00d206fdfbd68c1e42bd5430,eletronicos,49,249,1,200.0,25.0,7.0,16.0
fff6177642830a9a94a0f2cba5e476d1,variedades,54,842,1,1400.0,42.0,25.0,15.0
e15746c8f73cb5e9d74ae01533fa02a5,utilidades_domesticas,60,734,1,6550.0,32.0,20.0,21.0
4b8d79cb593470e80e954ca41d7e3fd2,utilidades_domesticas,52,1077,1,2200.0,26.0,20.0,26.0
1b5978db99f7114b364fa0a0123eda05,relogios_presentes,49,613,3,4100.0,19.0,10.0,15.0
9b8bc17a236d09185c2101d0a02f8487,variedades,63,1406,6,1250.0,31.0,16.0,23.0
5562c7c7b08835a354f9c65cd4f1d9c3,beleza_saude,60,919,1,100.0,22.0,3.0,15.0
e24cb34674177a7fe1358c33cf899417,artigos_casa,56,656,1,350.0,43.0,12.0,16.0
a514c9314e6d8af09721786a8ab34c7e,papelaria,57,502,2,150.0,18.0,2.0,11.0
1a41f6016e828ff1d37f2ecc2f2a0dfd,fashion_bolsas_e_acessorios,46,424,2,3300.0,30.0,60.0,40.0
dca8cbb1c9d8a2db0fbc0c36b8d1a7bc,audio,42,671,5,200.0,16.0,2.0,11.0
e179bedb9436af656cae1edb5b85b815,beleza_saude,31,292,2,663.0,28.0,19.0,15.0
dcebc51f6a02993ffaa4167c339a3d79,beleza_saude,42,856,1,650.0,16.0,15.0,13.0
09461131e28a1b16536fe028eeea4c4a,ferramentas_jardim,58,2208,1,1650.0,31.0,9.0,19.0
1302fd16bdfe85e523940c846370ef2c,iluminacao,31,309,1,13450.0,95.0,30.0,20.0
1f2bcc5a21172c008ccbcc28afb8bced,moveis_decoracao,63,635,10,1300.0,38.0,15.0,23.0
208c1210f363c82510f5609d5feb0341,pet_shop,59,530,2,450.0,27.0,9.0,26.0
98ef57aa2a72c64d8b7b53a64b6b6584,utilidades_domesticas,50,273,1,500.0,37.0,3.0,11.0
b6eb2752e40bb6f33a3b608e78f5ffec,fashion_roupa_masculina,36,940,2,300.0,16.0,2.0,11.0
7e07898c0f30ec34cc5d255bcc4b3747,artigos_casa,50,325,2,1500.0,37.0,23.0,35.0
3560066ba5a5b4f87a8d5de6da565792,beleza_saude,60,1441,1,1100.0,25.0,12.0,19.0
f555f8c0d7d8e7a84284ef3cc3d6b84e,esporte_lazer,53,1275,2,200.0,19.0,5.0,13.0
39a0257f2ddaad536f01a4d2cacf7392,informatica_acessorios,23,473,1,300.0,22.0,9.0,22.0
2eba1f60a964be9175787f85c9e23d9e,moveis_decoracao,55,1750,3,2200.0,105.0,3.0,70.0
a082b482fc9b16657b1702f1b4e8415c,informatica_acessorios,43,499,1,150.0,18.0,9.0,16.0
84ed1f4e3c539f01fb07c3ebf73c31e0,bebes,53,982,2,1100.0,16.0,36.0,34.0
e5178e8bcef1146c07bf05c267ed1729,artigos_casa,53,637,1,1600.0,32.0,5.0,29.0
9e5f752e9e19cd6887063f004ee0da55,moveis_decoracao,33,824,1,1000.0,54.0,18.0,16.0
e4e81849dd9ccdefe1e7398792a6a4b4,moveis_decoracao,58,2432,2,3000.0,69.0,11.0,11.0
e857bc338b00787f1a6c91938412823b,ferramentas_jardim,58,1487,6,300.0,18.0,6.0,20.0
6dee07beaa37c13fad2bc4389983f31d,artigos_casa,51,280,1,1200.0,45.0,20.0,38.0
5b5485de978301834d9e5f3943ade7da,relogios_presentes,48,332,1,750.0,19.0,16.0,17.0
b8762d562d810c2f8d7ad7e9c12957be,utilidades_domesticas,38,130,1,350.0,20.0,45.0,20.0
a427f68e3f088a7063c2c577537076fb,automotivo,40,987,4,1375.0,32.0,30.0,28.0
41311fd6316a50a9ff4ac5bfca1b910b,esporte_lazer,38,1936,1,700.0,18.0,18.0,18.0
72d024aacb8fb06c03ea616c4644b841,papelaria,40,185,3,650.0,16.0,4.0,11.0
4244733e06e7ecb4970a6e2683c13e61,variedades,58,598,4,650.0,28.0,9.0,14.0
4e9c78909e68601b5bf58e5797a789c7,climatizacao,60,3270,4,9150.0,105.0,10.0,40.0
57e1815b050566a793e010162f765cdb,beleza_saude,52,173,2,100.0,20.0,15.0,15.0
04df667e73ca2fab4b9a97c86466b699,relogios_presentes,34,541,1,404.0,22.0,14.0,17.0
e7fc1ef546b0bee1bc3855405eee65ea,bebes,36,976,2,250.0,23.0,11.0,17.0
3ecbc951688c7c4888ffe682edb8d651,esporte_lazer,58,1484,5,1100.0,40.0,20.0,20.0
60a3aec19dc1a866e9cf6a6b4430916d,artigos_casa,58,208,1,1450.0,45.0,15.0,35.0
b188dcf56044f0301917cd129630fd14,bebes,57,833,4,5300.0,40.0,10.0,40.0
b4b41230d7134dd767bc903a9c773f18,moveis_decoracao,24,292,7,10700.0,100.0,55.0,16.0
d00c845d98a49bda7c00543fa86d2540,esporte_lazer,53,674,1,400.0,21.0,19.0,19.0
e4ca5b20cfe1a020e15e36fe14e880ee,eletronicos,46,331,1,125.0,20.0,13.0,18.0
a88f259a7833d566eb11c414d2011dc0,utilidades_domesticas,39,972,2,500.0,20.0,20.0,20.0
077ff5297832d1a1c3d5be55b8152fa8,fashion_bolsas_e_acessorios,63,328,4,200.0,16.0,5.0,20.0
654eb5dabfc564fb748489541b4ca4a6,brinquedos,30,669,2,353.0,40.0,10.0,28.0
11b87559bbd51bf8e14c5937b9646344,moveis_decoracao,52,421,2,24100.0,47.0,11.0,25.0
c71a9c53596bf311acd9e298a0b3dc42,eletronicos,60,225,1,167.0,21.0,9.0,14.0
74166bb28ab55ae0eef81ed7ff3dff29,beleza_saude,31,3293,1,400.0,20.0,15.0,16.0
99dd027298fab106f907e554d5378825,papelaria,51,286,3,100.0,20.0,20.0,20.0
b9ca577f48894c59a9677f895f9a44bc,livros_interesse_geral,54,582,5,1350.0,36.0,26.0,16.0
0e683e7a71fcb46d071a6b104a685927,ferramentas_jardim,32,389,1,2100.0,25.0,32.0,26.0
c19d5ba108c34b8255cf9a524da92bc4,informatica_acessorios,40,413,5,150.0,16.0,16.0,20.0
2e16e3a2053bf969c7805b59f2693d29,beleza_saude,50,1038,1,180.0,18.0,9.0,16.0
e4ad97ce352e46bebac92018f6ed976d,papelaria,51,205,2,7750.0,28.0,55.0,37.0
96d76d5a8ce6f19b3072a336fa1aae49,beleza_saude,51,389,2,250.0,16.0,10.0,16.0
716fce31a0173fb20b8b729d68f1446a,informatica_acessorios,45,703,1,600.0,32.0,14.0,12.0
746c36df2702006bac777bbb9bf8a0a5,esporte_lazer,43,1545,1,700.0,16.0,15.0,15.0
20f6c06bf31cde013ae7f2429468abc9,automotivo,58,233,1,480.0,18.0,8.0,14.0
c41cb239626c439032c226463d082c9c,moveis_escritorio,35,2524,1,16100.0,58.0,28.0,58.0
1fd3bb291e0dba9d6081eb914303993b,utilidades_domesticas,33,247,2,350.0,30.0,30.0,30.0
515778ec4dcf81869530fe93e6710ef8,automotivo,54,383,2,100.0,16.0,10.0,15.0
c83cd797bc7742a94927dfce4efff001,esporte_lazer,55,2173,5,2100.0,80.0,8.0,15.0
616042729c11849827291496b18e9ec5,esporte_lazer,45,891,1,300.0,16.0,16.0,16.0
e0cc4c7d6a254af178315aa78d7b5256,variedades,,,,300.0,16.0,2.0,11.0
c0cd5acdd53e22c35108d81c51a0c158,variedades,56,125,1,1300.0,20.0,20.0,40.0
061b4ab52739c3c14397c29df80c597a,eletrodomesticos,59,141,1,300.0,27.0,13.0,17.0
563c0dd33258d3c44d1b9967cc148341,instrumentos_musicais,33,409,4,500.0,16.0,8.0,12.0
7666acd3cb60e97bf02449e36be0c02a,esporte_lazer,20,2001,1,200.0,20.0,10.0,15.0
b347f323a4bc9487c03bdf98ccdfa8f0,telefonia,59,1165,2,550.0,25.0,20.0,20.0
f77f20c1a1388be25a28915996991f97,moveis_decoracao,43,1719,4,900.0,53.0,8.0,11.0
b046edc1f57292dfae7c3fa60d30ccc1,informatica_acessorios,47,492,1,250.0,18.0,9.0,16.0
e95fb3a80ca294f39de925b6428f3a32,artigos_casa,29,263,1,1300.0,33.0,9.0,38.0
1e60f484bfeb1c1eadf273f6318738c0,relogios_presentes,36,463,2,475.0,23.0,20.0,20.0
08c3e65af1719834cab72d27dc6b506b,bebes,59,867,2,10600.0,32.0,44.0,70.0
27066995b777fb84dbcb25961fd6d007,brinquedos,44,619,2,700.0,16.0,21.0,28.0
34476af6d3d70a896db8dc512f43d627,malas_acessorios,45,348,4,450.0,25.0,40.0,11.0
76f3a48853690a1aacb7c3adc9831ccc,esporte_lazer,57,545,1,17100.0,32.0,32.0,32.0
8473872cbf0ba205b447e8651bd6e03e,esporte_lazer,60,1142,2,250.0,16.0,4.0,11.0
b59b5899ecf4bcc294a72fdd48adaa94,telefonia,55,419,3,225.0,17.0,6.0,13.0
ce846b23f06e1c42afbc68efc1d35b82,artigos_casa,58,636,1,1400.0,16.0,10.0,16.0
dd1d87b703e4d762b3ecbb5146295361,automotivo,41,266,1,279.0,15.0,10.0,17.0
9b79fa6654cc0c0440fa9a1f52d2f248,perfumaria,59,1295,2,600.0,19.0,9.0,14.0
5b17fc881ead1246f09b897c7027ae83,automotivo,47,512,6,50.0,24.0,2.0,17.0
ed63424b3f5b4d29c94bbb3d965240f5,perfumaria,34,1138,1,150.0,17.0,13.0,12.0
b2572a992f6ea1d1a7eb518d54e64620,moveis_decoracao,26,669,4,3600.0,26.0,24.0,50.0
df5a9191c2465bb6f8538b6b3371e019,artigos_casa,56,1237,3,663.0,31.0,6.0,31.0
81825b8f118d301ef4933de64545b307,utilidades_domesticas,60,402,2,10100.0,31.0,61.0,31.0
0b0918a3b5efe0c8ea609a26b14e1bff,telefonia,60,752,6,300.0,17.0,4.0,12.0
83b6f73c0ad25d9b469deacf8da19d80,relogios_presentes,58,136,4,200.0,16.0,2.0,11.0
bfea93163f55ed2b752b71963493ded8,iluminacao,48,538,2,2700.0,20.0,16.0,37.0
f9259c9e7c0f12c70f7a81409680a5ff,esporte_lazer,45,407,2,925.0,52.0,21.0,33.0
99993da1a1a645e779c9b8ab09b09f30,automotivo,60,703,6,7575.0,56.0,11.0,32.0
fe644da1135fedca6aa0bf794fab71be,artigos_casa,50,382,2,3100.0,47.0,21.0,41.0
b0ee5b44e0d84e8112aba1492bab0a60,pet_shop,20,870,1,520.0,16.0,11.0,11.0
b823551434fcf1d7f42527b9cc0b36b7,fashion_bolsas_e_acessorios,44,1359,2,150.0,16.0,2.0,11.0
7d33844ffd50c5fb265a1e0ba03d9470,consoles_games,23,464,2,150.0,24.0,5.0,24.0
2ceff09b2c03503b6dfe7b076c6f0c1e,beleza_saude,45,2208,2,150.0,16.0,6.0,11.0
af98356c2ad46bed20c994d7102260d7,artigos_casa,60,296,1,14600.0,50.0,30.0,40.0
54f777c90b177faa65e9901c297d5204,perfumaria,30,138,1,100.0,22.0,7.0,16.0
a7aa202585393c58cb1351de084b4dbc,audio,60,882,1,400.0,21.0,7.0,11.0
50dc647b3482fe19d838513cf88482ad,instrumentos_musicais,41,982,3,11900.0,105.0,15.0,45.0
90887320b08d184abea26df9426a01e9,ferramentas_construcao,58,338,1,1450.0,20.0,8.0,20.0
e5be5333cb5acab251c28955c22b9fbd,utilidades_domesticas,43,530,3,1050.0,25.0,10.0,36.0
219afb1f0e44578d70b027c74e50ce74,relogios_presentes,57,457,1,625.0,16.0,11.0,11.0
d8d1550e51037a51a94b377c8361d637,beleza_saude,54,2058,5,500.0,30.0,17.0,30.0
64464a1e471ff30f71b31bad5d656f83,artigos_casa,29,451,1,200.0,20.0,12.0,20.0
8aefc25069d9ccef99f9f08d4a869ac4,telefonia,48,342,1,183.0,18.0,4.0,11.0
ec53d5cd09b1dd78aa48a7d076fc51b1,alimentos_bebidas,58,1316,1,75.0,18.0,13.0,16.0
0092a9e1c8a471753ed7ffa7eef5086e,beleza_saude,48,1411,1,350.0,16.0,16.0,16.0
0ad9bbfebaadb488b2fe87504b871c88,utilidades_domesticas,52,402,2,800.0,26.0,15.0,16.0
b8fbd66f1621afeb9c510b4b9705a5b9,bebes,56,2135,3,1500.0,42.0,22.0,37.0
0c79aab7a6a2449f932887fb3c8d0127,automotivo,43,420,3,250.0,18.0,9.0,14.0
dad26ceb001cd2ad238e30d744bd9aa2,esporte_lazer,47,2554,3,1000.0,30.0,20.0,20.0
46ed0917b696c5c8c934e368da2fec36,artigos_casa,60,680,1,1225.0,19.0,17.0,22.0
baf95b82c2638f006cec87098e8b1023,moveis_decoracao,59,2064,4,5400.0,85.0,10.0,40.0
56bebf1fde63ae23809cc2fae7f9574c,automotivo,59,1656,3,850.0,16.0,21.0,18.0
88bd8458fdc2ceec3e71ef1d867a7b45,telefonia,42,260,1,175.0,18.0,4.0,16.0
8bdd0de5a3c80c06473456b077c17653,artigos_casa,56,122,3,800.0,22.0,13.0,16.0
969658926980bc36e0ed615132724ac7,automotivo,53,610,1,210.0,21.0,17.0,23.0
c6e4e4c07bcb50a1dc0d54fbbb7ebbe7,eletrodomesticos,57,65,1,700.0,38.0,35.0,38.0
d728859ed699df890281fe11d7b81673,beleza_saude,46,490,1,537.0,24.0,14.0,18.0
7ccdeb231b869e61d5663c82dcd499f5,moveis_escritorio,48,2223,1,15900.0,58.0,28.0,58.0
b60856ce32d90658dbf99b9485327c25,eletronicos,40,429,1,150.0,25.0,7.0,16.0
9d60109d64bee97e7112ea96e57992dc,fashion_bolsas_e_acessorios,24,417,2,400.0,16.0,12.0,16.0
677863732107706b878df62cdc8eaf8e,brinquedos,58,576,2,6617.0,46.0,33.0,35.0
2a203c7d3cf8a035ba90363e9a9f0810,brinquedos,60,434,2,150.0,30.0,21.0,23.0
81de659bfde3389fc8614bfba92e585a,moveis_decoracao,52,757,1,11450.0,45.0,35.0,45.0
05feccd482d35726d6f80e60df25db86,variedades,,,,1400.0,16.0,25.0,15.0
c779ecde09b3c3f75e0ed112fecd07c3,ferramentas_jardim,60,1543,2,20650.0,33.0,20.0,100.0
3fd371205bcc8fd75d0711e30ee46ebf,utilidades_domesticas,59,691,2,200.0,16.0,4.0,11.0
427a9f5e8a9d47c60adc5ae34e2657d2,utilidades_domesticas,58,512,1,700.0,60.0,10.0,13.0
17955d2806f5d00146744b206f2dee1a,informatica_acessorios,53,229,1,567.0,27.0,14.0,12.0
982a0a294a593c7489a1a0a616b5e7c6,utilidades_domesticas,30,596,1,880.0,16.0,25.0,23.0
16ff579c7dd128062ca085e13094fbe0,instrumentos_musicais,53,731,2,125.0,17.0,3.0,12.0
b6106bf3d09b8fdd33c3a9559da43145,moveis_sala,57,725,1,30000.0,48.0,52.0,75.0
8707c6feb8f1d552e3d70b590481bec4,moveis_decoracao,63,2733,5,5650.0,46.0,9.0,36.0
d0ff65b2782e494c2c5b66e19a6e2902,moveis_decoracao,52,253,2,661.0,26.0,20.0,30.0
3ba33cff9875e472a110e56e1db299bc,esporte_lazer,12,142,1,1300.0,42.0,18.0,18.0
793fdf9c1646a4d7cd020f9f0898450c,artigos_casa,53,293,1,500.0,16.0,10.0,16.0
490b7f74cbef35be4b6b69bb5f177386,esporte_lazer,43,1158,1,150.0,16.0,17.0,22.0
0c46413e9062e5e91fdf39a9142427b5,fashion_bolsas_e_acessorios,32,434,1,100.0,17.0,3.0,12.0
fc8b21a0fa8ae9622a79bd557b380961,audio,60,905,2,350.0,16.0,16.0,11.0
972f43585f3080ef953aed0609cb416c,informatica_acessorios,51,223,2,817.0,16.0,10.0,15.0
9a858b9c47bfc94a3b1548364f9324ac,pet_shop,60,872,1,200.0,16.0,7.0,11.0
f18f40e6344e72cfd537f21d9745e8cc,moveis_decoracao,63,877,1,30000.0,61.0,70.0,65.0
8392bd9333d10e51a2c2fc4596ee12a5,fashion_bolsas_e_acessorios,38,160,1,200.0,16.0,7.0,11.0
0eb794467bd4768dfbf07bc52a122baa,relogios_presentes,43,576,1,550.0,16.0,12.0,11.0
3ca5e19399b1bf5a02f81dbbf551a3d5,artigos_casa,54,665,1,750.0,30.0,3.0,24.0
9cfe1073092d13dbee42c8348924c118,esporte_lazer,49,317,1,300.0,21.0,26.0,21.0
6516d379bfcdbdc245518a279cee2a7c,artigos_de_festas,60,301,9,3000.0,40.0,35.0,40.0
468a4d241243dd96169888c0ad022086,pet_shop,53,886,3,1150.0,30.0,30.0,30.0
e074a9475a45986522446e523ec06686,variedades,57,748,1,4315.0,55.0,13.0,34.0
7bba94ded780db46c857a6ce6db81c5a,automotivo,57,487,2,50.0,16.0,2.0,11.0
4a1975e051dd609815e4ddbab2fd8c57,pet_shop,47,1047,1,9075.0,66.0,11.0,48.0
fdd6cd13962a20732851bc7cefd37549,artigos_casa,53,190,1,350.0,36.0,4.0,25.0
89321f94e35fc6d7903d36f74e351d40,alimentos_bebidas,59,982,1,150.0,17.0,13.0,13.0
10e33205ed375c8e4dc957633ae2ed83,agro_industria_e_comercio,59,436,2,6650.0,46.0,76.0,46.0
cbcf718a3400ee5b15ac8d78559e6bb6,beleza_saude,50,878,1,350.0,19.0,12.0,13.0
6592908f0a4f6e2de91310126cd1b08d,telefonia,20,538,4,189.0,17.0,15.0,15.0
32a99bb84ae79a55c0e446afc9310e1e,variedades,,,,200.0,16.0,2.0,11.0
6d6bbd5f721f3f5c506907043b72b3b3,brinquedos,49,1309,1,900.0,45.0,15.0,30.0
93d8b11d613a563f5a26212282bb145e,moveis_decoracao,60,1629,1,400.0,16.0,2.0,11.0
e2233eb95758086f30d2d918b76dbeca,moveis_decoracao,60,2059,3,3000.0,69.0,11.0,11.0
15d44826d5399e2de342314886ff0e05,esporte_lazer,52,822,1,2400.0,21.0,21.0,21.0
b7538ba9e18ac05ea16d53aea0867f24,artigos_casa,58,686,1,10550.0,45.0,35.0,40.0
816c0585d491ed8127cebbb3dc7c89cf,brinquedos,50,1198,2,6000.0,65.0,25.0,35.0
07acd9ac393e5b30aded00de63d80e14,esporte_lazer,37,388,4,400.0,23.0,11.0,15.0
35099f8f045d9d26eca4cd4dfedf7320,perfumaria,33,738,1,500.0,16.0,16.0,16.0
eebf94b514dfad1c44c4f066a94fb732,artigos_casa,56,487,1,1200.0,50.0,16.0,44.0
7185389e32acf9c5c5f61e6a23c0ab3a,artigos_casa,49,1077,1,4500.0,26.0,26.0,36.0
576dcab3751246040666eae5a0bcb315,eletrodomesticos,55,407,1,3550.0,55.0,19.0,46.0
fb4363c293445382596484ff01de78bc,relogios_presentes,31,557,1,430.0,21.0,14.0,16.0
900a1000340c354f62ee5f07f3a080ac,ferramentas_jardim,51,860,2,1300.0,30.0,30.0,30.0
75c06ee06b201f9b6301d2b5e72993f8,perfumaria,54,939,1,50.0,16.0,5.0,11.0
0900e9b18da6627157a7e47a8ac8fc08,relogios_presentes,56,179,3,200.0,16.0,2.0,20.0
a888ac66042ddd2f1ecb410941c0db49,utilidades_domesticas,58,355,2,2000.0,25.0,5.0,25.0
d2fdf77a5b302a3adfb145131a217f2e,artigos_casa,48,486,3,1000.0,45.0,15.0,35.0
c28d0e4df4c6507137950f31b9bed1dd,ferramentas_construcao,58,721,3,8250.0,48.0,14.0,47.0
83777748fe8142e20372f7edc51991ca,utilidades_domesticas,46,539,2,300.0,16.0,16.0,16.0
537148287359f3f816095b3bfc368130,artigos_casa,60,340,1,3600.0,35.0,6.0,25.0
2146114f819e6e6b2bd299addcd4bae1,esporte_lazer,36,875,1,166.0,17.0,10.0,13.0
a177ae30ef17394975b58f6d5883a56f,pet_shop,47,725,6,14150.0,45.0,20.0,35.0
6a9a583a5a3b8b97ab2839b4ad543bb6,esporte_lazer,57,3195,1,3800.0,31.0,33.0,32.0
dbc7aaf61b2639b1f282509ff1349bec,eletrodomesticos,52,220,3,300.0,27.0,15.0,17.0
58d412a7724e865ba73ae3b5b27bf481,fashion_bolsas_e_acessorios,56,283,3,100.0,16.0,6.0,11.0
2c264f8d74057022201e449be6150956,artigos_casa,41,729,1,1050.0,20.0,30.0,30.0
45af706a261242e1f74e90aee7b49a5b,artigos_casa,63,799,1,1500.0,43.0,5.0,30.0
9a5393d4713520f3751a62e79de3dfbe,automotivo,55,105,4,7600.0,45.0,14.0,18.0
1c185f17bc0cdfba85b49cc9724b1ce4,artigos_casa,54,182,1,1352.0,37.0,9.0,30.0
2ab7dca60e8a55e3172c3e757111f25a,artigos_casa,52,729,1,6700.0,20.0,30.0,30.0
564e4a218887ce7c6934723cc716d297,esporte_lazer,57,787,1,3200.0,30.0,42.0,20.0
ce473625077f1b15bb6e73b9d0354666,moveis_decoracao,55,288,4,1200.0,55.0,20.0,25.0
740d6d43b4024544171093587908a23d,esporte_lazer,41,1215,1,3600.0,36.0,23.0,21.0
b69eb25e3a4def8e9cddee18712e0c5e,variedades,59,993,5,7750.0,34.0,33.0,33.0
9407fd9807ea10c6e90e0331c34f0f14,fashion_bolsas_e_acessorios,38,801,1,100.0,16.0,5.0,16.0
64c8a86009dbb2a079c083b315733c49,bebes,31,1002,1,900.0,40.0,20.0,35.0
6f5795735ab2c629b22669fe889b7903,utilidades_domesticas,59,1998,7,5950.0,50.0,29.0,29.0
9a1497459e5fa13235a83d67111a8e7b,artigos_casa,54,687,2,950.0,32.0,5.0,30.0
5e485a77230bcac5c7506a77a9f71267,variedades,55,831,1,1400.0,45.0,30.0,20.0
86aa61695c6b6cbf8dbbd986e04f673c,artigos_casa,43,861,1,400.0,20.0,10.0,20.0
aab4ed0a026e2f1d486ff1556e12b7e7,esporte_lazer,52,487,5,600.0,35.0,8.0,25.0
d47b66f4d980a10ae5c5aa2222928741,beleza_saude,34,1425,1,717.0,31.0,15.0,22.0
07212eaf1754d46acd245fe7346b8d41,ferramentas_jardim,58,514,2,400.0,40.0,10.0,20.0
b514de4b3d95c155ea6535df020af4b5,moveis_decoracao,37,471,1,700.0,20.0,20.0,20.0
4fa0d1019affe5fe2c492c00422f01d8,fashion_roupa_masculina,56,362,1,450.0,16.0,16.0,16.0
4ea49b3aa2f6935d765edbb113932311,consoles_games,60,490,2,100.0,18.0,16.0,16.0
933f4f76eae38d2a97ecfb7c6355f0bc,beleza_saude,58,998,3,633.0,32.0,17.0,16.0
cd3835370fe681dd37af664b5f84d88e,pet_shop,48,510,2,650.0,45.0,10.0,25.0
c400ab88cf8df22f426e5f205bd0a755,utilidades_domesticas,63,1459,4,2000.0,16.0,16.0,16.0
465af64ab23573e4e48c31bcc099b801,relogios_presentes,47,709,2,300.0,16.0,13.0,13.0
25f86162fee18735fffdb762dcb10d7c,artigos_casa,58,2400,2,10800.0,54.0,27.0,36.0
af3da1cd239d042efbbf8100b9ef2156,beleza_saude,40,476,1,400.0,16.0,20.0,15.0
1a6f6c1a25598378fea659d719fcdc5c,ferramentas_jardim,57,1589,2,2475.0,38.0,38.0,18.0
ad2037645597db38527fe3afbe226af2,alimentos_bebidas,48,886,2,850.0,22.0,17.0,17.0
0bb987ba9ab94c3db5f831375f9d8a5c,artigos_casa,45,214,1,8800.0,35.0,19.0,44.0
1179867d805886591809f49767db9ecd,informatica_acessorios,52,570,1,1350.0,23.0,9.0,23.0
8eae309a711208a0e5e41e110cddb1ee,alimentos_bebidas,40,345,1,2200.0,16.0,32.0,11.0
dfb1a850d59b126de9fa01dcde19b43d,brinquedos,49,949,3,600.0,20.0,25.0,25.0
6421588f55f75de28cb3357e07723d14,artigos_casa,59,641,3,1050.0,16.0,10.0,16.0
073afdaeb2d71d4da3ce0c6935614289,artigos_casa,49,385,2,900.0,30.0,10.0,20.0
9b564ab4807c6c00dcc56a91c5e1c8a3,variedades,,,,550.0,22.0,22.0,22.0
de9e51e0f1279f42d5b0a82642bfa78a,seguranca,60,1558,3,1550.0,26.0,27.0,21.0
cd98dfe8c9e4a7e14da489ba34f3a845,utilidades_domesticas,35,612,3,300.0,40.0,5.0,40.0
79355354c83d32c3d44a80e6cbca1b8b,utilidades_domesticas,59,2814,7,1050.0,30.0,12.0,30.0
6845c32e0103ad1fa34cf6f9263249f6,variedades,56,996,4,1520.0,31.0,16.0,14.0
c43bdc444e037ff4f6c4c6e307063572,utilidades_domesticas,59,754,1,30000.0,60.0,46.0,43.0
3d4784f9a07ca5de370c86800589c860,variedades,,,,1350.0,16.0,7.0,20.0
67eadd97b6db18d9681c7939c91c98e3,ferramentas_construcao,60,962,2,950.0,16.0,16.0,11.0
f142a5ca78eb112cafbcf29f9a43eca7,telefonia,58,298,1,50.0,20.0,20.0,20.0
40e9fb75d3f96d5cca8fe7af35675ed0,perfumaria,38,673,1,150.0,16.0,16.0,16.0
eaf2df1ba085ead0c130576b6ad37b2c,artigos_casa,63,643,1,1600.0,38.0,7.0,28.0
078be1a14d008274672847d880f0bfd5,fashion_bolsas_e_acessorios,44,110,4,375.0,17.0,4.0,13.0
0ddc12518a71c5561e6c1054f3816a3e,utilidades_domesticas,41,1020,1,600.0,25.0,15.0,20.0
979473e8af1d4eaf4b889a0ba32834ce,artigos_casa,54,559,1,1050.0,16.0,10.0,16.0
d1200350f8bc6cb9912779929193c5a0,bebes,56,1397,6,13575.0,73.0,83.0,40.0
11a0fdc4251f15bb96dbfff7ef5475eb,moveis_decoracao,59,2007,4,2850.0,69.0,11.0,11.0
af322f53ac46d23069c8ce5a98632cd7,bebes,49,375,6,200.0,29.0,7.0,16.0
ca165220cdeb3367ea870193baf4a7cd,pet_shop,60,367,5,1600.0,40.0,17.0,40.0
47a517d507c8d62a3bbc91d747b5b7af,beleza_saude,42,913,1,1082.0,19.0,16.0,17.0
fac21a1c91c8001793435c475fa7f032,musica,58,490,3,250.0,24.0,12.0,20.0
19956d26cd122df3d47e86b631f1bf4c,esporte_lazer,60,456,1,570.0,33.0,21.0,32.0
78152208e4708853eaeab9e516855314,automotivo,50,668,1,100.0,20.0,15.0,15.0
15bef25125df6626665f702257bd1e79,beleza_saude,59,1343,3,150.0,16.0,6.0,11.0
813abede22d2496612b447a3f55f629e,eletronicos,54,296,5,225.0,18.0,10.0,14.0
1eb85357e22bf0c8c2a6f10eafad8423,consoles_games,49,496,2,700.0,17.0,7.0,17.0
8e62a6c85ba7c71b607e8e7fdcefe109,utilidades_domesticas,59,1053,4,550.0,16.0,8.0,11.0
49edaf05a81224abe21b929ea492ccf9,esporte_lazer,50,906,5,4375.0,42.0,26.0,33.0
bc75afcd6671acc797fb53a6835c83c8,automotivo,47,406,1,1100.0,40.0,30.0,11.0
499bf152a2df4c2caa45d1c34342ddec,relogios_presentes,60,262,5,200.0,16.0,2.0,20.0
f7c98cd8b2d4d3b9a2d1322721e60a5a,iluminacao,58,2025,1,3200.0,18.0,23.0,25.0
0561435e3af107a3bd2104466ad5985a,artigos_casa,40,313,1,900.0,36.0,6.0,26.0
0cd9f302c8a5b076ffa5c3567c6705fd,informatica_acessorios,22,716,2,200.0,36.0,2.0,28.0
d84895a804248d73a16480c0b2e18604,esporte_lazer,47,527,1,1150.0,26.0,25.0,23.0
dbd91d7511ed7f4e61be3a191082644e,perfumaria,39,586,1,567.0,20.0,13.0,16.0
f67f7aa7e27d08018022abb4bdc90a38,artigos_casa,54,133,3,750.0,32.0,9.0,24.0
774ea72f37a7fbf1fb32b973a18f2348,jardinagem,47,886,5,5050.0,40.0,16.0,50.0
886321836971176f30bc1eff5237c263,artigos_casa,54,559,1,600.0,16.0,10.0,16.0
e1c6e79822274bf6763eb127ea3a15ed,moveis_decoracao,63,1703,1,700.0,60.0,11.0,11.0
fb34a3bfc66ae09f045f9613fdb7bb5c,variedades,,,,600.0,39.0,8.0,15.0
06acd3480e6a1afb023ad0eb8cdeecca,utilidades_domesticas,32,374,1,500.0,26.0,22.0,21.0
06bf70b6e1d67d96308235ef350edc61,brinquedos,48,284,2,950.0,105.0,10.0,11.0
6971a132d48181b7060704b73f3bfed5,artigos_casa,60,405,1,1650.0,36.0,14.0,42.0
5b99889bdbfc34220f194bf33f4e94bc,pet_shop,26,574,2,250.0,16.0,4.0,11.0
aa6746e94490239d3d9ee6ab89779aba,eletronicos,37,90,1,500.0,16.0,35.0,25.0
06db40df51cce7cf21aaf53f8f8be312,esporte_lazer,63,556,2,300.0,20.0,6.0,13.0
74a5674a56a91708881d311a6b23e74d,perfumaria,45,957,2,150.0,16.0,9.0,11.0
5f94420195fe54db4e88348ee7a0f2f2,artigos_casa,58,377,1,1000.0,53.0,3.0,53.0
943c812216923e4244e83099e0c62a08,beleza_saude,59,1912,4,1000.0,16.0,27.0,25.0
cad2db5e318d7283a234c517b2f28a42,artigos_casa,60,259,1,1600.0,30.0,5.0,30.0
1f347a9e26fb793f3730f30deecc682f,livros_importados,59,195,1,800.0,30.0,2.0,21.0
8cd9fd2917c6e1b0f29acae309d564fe,malas_acessorios,45,223,1,800.0,47.0,10.0,32.0
250d3bbd3f39ce52def101057e586b0f,brinquedos,47,271,2,600.0,30.0,27.0,18.0
8a9e6069daf723d19d2f3644f30a0045,utilidades_domesticas,60,315,1,4650.0,52.0,20.0,38.0
9bc0b0cf5d074be7d532d216a92ec874,moveis_cozinha_area_de_servico_jantar_e_jardim,60,660,3,30000.0,46.0,90.0,46.0
89b121bee266dcd25688a1ba72eefb61,informatica_acessorios,54,1169,1,150.0,16.0,16.0,16.0
af9286fea546444115e891fd9dcce117,moveis_decoracao,29,330,8,200.0,16.0,16.0,16.0
02e27630510d16a95a473d9b35959d3e,telefonia,40,361,2,100.0,19.0,3.0,11.0
6e77b89d36e50217e6793780a8ce5c82,telefonia,60,777,6,300.0,17.0,4.0,12.0
49e142d8098b20ff2dc9ec73cdd5afec,brinquedos,42,844,1,150.0,28.0,13.0,22.0
a60473775ca8f0337ed9af1b1f55ede1,moveis_decoracao,63,254,2,2250.0,48.0,12.0,40.0
de5ce39f07b1fee65546f145ae25e3be,automotivo,46,183,3,306.0,28.0,15.0,15.0
3da76d120922f2c5c94b3ec02db563c9,utilidades_domesticas,56,498,5,4100.0,31.0,31.0,29.0
260007563bc92a855dc7c6b8806fa3af,fashion_bolsas_e_acessorios,25,403,5,200.0,16.0,10.0,11.0
569962b1062cbaf02b768a3fe810fdd3,esporte_lazer,25,211,1,850.0,51.0,18.0,11.0
9c80faf015584ca6ea94e6d59148c4a8,brinquedos,46,523,2,11200.0,70.0,30.0,30.0
26a2fb5942decfca6995cab323903413,relogios_presentes,49,595,1,500.0,23.0,15.0,19.0
aa56ab71ba080a7d38971fc64e9cb732,artigos_casa,55,447,1,400.0,16.0,10.0,16.0
5b4b1b784b2ba10717ef4a338809f776,bebes,27,1663,1,200.0,16.0,22.0,16.0
bfe7e7ae5f1ec626a4a85d98712bbbb9,instrumentos_musicais,59,755,2,1450.0,20.0,15.0,90.0
e8c389b93037dc27ba9eb2b1270ad55c,utilidades_domesticas,48,1544,1,9750.0,30.0,48.0,27.0
ac946196783ec18b207ead8a00d3f5c4,bebes,39,740,3,167.0,21.0,15.0,15.0
ebf994c2e4f532cfcdd500a64af8b69a,utilidades_domesticas,52,463,6,700.0,28.0,20.0,28.0
308e4e21ae228a10f6370a243ae59995,moveis_escritorio,41,1083,1,8250.0,53.0,74.0,18.0
112c1451beb754fad2e4b654fc84dabc,beleza_saude,48,800,1,775.0,16.0,27.0,24.0
abc3432ff825d8e524db1d4eac6d2099,telefonia,54,713,4,150.0,17.0,10.0,13.0
7595cd7f319221fe4153dfd0db083582,utilidades_domesticas,53,1169,2,1000.0,70.0,10.0,15.0
a319b66ab6cabbb2810942860c1c8a3c,ferramentas_construcao,46,3072,1,2300.0,16.0,19.0,24.0
704706b137a32978f55b31f47aa806b5,brinquedos,46,384,2,6200.0,54.0,28.0,20.0
35084deab9603bbb6035bb8638b1df89,moveis_decoracao,49,100,1,1200.0,25.0,25.0,20.0
cdd914e78124a73cc28a165cfc4a0bbc,livros_tecnicos,34,1580,1,1800.0,29.0,3.0,21.0
7f1c32fb404e8cd4b901a3347a96f66e,relogios_presentes,54,267,3,700.0,23.0,15.0,19.0
37167b49712cb4ce822d51958a4ec0c3,beleza_saude,48,1859,1,3300.0,30.0,10.0,17.0
337f10f83d8ba37edab89b7a0e9f32b0,beleza_saude,41,3388,1,150.0,16.0,5.0,17.0
66e486a74463415852ba3e428c4b50f4,telefonia,36,269,2,50.0,19.0,3.0,11.0
7638edba4cfcace983ea5ebf8f9a8244,informatica_acessorios,37,946,1,393.0,28.0,13.0,23.0
5b8a5a9417210b1b84b67b9a7aefb935,informatica_acessorios,58,509,1,117.0,21.0,12.0,13.0
c710abcf9c3ea4959107590f2c5bf6e6,esporte_lazer,41,194,1,200.0,25.0,20.0,20.0
4c3165e9df5c5d143e67b5cb41ddfd13,fashion_bolsas_e_acessorios,54,725,4,500.0,30.0,26.0,22.0
187b442eb4df48574faa31381921991f,automotivo,60,862,2,800.0,42.0,12.0,42.0
bf35317e81a1e1477a2256328bce9e9f,perfumaria,53,1580,2,300.0,16.0,10.0,20.0
507860a079d200267e4d13b76ce1d978,esporte_lazer,50,3604,1,1350.0,16.0,5.0,16.0
f74fae536818c7dea74d1e3d629fbbc7,esporte_lazer,59,1694,1,3000.0,85.0,15.0,23.0
c4a45b9505564b0de1ff3e79062cffd8,moveis_decoracao,56,282,1,1100.0,45.0,8.0,35.0
9d9e4204b9eea9b05299d1a3e91986c5,beleza_saude,36,1343,1,350.0,20.0,15.0,15.0
0cc96a3f64ff4585c941ab9aaf043f18,moveis_escritorio,53,2324,1,11000.0,58.0,20.0,58.0
63c6e184ddfd2f0879921b9455b21067,informatica_acessorios,55,184,1,400.0,16.0,5.0,11.0
b861b1b731a9102704784b9912aca82a,variedades,,,,850.0,37.0,6.0,35.0
bf0fb54ca0888fce3109ad83c00617c4,beleza_saude,51,379,1,500.0,16.0,18.0,16.0
5f09b4a957ee45628820bf10056a1041,utilidades_domesticas,27,139,1,900.0,43.0,4.0,15.0
f282b8032570cf3ce692b8ea7e1b6c53,bebes,40,470,2,8350.0,44.0,32.0,35.0
2f975d4e853248693e67f83c62669a6b,informatica_acessorios,33,958,1,76.0,16.0,6.0,11.0
553db989ee7f8afb98f8fb680d30050c,relogios_presentes,50,464,2,350.0,16.0,11.0,11.0
39c2d21cf22d1de8f38bb81aabbf44cb,brinquedos,48,210,1,400.0,45.0,15.0,35.0
2edda1e590d6c19e5da8e72acfd2a492,informatica_acessorios,34,298,1,100.0,20.0,15.0,15.0
6b8ad86f112aca07559fb0a4b03835e4,relogios_presentes,50,1289,3,450.0,16.0,12.0,12.0
264afa6d3b31bde30f0f2693c84795d9,beleza_saude,55,1264,1,950.0,16.0,16.0,16.0
4f549dfd88d59f83aa8f32959b50230f,informatica_acessorios,60,258,2,600.0,32.0,16.0,24.0
61d98ab649b0e6e5ac66ded3d2d38fa0,eletronicos,53,62,1,600.0,16.0,35.0,25.0
9fcd84cb1ac702e68624e3df2f1a4d46,bebes,55,1183,1,550.0,17.0,6.0,12.0
7d0e0214a0852cf0c90032c7992cf27f,market_place,51,144,2,125.0,10.0,9.0,11.0
95f04ee255992d18cec1e3df22f82a6b,esporte_lazer,56,359,2,700.0,30.0,15.0,25.0
10c406279c428b45c54cc17645cca63d,relogios_presentes,59,2225,5,300.0,16.0,2.0,11.0
ff90ba6020fbb7d7f56613e213e9dc57,automotivo,55,659,1,3400.0,62.0,9.0,62.0
3a291232233a1095ce36ff646b7ea383,fashion_bolsas_e_acessorios,40,507,3,150.0,19.0,8.0,14.0
b7f5de8962f94f1504be9f58b40a502a,esporte_lazer,28,694,1,1300.0,29.0,13.0,19.0
21d63115435202a00f15d5e4803ce982,utilidades_domesticas,45,631,1,1500.0,40.0,30.0,30.0
f05360c6dc6802b210e182b40509fd15,esporte_lazer,42,345,1,283.0,18.0,16.0,16.0
3350d0f553c213f918a89ce65d269417,pet_shop,59,780,3,850.0,50.0,5.0,50.0
5920a5f8a50972ae043bc4fdff2c7173,moveis_decoracao,60,458,1,1100.0,30.0,4.0,20.0
f84d16882251975d1c1d1c64d551c330,automotivo,40,1006,2,5700.0,97.0,3.0,47.0
bc4c74766d34e4f4f9b803e75d1e689d,relogios_presentes,55,570,1,320.0,17.0,10.0,12.0
c74a37316ea4fc5a410fc4ff2429a048,relogios_presentes,51,1088,2,450.0,16.0,11.0,12.0
2f178dc91b792930e1ff40a77a123506,telefonia,55,588,2,369.0,15.0,13.0,13.0
24dd446745b812ef3347d7ae00f5541f,eletronicos,52,1076,1,1750.0,20.0,16.0,20.0
f663f7a6fc390011dd15492f14205573,beleza_saude,52,556,2,300.0,16.0,12.0,12.0
4a25d757ff72fad7534f478c90be77e6,telefonia,59,751,6,275.0,18.0,4.0,12.0
a5a96bde429831b98e34353c0645a103,informatica_acessorios,54,816,4,3950.0,20.0,12.0,20.0
bf3a3366c9e0b1f5e8de3447d79c19dd,pet_shop,56,1795,4,1250.0,30.0,10.0,18.0
88e87ec91352824cfaf3fb1bdcfe0508,utilidades_domesticas,57,1540,1,1053.0,43.0,35.0,26.0
cbb698a524aa75c4c6c9248368ebba55,artigos_casa,52,294,1,16100.0,50.0,30.0,45.0
3c3a35d265e632d286b29a51496858a7,fashion_bolsas_e_acessorios,58,456,5,500.0,20.0,8.0,20.0
5a4c377d6a26070bde893505958a54d8,informatica_acessorios,59,170,1,200.0,16.0,8.0,11.0
2233b59e8cf2817f9659e52cce3093de,casa_construcao,58,1624,3,9350.0,20.0,20.0,20.0
d1a7965ac8d6ae62c9c1984434227cb6,informatica_acessorios,45,663,2,1100.0,30.0,30.0,20.0
54aa236e8ff33e6f8bccd2ba26daa29b,artigos_casa,30,352,1,1050.0,45.0,11.0,11.0
b425dc9d3b678699e36a62753d0f51a2,esporte_lazer,47,558,1,969.0,24.0,22.0,17.0
6ff1fc9209c7854704a4f75c9fac41b4,agro_industria_e_comercio,59,489,2,233.0,16.0,5.0,13.0
3f90ef42e637c17203bd0ee040c16de0,artigos_casa,49,147,1,450.0,40.0,4.0,30.0
bfbb69c5813c20a95466cc03a1274efd,artigos_casa,52,286,1,1400.0,45.0,15.0,35.0
6f58bad9504178efd4b89d4cd920672a,relogios_presentes,37,312,1,350.0,20.0,11.0,17.0
3d59253b36345baaf95246491607ab6e,esporte_lazer,51,209,1,2000.0,66.0,15.0,28.0
17f1ed2a8b51d7dfdd9fec1ecc1c9abd,automotivo,38,406,1,600.0,20.0,10.0,20.0
e6c6f1449d623d6f5d534e64064b8dd3,utilidades_domesticas,38,206,1,250.0,18.0,11.0,13.0
ee9fa20ef71389d9840475debed60d82,artigos_casa,49,190,1,970.0,37.0,10.0,30.0
eb1c2951b5beaa83e9a1ad096c9a2b0d,telefonia,55,463,2,150.0,19.0,4.0,11.0
31f2e4933e944d9fec681a639581accf,utilidades_domesticas,34,678,2,1720.0,30.0,19.0,13.0
a39d32adaf8a947212a35a42597b958e,informatica_acessorios,55,501,1,300.0,16.0,16.0,16.0
11165ade430c6cc010bb0042fe88d150,brinquedos,47,994,1,900.0,50.0,40.0,35.0
b03d643b91ddef4385e8124891b237eb,bebes,57,802,3,1850.0,36.0,31.0,19.0
664085fcb2616db929da15dc9ac204b4,telefonia,58,818,6,350.0,17.0,4.0,12.0
ae7893ab2f9eec6630b5098e6362adc2,bebes,27,92,2,5600.0,25.0,37.0,36.0
50ff36bb35c58748cec5ead466a68aa4,fashion_bolsas_e_acessorios,30,203,1,150.0,21.0,9.0,14.0
2f11a6e56500357acc716ab4c17d5bde,brinquedos,35,188,1,600.0,25.0,25.0,20.0
bfa3d6cdc62f90365c2a895263e371a0,artigos_casa,45,892,1,1000.0,35.0,8.0,35.0
856af50654f3ba4a223ae9b5b8d243c0,telefonia,28,267,9,200.0,16.0,3.0,11.0
e68953b4a25cddae1b8ead360800fffc,relogios_presentes,46,294,1,750.0,16.0,6.0,11.0
0eae0d3fd2fe4e667213525cd676c1fe,beleza_saude,38,157,3,150.0,16.0,6.0,11.0
518cd5de3631fa4c9a2917c244f5ad09,esporte_lazer,43,686,1,1250.0,23.0,21.0,21.0
08ef02b6aae73ad3a385cf1342f609c7,artigos_casa,27,423,1,250.0,16.0,12.0,11.0
671e7e145b2a32685e1429498fe906bb,relogios_presentes,59,167,2,200.0,16.0,2.0,11.0
980036ff323e235a27b7999d343a8990,variedades,33,703,9,600.0,16.0,9.0,11.0
da1b02f306fa97908dcdcb07c854aba6,brinquedos,51,1223,1,250.0,17.0,15.0,12.0
386f49ab30388daa04bab06228b3ee96,artigos_casa,56,383,2,3400.0,47.0,21.0,41.0
4c4ac406dc3f4a2e7805e4b578d0fa0a,artigos_casa,40,107,1,700.0,38.0,8.0,33.0
e17f3829efe631232dabc33c6ab9109f,automotivo,60,651,5,6875.0,64.0,5.0,39.0
8bfcd04b543971c83e16de0ab446407d,utilidades_domesticas,31,948,5,150.0,17.0,19.0,14.0
2d40d83fc97b8d4d468b4ab5a6a0810d,moveis_decoracao,53,314,1,400.0,40.0,15.0,40.0
7958e96171ca669184bf4a085d7deec3,variedades,55,3766,1,5250.0,19.0,37.0,20.0
ef95321bde02d8afc3f4c298e9f4e6d1,brinquedos,51,587,5,16100.0,56.0,76.0,27.0
96ce4ff64224301c9da1dd92fa9551fa,utilidades_domesticas,58,1249,1,19050.0,43.0,79.0,41.0
c8149e3fab6a8301cf95e285e2c5bbaf,relogios_presentes,36,289,1,717.0,18.0,11.0,13.0
00dc8a1b2de45a7fca5921544e5f351d,informatica_acessorios,42,1202,6,1550.0,42.0,17.0,17.0
e63cb7bb4e916e643c1d4785da2b2846,beleza_saude,43,1964,1,12950.0,41.0,64.0,37.0
4439198baadf8e8dcb009f990091179e,brinquedos,37,1266,1,1100.0,24.0,42.0,11.0
2350c74f45b4009cbdab3fa73396c222,eletrodomesticos,56,575,1,1650.0,50.0,2.0,37.0
4e53a453045707bbc5febcf5f32097ac,informatica_acessorios,51,831,2,250.0,17.0,35.0,32.0
4573d8f4ebc14fa74542265b9c01d065,eletrodomesticos,60,92,1,150.0,18.0,8.0,13.0
217967bea3b974779feb2aabef6c9592,eletronicos,37,204,1,100.0,22.0,6.0,16.0
f9a1a72d4069bf9570e29b9c620bef07,variedades,,,,700.0,17.0,10.0,16.0
9fe9a0df683befa474d984548f5e8f3b,esporte_lazer,40,385,2,250.0,23.0,23.0,23.0
79be3804af052f5d6a473dfdeaa38f06,informatica_acessorios,59,164,2,50.0,13.0,9.0,11.0
363447257ff5d59bda202c8fd1e2c53e,utilidades_domesticas,45,1632,3,400.0,24.0,15.0,15.0
06a63a471d8a08878526b37a1baa66a5,perfumaria,48,1263,3,700.0,16.0,16.0,16.0
10dd77710da08ea43018cb3b4cedff92,esporte_lazer,58,1185,3,400.0,27.0,10.0,28.0
8d5bbc001d7ef91744f07fecab6681d3,esporte_lazer,59,886,4,475.0,33.0,17.0,33.0
6603a1f90a028304a932b64612e2a39b,eletronicos,54,726,5,16200.0,28.0,35.0,50.0
246bb3747799aedac65feef38ac9e734,consoles_games,54,1336,2,600.0,18.0,12.0,18.0
397bb9c5f81152d1be599f3069fd2c4d,esporte_lazer,48,239,1,150.0,16.0,4.0,11.0
4472f44fc5c0d4eba5e0842baa32abc6,brinquedos,48,118,1,283.0,19.0,12.0,14.0
c7396c42f79c6c1d83da76a1465dde73,fashion_bolsas_e_acessorios,29,806,1,100.0,16.0,5.0,16.0
898db7c790b120db2acef8288e96d4fd,esporte_lazer,34,604,1,975.0,29.0,23.0,16.0
fbce52c4e7a3898c2ade51f177f77012,ferramentas_jardim,25,795,4,207.0,17.0,8.0,12.0
bbe3b0d92d0f801c389a08e8b1895770,fashion_bolsas_e_acessorios,28,362,3,300.0,18.0,11.0,14.0
d39aa436f0e832d11f2ea052ef6bc77a,perfumaria,36,200,2,300.0,26.0,12.0,18.0
04a4e9d8c0dc6b2b4b8e24ea78a8f318,esporte_lazer,57,723,1,500.0,50.0,12.0,18.0
e5658bcc41cb5f1d1a0b3bde488c2f98,artigos_casa,42,230,1,1300.0,38.0,7.0,31.0
7f9475c2e93957f54e9dd045dd7ce6fe,artigos_casa,53,290,2,17100.0,56.0,38.0,48.0
eaf932b5c1084510c0db4ab4b721fd97,seguranca,36,991,2,300.0,20.0,20.0,20.0
3f14d740544f37ece8a9e7bc8349797e,informatica_acessorios,44,655,1,321.0,19.0,14.0,13.0
7c9d0c4f31e1c76d92518112b8f4b348,perfumaria,55,708,1,200.0,16.0,16.0,11.0
e91ff7c20ffce75705b28b2a7e7586f1,beleza_saude,38,2142,2,2300.0,36.0,18.0,27.0
245934f7e4cec1769f1b1107fc8b1500,beleza_saude,56,3939,1,1500.0,16.0,16.0,15.0
1336ffed1eaf9f489f9f5656f7e6fd81,beleza_saude,42,605,3,100.0,18.0,16.0,16.0
c4e5ffa25998bab21ddca0d28448435f,informatica_acessorios,49,638,1,1075.0,25.0,10.0,25.0
f2dd3514de2473108a6e631aa3f87905,relogios_presentes,42,693,2,500.0,16.0,16.0,16.0
52d7462298cef42b40674396746b0214,esporte_lazer,54,1387,2,2200.0,30.0,20.0,20.0
f890ca4c2a406d04b85f3e33c425213d,relogios_presentes,42,263,1,575.0,16.0,14.0,14.0
be751484da30a0a6f7ded2b640ee091c,casa_construcao,58,1304,1,450.0,30.0,6.0,19.0
ebf5a1e0cf87ae9837d87ab93d47a46b,variedades,,,,450.0,25.0,25.0,25.0
ec2f95440d5e5376e3a25c8106f5ba76,audio,27,1479,2,300.0,20.0,16.0,16.0
e19ed24240b0a59787d78d68f6dded7b,variedades,57,946,3,400.0,26.0,11.0,12.0
afe60f026d04f54945ecf4c085eff7f5,informatica_acessorios,56,235,1,633.0,26.0,13.0,12.0
0bdd9a52d192d64770e33ae559512478,relogios_presentes,55,324,5,250.0,16.0,2.0,20.0
906d93d08e875d127239f1fcb1561500,bebes,57,953,4,984.0,49.0,28.0,18.0
8b6ede776c9602a1db79d27547ff8253,informatica_acessorios,56,1105,2,400.0,16.0,2.0,20.0
c2a9a78ad1d9a0546b72e6889c999e75,livros_interesse_geral,55,2016,1,250.0,16.0,22.0,15.0
10aa0f6833300990dff6f6763cc7ff8a,informatica_acessorios,25,194,1,899.0,20.0,16.0,15.0
a85151563aa02b1def83c9ac2f17e439,pet_shop,54,1069,2,6700.0,50.0,20.0,40.0
203270865d37baf60cc079edfa4fb6c6,relogios_presentes,30,389,1,450.0,17.0,11.0,12.0
5a4491fb73ef5c6689be17bfb30642eb,esporte_lazer,60,608,1,300.0,27.0,9.0,14.0
0cdb6853db40cd5d117e1828fcef99af,esporte_lazer,54,1476,1,2700.0,31.0,33.0,31.0
9ca3b0037aaf1552f3d9d29dc471e0d1,moveis_decoracao,40,284,3,9300.0,25.0,64.0,25.0
152e246b33c879d2b03461be76ca2ac4,moveis_decoracao,56,2010,2,1550.0,69.0,11.0,11.0
11932ee7ef31a4bb2bb4ea148568e7fa,pet_shop,34,763,2,650.0,31.0,19.0,22.0
48d402f7e2e296fe1fb7d29220857042,beleza_saude,52,975,1,250.0,30.0,12.0,16.0
c50ca07e9e4db9ea5011f06802c0aea0,beleza_saude,59,1782,1,125.0,25.0,14.0,18.0
5a2de1e2c45d0602659260c6dd4aff70,moveis_decoracao,49,1449,6,200.0,16.0,16.0,16.0
0b7eae36ce650711b7697a9ced9bacac,eletronicos,56,1036,1,249.0,20.0,14.0,16.0
8999ae93f98ab5d5b5f5efbd4c2b8f88,moveis_decoracao,22,232,1,400.0,16.0,14.0,16.0
01bacce2c74317ed2524bcaabae2e9d4,utilidades_domesticas,40,196,2,1000.0,38.0,39.0,38.0
c98e85b5ade7e2b6ebf0c0435334965f,industria_comercio_e_negocios,54,434,3,350.0,19.0,12.0,14.0
aa48e6651ff3cf9a7dfbaadd40a86af4,ferramentas_jardim,59,580,1,1550.0,27.0,16.0,34.0
bb6b6e173472747c5b94c0b72c4fe56c,relogios_presentes,55,626,2,250.0,16.0,11.0,11.0
cd367ee6a20bd1854d06fb6c41477fcd,esporte_lazer,46,483,4,510.0,16.0,15.0,17.0
a7e3c4e94e2cdb8acd51459762d4c263,perfumaria,45,3869,1,500.0,16.0,2.0,11.0
bbde277e9acc929e96d1ecb114f3342c,ferramentas_construcao,60,260,2,200.0,20.0,5.0,20.0
ac9fba4745c7352cc4038631be412f70,relogios_presentes,59,358,1,425.0,24.0,5.0,22.0
4fc5968ccd1881352d73d321e174df9a,moveis_sala,42,336,2,10850.0,73.0,34.0,22.0
5650f9e1f73d0a1c0176988cf2e950d5,esporte_lazer,55,2070,1,400.0,16.0,11.0,12.0
b7545fcb6846edbe119f90a80889b31d,artigos_casa,55,284,1,5550.0,45.0,15.0,35.0
fd1446e03cb63518fdc2d2e91f6208b2,papelaria,53,175,5,250.0,24.0,7.0,14.0
9c338bc8b9621f8401b46dbd8392ffbb,utilidades_domesticas,60,2272,3,12800.0,63.0,37.0,29.0
dc36a7859b743d8610a2bbbaea26ece9,moveis_colchao_e_estofado,29,2073,2,2500.0,41.0,21.0,21.0
9881e1d8024c8459494c134d29a42cd8,artigos_casa,55,3799,5,1700.0,33.0,12.0,33.0
3ea7e516d573a0445abc7cab48949be0,fashion_bolsas_e_acessorios,45,429,2,200.0,16.0,8.0,11.0
e87c931c62c20f4b62ea85af5e22538a,artigos_casa,54,683,1,833.0,29.0,2.0,28.0
68c923fddf7f83316b53252eaf830724,variedades,33,892,1,1000.0,42.0,25.0,15.0
5ec1f2abfcd415baea5b1729d4cc5f83,automotivo,55,1034,3,3550.0,21.0,16.0,16.0
92c7ec84190a13612cae0baf13804b23,artigos_casa,42,747,1,2000.0,37.0,15.0,26.0
044b06b901539ec1ac136565a97d0fec,esporte_lazer,42,877,1,1979.0,27.0,25.0,26.0
015dfd6612249811b2e147c1f3be048f,utilidades_domesticas,33,912,4,300.0,17.0,28.0,11.0
acd9158ab2b1e11e035c8a40115dcf0f,pet_shop,34,477,2,2300.0,40.0,12.0,45.0
040b8534cb74ddaae70c21541f449630,jardinagem,42,574,1,13100.0,68.0,25.0,44.0
c7208c176705ee9e839f9ada9401d4c6,utilidades_domesticas,53,601,2,350.0,34.0,12.0,16.0
9c204ffd5c81fc50cecadd18f222d091,artigos_casa,56,3843,6,2555.0,55.0,17.0,48.0
d578aee40a4952269523e4295839781f,brinquedos,52,415,4,500.0,30.0,30.0,30.0
ec5b3c8bb77ad22278f6e9d719a83de3,artigos_casa,46,348,1,700.0,65.0,18.0,28.0
b8d33fa8d1aa09f4adaf070e0db3a5d9,automotivo,57,905,1,300.0,20.0,15.0,15.0
691f932fd9a1c168cbb5c579432de4fa,moveis_decoracao,56,1892,6,1550.0,69.0,11.0,11.0
c105ffe5631ecf052dd611db3693968f,perfumaria,22,438,1,300.0,16.0,16.0,16.0
6bb8a2ca133656eeb56c714b61e744f0,informatica_acessorios,30,852,3,200.0,16.0,2.0,13.0
b0d541ceb681bc48e1d5994bb7d8c9de,automotivo,37,913,3,7600.0,56.0,15.0,15.0
58327c5dd67068015c5a9c5eeb51d848,brinquedos,39,557,1,1740.0,34.0,41.0,33.0
67d1a56495104e195338ec9007fcf758,pet_shop,20,2153,1,275.0,8.0,13.0,8.0
7d4e1dfb0aeab74c695bcb6ca09c3338,relogios_presentes,54,599,5,200.0,16.0,2.0,11.0
3ce7358fb633d033a700464c6a82e0bb,eletronicos,50,573,5,6200.0,48.0,9.0,21.0
5ebd7b81dfb60b5f6d3dde3327fa7115,relogios_presentes,46,375,2,550.0,20.0,20.0,20.0
b03e4fe0eee3e4b3cfa75f8f66507e22,artigos_casa,58,217,3,6700.0,50.0,20.0,40.0
91d61438eb9c4168814ac58103174e40,telefonia,33,315,3,90.0,19.0,3.0,11.0
8db26005b17d1f7e2e8b3ab829051790,informatica_acessorios,39,837,1,138.0,16.0,13.0,14.0
0a50b90cd04b45578ebf8bcf22c0ee09,automotivo,56,651,5,5600.0,78.0,4.0,47.0
826990bc0af28681bde1dcd66a336763,artigos_casa,56,473,2,3733.0,37.0,16.0,19.0
5209af441a6c230d27624237dad53da9,bebes,59,2270,2,3000.0,69.0,11.0,11.0
14d171d5043b1b2e14498f580e6225eb,artigos_casa,52,330,1,600.0,16.0,10.0,16.0
b4fc7e84dcaf2fcf3edb234e30362929,esporte_lazer,55,3876,1,1300.0,22.0,27.0,22.0
7697c75660a647dda82cac88c20a77b9,instrumentos_musicais,49,251,1,733.0,19.0,17.0,18.0
dec0886d6479d5bdb56d856c501e01c2,malas_acessorios,60,295,2,875.0,16.0,46.0,38.0
a4536c45a6f0c22f312adde45e06ec13,papelaria,48,136,1,550.0,29.0,13.0,12.0
863c150f7756157ab06ad61737ce9a16,beleza_saude,25,358,1,534.0,27.0,24.0,23.0
04329467c8ed269551b5d85dd137eeef,bebes,56,1015,3,1550.0,42.0,25.0,15.0
49e9e2a6f7eb17fbd54ff019b3e3e8d6,variedades,33,385,2,50.0,20.0,6.0,15.0
d41fdddc347b82c2904b477df7fcea9e,moveis_decoracao,52,299,1,14000.0,45.0,45.0,50.0
f42b9984802c040f88ec840b26681c94,brinquedos,29,761,1,500.0,30.0,5.0,33.0
63c06d40eaa86934cc77c811a075d45e,telefonia,55,599,1,250.0,18.0,4.0,12.0
3bb1adc5328cf8d3aabba59f3b534e7f,alimentos_bebidas,41,639,1,725.0,22.0,18.0,30.0
b1c565d4fde909a6a6a318c1442b0288,utilidades_domesticas,57,601,2,150.0,25.0,20.0,35.0
520ac02e0e8cdf179eed22f204e3f26d,eletrodomesticos,55,264,1,1450.0,50.0,2.0,37.0
4e62b4abde1f1c9000dec8f2b5cc226e,artigos_casa,46,476,1,1550.0,48.0,8.0,39.0
93ad397044e27dfead96813e2f895acd,relogios_presentes,48,445,3,400.0,16.0,10.0,17.0
515b41ca147ad5a57a9b952fb2d3b775,esporte_lazer,38,324,1,1200.0,16.0,16.0,16.0
6d43aa08ee344527fc3e86b90cfd2379,brinquedos,54,66,5,1000.0,20.0,31.0,30.0
fa642cf83fd321da8ff421fe2915ee75,beleza_saude,60,168,1,250.0,20.0,10.0,12.0
6463e442310f2f4f321c83a32d8c662b,beleza_saude,42,920,1,350.0,19.0,10.0,15.0
9934888916de3bff6437a425052717a0,automotivo,47,561,1,300.0,20.0,20.0,20.0
b10eba910a974df70b8a12d0665cdb9e,artigos_casa,46,246,1,550.0,51.0,4.0,41.0
2856a85030eb8a2cdb21a8073c679057,telefonia,58,367,2,150.0,21.0,7.0,14.0
3eab174ff708dddf896f165e766d1b54,seguranca,56,2156,4,1200.0,33.0,13.0,20.0
da7da0c2d3f2dbb32bee4ad3cf467fc6,ferramentas_jardim,57,267,2,100.0,17.0,7.0,12.0
195d8e91830247a20eee5eb4c4236294,variedades,32,1313,3,1000.0,27.0,22.0,39.0
246d85d18978e56d249ebaf657bb44bc,variedades,33,677,1,1650.0,42.0,25.0,15.0
4253d0bdfe5de877ffc994926fa6041f,moveis_decoracao,56,279,1,1000.0,40.0,10.0,30.0
1720f85e4a07f5701170d6c4e0acdb02,utilidades_domesticas,21,328,4,600.0,16.0,14.0,14.0
914bbf1d7b288975a3a7ad2d004f7c3d,brinquedos,20,406,1,1410.0,31.0,39.0,36.0
b584631619ac89eaee030b2be33f5b6d,relogios_presentes,29,712,1,477.0,16.0,11.0,13.0
c2ad928095a0d199c4d44b2194119ce2,papelaria,52,298,1,200.0,16.0,6.0,11.0
c006d1427332464b79808bd9dfaec943,moveis_decoracao,36,252,1,500.0,16.0,34.0,34.0
a4f025732d994e8a34d695a45282f299,moveis_decoracao,55,254,2,1700.0,50.0,2.0,40.0
f619f125af192e28da946f3382e783a6,esporte_lazer,53,234,2,217.0,26.0,11.0,26.0
b65d35a9df9e9824ef0ae175b9468161,papelaria,57,255,2,1400.0,60.0,20.0,29.0
78d0688c7b88b87da70a7c498c82a1df,automotivo,55,847,1,250.0,16.0,7.0,11.0
67217c43d81dea5a93bea48c23f4e156,seguranca,58,1361,5,300.0,16.0,10.0,11.0
1b405b8c885afa80810433526fc2c5ec,automotivo,59,1473,1,600.0,18.0,9.0,13.0
e99d69efe684efaa643f99805f7c81bc,papelaria,56,115,1,600.0,33.0,13.0,25.0
eed5cbd74fac3bd79b7c7ec95fa7507d,variedades,,,,5900.0,40.0,40.0,40.0
d2d39433df84064b1556612cc52cefca,relogios_presentes,54,199,5,250.0,16.0,2.0,20.0
82dbd25ac3df812e3a143613760229b9,ferramentas_construcao,51,147,6,13300.0,48.0,23.0,48.0
65194d9ad03e8206e3a9848f405942f1,industria_comercio_e_negocios,60,2252,1,4850.0,40.0,25.0,30.0
14887e028cbb3d23280fe0aedf6631a3,moveis_decoracao,52,472,1,2200.0,45.0,35.0,45.0
4501cf8b9a1915bbfb91d227cd2f1c7e,pet_shop,55,1002,4,1200.0,41.0,16.0,27.0
e69d971f8bf365efb842b0d56f960682,fashion_roupa_masculina,35,325,2,400.0,30.0,5.0,30.0
0a795de8287e3f8f1f6c2ddcd8091f8e,perfumaria,41,629,1,318.0,27.0,27.0,26.0
7bf115809ab249f1bf0fa92d72e0baf8,informatica_acessorios,39,701,2,100.0,36.0,9.0,11.0
ecbe1ef7e2903ff8b1d704ba78fa264d,esporte_lazer,47,920,1,902.0,19.0,21.0,16.0
d7a6514d88374ea4674eff77ba1e5d38,brinquedos,31,156,4,400.0,25.0,25.0,25.0
08e3404b623856c35ed541708cf05915,beleza_saude,42,637,1,1233.0,27.0,21.0,15.0
a5c0a72789779d4debc2f72204111cb0,utilidades_domesticas,57,877,4,3100.0,40.0,40.0,40.0
e36f2ca8d28257f884c9a4cf523e6d70,artigos_casa,56,262,1,2000.0,45.0,15.0,35.0
0a997c3c894c98d4e3def0e83124c9ba,relogios_presentes,53,1574,3,350.0,16.0,12.0,20.0
eebbed5ed3b134eceb717496c47652ba,artigos_casa,56,111,1,1750.0,30.0,20.0,25.0
7f47a78f50b93196e945ec522b6e6788,brinquedos,27,842,2,707.0,20.0,17.0,15.0
c6053fedf40a0bc4b96372c4fe9e14dc,automotivo,51,1515,3,500.0,16.0,10.0,16.0
90f39a309a8c05fa7aa4ef02178059cb,papelaria,48,605,5,1000.0,40.0,35.0,28.0
6c706bd66d6df5b9eaa716699943efd0,moveis_decoracao,55,1908,2,1100.0,69.0,11.0,11.0
daf7ec5956e0377c86e427d04ba0e315,artigos_casa,49,729,1,3200.0,20.0,30.0,30.0
a351c3c754b40be18374a299ca68882b,telefonia,43,867,5,450.0,16.0,16.0,16.0
ad4b5def91ac7c575dbdf65b5be311f4,informatica_acessorios,55,665,1,250.0,39.0,9.0,11.0
a0adc3041e9917104f3fea4ba995adcb,informatica_acessorios,47,3650,3,5825.0,48.0,37.0,25.0
fec2d939a171210847d8f2d102f0dba5,ferramentas_jardim,33,825,1,8950.0,32.0,10.0,32.0
3275d85219f4d3af7d0b12f4bb78756d,fashion_underwear_e_moda_praia,39,1782,2,200.0,16.0,2.0,11.0
524a212245455ed22be931dc838b37fa,fashion_calcados,47,647,3,950.0,20.0,9.0,21.0
bff381f7e26b290f53b9f5669eb7dfd5,beleza_saude,26,1518,1,650.0,26.0,17.0,21.0
c5c1c5b904f5571d76dc3f494d3440bd,automotivo,59,575,6,5200.0,36.0,28.0,28.0
911cfb37438b7fa9ad54535990178868,esporte_lazer,55,516,4,500.0,16.0,15.0,15.0
17fe46c4cd7376a1a75f47e2fa4d5c89,artigos_casa,54,233,1,5288.0,51.0,27.0,51.0
ed8ba7857b8c1dd66da5bf95ecd166a4,utilidades_domesticas,42,660,12,23600.0,40.0,65.0,40.0
fd92a7f41be98d0580faa2e6683b4ca0,malas_acessorios,52,1042,1,4403.0,36.0,60.0,26.0
1df2d3dd3744189ada2f2053d70039ae,utilidades_domesticas,52,754,1,800.0,20.0,35.0,25.0
77adf2a023d22fa0414ef9fc947c1c25,artigos_casa,58,228,1,600.0,50.0,12.0,14.0
c281cd6ab8544581722062ab2bc7a217,esporte_lazer,43,233,2,950.0,60.0,15.0,15.0
cea23cad4e8ca9963c82fbc9412741db,automotivo,55,666,2,4750.0,61.0,21.0,21.0
e21e755eab33a63a03fa9080691b357e,artigos_casa,56,718,1,2400.0,42.0,11.0,36.0
530a9cb93b8b670336305e39f24a68d2,informatica_acessorios,26,568,2,225.0,23.0,8.0,13.0
8a0c7c7b32d023b5c6cefe93d16e4a99,variedades,,,,2500.0,59.0,35.0,29.0
5d3353870f99e3666b0bf5aed7caba8b,relogios_presentes,37,527,1,300.0,19.0,9.0,15.0
3d6c312fc91b957f0515be3afd19f439,relogios_presentes,46,419,1,725.0,17.0,14.0,15.0
8924b7a8cf460f276c5fc77859b97539,relogios_presentes,54,605,2,375.0,18.0,11.0,14.0
09cb4aa62c518d0842e1c5f28ac940ff,perfumaria,57,3848,3,150.0,24.0,17.0,17.0
9613dd0d7c6c50922dbbda403223381c,utilidades_domesticas,48,535,2,1200.0,25.0,25.0,25.0
086f97beca2bb06567d542af191fa7a9,variedades,,,,150.0,16.0,2.0,20.0
c7e4c47f63c8dfaf55273f9d2b1b0e29,telefonia,59,417,2,200.0,19.0,4.0,11.0
b1f47dd699f91241d4e89d27b212a4d8,esporte_lazer,59,852,3,250.0,16.0,2.0,11.0
71a8dd5f6f9ce24bf348c2cc73f1b046,eletrodomesticos,55,130,1,120.0,18.0,8.0,13.0
15554042fe82e006a72cf392f462cd4e,telefonia,36,381,1,200.0,19.0,3.0,11.0
394b16cd32e9f883365dd7ebac4edbe0,eletronicos,53,377,1,150.0,25.0,7.0,16.0
f3dbf072e817667fbde052aae313cce1,esporte_lazer,45,599,1,18500.0,22.0,26.0,15.0
009af1277432f1a05742df69cdf72d1e,brinquedos,58,916,3,700.0,20.0,35.0,20.0
16d5f9047931834bc4634f3190e575fe,casa_construcao,56,707,1,13050.0,35.0,79.0,35.0
03ccf3bdaa33497fa04d1e2f746a4555,eletronicos,58,1110,2,800.0,30.0,21.0,30.0
59f6da6e6ee8c426214d2b9173f2b383,beleza_saude,53,1135,4,150.0,16.0,6.0,11.0
4aecca9430af7a8c0debefeed7b7607f,papelaria,49,612,3,700.0,45.0,16.0,30.0
6bead7484a4589fd6458ac4a328a7a4a,bebes,56,369,3,200.0,25.0,8.0,18.0
2ba5ea51230217603c8a13fc5dc24e88,bebes,38,135,1,700.0,46.0,7.0,28.0
ce99c3515272dee739f2d3eddae0f2cf,relogios_presentes,50,687,2,575.0,37.0,9.0,11.0
2b4280ae2d10eefdff9b5e1b1a9ebf53,relogios_presentes,58,181,2,150.0,16.0,2.0,11.0
83fe1ea6fd12c51fcd341a9968e65cc3,brinquedos,40,403,1,1200.0,47.0,7.0,26.0
79fb349afbae7595d2bc47368a7e4558,relogios_presentes,49,1107,2,299.0,19.0,15.0,17.0
c1a29976487f2c410740e8a1a4bf5720,papelaria,60,310,7,8550.0,60.0,20.0,29.0
7c21d2794fad14d186b2bcd9b07a8298,variedades,45,941,1,1000.0,42.0,25.0,15.0
3ac618d307e5f58f1cb1f8b5e7195a28,automotivo,49,572,3,100.0,24.0,2.0,12.0
1fd46d26e6d9800e915b195cb8b51f57,perfumaria,47,1035,1,200.0,20.0,20.0,20.0
92503fc18ca14a8f32c182ce3f1b9f05,papelaria,59,140,2,3450.0,27.0,29.0,27.0
b80fc6d567fe3d99eb5ce3fbe46f7010,artigos_casa,36,254,1,10050.0,50.0,30.0,40.0
0bea71972d0b439ab810f57a803344e2,utilidades_domesticas,46,329,1,16800.0,30.0,60.0,50.0
7dfb24c54964f42db9b9789bdae92cc0,pet_shop,40,445,1,160.0,20.0,10.0,14.0
3a5d57db958f4fec143599e2c7113f17,esporte_lazer,59,737,1,800.0,20.0,20.0,20.0
4082e07ccc62fff9dfaf275a81804952,beleza_saude,30,864,3,2500.0,32.0,14.0,22.0
ed5122a6a757a4fea8f32a6fb95a5135,artigos_casa,25,250,1,1938.0,48.0,11.0,41.0
b770fdfeb3598c315c74c881afdeacd7,automotivo,59,978,3,255.0,16.0,12.0,14.0
d14fc36666bc80405693671778350124,informatica_acessorios,39,716,1,163.0,17.0,13.0,12.0
3e8defa155f10823f9e150b05ad71408,esporte_lazer,49,801,3,300.0,20.0,10.0,20.0
4a5088fa8aec7bc653cb9cd2c30039ae,ferramentas_construcao,37,618,3,3350.0,16.0,7.0,18.0
95a7d5ca0408f97bdf54c821b173684b,ferramentas_jardim,54,203,1,2400.0,40.0,20.0,20.0
53e8156b28f9080cc0865b55d1bed9fe,audio,58,1235,2,900.0,40.0,8.0,30.0
4dc2ff2b31e5b034eac68824c9394902,moveis_decoracao,59,2010,5,2850.0,69.0,11.0,11.0
9496e670a857b5a2217cb77cbff6a6f1,beleza_saude,58,1642,1,4800.0,33.0,22.0,22.0
5ecccfce6630fa5c5e1a9aadb8e87599,fashion_bolsas_e_acessorios,33,199,1,200.0,24.0,9.0,16.0
e236a6527b89f3e6dacab326f7a33fd9,esporte_lazer,53,1833,1,1500.0,22.0,30.0,22.0
6d3b335d1fba472b61c01ba542307f62,artigos_casa,60,601,4,2300.0,40.0,13.0,30.0
4606f0b0bceceb75e7a887e6b57cae3e,informatica_acessorios,43,583,1,814.0,32.0,16.0,15.0
1ddab42b003ae1166c20d48725f780c0,beleza_saude,58,1725,1,2500.0,19.0,19.0,33.0
43838436d448f6775af2718e0de8dc50,artigos_casa,59,371,3,13000.0,56.0,36.0,37.0
09d54f61ad675c5398b22357fa3ce395,beleza_saude,47,716,3,1100.0,16.0,19.0,14.0
5facbcb58026ecb23eab5777adf310fa,moveis_decoracao,56,428,1,2150.0,35.0,25.0,35.0
9ad75bd7267e5c724cb42c71ac56ca72,artigos_casa,60,259,1,1225.0,35.0,15.0,38.0
586bb93b98c06e40422be3e35b495929,moveis_decoracao,57,954,7,950.0,40.0,12.0,12.0
717e3638662e1747dea15a605cba7914,moveis_decoracao,46,107,1,1850.0,45.0,5.0,45.0
c600d7f13104e8db2ca2b9fa78581409,variedades,,,,2400.0,42.0,15.0,27.0
3f9051ef3d646215621400c6a9b50e01,beleza_saude,56,1148,1,2000.0,30.0,12.0,16.0
de83d45010c802482960e1c46d00c076,esporte_lazer,60,802,3,250.0,16.0,10.0,16.0
2ec3bf1b93f25ee7d82b0f49c5d5927f,esporte_lazer,58,3287,1,1900.0,30.0,36.0,30.0
a0544c3d3aafc14f88c638fb74f72833,artigos_casa,60,146,1,1200.0,34.0,6.0,41.0
62177bb58dda374cc02e6cd2616996a1,industria_comercio_e_negocios,58,2083,3,850.0,60.0,30.0,30.0
1f689385c7b14e8d5c593a1045c82776,utilidades_domesticas,36,475,1,750.0,21.0,7.0,11.0
f44779c162af631efd4c427aa9020d94,ferramentas_jardim,60,269,3,100.0,16.0,17.0,19.0
184c94ca5ebab8d884a1c070e2197526,artigos_casa,52,441,1,1100.0,16.0,10.0,16.0
11250b0d4b709fee92441c5f34122aed,agro_industria_e_comercio,28,388,2,3000.0,30.0,30.0,20.0
5199c64bddaad759e3cc82d7fa449570,artigos_casa,53,152,1,800.0,35.0,7.0,28.0
4761d3c7046053dc1fdac1470b1b9b27,perfumaria,53,278,2,600.0,16.0,16.0,11.0
026f43af35e7951067097527d5c31bcc,agro_industria_e_comercio,58,1075,1,10317.0,52.0,33.0,43.0
9223b2f02160aacde2903cf54f396658,moveis_decoracao,59,2259,2,1400.0,69.0,11.0,11.0
ff85ff517698c3fe8b200afddda7fb3a,utilidades_domesticas,51,469,1,1200.0,30.0,30.0,30.0
9858707a4804bd5fe5027290870c37cf,variedades,55,409,2,10450.0,49.0,21.0,49.0
015ec57b45a4c3efc70288eb133d623a,beleza_saude,52,2668,1,750.0,28.0,4.0,18.0
651ddf320f742699115641fac3e69bc9,esporte_lazer,43,1379,1,425.0,17.0,10.0,15.0
b6467b14d837634f4e04f6f0698e7bd3,esporte_lazer,31,1537,1,900.0,20.0,20.0,20.0
c0b677cf65712618cd0d86b9303aa61c,beleza_saude,60,3292,1,1800.0,16.0,11.0,15.0
f7fdb1768aa2ba6a019449b74810d43f,artigos_casa,63,826,1,1500.0,43.0,5.0,30.0
024553ca83fc6e9ec93f5a9c823d1834,beleza_saude,41,1572,1,2000.0,30.0,12.0,16.0
1a1607ff3b9bced214efc0a8cdfb2510,esporte_lazer,52,342,4,300.0,25.0,12.0,20.0
1dd9019e9b721d5535c59d13551b2469,artigos_casa,52,508,1,550.0,45.0,15.0,35.0
7ff398be53b9d0ce7eb2b2e934696b15,eletronicos,60,599,2,100.0,17.0,3.0,12.0
3a38644e1618e84be3ed8d94b22e4b52,moveis_decoracao,54,726,1,800.0,30.0,16.0,26.0
40f9d700a4bf5e0d84c70d704147971f,esporte_lazer,56,1335,5,2000.0,50.0,17.0,30.0
0b0172eb0fd18479d29c3bc122c058c2,eletronicos,53,265,2,150.0,22.0,13.0,15.0
a53009171e5b711cec2681a7871c0016,beleza_saude,42,452,1,200.0,16.0,17.0,20.0
8f211599d0cde9d8551a6984d758e1f4,utilidades_domesticas,60,3133,3,12800.0,58.0,22.0,54.0
35a3e0dd6e0b5b84dfd2997546da5df8,esporte_lazer,59,495,1,2886.0,45.0,17.0,56.0
5454dc9ccaeb25fdcae1291a91d8db73,ferramentas_construcao,47,1069,1,703.0,22.0,22.0,16.0
caaa713799b547352795c831a14f1c3c,pcs,60,1949,4,2600.0,16.0,31.0,39.0
341510944cbf67a53d3ab835498921c1,artigos_casa,50,291,1,1500.0,40.0,15.0,35.0
c7a0c5a255508dc7cd1302da2ec17020,artigos_casa,58,626,1,1000.0,20.0,35.0,20.0
d15010eecc80e3a843ccb15865c328da,beleza_saude,57,430,1,30000.0,55.0,75.0,61.0
f20d17c5697e45b09853253384f0c583,utilidades_domesticas,60,291,3,700.0,25.0,5.0,19.0
0d9957ab8ffb09053626ff10f7b5876b,perfumaria,41,1044,1,600.0,21.0,11.0,16.0
f889fb87b505b73de10c18b93352469f,beleza_saude,60,919,1,150.0,22.0,3.0,15.0
bec1568108b711661a6705a5033d2a30,automotivo,54,150,2,100.0,16.0,10.0,16.0
5f4f1408e6d6f0653e18c25131dceb77,brinquedos,57,365,7,500.0,20.0,20.0,20.0
4e191b1e429b88c6eae1a014f823cb7c,artigos_casa,57,162,1,2375.0,30.0,60.0,43.0
36e0d84a068074deed2e9b527917f468,fashion_bolsas_e_acessorios,29,224,1,100.0,16.0,7.0,12.0
63682d69d8d74bacf75360f6efb31fcb,eletrodomesticos,57,546,3,1000.0,18.0,24.0,22.0
abd847676cb6a8b707b4f22b9fae9d39,artigos_casa,59,253,1,4025.0,46.0,12.0,43.0
0c9ff9d8ed9b9bdd825487b3a66e05f5,automotivo,55,620,1,7225.0,61.0,13.0,61.0
76bfc9b1b1f332cfe28e1480389a38ca,automotivo,57,1789,3,3050.0,25.0,25.0,25.0
d4054e35590015074c0169822b82424e,brinquedos,44,296,2,12650.0,17.0,42.0,26.0
55120e3bae86e4dd5f803655a784e9c6,bebes,20,1792,5,290.0,21.0,13.0,18.0
6f2a4da2fb20abf7cfb17f4ccdba0fdb,beleza_saude,59,2044,1,400.0,19.0,7.0,12.0
e2bb00220a167d9e60b6776ac33717bc,relogios_presentes,60,504,1,300.0,16.0,2.0,20.0
1561c00eeaa35a78b884771143c513f5,informatica_acessorios,49,225,2,250.0,16.0,3.0,16.0
a916e7d54e45e5db64b1c99b970d6f15,artigos_casa,49,174,1,2300.0,40.0,15.0,27.0
0a9bba9c02d484c391416587002dae47,beleza_saude,62,554,1,900.0,16.0,16.0,15.0
b19f31153ada341c1bb333ce98063562,automotivo,56,253,4,256.0,23.0,16.0,18.0
49ac91bd3a26d57c4c2a46e66977e69f,esporte_lazer,50,906,5,4400.0,42.0,26.0,33.0
026d610705e01d905582241e68aefefe,papelaria,52,96,2,500.0,20.0,30.0,20.0
02a97df83a8a100c7d2b14a02aea6a3d,beleza_saude,46,378,1,400.0,21.0,16.0,18.0
f8e7c2967bf9d85f668c88eea4f9f029,papelaria,40,531,2,1000.0,35.0,45.0,16.0
adcbd0e9edf8b57778ef2a2aea870185,relogios_presentes,60,586,2,275.0,17.0,8.0,12.0
6d9a616e3f494f52af56e49a61b9a327,fashion_bolsas_e_acessorios,60,403,4,100.0,19.0,25.0,12.0
a1d9c007667f29f62ea648623552d21b,beleza_saude,27,862,1,217.0,17.0,13.0,15.0
303719bf7adc0897358c3dcc3c7a6190,brinquedos,56,263,4,2100.0,47.0,37.0,15.0
4e127b9ccb6eb1d65aee38a24803b2ab,bebes,51,1028,1,900.0,40.0,13.0,23.0
3e08b2e39d6d62bba485dfd958639662,eletronicos,36,167,1,2350.0,26.0,26.0,16.0
63a8fa4ae2d10ffc0daa5db78ad4ea4f,informatica_acessorios,34,254,1,850.0,34.0,14.0,15.0
d9738cad7de68bf1b899b443be57dc76,ferramentas_construcao,59,193,6,18200.0,54.0,20.0,40.0
a5215a7a9f46c4185b12f38e9ddf2abc,pcs,55,3632,4,2800.0,16.0,31.0,39.0
c824a04d73390d152e4a9f0f97717cfa,automotivo,51,572,1,950.0,33.0,27.0,26.0
1177a4988372a9eef0836c4c875cc816,informatica_acessorios,55,120,2,50.0,16.0,8.0,11.0
367871ca2236ba02679d121c50db7265,automotivo,48,839,4,1100.0,26.0,34.0,42.0
08d94d42353229701a47e7cd5362b450,artigos_casa,51,281,1,1600.0,45.0,15.0,35.0
bdfa07ba6711c1e89c8ea207ce1d353d,esporte_lazer,56,416,3,800.0,22.0,26.0,16.0
152eb960a9b1698e3b8dcd50aa14b611,beleza_saude,45,844,3,10200.0,48.0,48.0,18.0
ce28d6520fdd554a54b818fce6ed0808,artigos_casa,58,159,3,650.0,35.0,5.0,30.0
bf7504ae9c74df62ecc385f05300fe09,utilidades_domesticas,60,1117,1,6183.0,30.0,27.0,23.0
9fcd066d9a5d85dbd05e7d8348539300,beleza_saude,58,1091,1,750.0,30.0,12.0,16.0
6ec18f98bd4eb7efc0989af1505a3f86,informatica_acessorios,48,159,1,525.0,18.0,15.0,17.0
0182db9fc95fd36e324e8a4c40c0819a,bebes,54,975,2,2400.0,35.0,10.0,30.0
b5aa3dc3e3492bfa3dfed618a413e779,livros_tecnicos,19,222,1,2100.0,31.0,4.0,24.0
719ab2468451d8cd11c7af7d921b436c,bebes,34,487,1,800.0,37.0,24.0,30.0
fe55c83c8471a2fca643b9291c1f105e,moveis_decoracao,50,486,4,600.0,35.0,10.0,35.0
f98dbc219c0bcd7fb37420dff826912f,beleza_saude,58,1124,3,1200.0,24.0,11.0,15.0
be021417a6acb56b9b50d3fd2714baa8,utilidades_domesticas,48,664,6,14300.0,38.0,34.0,34.0
bae10dbc910829c1bbadb071a446b87c,esporte_lazer,42,486,1,500.0,25.0,15.0,11.0
77a76108c16a41f20a2da26c6afdfd4e,informatica_acessorios,39,1543,4,600.0,41.0,6.0,21.0
bc4d8a403b121ef3965530900b4309b0,artigos_casa,53,327,1,13483.0,48.0,29.0,40.0
01175f0c6182b4410c669417d7e8268f,brinquedos,39,326,4,600.0,42.0,7.0,42.0
c5f91783ab6cb187c7182b8e4b8c9047,audiovisual,56,874,1,1900.0,30.0,13.0,30.0
d3b162a5b147714e8b99909d0f6132b7,brinquedos,40,457,2,652.0,27.0,31.0,22.0
c56d677c973431acb4abfedbd33d488c,flores,53,505,1,1800.0,16.0,16.0,16.0
5b1f3328a2c6f837ecce21bca1489939,ferramentas_construcao,54,337,1,2850.0,21.0,8.0,21.0
5a33c907f184dbfeb2ad4721d983dbda,beleza_saude,55,792,3,350.0,27.0,14.0,23.0
383cefbb51f1c8bfaead6154724b06fb,brinquedos,46,1207,5,237.0,16.0,16.0,16.0
137cf4a496d574ddab72e448e6a4ae2e,esporte_lazer,48,888,1,300.0,16.0,6.0,12.0
b88dd8936e5b854a19d8601fe9699cab,moveis_decoracao,37,515,1,800.0,16.0,23.0,16.0
dd37c35adc95b77dd3124c71fcca0c29,malas_acessorios,35,394,2,1150.0,40.0,30.0,20.0
455d6578becb30951d458ad14293dbe2,esporte_lazer,49,781,5,300.0,18.0,18.0,16.0
f6d1df8e2ffa44fec7c8afa46ac7ddec,moveis_decoracao,59,2432,2,400.0,69.0,11.0,11.0
bdee5506e0699fa985e30a00b701b17a,moveis_quarto,53,613,2,14000.0,93.0,63.0,11.0
15c507fd1d486501a97bd53f82445f1e,pet_shop,24,2738,2,250.0,20.0,20.0,20.0
c0ac4a89376955451270b960e02209cd,consoles_games,53,264,1,150.0,16.0,5.0,11.0
6eda94acf0ad08a1bb12f10aef74767d,eletronicos,47,636,1,1625.0,17.0,39.0,18.0
90509918fbc0f45016520d833ae25f78,market_place,63,1155,1,5500.0,21.0,40.0,35.0
a020875cf9c4c5bfe783c703db493afe,automotivo,55,701,1,50.0,32.0,2.0,24.0
82106c53e35330a18505af7659371206,market_place,59,661,4,4600.0,50.0,20.0,20.0
10853770629fe365086f9522cb540549,eletronicos,48,762,2,13300.0,70.0,40.0,40.0
00e62bcf9337ca4c5d5b4c5c8188f8d2,beleza_saude,50,827,3,700.0,41.0,9.0,11.0
d6637bdb2f31c77a3335a1b3c36923d1,beleza_saude,56,3011,1,2450.0,19.0,28.0,17.0
ef20f423b410ed387987de53efb8f39f,moveis_decoracao,49,534,1,600.0,65.0,2.0,13.0
ddbb759beb54e5f4ce6e43018cc6d2ec,beleza_saude,55,2511,1,2483.0,27.0,21.0,22.0
6e49a0cef77b3e3680a0c842d0bb612d,esporte_lazer,60,729,5,150.0,17.0,15.0,16.0
a7c46993a48edc4cf7e785417f1dcb48,esporte_lazer,29,896,1,1100.0,26.0,26.0,26.0
13384f6452c53eb1f29768dc57f75903,moveis_escritorio,36,966,1,14850.0,33.0,38.0,39.0
20ece3dbcbffb5f6589a6f0cebb485fc,variedades,58,1795,4,150.0,16.0,16.0,16.0
f3ccdb9f9c7f31e0efd626e9110b85f5,artigos_de_festas,59,300,9,1800.0,40.0,35.0,40.0
12109f7ebba06bbaeb6448c770cb716e,artigos_casa,57,729,1,1150.0,20.0,30.0,30.0
829b1d3da6a5e54d51055338281a5dfe,artigos_casa,58,432,1,2000.0,20.0,16.0,20.0
fa8ca858fe87995e9961a3423bce21d8,beleza_saude,45,403,1,200.0,16.0,16.0,11.0
613221d716be89edd3bb436c8060cd05,moveis_escritorio,56,674,2,22700.0,62.0,16.0,49.0
52cd8731a875ed2d76925ead2c6e6f5a,perfumaria,55,801,1,100.0,18.0,9.0,12.0
33a556a744bc9ea4e216c3990d352d03,telefonia,59,818,6,350.0,17.0,4.0,12.0
193cea27ec2ebc61c91cf7dd70420fad,artigos_casa,52,289,1,4400.0,43.0,15.0,39.0
e5841e5f87a255ec40d170b4177d03ce,relogios_presentes,49,534,1,3711.0,17.0,12.0,15.0
3eb6b55ec8635498193d4fc3d264e6a3,instrumentos_musicais,56,495,6,9550.0,66.0,20.0,45.0
4bec65b5ca713b764fe4cd47d9b5368c,artigos_casa,58,248,1,900.0,46.0,14.0,40.0
724692d1ae89a580525678a07f6af0f3,artigos_casa,57,189,1,1700.0,46.0,3.0,34.0
beacc1d0f7d99888c87c040bf62e928a,telefonia,27,289,1,100.0,19.0,4.0,11.0
78b3ee06d49e019869ec3ec4e356d055,papelaria,59,238,2,6700.0,60.0,10.0,15.0
dea1ae8abcd2a440ab30613558fbfc66,moveis_decoracao,55,440,1,2500.0,40.0,7.0,30.0
942a3f93bb7ecf95f0b901bd89f4acdb,esporte_lazer,48,2639,4,1250.0,20.0,35.0,26.0
a3d747c2548c3b67c81afe6b61645ebd,livros_interesse_geral,41,499,2,200.0,20.0,10.0,30.0
06435c7fcaee30b55bdd89feb2ec9be7,moveis_decoracao,63,525,2,350.0,80.0,10.0,60.0
52aa45eea90c47ecbf94c23068793d67,moveis_decoracao,60,2049,3,3000.0,69.0,11.0,11.0
2d4910ed534d58d6b37408bb5bd46c0f,utilidades_domesticas,55,419,2,13100.0,80.0,20.0,33.0
5514443b5a22d650499eafbc59d48e87,eletronicos,36,635,3,217.0,16.0,8.0,13.0
c6aab69ca5c62eb16eafaddf36c38ccd,eletronicos,57,1868,1,10350.0,30.0,42.0,52.0
ba16581014183c8415da15145f3d4c24,moveis_decoracao,45,1563,3,9050.0,95.0,45.0,20.0
2d7bc40a076687ee0ad5b507ecafd4f3,variedades,,,,500.0,16.0,12.0,11.0
89a728cf89ef556b073f4464fc07e9f6,automotivo,57,2069,2,650.0,32.0,10.0,32.0
c8e902a9fd219512cc3fc5353a829e8a,malas_acessorios,50,604,1,150.0,40.0,10.0,30.0
09dafaa79c17733a900ce34c9a1f5be8,artigos_casa,35,135,1,600.0,40.0,4.0,30.0
df9a33adaae6a97fd84067deb1074b6f,iluminacao,45,524,1,450.0,16.0,16.0,16.0
f77f34a4f2b8f31e2bcc50a478888064,relogios_presentes,52,737,2,250.0,16.0,11.0,11.0
c4d513d82ef46690cc4bedd562795aa3,beleza_saude,52,983,4,1617.0,24.0,27.0,19.0
f908d3bf313a1308bfb2a46ea2685347,brinquedos,21,587,2,100.0,20.0,20.0,20.0
6fade9670bb673ba97c3f7bc5efa7150,fashion_underwear_e_moda_praia,54,1152,6,400.0,16.0,5.0,11.0
978ea005bbc57d3f9ee16f21056f7f63,artigos_casa,50,259,1,1400.0,52.0,15.0,37.0
d6bbda35f0b8505c2f824f1d90295855,brinquedos,45,317,5,250.0,16.0,7.0,11.0
99e71b776debf2f01a69dce207e3e4f8,perfumaria,52,1891,1,250.0,16.0,10.0,11.0
7f10c4dc56e0a914b0552b6c3ab524c2,automotivo,50,232,1,1910.0,23.0,19.0,24.0
2584470c4e2f1fe771b2313ccfb36cdf,iluminacao,59,2359,1,650.0,36.0,18.0,25.0
37d6f8bf938208f8a2268dd49c2e7c45,audiovisual,42,1381,1,200.0,20.0,2.0,14.0
4fbc19d5de29dae81d1a215093d79bc2,telefonia,36,341,6,145.0,19.0,5.0,11.0
42fd6f72ca3e6f53b25d7a19b0536630,seguranca,34,1195,2,1350.0,29.0,18.0,28.0
08a7edee09bde7cfc9504bc369e64cb1,beleza_saude,52,637,1,917.0,28.0,16.0,20.0
cd87373ff7bdd923cfdff3893c9dea64,consoles_games,57,294,1,460.0,19.0,19.0,17.0
2ed3c385383d1c76dbed3bce88e5b468,brinquedos,32,577,1,1550.0,64.0,18.0,33.0
d0d16f5960bcd2ebeea321a525f44067,beleza_saude,58,2904,2,155.0,17.0,11.0,15.0
205204e979a44d5dca4251324f853a46,utilidades_domesticas,56,655,4,950.0,21.0,28.0,21.0
055e4f6156ba6c0daab61cd40d5530fe,livros_interesse_geral,41,626,1,400.0,27.0,3.0,19.0
2dbb788b447f7a145b04e805555d89eb,esporte_lazer,60,1162,5,8850.0,104.0,6.0,58.0
64c8bc3ebf6cc99d1a734c908961c8c8,automotivo,53,237,1,4900.0,69.0,19.0,41.0
a819714dd23a6ac18b1be2b13686017b,automotivo,54,393,2,100.0,17.0,17.0,17.0
6f6019a14b83ba9efe11fabe73eb094b,eletrodomesticos,55,139,1,100.0,16.0,11.0,11.0
58727e154e8e85d84052cd22b0136c84,esporte_lazer,39,190,1,1175.0,31.0,22.0,19.0
8d70502661e6c3f5012407bff1c36a5d,relogios_presentes,41,641,1,275.0,18.0,11.0,13.0
9d49ed52b4ab22845825384114799748,relogios_presentes,54,657,2,225.0,16.0,11.0,11.0
ebd511983fe912346e316667a05c5cf9,consoles_games,58,1278,1,200.0,20.0,11.0,16.0
6c3f9c870ff6e96ad4f4511602078fb0,malas_acessorios,59,318,3,5750.0,17.0,48.0,42.0
24908bd1bd10700a84f4fd551a3a52b4,artigos_casa,45,530,6,950.0,30.0,20.0,26.0
9f2575ec18612ca31cb4f9e91910e274,telefonia,60,469,1,125.0,19.0,4.0,11.0
8babfe496d325893ecf4a9ddefb1b31c,artigos_casa,50,568,2,214.0,22.0,3.0,20.0
cc971e0365873137b8bef2ebad633e6f,variedades,54,1001,1,2400.0,42.0,25.0,15.0
a0b706aace06abff783f614e8b01b760,beleza_saude,32,461,1,500.0,19.0,16.0,16.0
978017df6a79f817ff723f62ccd2c786,fashion_bolsas_e_acessorios,31,269,1,200.0,24.0,9.0,15.0
7ec65ab95b82f48104a89d8765718663,utilidades_domesticas,59,293,1,1200.0,18.0,27.0,18.0
f6bbece0c618d7313bbaf6fc919149b8,perfumaria,42,690,1,600.0,17.0,19.0,15.0
4c6a40b5fdcc849875c3d0b3144ea1f5,eletronicos,54,680,1,300.0,17.0,12.0,17.0
2d2600c283c0c1af0528fd84c14a2c28,bebes,32,467,2,4117.0,60.0,15.0,49.0
c4782a5f5d4d5c61dc10165dad436e69,moveis_decoracao,45,883,1,300.0,45.0,10.0,20.0
f71645f75bd8cf99682825bf079b8a6e,beleza_saude,53,1484,1,1300.0,18.0,18.0,16.0
dca96fdb8b183f1ea4e5eeb9d3e6163b,utilidades_domesticas,56,1136,4,600.0,23.0,10.0,14.0
6e97536d81d74f5020c95ca434c850f7,fashion_bolsas_e_acessorios,59,515,3,700.0,43.0,16.0,27.0
f0bb82bede57b520480ce892667bb71d,iluminacao,59,305,1,700.0,16.0,16.0,30.0
8b981f23717c781b041257c7be1564de,artigos_de_festas,54,1668,3,7950.0,46.0,7.0,46.0
3a3502ecc84a931af1064f5a82ed267a,moveis_decoracao,58,1161,1,500.0,21.0,8.0,15.0
e4e23e1824bdaa596861f9331dee16ef,esporte_lazer,53,551,1,583.0,20.0,17.0,18.0
dac2266808127da6f3226f7502ac00b3,artigos_casa,59,289,1,3500.0,36.0,10.0,35.0
d7d0c5e4a7f509a4c980aae1530e3bc4,fashion_bolsas_e_acessorios,29,330,5,90.0,16.0,12.0,11.0
41b9fdf240b6c703cecd3d4e40f8c0e7,eletronicos,40,757,2,7600.0,35.0,35.0,40.0
6a4a789c85b5704975300632152e595c,perfumaria,26,157,1,195.0,35.0,10.0,13.0
2948658cb6abc82847412be7201bfc4c,beleza_saude,59,1030,5,3500.0,36.0,25.0,21.0
0640a217fe729c5b8f61fd475f1fc22c,telefonia,60,786,5,350.0,17.0,4.0,12.0
838944cf86ccee50e01a52fba21cf29b,beleza_saude,63,1540,1,2500.0,16.0,32.0,17.0
6e1c2008dea1929b9b6c27fa01381e90,moveis_decoracao,19,531,1,5900.0,41.0,21.0,41.0
af4d2eba32e1b183e1934671e7683d20,utilidades_domesticas,31,745,3,200.0,25.0,16.0,19.0
84b28e3bb08a928eb998111b29adf0fe,bebes,48,536,1,14450.0,61.0,33.0,43.0
3fe46d73f7527ad59e36c21c3e783041,consoles_games,58,1099,1,900.0,30.0,30.0,40.0
28209b7aed95f7c0c9b9806f974a104e,variedades,,,,500.0,30.0,4.0,15.0
6bbec39677851d73c72b2e8f256f34ad,automotivo,58,1269,6,450.0,16.0,4.0,11.0
063d96e7b9190a8da0b8920906578383,moveis_decoracao,30,592,2,18800.0,52.0,36.0,60.0
aa720f8684a8fc318f7a22c52c02a2dc,malas_acessorios,30,580,1,1600.0,34.0,48.0,17.0
1c590de8370cd15e869999037e92fea2,fashion_bolsas_e_acessorios,36,103,1,100.0,16.0,10.0,15.0
fd440fd792fd8a4b681f1eb258c25445,moveis_decoracao,54,573,1,1200.0,33.0,8.0,23.0
2f26beac326b9a10741b8c59f00a59ab,bebes,34,798,1,11767.0,102.0,48.0,12.0
f5790565f09ac993cd58c68bc58c2daa,moveis_decoracao,36,849,1,600.0,20.0,15.0,20.0
4ab6e1df1eab4f6e731ef93432151ae2,esporte_lazer,30,1390,1,1600.0,29.0,30.0,29.0
3b42242085259cb66b6e577ae5173c76,artigos_casa,33,1061,1,1600.0,26.0,21.0,23.0
7c1e2b3fa0233e46fb3bcdcb9919a72f,papelaria,24,853,4,3150.0,53.0,4.0,43.0
b86d1f2c052bc4749ee88bb74688d814,ferramentas_jardim,43,269,1,30000.0,42.0,102.0,42.0
5ef5cddf0ad1c5140b02c2255109c31a,alimentos_bebidas,40,862,1,1150.0,24.0,8.0,23.0
ce9b5e2f3503d1142f9c9866db452633,utilidades_domesticas,53,335,5,1800.0,30.0,50.0,30.0
e56d3d5361cb47c1947155ab5ffeb400,brinquedos,40,1235,3,250.0,20.0,5.0,30.0
b0c47ddf0194c9903eef0de06072e058,bebes,37,546,1,2200.0,33.0,8.0,51.0
9933cfae62cc657f0eab6238a56b0750,informatica_acessorios,41,499,1,200.0,18.0,9.0,16.0
b4ead6aa7b3afb0aeb2b90691cf0b209,moveis_decoracao,53,1987,3,2450.0,65.0,8.0,45.0
0de1e69dff6f40f9f71be7034a8bb8d2,perfumaria,42,388,1,579.0,21.0,13.0,17.0
82cb5444a7fa36cbee9efc91935e1bb5,automotivo,51,968,5,1800.0,30.0,30.0,30.0
36af22070302e9864c747cfc1f76dce9,ferramentas_jardim,59,1543,4,15500.0,33.0,20.0,80.0
0ef32bf6866d39b5b0ae604798ecdae4,pet_shop,43,349,1,100.0,27.0,9.0,26.0
8cb6f92f3b07d35afd093ae66a4dc768,utilidades_domesticas,63,179,3,400.0,16.0,16.0,16.0
ab56392f9c4033a5857a8e2b0ff3be70,artigos_casa,52,382,1,550.0,16.0,10.0,16.0
1f05dcc70c1a19407641eccea8ef3bdc,fashion_roupa_feminina,60,341,1,1700.0,25.0,10.0,17.0
bda14a918da6a4fa9168277a57d59578,esporte_lazer,60,1569,3,1900.0,105.0,15.0,15.0
5c46bf87ac19e39122f9d63b8edf6e8f,artigos_casa,48,729,1,1100.0,20.0,30.0,30.0
32bcebd1122da0e45ac11739dd7a1cad,automotivo,49,83,1,11800.0,48.0,22.0,48.0
642247ccf62585635cefa1bf09f59b94,artigos_casa,25,180,2,900.0,30.0,4.0,40.0
98a20ac6ef3939598c38b1eb54fe1cae,eletrodomesticos,55,362,2,150.0,27.0,13.0,17.0
30715b45872148dd5322eb2989228a43,artigos_casa,51,290,1,6050.0,40.0,32.0,40.0
bc25318016b9db33106a908368443713,moveis_cozinha_area_de_servico_jantar_e_jardim,38,598,1,16600.0,27.0,46.0,27.0
f1f8a9e252e1f78ae6022bb2d40c392f,artigos_casa,22,298,3,1100.0,36.0,8.0,16.0
c48c077b8b116d8da988077363070d9b,variedades,30,880,4,767.0,29.0,11.0,23.0
ed38e11473775cde0d65f698aa0a4d27,papelaria,50,317,4,1600.0,60.0,20.0,29.0
8dcd68068a61eed3028761a74238dd1e,artigos_casa,49,85,2,1400.0,44.0,22.0,31.0
2187a2f05e362364c24d44feaeb40243,brinquedos,39,740,3,1500.0,20.0,20.0,20.0
9adebd80969a5b8ec766fd02afffec2e,artigos_casa,57,61,1,2150.0,43.0,13.0,33.0
b5b528db19a9a5c011aa6f444f510327,telefonia,58,777,6,350.0,17.0,4.0,12.0
f7dd5959f7e2832eb2acbfd9c2e2af19,fashion_bolsas_e_acessorios,28,673,1,100.0,17.0,7.0,12.0
a4fdd00347db855f614a18bf51606df5,esporte_lazer,43,772,1,1300.0,30.0,30.0,35.0
2aa78e35ddc1d5d30a51a3cb89e4149a,informatica_acessorios,45,399,1,300.0,18.0,9.0,13.0
554e48b94bf084525ae0fb37b9ed7f84,informatica_acessorios,43,298,1,117.0,24.0,14.0,11.0
9fa1e97015f5c5e76add50079bb0ab44,perfumaria,37,337,1,400.0,20.0,20.0,20.0
1743a97176a0bff38a65331fae2306af,eletrodomesticos,35,96,1,11375.0,55.0,19.0,33.0
da50dec868ce62321c803e54cf86bb67,telefonia,31,171,1,200.0,17.0,17.0,17.0
53db18171eeeead5f0a7ea398054c298,informatica_acessorios,58,1017,3,350.0,16.0,10.0,11.0
4308439e0d80d5fe03f17ba83b57c493,beleza_saude,61,3745,6,600.0,16.0,17.0,17.0
5681be0ad7f0ceeebac80058e718d34f,informatica_acessorios,57,1262,4,800.0,20.0,12.0,20.0
2ada60128014f639dffa4a481cd1255a,perfumaria,39,238,1,100.0,16.0,8.0,19.0
0e3f5da3b1d7aeb2b1aa661a99c4788c,moveis_decoracao,58,2434,2,300.0,69.0,11.0,11.0
af1f7fe819b99861448beb8a907c9cbe,alimentos_bebidas,53,708,1,600.0,25.0,16.0,16.0
ed00c79b26683d1f8d4a6df605efe886,livros_interesse_geral,28,485,1,400.0,26.0,3.0,36.0
ce97756ef65b359ebb3e8ea9a0418123,moveis_decoracao,55,1156,5,1000.0,55.0,40.0,11.0
1697727d6c82c23c7149c6c773683d2c,esporte_lazer,37,264,2,2600.0,28.0,28.0,20.0
a8d577604cafc673e36ff8b953465964,fashion_bolsas_e_acessorios,40,360,5,200.0,16.0,9.0,11.0
7365350090e895554bc2aeb4fea072e7,beleza_saude,35,1774,1,606.0,23.0,15.0,20.0
7612afaa8218e79b3011243ed9edea9c,esporte_lazer,53,1135,5,3450.0,40.0,100.0,20.0
7070d77d89af4f2865ff26b1323312ed,moveis_decoracao,23,254,1,17350.0,45.0,30.0,45.0
a16a9c467d4c62181e253cfe2dc9b43f,beleza_saude,27,743,1,1433.0,21.0,17.0,16.0
3b037eb584c1cf92fb419eab507121c6,informatica_acessorios,53,502,3,1700.0,35.0,14.0,24.0
6b7739f782cb37f71cc80e8151ebd6ac,variedades,51,404,2,1300.0,40.0,30.0,30.0
79351053555d5b98a09738e68f891f1a,artigos_casa,60,269,1,3050.0,39.0,13.0,46.0
970e1ebb22b5c4e942ef9f57bbc3e416,ferramentas_construcao,53,1026,1,725.0,18.0,35.0,16.0
4396a21dbcffe535748c5df0f544b5de,artigos_casa,53,332,2,1800.0,26.0,26.0,26.0
cd1db0c97e4b3644bb52432611e09c58,moveis_decoracao,52,583,2,30000.0,88.0,45.0,41.0
d7238572bdd6dc8facf58ab8f0e3cd29,telefonia,36,343,1,150.0,18.0,4.0,11.0
14b6285353e31358b2273ae3818a4155,informatica_acessorios,53,769,1,1600.0,23.0,17.0,27.0
3a2b04bd67f105099d662e522bec56e9,agro_industria_e_comercio,38,397,1,3275.0,35.0,37.0,19.0
48390200e49b570705afb0bf9442ee5e,utilidades_domesticas,54,739,7,1050.0,16.0,20.0,30.0
b24af8bca8813bcde4140ff8562f5e47,telefonia,59,314,6,250.0,17.0,4.0,12.0
7425866c309c057d4a7a4631c78e84d1,informatica_acessorios,41,927,1,3300.0,32.0,23.0,23.0
8dda896c24bf8d01cb943bddbf772b65,esporte_lazer,56,683,2,600.0,23.0,48.0,23.0
35a8c902b0ab264a24d61b0d01fc708a,brinquedos,39,121,2,400.0,16.0,20.0,16.0
d383c8cc29297315bf72d05f57604055,automotivo,60,1397,4,550.0,40.0,7.0,15.0
b8be9a5f11908b7b70329f92fcb0eec9,moveis_decoracao,56,220,7,1000.0,31.0,11.0,26.0
c83e096dc7df70cabe1508874eefc970,brinquedos,48,478,2,450.0,27.0,5.0,25.0
c4fc1d4489f664ce1c6c55b7089738b2,fashion_bolsas_e_acessorios,59,409,3,150.0,16.0,9.0,20.0
a0644c97f9915e9f442b94b4a5a2fa1b,artigos_casa,54,570,1,1675.0,25.0,20.0,23.0
6b4738836ca838a18b9d08d35bf6b2b6,beleza_saude,60,1137,1,600.0,16.0,2.0,11.0
2e690251b259bda3d61476c67d7b70a3,artigos_casa,60,216,3,2300.0,40.0,20.0,30.0
6b9cd06d7020fdbbffa996fcf9707b0a,esporte_lazer,56,792,1,4100.0,30.0,30.0,20.0
0c5193db708519e6b812ac8474898ffa,beleza_saude,60,621,2,363.0,16.0,4.0,11.0
a5db7a80a8d9c9d49050360fceb6ffd4,papelaria,47,84,1,300.0,28.0,16.0,28.0
f2844deda444d0208297c6d614d1493f,eletrodomesticos,60,129,1,450.0,27.0,13.0,17.0
b791d5d05f0c974d148d358efcd21d84,artigos_casa,59,1092,1,500.0,16.0,20.0,16.0
f0ea9d66568ac8ab30808833a473920f,beleza_saude,41,869,1,200.0,17.0,14.0,12.0
ffe75578163d45caa52bca3529cb511e,telefonia,60,818,6,350.0,17.0,4.0,12.0
d67212d63e76d57ee86cec463681f842,automotivo,44,123,1,640.0,16.0,11.0,14.0
d6c17244033c5af6859b05cc925c8478,relogios_presentes,36,1214,1,500.0,18.0,9.0,15.0
773089b6d8197748b1b173e39dd38ab6,utilidades_domesticas,57,377,1,600.0,16.0,25.0,16.0
c8698ad7a93fd8f092d17b79ba8e392a,telefonia,53,956,4,400.0,20.0,18.0,18.0
95b5840b09c3e9adc94a0f6bc783f4ef,artigos_de_festas,54,265,1,300.0,16.0,15.0,11.0
43d9ce1b4573a087677c2bd656131b94,artigos_casa,58,392,1,400.0,16.0,10.0,16.0
3976c6466748442470251341eb6f92a3,pet_shop,33,791,6,19150.0,28.0,90.0,42.0
4d94f51353a058d28468a03ebe1aae33,brinquedos,53,331,4,12300.0,98.0,15.0,50.0
65c61dcb0156cdde1a197f99b91488e2,informatica_acessorios,58,274,4,500.0,30.0,8.0,30.0
09cd1c07b1920158011ed5247fa5a65b,relogios_presentes,56,621,3,500.0,19.0,9.0,15.0
91e2aac5302f657c8fdf3040124d8809,papelaria,45,865,2,817.0,33.0,22.0,39.0
71b3b750619385c825054d16cd9584d0,moveis_decoracao,37,478,4,4450.0,34.0,6.0,28.0
28c8150eb44ec8106c8f061afd9c3e9f,telefonia,63,1036,2,110.0,23.0,6.0,15.0
d80fce9f775927c7d602c2de926759f1,artigos_casa,60,422,1,4050.0,36.0,16.0,26.0
48c2b5f1dc857346b5bab30a0777fc03,telefonia,51,880,2,100.0,18.0,6.0,11.0
facd7264a689baabdce2373c4feb2dca,eletronicos,60,1005,1,100.0,16.0,6.0,16.0
bd336707deb508edc61ee62f22706cc4,papelaria,58,179,2,345.0,41.0,3.0,33.0
fe4afcfae208147e0189eaa4c3f5fb8d,papelaria,54,110,1,1750.0,59.0,21.0,30.0
2efa613b6bf825fc97410ea989a08085,esporte_lazer,54,638,1,800.0,28.0,16.0,20.0
4dfb66a2572e0ce387cac89ce7a343e4,telefonia,54,1490,3,150.0,18.0,6.0,11.0
5970123d35d881c0df478289d6e2c8e9,variedades,53,304,1,900.0,25.0,10.0,25.0
96ff741d2c7879406ec3054d6b2a11c8,relogios_presentes,49,578,6,200.0,16.0,2.0,11.0
f6863b4410e703a4182444a4ede2e7c2,esporte_lazer,55,282,2,1800.0,22.0,12.0,12.0
48e146e09757f4c6bc13be2f96dd0ec5,utilidades_domesticas,29,466,1,313.0,21.0,16.0,12.0
fb7eda79f009c621d394406fc3c28d5c,fashion_calcados,54,451,5,3000.0,36.0,37.0,16.0
5a419dbf24a8c9718fe522b81c69f61a,variedades,53,537,2,1800.0,34.0,5.0,34.0
edb307d307fdaefa425bc809d3f7d265,automotivo,54,1209,4,1700.0,30.0,30.0,30.0
1a26d40bdbef9cbc3e56226cb622f65e,eletronicos,47,534,3,4683.0,30.0,40.0,31.0
66ba269ae7ed286b181ebfb76d1d989e,relogios_presentes,36,229,4,400.0,16.0,16.0,11.0
526e3614968c6b294ebd9d53359ae202,moveis_decoracao,36,252,1,400.0,16.0,34.0,34.0
a3010804ffeb7111c30565419ff2824b,utilidades_domesticas,43,372,4,750.0,20.0,20.0,20.0
b0d49de379c3f4c50baf1b2d776f5c54,esporte_lazer,45,1360,1,3250.0,25.0,8.0,25.0
c6c0050be6d17e489a6945951a0dbfb6,esporte_lazer,60,773,3,2850.0,40.0,35.0,15.0
e940125d0a3c309f58f41cd21e39af06,eletronicos,55,287,3,10550.0,30.0,105.0,20.0
4e18c6967304419be650ad67237966ce,eletronicos,40,669,2,250.0,20.0,10.0,16.0
a009a84a95de59e574851aef710ee0f3,eletrodomesticos,60,953,3,100.0,30.0,10.0,15.0
bf44071ef18f5c9ded039681c68b1996,bebes,51,340,2,6050.0,45.0,25.0,45.0
c4a75a5c2477e9b73590c227e72052b8,instrumentos_musicais,50,958,9,800.0,45.0,5.0,38.0
3de630407c05c5af3d1d894e3d06307d,esporte_lazer,43,1219,1,660.0,21.0,16.0,16.0
e7dc0d1ff0ef8f441666bdc5210f4e87,telefonia,46,393,2,100.0,19.0,3.0,11.0
0db4869ac8a908414823d44d742f5ba3,moveis_escritorio,47,1158,1,17000.0,63.0,58.0,24.0
8a268b8b0057a96777235e93d20ff37c,variedades,47,291,2,400.0,20.0,10.0,20.0
19d1f95608edf8246e8891c90d9b211a,variedades,51,458,4,1100.0,36.0,24.0,16.0
ccd4cfb944386e7ad91065a63f650b38,moveis_decoracao,49,616,1,850.0,30.0,35.0,30.0
8fc237f3709cf31cbe92dca0083b5681,instrumentos_musicais,45,405,1,200.0,16.0,16.0,11.0
b451771c959791dfcb641c46c8ee1e83,esporte_lazer,44,993,1,2975.0,35.0,22.0,17.0
86bf33099c7ca92dcbc6e4696708031e,fashion_bolsas_e_acessorios,52,837,1,100.0,16.0,5.0,16.0
c8e167a128928bf9c4e5ab674e78d2c2,instrumentos_musicais,50,904,1,2525.0,29.0,9.0,30.0
57a2e16f66595e9242fd508a9f336125,ferramentas_jardim,34,1628,6,800.0,16.0,18.0,20.0
635812e3e457981e2dbc9739594fdb83,beleza_saude,53,2938,2,775.0,28.0,12.0,14.0
32252579a719da7dd2ee115f07dfd03b,informatica_acessorios,59,501,1,867.0,30.0,17.0,21.0
9c6754103e603fdc289f1b1b69c63631,moveis_decoracao,59,456,1,300.0,35.0,5.0,25.0
2c8e38b2b220b65a306d88444defb4fd,ferramentas_construcao,53,462,3,200.0,16.0,16.0,16.0
8e96fac79d538140a7b4adfa383f1ce3,utilidades_domesticas,57,1157,1,500.0,19.0,2.0,11.0
0cbca89e0ecfd4fe92dff4f1c27a0487,moveis_decoracao,42,660,6,14950.0,40.0,65.0,40.0
ba230fc7bcaa2f503c46d73098caeb66,eletrodomesticos,58,722,1,18250.0,45.0,95.0,25.0
a93cfe142d94a5cd5a24cd5eed21d7eb,beleza_saude,40,789,1,253.0,34.0,4.0,15.0
990d135e28e075648cb7d83198fdccf4,bebes,29,764,1,340.0,19.0,22.0,17.0
ca0439ecf23442fd24fcaf4c62b85ed5,moveis_decoracao,63,3546,5,5200.0,45.0,13.0,28.0
2ff9737e49040a4de6435620ee96885f,artigos_casa,56,302,1,2300.0,50.0,35.0,40.0
719b8a11c153b5a391bd4cd11f0dc273,automotivo,33,542,1,750.0,16.0,21.0,16.0
8ae935cab2de3f74f4960de6ee604f90,utilidades_domesticas,44,396,1,350.0,25.0,15.0,25.0
7825a7c4f9edb6b219eb94c29e86e7b9,papelaria,59,504,6,800.0,22.0,7.0,15.0
1c3fea589b8776930c3d5654c472ddb6,brinquedos,38,1671,1,325.0,21.0,8.0,17.0
1d616bf90efffa0f7e833acb21d5c03d,esporte_lazer,44,243,1,900.0,40.0,16.0,30.0
712c57780310856377c327e662653625,esporte_lazer,36,1228,1,800.0,25.0,23.0,25.0
83d24e3a3b4a762ff0a4ce727b875d4b,esporte_lazer,28,580,1,4300.0,26.0,11.0,11.0
5d6d8d46af864e4241365a5cd4980a53,bebes,53,1428,1,7500.0,20.0,30.0,82.0
7c68e7297c7df2535c9f0dcd61007f64,moveis_decoracao,63,361,3,300.0,16.0,5.0,11.0
0a8f26369822d83b82d0d3e87908fbd4,informatica_acessorios,41,393,2,250.0,19.0,5.0,13.0
e9c9e9756631b640ec4eed3342168d72,automotivo,56,1899,2,6050.0,40.0,30.0,30.0
e803ef47024070a7574ecfbe85999081,moveis_decoracao,44,362,3,300.0,35.0,27.0,11.0
8daaaa541e5e7170db4188f93911ab3a,pet_shop,51,113,1,250.0,16.0,20.0,11.0
8296481ad888f93f5dafcd25d65b09b8,variedades,42,1022,2,1050.0,27.0,22.0,39.0
44c3393093cceb78aa4174c28ec0ee40,telefonia,32,385,1,75.0,19.0,3.0,11.0
5f5bbc07d9368cd776c05cae2c71c624,moveis_decoracao,57,184,11,2200.0,36.0,21.0,36.0
588531f8ec37e7d5ff5b7b22ea0488f8,pcs,55,3611,4,2750.0,16.0,31.0,39.0
d0ce66fd946b6de7288a6420bbf92bee,esporte_lazer,43,665,1,200.0,16.0,20.0,11.0
bff67489d3a21dba020609ae1cbd65c7,moveis_decoracao,60,369,1,7000.0,45.0,18.0,35.0
87f036fae647b20a56364ad53e66896e,informatica_acessorios,57,411,1,250.0,16.0,16.0,16.0
abd7ed8ecd726157215c9eb9caac7356,artigos_casa,56,315,2,1250.0,20.0,20.0,32.0
1303e8674814cde0e8cfe7d796d6a544,artigos_casa,50,749,1,750.0,16.0,10.0,16.0
cc62ab8550303ced5351594a4fd87884,beleza_saude,53,1228,2,500.0,18.0,16.0,14.0
1ce5b88456351c3b986532265a56d223,artigos_casa,42,111,1,500.0,40.0,4.0,30.0
17061c6ca6aaab457074d9f12c1882e6,automotivo,60,651,5,3400.0,78.0,4.0,47.0
76f2f7a8fb20b4d5abffaf4a2599153a,esporte_lazer,55,2021,5,588.0,25.0,28.0,28.0
cde80dbf58c3a7c76f553442a9881715,beleza_saude,57,416,3,950.0,16.0,2.0,11.0
96f96ac6ce04504599e212a3d826361e,utilidades_domesticas,39,182,1,3700.0,43.0,13.0,33.0
0b426fbfa39b2ae1c7a4a12e9b9d104a,moveis_decoracao,60,1959,2,1400.0,69.0,11.0,11.0
39e97f6d709c48e6b1cba11db9f0f545,consoles_games,32,208,1,300.0,19.0,3.0,30.0
577fd304233fe9412349ef6a4a3f6ae6,brinquedos,53,494,1,12250.0,35.0,65.0,36.0
d2fc2696871ca6b94af5deb0a8d5590d,livros_interesse_geral,32,1003,10,2500.0,17.0,25.0,12.0
8df56ba30e76d09f57ca93ee364616a0,artigos_casa,57,262,1,1600.0,45.0,15.0,35.0
0da9ffd92214425d880de3f94e74ce39,ferramentas_construcao,33,449,3,10900.0,39.0,12.0,42.0
6ff26ef9ee033313afc8e84810a11079,fashion_bolsas_e_acessorios,57,702,3,183.0,20.0,10.0,13.0
9b6bfa37bf400cdadb8f867ce97855ae,telefonia,58,734,4,250.0,17.0,4.0,12.0
5bf0a3751ac1a1c1253ef97a027b8c13,alimentos_bebidas,33,536,1,600.0,16.0,8.0,15.0
36fc6e3cc37a14037506dde26d4e8655,eletronicos,32,460,1,100.0,25.0,7.0,16.0
7025f57a2ecff2fe2941c0bd9baccb2e,informatica_acessorios,46,370,1,100.0,18.0,13.0,15.0
47ed478ee7b2696c2c49229fcad56e98,perfumaria,55,556,7,1800.0,26.0,26.0,35.0
230907d5dd938f510eefba95ef295da8,utilidades_domesticas,51,616,1,2400.0,25.0,25.0,30.0
f82bac7fa1858189c4bd90c9c208d6db,ferramentas_construcao,55,403,4,150.0,16.0,6.0,12.0
ee1bdee36babaf588660e8cfcb330199,automotivo,53,569,1,1850.0,33.0,27.0,26.0
08567cdf24fd261914bbb7a2b1b9a2f2,livros_interesse_geral,25,965,1,450.0,23.0,2.0,16.0
b04aad9dbf15eae09db4376ff7590cff,ferramentas_jardim,52,175,1,700.0,16.0,10.0,12.0
4b5d91666a29ed91f1ced25011e07985,pet_shop,42,992,1,30000.0,60.0,30.0,50.0
48116a826b3a019f97c5fa8e8ce788a5,eletrodomesticos,59,237,1,1400.0,55.0,8.0,38.0
2ce375bc4110d978ae33e7d48d63f599,variedades,,,,800.0,35.0,15.0,20.0
bc7952b8b83834a52bc73204ea2576f2,relogios_presentes,58,349,2,300.0,40.0,10.0,25.0
fa11ecd35f999783e96ac500532d9d45,variedades,57,1023,7,7150.0,79.0,5.0,63.0
c1116dd3986bccfc56e1573680b2af20,relogios_presentes,47,1199,2,200.0,17.0,12.0,14.0
c389f712c4b4510bc997cee93e8b1a28,malas_acessorios,41,500,1,2965.0,41.0,27.0,34.0
1aaeaa2c5da72dcc8358011100dc5a26,utilidades_domesticas,60,516,2,400.0,18.0,2.0,18.0
73852ee3739732147010f2be732d597c,esporte_lazer,42,277,1,1147.0,25.0,21.0,19.0
33447fafc9ed945e91d70e8cb12d63d7,telefonia,64,558,2,100.0,16.0,6.0,15.0
173255396ec907ab516d3848dbcc98da,industria_comercio_e_negocios,58,869,2,27000.0,105.0,18.0,35.0
094e4f4d501b5a6ec753b60a940b069b,esporte_lazer,47,1029,1,950.0,26.0,10.0,15.0
24dc9e724587e5bd160e891dc0e3699a,beleza_saude,59,2910,1,250.0,25.0,26.0,11.0
40e8b425d1a26e2d9cb77363523e05ce,artigos_de_festas,38,1324,1,4500.0,50.0,8.0,45.0
0c679141ff7ee4350d8eb892ff475ba6,relogios_presentes,55,601,2,120.0,16.0,13.0,13.0
95be29dd18d5a1aae9a916eac469c959,esporte_lazer,58,144,2,200.0,25.0,9.0,27.0
d032d8b0107424eff267d0d1de3b6a80,relogios_presentes,38,630,1,400.0,18.0,11.0,14.0
7b123554850fa548f45e478a4726ac55,automotivo,55,867,5,2550.0,68.0,9.0,35.0
3db0b74faf0d26a6b252528659d6b849,variedades,41,851,1,12667.0,39.0,38.0,35.0
a760ef0bb70c954d79e62ec6023d380c,variedades,32,1115,1,1333.0,24.0,23.0,25.0
c8d1837df49c5b4d91a388c81795156c,esporte_lazer,56,3335,1,3700.0,31.0,33.0,32.0
d988bf06995466b3a640731ec564b85b,utilidades_domesticas,54,831,1,1500.0,16.0,30.0,12.0
a88fc2ba7a32b6403f22f7abfe353e7a,brinquedos,56,507,2,4450.0,68.0,14.0,48.0
35f00e354f3d048167beb8586eaf031b,fashion_bolsas_e_acessorios,54,1386,1,200.0,16.0,2.0,11.0
98f34b46fd3c8edec3b0e453e0095e77,informatica_acessorios,36,835,1,150.0,16.0,2.0,11.0
7ab21257ee876b3897bd55046d3d81d3,brinquedos,44,1450,1,683.0,31.0,25.0,24.0
f7fce9a4e86a0d19818cc145ef87f8ca,fashion_bolsas_e_acessorios,54,719,2,200.0,16.0,2.0,11.0
2b7fc5ab38be42d8f5498267d2ebe344,brinquedos,42,222,1,150.0,20.0,20.0,20.0
7934d547a892c625b8f469a2242961c3,informatica_acessorios,37,587,3,500.0,19.0,5.0,12.0
a564f50791e1677ddf2801fe1e8365c8,telefonia,52,911,1,480.0,18.0,17.0,19.0
4b23856b5ce1e62e9c09c7b952cfd9cf,bebes,7,356,4,20700.0,60.0,43.0,48.0
28695d1fbc87ba371ee1a55dbb422f0c,artigos_casa,59,515,1,650.0,28.0,7.0,24.0
f225b2857ac11c1ec879e0c81996ed9f,artigos_casa,51,308,1,950.0,16.0,10.0,16.0
8fbf10c92c593a27da5034795db5d8b6,moveis_decoracao,36,479,5,300.0,20.0,20.0,20.0
529deff9c151e0db37c88a43952868bb,eletronicos,54,565,3,3100.0,35.0,35.0,16.0
d5dceef582538ae853072860d4bff29e,brinquedos,47,1205,1,600.0,25.0,13.0,20.0
429cf9c31b3ba3f4de81507a63f98724,ferramentas_jardim,54,718,2,12200.0,33.0,7.0,33.0
6daadc7e6029cf01762f941e488caa1b,brinquedos,44,1384,5,6794.0,38.0,24.0,50.0
a4756663d007b0cd1af865754d08d968,eletrodomesticos,60,1304,4,650.0,22.0,6.0,14.0
69918318f27e9853c6d2a68906018a14,perfumaria,52,1462,1,700.0,30.0,30.0,30.0
bfb75349b7e539cd61141437d6de176a,moveis_decoracao,58,1953,1,3000.0,69.0,11.0,11.0
5fe23e6307c231e287f13c0a4be06c88,eletronicos,55,2458,1,1350.0,52.0,25.0,29.0
3067b5855ac067ee874fe042b19c1c51,automotivo,45,154,1,5900.0,73.0,14.0,38.0
c55c77207af4d2ce4b0c54740f4ee7f3,beleza_saude,23,296,1,300.0,16.0,6.0,11.0
77115ce07da135cd94ffef9ac16bb1b5,telefonia,34,530,1,90.0,19.0,3.0,11.0
10583f0f24319d0c8db47ac35e977021,beleza_saude,58,1465,1,550.0,16.0,10.0,16.0
83d55cbbf59542a0cb94f61387889254,variedades,33,174,3,400.0,30.0,30.0,15.0
c4ab5e7b0c00f3b99fc11847a619b88e,pet_shop,41,307,1,50.0,20.0,11.0,16.0
089b1d17658cb1e2c7a4f9f77856020e,telefonia,58,497,5,500.0,21.0,6.0,13.0
7b0319f86ca302954787a58d2b3831da,perfumaria,56,1140,2,200.0,16.0,16.0,11.0
4a69179fab5ff745a1fc23748d65551e,beleza_saude,51,1294,2,1025.0,21.0,10.0,16.0
20c3404e9bea9621d876e152794ba2d1,pet_shop,26,414,1,150.0,40.0,15.0,40.0
0db526498c594b096f9a1ae1aa239277,telefonia,59,676,3,150.0,17.0,8.0,14.0
18290697e1929309b3195d2931c91b09,automotivo,50,750,1,2313.0,45.0,11.0,32.0
9a323a3355e6ba35ac589411268a34e5,utilidades_domesticas,60,505,6,1750.0,28.0,20.0,28.0
78d303c22b280fead3c845d03958cdae,esporte_lazer,31,486,1,450.0,25.0,15.0,20.0
dedd57098474e57405e828a077012e46,esporte_lazer,58,1740,5,1550.0,40.0,20.0,20.0
651fe753ea1d6ad3d5744c1bffd3d6e1,beleza_saude,56,609,1,50.0,16.0,16.0,11.0
c3fa41b1f851451aaea66f41ebf170d1,automotivo,53,766,1,600.0,16.0,2.0,11.0
927019d88409196f97d1fd56daaeecc1,beleza_saude,48,455,1,475.0,18.0,16.0,14.0
bad9cd5ad615c0b5ba87448e03ec954c,beleza_saude,59,535,1,30000.0,55.0,75.0,61.0
5b0414dde0eed69a8968dd1df92c9024,beleza_saude,43,903,1,350.0,17.0,12.0,13.0
a9fa0428bc677ac4d0a948fe2982ad1d,esporte_lazer,49,409,1,200.0,24.0,5.0,21.0
d322eb25f02924adba73e58dbc36b29c,relogios_presentes,34,494,1,300.0,18.0,9.0,14.0
dde4ee07394921042ef5e8267cba1cbe,utilidades_domesticas,36,288,2,75.0,36.0,4.0,23.0
e7f7fb397625c18bb0f39cfaf88168ed,pet_shop,54,285,2,500.0,71.0,2.0,13.0
1e2c4845a09f960ea8b021fa72d98006,eletrodomesticos,58,130,1,300.0,18.0,8.0,13.0
61c3baf8e492c73dddd8f0d972e1646c,automotivo,60,703,5,4850.0,47.0,19.0,23.0
68d4a18af52949f090ca394f7b8fe68c,esporte_lazer,40,486,1,550.0,25.0,15.0,20.0
b95aed929cdfdbe9667099552a3c28fa,fashion_bolsas_e_acessorios,54,719,2,200.0,16.0,2.0,11.0
fd4a96848f84ddaabcdc5bdbf831a194,informatica_acessorios,32,604,1,350.0,16.0,10.0,12.0
acdf5181c8a73074065f3a2faed9530f,utilidades_domesticas,46,212,2,750.0,54.0,8.0,23.0
788a4c7f064e9ac6d3e9900512825aa5,fashion_bolsas_e_acessorios,57,463,5,900.0,30.0,10.0,30.0
795f4e18712be00d8ee7d1b150656a89,esporte_lazer,34,264,2,225.0,17.0,11.0,13.0
878188aa7c7a5da44f5038c7fdc68ac3,moveis_decoracao,33,637,1,27800.0,41.0,43.0,91.0
4cceacaeb21aa22aa51b4c724de3758d,moveis_decoracao,44,316,1,900.0,40.0,20.0,40.0
2d27a2ca6a182ff8cee95fea0f6a69ce,casa_construcao,56,371,1,200.0,20.0,8.0,16.0
75a0da72d64d961e5ad456641416fa20,automotivo,59,651,5,5025.0,64.0,5.0,39.0
eb41f1f2a3acc800eacb69d0b5c63881,esporte_lazer,39,1785,1,450.0,16.0,10.0,12.0
52cd5817c291740688bad8a1972bb019,relogios_presentes,34,285,5,550.0,25.0,25.0,25.0
13ce216ee959a22dbaec66c182a1b87f,beleza_saude,52,1376,1,500.0,30.0,10.0,17.0
e06f99e79036d681effa3de75989bf22,relogios_presentes,54,257,5,200.0,16.0,2.0,20.0
08834f7365a6bc07d7049b7f4e95f8e8,utilidades_domesticas,56,262,4,2425.0,26.0,26.0,21.0
1c29e0998c641090dccdd718d8d2ce61,utilidades_domesticas,46,403,1,10100.0,19.0,48.0,27.0
ea102536094cd45ff11f73dc8be9142e,esporte_lazer,32,220,1,1000.0,16.0,12.0,12.0
91b08d34d0ba4db44da2dc382867ba49,telefonia,47,137,2,100.0,16.0,4.0,11.0
e97d6ed4cd62bf66d6cd2e7fd63984c3,informatica_acessorios,51,302,2,3600.0,23.0,9.0,30.0
a43a88461fa9308923d4464102a5a6ec,beleza_saude,60,799,1,2963.0,25.0,19.0,21.0
afb83a05bfcf46258f04ce060671d5b4,telefonia,49,709,5,150.0,17.0,3.0,12.0
389dab2c3ff642d27fccf64962be5d4c,artigos_casa,58,702,1,2146.0,42.0,11.0,36.0
f175811ea0e0a865f56125dfbb04a8a6,variedades,46,882,1,1050.0,42.0,25.0,15.0
5dc0a51cc6ee5656da48ae091e9ffdc7,eletronicos,59,123,1,250.0,16.0,35.0,25.0
b35c3c655d950af9dcd75516879eba67,alimentos_bebidas,30,407,1,2750.0,21.0,22.0,12.0
2a5fa7b501557e971bf63ec336f67fa2,artigos_casa,57,293,1,5900.0,50.0,10.0,30.0
4efaaa0a8d959fc23e3745093d3aac6a,ferramentas_jardim,45,536,1,5700.0,50.0,25.0,25.0
fb2f2ec90b4ee90ad257bbf89d01247e,artigos_casa,44,629,1,850.0,16.0,10.0,16.0
d70a73b4d166dd09290e3b484ff14b82,telefonia,33,142,1,200.0,19.0,4.0,11.0
9707ca15de54826fe85ed7859c935d6c,informatica_acessorios,60,431,1,150.0,17.0,7.0,12.0
b30d7b0adcdc4a117f455472548155ec,eletrodomesticos,60,1014,4,150.0,30.0,10.0,15.0
18aee3ce70a5fc870a85f59f409c91f9,utilidades_domesticas,47,457,1,2100.0,25.0,60.0,25.0
32d2110b4347d621efeef1269d734fb8,pet_shop,60,1323,6,600.0,26.0,7.0,24.0
6413f7a28e149a324c4a914000399fb2,variedades,53,629,1,975.0,37.0,31.0,17.0
26f03967104b76d4ebd5e43a1b3c1e18,alimentos_bebidas,41,465,1,600.0,33.0,21.0,27.0
1c6a5fd4bf0e4196dc0a20386c496bd3,variedades,,,,3800.0,30.0,40.0,30.0
fa28f114992077c601cdb9810c5108a4,utilidades_domesticas,58,605,1,2500.0,33.0,31.0,23.0
d018f2e6c1571b5b9aa3358c7b2261c9,esporte_lazer,55,2961,1,3300.0,46.0,35.0,35.0
efb23bb2d728864f9d7d3cdad802ca87,automotivo,58,292,2,2950.0,30.0,10.0,60.0
0768c4dc73c777a620b38c1da390ae8e,eletronicos,42,93,1,2800.0,26.0,25.0,35.0
918bc9631b98fd39f5c52c9d11cc0597,utilidades_domesticas,56,536,1,13250.0,43.0,67.0,27.0
8e93bf2cbba0420f166afa0c797525b0,moveis_decoracao,39,94,5,450.0,16.0,5.0,20.0
826e0179d6f0f44339c0fa71c464acf0,beleza_saude,22,575,1,3330.0,21.0,21.0,18.0
464a2bd11ce5cf1fcfb4f609dedcf914,moveis_sala,56,1146,3,3525.0,30.0,11.0,30.0
165deaf73f29fe5f4e6c607b40d93d26,bebes,60,1196,3,2050.0,42.0,25.0,15.0
3b2171e2d0d589efd2eb579ced25dc80,livros_interesse_geral,37,2118,1,1550.0,17.0,18.0,18.0
f1b5bab9091189a35c60f52afb5bcfa0,esporte_lazer,52,354,1,1223.0,32.0,25.0,23.0
a39dac35775c3a863b0b7b6d72e839ca,utilidades_domesticas,43,254,4,550.0,16.0,5.0,12.0
48b84ebeb242a7c1b410848b79d4f22b,automotivo,53,270,1,6250.0,55.0,35.0,30.0
9b51d6648b91fc80caff5184f2a4e24a,artigos_casa,60,723,1,1150.0,30.0,20.0,20.0
b17808303e15dd50538c011b44295427,artigos_casa,56,502,3,1050.0,23.0,93.0,118.0
a01801e4d348c3375e43643085a6b576,eletrodomesticos,55,1855,1,350.0,16.0,20.0,11.0
9ed0c78e13f71131885275746cc69687,utilidades_domesticas,59,1201,1,14550.0,43.0,62.0,41.0
2a88b20e4ce366edc5efac1c5764d808,papelaria,53,645,1,700.0,21.0,8.0,17.0
a475fdcc33516e3be47806479b670256,variedades,51,298,1,900.0,25.0,10.0,25.0
ed5666106b8fb47b57c4b2c5f67a755b,informatica_acessorios,36,957,3,200.0,16.0,9.0,12.0
74e48c5377480b7d048d7b294abc569b,variedades,45,3908,13,300.0,21.0,12.0,12.0
c6e3c9a59b663e36a8b95b2dde81fa33,esporte_lazer,30,451,2,1300.0,30.0,10.0,25.0
1074656a4fa698879d65d619f58083b2,esporte_lazer,57,779,1,1150.0,26.0,23.0,21.0
56b83ac081e4e6ea5f87323b4e46e85c,artigos_casa,47,1343,1,1100.0,45.0,8.0,35.0
eb13f07e760f0deb9bde498ef4c5d585,artigos_casa,52,683,1,800.0,28.0,3.0,29.0
7f1a77bec0639e473392e91a504272a5,variedades,57,605,4,575.0,30.0,11.0,17.0
1a96bfd3ef9221f2775d1eccd98a7f17,ferramentas_construcao,57,422,4,200.0,42.0,12.0,12.0
dcc0e81eb76da517c6145e0c64b07c3a,livros_tecnicos,41,1641,1,1850.0,30.0,5.0,20.0
79e95411be04d7f2382be6cca1779ae7,moveis_decoracao,48,1950,3,5400.0,70.0,4.0,55.0
15c2f1db81672725401439acc4872622,utilidades_domesticas,39,403,2,2500.0,48.0,10.0,35.0
1a366f773e013eb49126f79154b769d0,artigos_casa,53,831,4,550.0,20.0,20.0,16.0
36d74b6f7d7c0e188328c310f9d9896e,fashion_bolsas_e_acessorios,46,455,6,450.0,24.0,10.0,12.0
99c86b937a9cbafc91d89bef3f5b7747,automotivo,56,290,2,4575.0,41.0,10.0,21.0
913eefa4eb54c8a9bcb9871dfd94a0ca,ferramentas_jardim,28,634,2,400.0,20.0,5.0,21.0
323aa447dc953b5592e25c37ce6f36e2,perfumaria,50,302,1,350.0,20.0,15.0,20.0
4275f85d0173354d8ca336b70a87aa6a,bebes,21,428,1,6950.0,50.0,25.0,55.0
9b22f7b1cdb025c57df28403bc48edce,esporte_lazer,40,1786,1,183.0,17.0,19.0,18.0
ac2bcc51d3c713389dd531c5af569f3c,moveis_decoracao,32,192,2,800.0,18.0,12.0,18.0
373449943bcfafb2d3ff7423408a1c9d,variedades,,,,350.0,20.0,5.0,11.0
0ef539a5334aaf06f2a028d08021f681,brinquedos,43,713,1,22983.0,62.0,55.0,62.0
e5bd04e8e3cb77f1a49404d588d3e528,artigos_casa,46,348,1,600.0,26.0,2.0,20.0
403c463d8502623e3b991a04948a4dbe,perfumaria,42,225,2,532.0,20.0,15.0,16.0
516f4c728fa63b7394b4a4d99a010ff6,variedades,,,,2200.0,47.0,11.0,40.0
53ecbdfce48c35f53f87609dee98b4b7,variedades,36,342,1,2768.0,26.0,29.0,13.0
cce679660c66e6fbd5c8091dfd29e9cd,artigos_casa,43,125,1,250.0,40.0,4.0,30.0
868ceb027ab706a4dee42e2220006b85,informatica_acessorios,23,978,4,1550.0,25.0,15.0,25.0
e2d0024603f9c0d4c42064b804bb2215,bebes,52,712,2,400.0,20.0,20.0,20.0
51918218f3716b668803406ba6a2318c,utilidades_domesticas,48,657,1,2700.0,24.0,39.0,29.0
63444bbabe7f7185d14af28fa281f516,beleza_saude,56,2691,1,1500.0,20.0,12.0,21.0
fae1557c6a2150f66bb7004d3d21affe,telefonia,59,604,1,100.0,16.0,10.0,11.0
c183fd5d2abf05873fa6e1014ed9e06c,agro_industria_e_comercio,53,1461,1,1500.0,22.0,16.0,24.0
16c7b8541faaca79fa6cf9e5bc9c1622,moveis_decoracao,58,2071,1,1830.0,69.0,11.0,11.0
bdfa3ba07ef80b018f8102da22d908d1,utilidades_domesticas,46,965,1,750.0,16.0,26.0,11.0
c6dd67cc1a32588ce8498afdb3c07b20,utilidades_domesticas,60,1013,1,800.0,16.0,25.0,11.0
c0cbe1b0637052611e4f42f47343b6b3,pet_shop,60,406,3,350.0,26.0,8.0,15.0
d05f6ff12fe26d165338b1d182b4a7f3,artigos_de_festas,39,200,2,400.0,16.0,9.0,11.0
90aaf7f993470e411207adabf5b998b6,informatica_acessorios,34,1727,1,50.0,30.0,30.0,20.0
8215db96a612d69839c27866feabf350,beleza_saude,59,555,1,1075.0,17.0,13.0,15.0
9c7ed530c8d9880f978748600f319c0c,artigos_casa,60,146,1,1200.0,34.0,6.0,41.0
93492b51618a093d88d0616985f0c6cc,moveis_escritorio,59,1217,6,2150.0,16.0,26.0,26.0
42874c3f68eae9f0408dc1027edcaa6f,esporte_lazer,44,1165,1,410.0,24.0,26.0,17.0
16241e79b047426033194065d8b321b2,moveis_decoracao,57,526,2,400.0,18.0,19.0,14.0
c0f22b22473bc776163846b49d650556,moveis_decoracao,60,2281,1,300.0,70.0,11.0,11.0
aea8161ed6bc3b11628cd393fd03486a,fashion_bolsas_e_acessorios,52,85,1,200.0,16.0,2.0,11.0
0ffd7e5d9372f67eb4346205f0cbcb2a,moveis_sala,26,907,1,12375.0,56.0,70.0,18.0
8e4359ade56e8a653deb63400dcd994c,brinquedos,57,1163,4,500.0,25.0,55.0,25.0
f39d173b39667dbc8a170145b8035ae2,ferramentas_jardim,58,1937,4,1550.0,29.0,7.0,21.0
faa51d5c696ac870bc1ec1c6d3691c15,automotivo,54,223,1,1650.0,41.0,19.0,41.0
15b5589e105e35c3db7dc3ebbe55e13e,brinquedos,9,994,1,350.0,26.0,6.0,15.0
3f40225200e08615f10f2e6641d16899,utilidades_domesticas,60,361,1,500.0,32.0,9.0,15.0
693cf0e43d6a106df00fb14bd62d0d3c,malas_acessorios,38,417,1,1100.0,40.0,10.0,30.0
a97c27ea59cd231856af01eceb977ac9,utilidades_domesticas,60,120,1,1500.0,45.0,45.0,45.0
d249f9dc99c68bbd2e4301672e0f97c5,moveis_decoracao,56,314,1,700.0,40.0,15.0,40.0
4a69bf67fa5c94b8e301ef9c94950755,variedades,46,595,2,500.0,16.0,12.0,22.0
36e11e6e23d31fb19391c75b1ed80a9a,utilidades_domesticas,49,79,2,7700.0,54.0,32.0,45.0
f1f762d742a61bd111909093655c621d,beleza_saude,58,119,1,700.0,18.0,18.0,18.0
90ecafcda7c811f567aff494b2981812,automotivo,30,209,1,123.0,18.0,13.0,17.0
ac374e17faa1d8981d2c2329449d1519,artigos_casa,39,444,1,550.0,30.0,3.0,19.0
d7cdea99e6f50310c242d02f16f1f63c,relogios_presentes,41,359,4,450.0,23.0,23.0,20.0
b273b6db0baa191909f11d3bc4d44144,relogios_presentes,39,622,1,340.0,18.0,9.0,13.0
913580fde3e72c3b3e4ce0b79963bee6,telefonia,53,318,4,100.0,16.0,5.0,13.0
31d976f5306d3408e3d41d670343495f,automotivo,58,1063,3,2600.0,25.0,15.0,20.0
ee37349d258101b9d573a256d1401ff7,esporte_lazer,46,765,1,1996.0,86.0,17.0,18.0
7c24503a64637f3ab756ed1b44826747,brinquedos,44,302,2,247.0,18.0,12.0,14.0
53465a6b8b3c6d85fd7810aab30b5992,utilidades_domesticas,55,359,1,2000.0,43.0,30.0,32.0
3a0e83258aa8612b4e2d4d5d8a246f33,perfumaria,22,598,1,470.0,22.0,12.0,15.0
0a57f7d2c983bcf8188589a5fea4a8da,relogios_presentes,33,932,1,396.0,18.0,11.0,14.0
fb43e2d63e76125c76c8f07c263e0bd4,eletrodomesticos,60,289,1,950.0,16.0,45.0,35.0
d3e08a8d7b87b86014638167087a8eaa,telefonia,60,668,5,300.0,17.0,4.0,12.0
6978fe95a5bf7452bfef0fee43f55ce8,automotivo,51,176,2,767.0,15.0,5.0,10.0
9e070ed5cbb78c56d84cd29220d36490,esporte_lazer,32,536,1,1846.0,49.0,37.0,28.0
c17f4a8f38d4748ee5409e7bfbc58038,esporte_lazer,39,261,1,700.0,27.0,12.0,49.0
14bcfd08402831f2e770b142a1203d9e,beleza_saude,52,708,5,400.0,25.0,15.0,15.0
99b89f140f651db441848081814dd1a1,informatica_acessorios,32,296,1,1000.0,24.0,25.0,21.0
4927206e432eb9e2cb9f4d182a16c7d5,relogios_presentes,56,486,2,367.0,18.0,8.0,12.0
1224503f1f9b9e8ead31a3d32220ebba,relogios_presentes,58,618,1,400.0,22.0,14.0,27.0
5ca414808a1673669317d56dd0fd6b1b,beleza_saude,35,262,3,1200.0,19.0,15.0,23.0
b7adcb01af7ce9db1f8192b9de8a923f,artigos_casa,60,302,3,6050.0,60.0,10.0,60.0
e8b748331bfa82cd846159f42049c7f4,eletronicos,39,2076,1,125.0,17.0,9.0,12.0
8049d38dde63e0ca96af1e9511d4727d,artigos_casa,59,628,3,3650.0,49.0,18.0,41.0
9698db22a15cee3747028222da04f1b1,ferramentas_jardim,52,421,4,500.0,35.0,5.0,20.0
09ab4881a3f3ec7ce2749c3023260358,automotivo,32,435,1,1075.0,39.0,6.0,26.0
288dbc06591742c5d7fe90fbfb08943e,moveis_decoracao,55,1130,1,3450.0,43.0,18.0,22.0
a6dfe3ac4d3a7c8dcce74a95ba58c27e,moveis_escritorio,42,2235,1,9750.0,59.0,45.0,43.0
0ab78aeb8039e8ee1d47412e56baded3,consoles_games,54,342,1,200.0,17.0,3.0,14.0
13befae9b3fb34c439cf4744fd18dfa7,artigos_casa,43,124,1,250.0,40.0,4.0,30.0
c1aabbb6f4caec9f5bf7cd80519d6cc0,livros_interesse_geral,25,413,2,400.0,24.0,3.0,16.0
d55d7f0c5ef5a075a5a30e2517867bc9,artigos_casa,52,244,1,3200.0,45.0,15.0,35.0
2e91e5644d8da04d17ade8d59c0990ca,beleza_saude,55,664,1,2225.0,18.0,18.0,18.0
5ede6e418a361cb82ecd118bfe83ca2d,relogios_presentes,44,483,4,350.0,16.0,12.0,12.0
6cbe4bd19efc4606eb2a9448a47e232e,consoles_games,53,273,8,300.0,30.0,20.0,20.0
19ff2d1670779cdd13a453274509bc1c,fashion_roupa_masculina,43,412,1,300.0,35.0,30.0,20.0
9d81eaca13286647efa7a4dffc25aa56,artigos_casa,58,834,1,300.0,16.0,10.0,16.0
95a6ad831088e19c94a25f818c805c0b,automotivo,57,2028,1,1350.0,35.0,15.0,29.0
1f112631857414c63be3c00b6d8bf45f,relogios_presentes,58,593,1,467.0,19.0,13.0,20.0
c2d28f0e9e7925b59ea575da70e8f884,pet_shop,58,569,2,450.0,18.0,25.0,18.0
59da9108971775375af05a7280fc14be,esporte_lazer,60,393,1,3450.0,57.0,20.0,30.0
2362d3d1782889c8759aa6ace2c73aad,automotivo,56,370,1,6100.0,30.0,25.0,25.0
0b71361b63b0fb078b86a39340251133,moveis_decoracao,55,238,1,3500.0,45.0,12.0,40.0
48b099f6925c19d46ed5f013267681c2,artigos_casa,55,134,3,650.0,27.0,10.0,23.0
f1443bfa1e4eadc787b25d959f21163b,esporte_lazer,26,728,4,200.0,20.0,8.0,11.0
cd26cd11a73559a0b65964c1324a688d,audiovisual,48,2433,1,800.0,26.0,15.0,20.0
f87341d0a32c1998e212c1c9ec6d3362,ferramentas_jardim,44,1064,3,5500.0,48.0,30.0,30.0
fb29f48bfea41db52e349454f433340e,informatica_acessorios,59,690,1,300.0,39.0,9.0,20.0
3025eab6cff12d116410978c3e5fa860,moveis_decoracao,36,1621,2,450.0,16.0,2.0,11.0
7a5b821fca01c5a75fa33c06f249e0f5,beleza_saude,26,673,1,550.0,30.0,30.0,30.0
04a67e69edfb208f784da30294f69c5b,esporte_lazer,51,1256,1,1350.0,26.0,18.0,18.0
c8d415e06ebd7a37c7a5b4a18641ca11,beleza_saude,53,1267,1,383.0,17.0,13.0,15.0
1219ebeab3a90333cfc5bbf44f846398,bebes,59,1648,3,600.0,23.0,33.0,11.0
a78b7b0cc4bc7068c5ba6051f0101484,artigos_casa,60,369,1,5450.0,45.0,22.0,33.0
d56195ce7cef6e7273cf920072343459,variedades,54,603,1,2100.0,30.0,30.0,30.0
25b569d22d25020f8a5d52f8ad129b14,papelaria,41,308,2,300.0,25.0,10.0,19.0
ea260f972b87224bc68cc0c605e915fc,relogios_presentes,44,170,2,343.0,19.0,22.0,20.0
217acb8d395f2dba1228410a1bf20d29,automotivo,35,517,3,200.0,31.0,4.0,21.0
4b88b15eb9d5ad74ffa095bcd4ddb64f,market_place,43,919,4,7500.0,24.0,38.0,23.0
7d854ab97c64ef9df2bbfaf332765786,variedades,44,598,4,4100.0,89.0,4.0,42.0
037f82112a937df3f1486fa81eb1f127,esporte_lazer,46,1018,6,4700.0,85.0,30.0,20.0
7d39a5380ff19ab4ac1facc7dcd05480,esporte_lazer,57,859,1,600.0,30.0,5.0,15.0
a4f46aac5fc5e88c9701aa860c2a957c,fashion_bolsas_e_acessorios,33,365,4,800.0,30.0,20.0,25.0
4b6b3a7072d549354c3743dedbf4170a,relogios_presentes,60,160,3,350.0,16.0,2.0,20.0
845968d70e40e2ceece1bc1d3f5812d7,artigos_casa,60,389,1,400.0,16.0,10.0,16.0
be461173f378f9c404bb6525d089c195,telefonia,60,1170,3,200.0,18.0,6.0,20.0
71cedfb0fc49b02e2cb77b7ae1fff332,informatica_acessorios,31,618,2,613.0,20.0,15.0,18.0
ecbe401f10ecd3b822d940d63cc3311e,eletronicos,60,915,4,700.0,16.0,7.0,12.0
14aa8b2c8709b5e12cf97b252e111a59,ferramentas_jardim,60,177,11,1000.0,35.0,20.0,20.0
3197fca73726f51df11ef871f9c30213,alimentos_bebidas,51,462,3,238.0,17.0,12.0,15.0
c989db5e9fa3ee241a62cf92a4a27a4b,relogios_presentes,49,571,2,200.0,20.0,7.0,15.0
31699327e8b1095210f7c48d91fc09f0,artigos_casa,57,592,1,1400.0,38.0,11.0,30.0
6f657bbc44514ab511c65b891301208d,utilidades_domesticas,58,1782,1,1250.0,22.0,36.0,22.0
47061c529d086395e595208595507aa4,artigos_casa,56,609,1,550.0,16.0,10.0,16.0
760bc344cfd2b318b8bf388fa995d3e4,eletrodomesticos,60,209,2,300.0,27.0,13.0,17.0
75c859dbba6358947a27d204801125a6,eletrodomesticos,57,1113,10,12900.0,25.0,25.0,25.0
09ebc052c8e265f5ea1e86320c049322,moveis_decoracao,40,249,4,7250.0,62.0,6.0,62.0
03f02ee5e8fd233d41dcfe8ad911cf7e,artigos_casa,56,617,1,6400.0,30.0,30.0,30.0
62b0aaa3af54c1599523aa7505ac5216,telefonia,58,230,3,80.0,20.0,4.0,14.0
24e648f338846ab5a977cbe3e0638b19,pet_shop,26,574,1,250.0,16.0,4.0,11.0
ffbe3df3856b1fef3fee8f1264105a89,beleza_saude,44,1641,1,250.0,16.0,11.0,15.0
c94d19d021d4a8fbae5a45f904aeea90,moveis_sala,34,612,4,9750.0,27.0,15.0,92.0
7e9c3f9252da175be7ab4e3131819ab0,utilidades_domesticas,58,464,1,8150.0,66.0,20.0,35.0
4bc3ab2ff016887e619e587a993af3bf,relogios_presentes,44,516,1,500.0,20.0,11.0,15.0
d2590e760a219370be80631524e6a493,artigos_casa,60,1804,1,650.0,42.0,11.0,29.0
11f97b0fc032508935ea374eadece168,relogios_presentes,55,1057,1,350.0,28.0,10.0,18.0
26a3bf2fff7de4f4a65d54442c672913,esporte_lazer,35,1177,8,2850.0,35.0,17.0,48.0
fc3e972df7e263b301e2bee77ac2a6d3,esporte_lazer,55,981,6,1600.0,24.0,13.0,16.0
d5a4980e7e4a143e8d1bff13df09aefa,relogios_presentes,47,650,1,370.0,18.0,11.0,13.0
3d74d787086b0e22ac320ae43b240aea,variedades,57,1003,3,200.0,30.0,20.0,40.0
cd489785324bc65510f5a0ea2382f1d3,utilidades_domesticas,38,614,1,5300.0,30.0,35.0,30.0
65987bbda0b048eb2cbd8fb635c959ab,beleza_saude,37,1020,1,300.0,26.0,5.0,18.0
7a89d29a8c19a5bea1ac95a83525d182,beleza_saude,57,3413,1,350.0,20.0,20.0,20.0
833963db6b40227a1f9a69133c7e41ce,utilidades_domesticas,23,521,1,450.0,25.0,16.0,16.0
122cdd27eca7a057e97242c3642c5645,esporte_lazer,44,967,1,1000.0,62.0,7.0,36.0
dc29bdbc4333f8825bb17ed7834e54f2,beleza_saude,46,872,1,250.0,25.0,5.0,24.0
94cff684a6f115a32507988ff6541801,ferramentas_construcao,56,225,1,300.0,20.0,12.0,25.0
2c1cc48126c2bdca9e59a300ade4f1c8,brinquedos,41,515,1,600.0,18.0,13.0,15.0
82291b3a952e46978d916dc09dfecc2d,utilidades_domesticas,60,970,2,850.0,38.0,20.0,26.0
bad9d1329b763d5a67f2d5d6b0a5f94d,alimentos_bebidas,40,423,1,1400.0,18.0,34.0,18.0
07c410d85cf66a03da15b92f2d03d583,automotivo,59,586,2,825.0,60.0,8.0,33.0
0cd6e5162c88ac37f5d1aee2922c51cb,artigos_casa,54,1076,1,400.0,33.0,3.0,23.0
1f32fa4223c913c075458059fde383bb,informatica_acessorios,46,207,2,950.0,36.0,15.0,23.0
8ce0b48cdcc4b753ae4de64497998338,telefonia,52,1371,2,600.0,18.0,6.0,15.0
6d9c13461ff3d5e84455aec235969d23,eletronicos,30,361,1,200.0,25.0,7.0,16.0
657247f6f60543b93e3cc708a8e6329c,malas_acessorios,53,526,2,18050.0,75.0,20.0,50.0
e9b0d092db44ec2704a9cb87a907a434,automotivo,50,781,1,900.0,30.0,15.0,15.0
93278713f25024bcab2ce87921bf8b87,automotivo,58,389,1,9950.0,60.0,30.0,40.0
d121a42e2416f999dc353f81efcdd5f4,perfumaria,60,71,1,300.0,18.0,9.0,14.0
a7c73814e6894bc049f7aac7d37f7175,telefonia,54,883,4,300.0,16.0,4.0,20.0
a880fc1c1a8af0fbd7f9bf9b4e51870f,utilidades_domesticas,57,377,2,900.0,30.0,25.0,25.0
5e6935146c2d07b17b2ca0d3e98cb1f6,beleza_saude,45,455,1,200.0,20.0,3.0,11.0
686476adb39d272e27b0dd7c111d3762,livros_tecnicos,57,836,1,950.0,29.0,3.0,21.0
8cfcfc09db52830c8dab9e5a36d7ae6b,esporte_lazer,42,607,4,300.0,38.0,10.0,35.0
fb32a0ce23fd67b9db45a4fbd9dde211,esporte_lazer,35,631,3,1900.0,50.0,15.0,50.0
b4f9530c931398e215242293c2c8ba4c,telefonia,59,1542,3,283.0,20.0,9.0,15.0
4f6feb65547759b7c03d681f190b1f52,esporte_lazer,46,1727,1,143.0,17.0,8.0,13.0
972d4aba7eb9ba03a5b7950751f11f60,automotivo,58,238,1,150.0,16.0,10.0,16.0
c2e65424d0c3ca6c8c87576a7307eb90,variedades,,,,1150.0,40.0,18.0,21.0
da066b813a9bc3f4294eac9aa647c834,variedades,,,,21300.0,47.0,39.0,39.0
73a6e085799e9c92a2c854ec9627b28f,informatica_acessorios,50,188,1,50.0,16.0,32.0,21.0
d52fcdcc1032ef9307fd89712494f2ee,brinquedos,46,351,1,300.0,23.0,22.0,21.0
e877aa9e6e517f9df1e3e8538b8cc37f,automotivo,58,1654,3,500.0,16.0,21.0,18.0
4debd977b5bc245487ec61b7961b16e3,telefonia,59,506,3,650.0,19.0,3.0,11.0
c7a94c6dde9d81dc864941084dbdfe45,esporte_lazer,58,246,2,1100.0,60.0,15.0,15.0
1157473164d02565ae5be0b614f9d2d8,fashion_bolsas_e_acessorios,34,466,7,325.0,18.0,19.0,12.0
34b91723112fa9ebf6b4d6b4db4a6741,brinquedos,44,1485,1,2238.0,24.0,45.0,27.0
5d3a28908289035ee6394b67a15a2687,fashion_bolsas_e_acessorios,60,1118,4,3200.0,22.0,15.0,20.0
8ad5422c2f13436a172cbdd5f2faa00e,eletrodomesticos,55,264,1,1200.0,55.0,19.0,46.0
d58020f0dc3b18e41728f846f5072a6c,telefonia,58,678,3,150.0,17.0,8.0,14.0
2037fcc268b127d15234b91f823f734a,fashion_bolsas_e_acessorios,51,731,1,200.0,16.0,2.0,20.0
ace2ee0158ebad178e6616ad39507b8d,moveis_decoracao,60,2047,2,600.0,60.0,7.0,14.0
1e792313d6d23699b3ed772e7042b089,papelaria,57,192,1,1575.0,31.0,31.0,34.0
efce3fae189352dae985bc199c030d93,artigos_casa,51,326,1,7550.0,60.0,12.0,40.0
c1a97b7dfb03db09a3736bd6f1eb9034,beleza_saude,54,1598,1,800.0,16.0,5.0,11.0
2404548f978ba4db35f2a430dba36b1b,utilidades_domesticas,57,835,1,1650.0,16.0,30.0,12.0
62644f19deb898e43ebdcd29ff3d9361,variedades,60,594,1,900.0,28.0,20.0,20.0
1158f353b550ac2a2dee2239ac64f79a,informatica_acessorios,52,171,1,750.0,40.0,27.0,12.0
ceaccc5199621adcf71bc58486a52e21,moveis_escritorio,44,2223,1,11400.0,58.0,28.0,58.0
fbb280a5758e5cb3b4f72e652794103d,malas_acessorios,57,271,2,16050.0,60.0,40.0,40.0
9d47dddcc5eb825534e212b1b927385f,fashion_roupa_masculina,60,275,1,800.0,40.0,6.0,35.0
9a7c0784b8058269d176b3089c946ed0,artigos_casa,54,629,2,900.0,16.0,10.0,16.0
ebad99212b472ad37b106807248d5f47,papelaria,52,447,3,1100.0,38.0,33.0,30.0
0f80705139ce16ea35bb489987399b55,brinquedos,49,216,3,550.0,30.0,20.0,20.0
3bf56e26b61ad28e0d04d2278fcb7ba8,papelaria,59,505,2,548.0,20.0,16.0,26.0
6b918e49a6e0258e32fe209a885f6d06,esporte_lazer,38,329,3,3190.0,46.0,13.0,30.0
9f39e03276af0a6bbf2459ec383a19e6,livros_interesse_geral,46,3833,7,1200.0,21.0,4.0,14.0
716b606a119bc544bbda57aa94853f0d,industria_comercio_e_negocios,58,478,3,10250.0,104.0,16.0,35.0
34604421b410aa74270f4309503a4338,automotivo,33,703,5,1350.0,32.0,28.0,28.0
644e4cb8dd45b65f85f267f66e551c94,brinquedos,52,30,1,300.0,25.0,30.0,20.0
9d6a788ceee3a2c4ef57a459d5a202eb,instrumentos_musicais,39,678,2,13600.0,47.0,38.0,35.0
9b526d1b3e58c9453221353c4368e075,beleza_saude,56,1957,1,1372.0,23.0,16.0,18.0
fcb9824e33f82adb4fcac27ef46905b5,informatica_acessorios,43,309,1,100.0,40.0,2.0,24.0
55ba658d5c2f0b1f118f98c36fe3fa04,brinquedos,63,2136,1,200.0,16.0,2.0,11.0
c46c87888b081cf424913fd74b9b6e87,beleza_saude,40,183,4,450.0,27.0,11.0,19.0
06b0745ce2aca5382b0509425b8a5ae0,ferramentas_jardim,54,654,2,8350.0,36.0,46.0,36.0
159ec57903b1ef5807cc73ebf66d12c6,automotivo,48,1639,1,100.0,20.0,20.0,20.0
fff9553ac224cec9d15d49f5a263411f,fashion_bolsas_e_acessorios,22,328,3,150.0,16.0,13.0,11.0
bac454a7993cf166c5bcfddba6462a02,utilidades_domesticas,28,89,2,10300.0,40.0,40.0,20.0
617a578b153fcf293811a090d2f0a02c,variedades,57,422,2,80.0,19.0,11.0,11.0
75b244904ed62f3af89d3fa542c41026,brinquedos,33,104,3,2050.0,20.0,31.0,30.0
d902ca64b614964dc31d6b0372e800ac,moveis_decoracao,56,297,2,750.0,100.0,5.0,20.0
1f411e9a31196b71ed8438c8254b858e,pcs,54,1053,2,11850.0,50.0,50.0,25.0
66f2a9b44099e193e02f633ef51755fb,iluminacao,56,955,5,1750.0,20.0,23.0,31.0
a5bc15d5136b84537fb92bb7c06f6837,variedades,58,335,1,2200.0,45.0,15.0,35.0
0b88409c52cfb9e93f9dcb06f2a37fd4,livros_interesse_geral,30,517,1,800.0,16.0,8.0,24.0
aa96d291abe7cd0000c25e34bc8ed316,utilidades_domesticas,53,679,1,250.0,16.0,2.0,11.0
724e311fce23cd5509319b1fd68e5622,livros_importados,59,195,1,800.0,30.0,2.0,21.0
967f92d9c1776171b28840fb8b644c36,informatica_acessorios,56,123,2,250.0,35.0,8.0,20.0
ead72457c58dcea14f94c2223c684716,esporte_lazer,51,2050,1,50.0,20.0,16.0,12.0
d4a56b9816c864d22d8b40c16999208b,telefonia,56,1666,1,230.0,14.0,10.0,11.0
d84a83ff61bb8049f7e620bc023f373d,variedades,,,,1450.0,30.0,5.0,30.0
4d5bb93bfa70f67cda10b1428f2a252c,livros_tecnicos,26,250,1,500.0,22.0,22.0,12.0
59456cc9f0eb749249f39d1f8f633ad3,variedades,,,,2465.0,34.0,20.0,20.0
13d4517626b8f08688c28586123fd638,livros_interesse_geral,55,236,1,250.0,27.0,9.0,18.0
fb86f051bd8a6ca06751de557e686c33,artigos_casa,54,665,1,800.0,30.0,3.0,24.0
013fef6ee8c8f3ff998e8f0a950a0495,utilidades_domesticas,37,149,1,150.0,35.0,16.0,16.0
802c5db7d7c05d87d41f83f6b0f19e34,beleza_saude,29,755,1,1350.0,25.0,25.0,20.0
94fe5d8bb49bb5643b837cfb59ec8d62,instrumentos_musicais,60,721,1,300.0,16.0,16.0,11.0
75b317dc3a4d186a05953668cb82ec66,utilidades_domesticas,45,192,4,375.0,32.0,43.0,34.0
1dec4c88c685d5a07bf01dcb0f8bf9f8,automotivo,44,982,3,17600.0,49.0,49.0,23.0
47ccf73e45bf059c94e9d025329206ac,esporte_lazer,28,982,1,1452.0,54.0,24.0,34.0
3d5100aa426e420a80a8fab06e9d198c,relogios_presentes,25,726,3,200.0,20.0,8.0,20.0
bffdb7d6bdb994823039ac983d6d30ec,pet_shop,31,621,1,144.0,18.0,12.0,16.0
b23b10e4282fc95fb2db440d4dded066,instrumentos_musicais,37,148,1,400.0,20.0,7.0,20.0
2078312a2dcf1fcd8a38eabcf5dd033a,moveis_decoracao,54,1045,3,400.0,50.0,3.0,25.0
1aba5f6d342892bef219db99ae29f029,fashion_bolsas_e_acessorios,42,1359,1,350.0,16.0,2.0,11.0
ed8aca7716a90fa417b618729f8dba69,telefonia,63,327,2,150.0,16.0,4.0,11.0
9f1c3e71d56894398a42b050b07f1baa,variedades,25,176,1,163.0,17.0,11.0,13.0
7c55ea4aea1acf1ce11440010f5aa298,utilidades_domesticas,60,1800,7,9900.0,60.0,50.0,20.0
b77ae16cc8f67cd1c0ec781d5bf4da2b,variedades,60,594,1,2050.0,42.0,25.0,15.0
34157b9ee376927e58c66e9a69cc8704,pet_shop,48,701,3,850.0,45.0,30.0,30.0
34f1d812e50cac90f35094208c67cc8b,moveis_cozinha_area_de_servico_jantar_e_jardim,46,655,2,19300.0,41.0,76.0,41.0
cfb763496d9fc48751a27db4fd02aa2d,artigos_casa,38,168,2,350.0,25.0,9.0,19.0
78018501054dd80dc909eee2f22ddbd4,variedades,51,647,1,1400.0,45.0,30.0,20.0
d17fe0484ccf901623bfbcae6ab4aac8,variedades,48,272,2,500.0,71.0,2.0,13.0
a42b51ea9f09c0c349e72d364e049b94,moveis_decoracao,19,129,1,1500.0,28.0,9.0,28.0
d816a92fa931677cd6821e47cb622d35,artigos_casa,46,156,1,1112.0,40.0,7.0,38.0
e5f2d52b802189ee658865ca93d83a8f,pet_shop,56,239,2,30000.0,50.0,30.0,40.0
b7fb317b06027cff33c39708e088e5d1,eletrodomesticos,60,186,1,550.0,70.0,13.0,12.0
03bb24d19ea7449ce170e0888d830707,informatica_acessorios,53,148,1,910.0,32.0,14.0,15.0
72a7abb58f57aa1680a07562ade95368,automotivo,59,725,1,9000.0,65.0,42.0,40.0
dd2e425e371689b74d67c0bd6e739ea2,beleza_saude,60,425,3,300.0,19.0,11.0,23.0
19ac4a7de40be5bd72347162024983f2,variedades,,,,200.0,16.0,2.0,20.0
f13628923537912e1cce9e6c00d9f4df,bebes,58,603,2,600.0,20.0,30.0,30.0
c87d290a69f27d78e303df61eb85409b,livros_interesse_geral,41,961,1,400.0,17.0,24.0,11.0
59b51733f8b660874abf04e987218962,utilidades_domesticas,38,414,1,8550.0,25.0,65.0,25.0
45fc964dc03d16147f82dbe844e2cdf1,moveis_decoracao,19,262,1,19575.0,38.0,44.0,38.0
67a7c7243c0585ccc44471b5a5c115e9,automotivo,58,288,3,20650.0,63.0,63.0,40.0
683cfdf77dfc3c305e4769968a854e10,moveis_escritorio,45,529,3,27300.0,61.0,71.0,43.0
d952c09021388fd5b1e5f914f559fb10,telefonia,32,366,3,75.0,18.0,3.0,12.0
154cacf31b15a08f71d7666a1ac3c0bf,informatica_acessorios,46,339,1,1000.0,33.0,15.0,15.0
a7d756e8f7c4b7e5b679e248a57d91ec,fashion_bolsas_e_acessorios,59,340,4,150.0,16.0,6.0,20.0
c96dae58447b1aade5e8a7e28a87a31a,artigos_casa,52,595,1,1323.0,37.0,10.0,31.0
dd330cda72d57600ab101aafafc9ab22,papelaria,58,325,4,1600.0,60.0,20.0,29.0
13de26d4d66e20b9262c0ddd00cf5cd8,livros_tecnicos,60,1479,1,3680.0,29.0,5.0,21.0
c0dd2eb717671a095ce97504bfba29c7,beleza_saude,48,675,3,850.0,51.0,36.0,34.0
8618f5bddf94cc09ba92024471fc86b2,utilidades_domesticas,37,567,1,3100.0,65.0,5.0,65.0
5d6be475f90ab9e808b8484a41bce57a,utilidades_domesticas,39,625,1,400.0,20.0,16.0,16.0
a25ca6677a2f9475bd59f706ebbe4d4c,telefonia,55,136,2,150.0,21.0,7.0,14.0
c6f46351ae5ae5a6d75ab14996584ce1,moveis_decoracao,56,2434,2,400.0,69.0,11.0,11.0
9ffe607c48a0473e200e4035bf97de49,relogios_presentes,53,239,1,200.0,16.0,18.0,16.0
c53feca3e876804031ed4a4b48ac8f1e,pet_shop,60,1308,4,20550.0,69.0,28.0,56.0
44a6e4ecf7b48f87481c243383b1c4cf,beleza_saude,51,1278,2,230.0,19.0,7.0,13.0
0fce35c0b7338bda3e52e2389f0c0762,moveis_decoracao,61,157,9,3450.0,41.0,15.0,25.0
387cec52e5be20d76d3c240ce7ee707f,brinquedos,54,1168,4,6025.0,58.0,22.0,42.0
e764a0e054d222ca26ec572007ef1951,automotivo,34,349,1,2000.0,50.0,30.0,30.0
8d723f8940f0c575be59e3dbbded3089,beleza_saude,50,1398,1,150.0,20.0,10.0,15.0
c2a5a6287738cda59406d1f595207d7b,relogios_presentes,59,1332,2,225.0,16.0,16.0,14.0
62c3fd5a2232fc1adb5a4f7fb863341c,ferramentas_construcao,57,641,1,1125.0,38.0,35.0,38.0
fdb86e192fdd20037175daab38af9656,beleza_saude,50,1410,2,800.0,28.0,5.0,18.0
241e398aacc909372622952b2ec6f954,papelaria,59,521,7,700.0,22.0,7.0,15.0
2bfc998cf625e54b2c6447bfc7c18cb4,utilidades_domesticas,38,946,2,3650.0,61.0,11.0,38.0
159065411d54fa1f2232d949976883db,artes_e_artesanato,59,683,3,600.0,27.0,10.0,22.0
ab495f166205a883ffe5ab0b5b55f867,eletrodomesticos,57,631,1,30000.0,62.0,73.0,63.0
9af4d74cc1b1181f4f35d4286c27bbcd,perfumaria,40,239,1,100.0,19.0,8.0,14.0
95768ce3d7cef075f6a562d2716187b4,esporte_lazer,55,186,2,1700.0,25.0,15.0,25.0
15627ec726c8361a54e87afd48c9ddab,informatica_acessorios,38,247,1,500.0,18.0,9.0,16.0
494386f314691b99432b6402d6284bf3,eletronicos,46,2059,3,800.0,24.0,13.0,22.0
400e2ea46d0af06d91c744b624ed8a59,esporte_lazer,54,3476,1,2967.0,20.0,21.0,14.0
9357e1687bcaab3890093cb4ae50ed79,ferramentas_jardim,53,760,2,1129.0,33.0,18.0,18.0
f43d8c92c915b3b6974ff58ed1f4d996,esporte_lazer,29,632,1,300.0,24.0,11.0,11.0
192a8231d086772443a86cb5e2746017,pet_shop,59,807,1,9167.0,58.0,47.0,60.0
d699f2079ed493d4c96bc4ce92838723,beleza_saude,39,330,1,600.0,20.0,35.0,20.0
777a181e167987349d104ece27e7e112,artigos_casa,54,334,1,17000.0,63.0,30.0,43.0
d95767fa0df02e36e44e71e86a07af1b,esporte_lazer,52,778,1,300.0,20.0,30.0,30.0
d0b92134fa97a1ead038775a821847ea,moveis_decoracao,47,1048,1,400.0,35.0,7.0,27.0
19fee5d5b066841b45bc3e97832fa654,artigos_de_festas,27,341,1,200.0,16.0,48.0,11.0
0795fbcdc1ae9c0d7106b8018ad341a8,utilidades_domesticas,38,466,1,300.0,16.0,17.0,12.0
33489f0140308d65c48a7659b05bdba1,utilidades_domesticas,54,578,1,500.0,32.0,16.0,22.0
69c2cca014581e7e3756142963a69313,eletrodomesticos,57,762,1,18550.0,58.0,25.0,43.0
2a49ec12c4a8acae6944c72a19359a5e,automotivo,57,269,2,350.0,25.0,25.0,25.0
afa3035796721ca3ef930b1fa4c94292,moveis_decoracao,36,311,2,1650.0,35.0,15.0,35.0
cb5c020ae387a4159ee7bf98cf0c69ed,relogios_presentes,42,590,1,450.0,20.0,12.0,15.0
678f2ac714d00eef5ccc48a9b25b2fef,beleza_saude,35,751,1,200.0,16.0,11.0,11.0
08fe42c83a91594fec4d1e11474200f3,beleza_saude,26,719,1,200.0,16.0,12.0,11.0
a41d69926dcf58caff228aa637ffea2f,automotivo,46,70,1,200.0,16.0,7.0,11.0
89feadc2b7a8f393fa1eb9311e88e13a,telefonia,36,180,2,100.0,18.0,2.0,11.0
06abf4be826ed1d548e8a22a3d75d912,beleza_saude,59,1811,6,5250.0,56.0,17.0,40.0
ba29a4c469271c108790a9dcf0344716,telefonia,45,402,12,90.0,19.0,3.0,11.0
7045eb759d502f9bc2976ae5389a4ddc,ferramentas_construcao,50,836,4,7150.0,58.0,14.0,43.0
5131368354b35ed441caa8ca27244f16,beleza_saude,58,1572,1,1383.0,30.0,27.0,28.0
c0380894bd866c75c47c00359dde5bd9,fashion_bolsas_e_acessorios,26,320,3,100.0,16.0,5.0,14.0
f74fab8ad32a03b930bf63097821b9c7,moveis_decoracao,44,83,1,350.0,20.0,16.0,20.0
b4f2839696df5de18aa7168fa62f650d,eletrodomesticos,55,119,1,425.0,44.0,14.0,34.0
5d7c23067ed3fc8c6e699b9373d5890b,fashion_bolsas_e_acessorios,54,151,3,250.0,16.0,2.0,20.0
8e80624d5c2d41d70df307dd52fef6c4,brinquedos,42,742,1,1200.0,38.0,44.0,16.0
7ed65dda1415f5c4a2849860030daa78,relogios_presentes,54,512,2,300.0,16.0,11.0,11.0
d6e7ac236e583af1e1543d8068c91676,ferramentas_jardim,55,835,8,3211.0,36.0,53.0,22.0
d4604111a0a16806f51aec592303d857,beleza_saude,39,722,1,500.0,22.0,11.0,16.0
e1bf73a530f7e6ea9df12e1238ab7600,bebes,40,303,3,400.0,29.0,7.0,16.0
866698de88814bef4b451bd37459723c,utilidades_domesticas,57,714,1,1300.0,30.0,30.0,30.0
c92b08d0ac42564075b8103bb99cb424,moveis_decoracao,58,1068,1,650.0,33.0,4.0,33.0
fe34a95208c5b3b69d91552aecf1bd71,beleza_saude,57,174,1,850.0,32.0,17.0,17.0
3dd6c9d499e7c311a29e08afe1fd8fc6,variedades,60,396,4,250.0,19.0,12.0,12.0
9b1c7bc7cad0519369a5ea04afe303f7,moveis_decoracao,55,829,1,800.0,34.0,8.0,22.0
6dae4e6bc334685708571a48aa41d437,esporte_lazer,36,383,2,1100.0,20.0,20.0,20.0
fad376b336be4820300fd7fb5d4e3dea,beleza_saude,58,1160,1,550.0,16.0,16.0,16.0
fd8a5b9a8a79d7ba0739d69be5dc5aa1,relogios_presentes,44,394,3,850.0,17.0,13.0,15.0
2f13610363de5834c81405b88f4b8b57,brinquedos,59,1206,4,3000.0,47.0,36.0,25.0
167b4b8c4bd0c401bea62f5e050d70a4,informatica_acessorios,55,209,1,517.0,39.0,11.0,13.0
c81d18e1f6666e31149aa948d0d0d050,seguranca,36,466,1,200.0,26.0,5.0,12.0
8ea24524f646a4f1d16caa2ef26bbe6a,brinquedos,35,1156,1,700.0,17.0,10.0,12.0
ac8e7cf3a658f63dc68dd7f3b8b5f97b,esporte_lazer,54,3481,1,3100.0,30.0,24.0,24.0
931541a73da8874f772b1fa532b99fea,ferramentas_jardim,59,1608,2,1300.0,16.0,65.0,16.0
cd70dc78e373501fa925b1b3195404f2,papelaria,51,253,1,400.0,26.0,26.0,26.0
a573ca6c2020041316ed95965ae0887f,utilidades_domesticas,34,1202,5,400.0,16.0,8.0,11.0
497aaad8194759cfad63465c1b810286,utilidades_domesticas,48,554,3,5450.0,40.0,15.0,35.0
2ca60755e8412ac0269bc8f7ee7994e9,brinquedos,44,3109,7,5900.0,60.0,24.0,49.0
97077aaf1edef55f3c90f91075f92261,variedades,,,,350.0,25.0,15.0,30.0
793a96e3c85c5553d7a9ab25dcf370d3,automotivo,41,907,3,16250.0,56.0,15.0,15.0
331a9e69c95aad991177b0f1ef85a261,beleza_saude,39,460,3,800.0,25.0,6.0,16.0
561cea7963070b5a99b20b962862a0e1,utilidades_domesticas,48,211,2,450.0,35.0,15.0,13.0
fa0125a234fa85a755371fa0ea37361a,utilidades_domesticas,34,760,1,800.0,17.0,28.0,11.0
46e24ce614899e36617e37ea1e4aa6ff,beleza_saude,58,549,1,30000.0,55.0,75.0,61.0
8b45810da2ef9860496d56f62435fc40,artigos_casa,51,626,2,800.0,16.0,10.0,16.0
fddec93a56600e40327c7a9e66c98feb,papelaria,45,1297,1,1150.0,16.0,8.0,45.0
5bef5f3b8482d8e586db1839a4577b87,artigos_casa,52,145,1,800.0,21.0,13.0,15.0
b857b608c3be71c9902466b752bed1da,brinquedos,40,299,1,250.0,19.0,14.0,14.0
08a1cab088839a625f5e2b0c85abcff5,automotivo,57,703,6,6200.0,47.0,19.0,23.0
7c6bed3d75273973d74b1ba957c024f8,artigos_casa,53,184,1,550.0,40.0,4.0,30.0
8627c1a400bf12820b1fefd750005aea,audiovisual,49,781,1,200.0,20.0,2.0,14.0
cbf1e8ec6dcc62ec159b265948abfa0b,brinquedos,57,520,5,3400.0,52.0,7.0,56.0
46863308a64073698eed8895c70cf318,moveis_decoracao,55,1486,3,2500.0,105.0,3.0,70.0
0d8c593f5408c0e5d59f850bb0a7b499,utilidades_domesticas,44,268,2,28250.0,90.0,60.0,33.0
1a7d1ce0dddfef9f6f2ed280798fd9bb,consoles_games,47,1373,4,200.0,18.0,2.0,11.0
ce8139ec854c7484df66f211738c0746,variedades,27,792,1,5350.0,40.0,20.0,40.0
c96053e7cbc380ec931f23d085702ff8,livros_interesse_geral,30,910,1,500.0,20.0,5.0,13.0
946d139bde35d0aaa51d5299b531a262,artigos_casa,52,592,1,3675.0,48.0,11.0,40.0
b398ce5510b751df72933e4737aa9b51,informatica_acessorios,60,308,1,2650.0,28.0,44.0,18.0
30b5b5635a79548a48d04162d971848f,esporte_lazer,43,1873,2,900.0,26.0,26.0,26.0
3cbe33afbd16b7026d87ed3bb2e8ca52,artigos_casa,55,212,1,750.0,35.0,20.0,35.0
69e8f74916646e186145f5648840ea9e,ferramentas_jardim,45,1174,1,8950.0,60.0,32.0,28.0
209699610264262664b7357184f3b83f,beleza_saude,40,802,2,200.0,20.0,10.0,20.0
9760ac8ee2522566f6779aae29e417f3,perfumaria,47,135,2,200.0,16.0,3.0,22.0
d839020632ed3855518bd5e9a36fc1ec,fashion_bolsas_e_acessorios,37,132,3,50.0,17.0,4.0,13.0
230ce9f6bbf76fd85d941adb9213b018,brinquedos,52,2984,10,2000.0,75.0,35.0,13.0
4090bc3e9345799969d07e5d46ea8f31,artigos_casa,55,246,1,1500.0,38.0,10.0,38.0
d1eb048cceb0bd37ada007e53afe32d3,utilidades_domesticas,28,500,3,250.0,16.0,25.0,15.0
c4ed2d82da509c490c6bb95f55cb4d7c,informatica_acessorios,51,622,1,1133.0,18.0,15.0,12.0
8b1c8d92f0eece60d9b05532d2b88184,ferramentas_jardim,53,267,3,14250.0,32.0,90.0,26.0
be4c9d0368829d208573322be600c95c,relogios_presentes,54,728,2,200.0,16.0,11.0,11.0
cb1cbe2b417948bd4a3e3419ca360d47,eletronicos,52,141,2,200.0,16.0,35.0,25.0
73f5461cce8ab8a4db14936789113bfc,artigos_casa,43,476,1,2350.0,47.0,9.0,38.0
a625eeaaa7459df8a537881cacf79762,instrumentos_musicais,57,670,1,300.0,16.0,16.0,11.0
28e1646763656b0a621cf2b65c118da9,esporte_lazer,55,508,5,1250.0,21.0,15.0,18.0
8376fe38d749084ec4df862c696311d7,automotivo,59,763,5,950.0,42.0,5.0,39.0
20eab4e586b92282d6975f9236968340,utilidades_domesticas,45,474,2,630.0,18.0,25.0,18.0
0c71252f37443403376d2008034a7240,pet_shop,41,947,1,156.0,18.0,10.0,14.0
24376321a0e7d0debc7a632cd4c9dda3,utilidades_domesticas,39,220,1,900.0,40.0,8.0,18.0
247f3ca7ca5ff838249b623ae2871df3,esporte_lazer,59,100,4,400.0,19.0,2.0,14.0
95d8de3420cf92ad4824b588db2604cf,fashion_underwear_e_moda_praia,47,360,1,400.0,32.0,4.0,14.0
0d735ec0b40c02b6f7175205fb0e2de5,beleza_saude,58,981,4,200.0,16.0,25.0,15.0
da86f3242cb55a55dd9cd7b19d951685,beleza_saude,38,311,1,200.0,16.0,3.0,12.0
9a1b7847e343ede3e33f96df14fedcc8,artigos_casa,52,223,1,1700.0,40.0,25.0,35.0
aa670897230f03aba3286289219cf955,esporte_lazer,54,1387,2,4100.0,30.0,20.0,30.0
cb8071e0e6bdb1ac211879a8cc3b9a41,ferramentas_jardim,57,746,1,2900.0,38.0,10.0,28.0
7c1ed5098b2fe8445fa6a4853da78c21,automotivo,43,282,8,1550.0,31.0,24.0,24.0
b3a397db9c6b4ddfed9d46f6fa03c65e,moveis_decoracao,56,2010,2,1500.0,69.0,11.0,11.0
5e7baae596125f355d38d3823b041f1d,beleza_saude,50,232,1,800.0,19.0,17.0,15.0
d5e17af4e0c9b0def251a1c9d2b0eaa2,seguranca,48,382,1,334.0,17.0,12.0,13.0
cedbdbe58192cf6de6833ae9c4edaac7,brinquedos,43,509,2,1050.0,25.0,11.0,13.0
2bc14ec16ec416f08e39fed48eda7f2d,variedades,,,,200.0,16.0,2.0,11.0
871cfa7d587b8305a5a0e376866323ef,esporte_lazer,40,593,1,4300.0,21.0,21.0,11.0
98e06076f757bc9d675b9f39b9672be9,telefonia,55,689,3,100.0,16.0,7.0,11.0
3a4615e315386cd6bdbb427b3a570e42,malas_acessorios,47,411,3,1250.0,32.0,52.0,19.0
c57d1d566402540eb9be608112ced702,consoles_games,51,415,1,700.0,16.0,16.0,16.0
81e201d7622e94f5f89b7dec514f94e4,eletronicos,39,196,1,200.0,22.0,6.0,16.0
38201aa4f47d255ccc9f259c913854a4,esporte_lazer,44,521,2,1750.0,42.0,6.0,40.0
d4ed98bf9f43344573a381535242f2ae,eletronicos,48,130,2,117.0,20.0,12.0,14.0
76132add5a6d43f25853a4fd18c8ea34,fashion_bolsas_e_acessorios,47,731,1,200.0,16.0,2.0,11.0
cf600a2ef17c0e0d1ab1f65b0b6420f1,eletronicos,48,105,1,1177.0,25.0,12.0,25.0
d1ef79e3e0e25f9376eeff5d1197ff4f,utilidades_domesticas,23,279,1,1500.0,30.0,60.0,30.0
135fb255f9873811c6aa6eba7fb17649,moveis_decoracao,49,726,3,800.0,32.0,7.0,32.0
23e8820ae7d5a7aee1299a1923876b78,bebes,56,645,1,500.0,99.0,3.0,65.0
ece9c80ade3287c14fb768839fc15389,esporte_lazer,40,600,1,200.0,22.0,4.0,20.0
e7dceae66fa56a4b4c9d62e72945b17d,variedades,,,,1150.0,16.0,40.0,15.0
c1682e15732b5ae93506aac9133944e1,artigos_casa,53,294,1,3300.0,42.0,12.0,40.0
f489f20b3bba5b295fa7d3901c203fce,moveis_decoracao,59,566,2,367.0,50.0,3.0,35.0
4ac095ce30a68573675e2e0206d31b12,eletrodomesticos,43,236,3,6150.0,55.0,19.0,46.0
81f054ba9bea6ec5d1a2adab1cf69d66,esporte_lazer,58,248,1,400.0,16.0,7.0,11.0
84bc1370758fa98d08afd0180818217a,fashion_roupa_masculina,46,1208,2,1050.0,31.0,22.0,33.0
5886e73bff96ae18d2fe525021ac4563,telefonia,45,939,1,1500.0,20.0,20.0,25.0
c0e452663c284f3f8e578f390dc3ab21,alimentos_bebidas,38,790,1,1300.0,25.0,25.0,25.0
bacc5be083c3a7503fe1ba1392931b54,moveis_decoracao,29,639,2,1250.0,30.0,10.0,30.0
573988dcf1e82347556918fb29a19a87,utilidades_domesticas,56,1169,3,10500.0,38.0,57.0,42.0
eddb814fb553b6951f51b34c5f578ba0,agro_industria_e_comercio,42,913,1,16700.0,50.0,50.0,40.0
b0137f9102be5a094d59c061fe106b83,brinquedos,23,254,1,200.0,16.0,10.0,11.0
9fdb63e8a7e98f5ee2c68448a0145139,variedades,,,,10700.0,40.0,40.0,40.0
fdd209e106931a894807cb3a076e8752,utilidades_domesticas,40,545,2,2100.0,48.0,25.0,25.0
a8cbbc135053b18c499ae6a0b278b50d,instrumentos_musicais,36,658,3,60.0,16.0,6.0,16.0
701e076c7aea72b5f668183dde0afa9a,moveis_decoracao,63,703,4,2700.0,35.0,10.0,35.0
9dfba8dfc02d7b0a915625e28ca316ba,pet_shop,48,738,4,1200.0,24.0,24.0,24.0
1825f78fda454294d53022bf9a81d69f,livros_interesse_geral,22,321,1,150.0,26.0,2.0,26.0
dc1b575cdc26817d8826b684dec47b7c,bebes,51,324,1,500.0,33.0,18.0,26.0
3ddc568a05383c2f24b4d47d1b41f819,perfumaria,58,1145,1,400.0,18.0,15.0,15.0
2d6dfe6841db8445d145a67913aec9d2,papelaria,31,854,4,1800.0,53.0,4.0,43.0
e60e632d39df1e129df5b7f0245716f7,variedades,52,1198,3,1950.0,96.0,5.0,45.0
6a459bd9608a1b384d6cb4c79aaa83e2,automotivo,36,841,5,22200.0,61.0,61.0,41.0
186c635691c9437f7a3e928abd815213,informatica_acessorios,46,546,2,223.0,23.0,13.0,26.0
85ff0318897b49c9bba94fb1a099fb11,moveis_decoracao,60,748,2,4950.0,33.0,16.0,33.0
fc56c478c11ca5989e21da62cb19de16,artigos_casa,54,318,1,1350.0,45.0,15.0,35.0
46cf6ca1bc419149e40e461be15b92c9,pet_shop,53,593,2,7150.0,35.0,35.0,35.0
efad749f1311a53b69d30ceed3baa52a,informatica_acessorios,45,1226,1,200.0,39.0,9.0,11.0
08bcc2d85da3a9c0e2ac1cc28b67418d,livros_tecnicos,38,3543,1,350.0,23.0,2.0,16.0
24c0de23191c9450049b2b3d8749ad35,artigos_casa,39,375,1,300.0,38.0,14.0,38.0
6f20930691e0163bb23c9570a1a98402,automotivo,59,1358,4,1900.0,30.0,10.0,30.0
755065e3daddb86ee48ea0f788b909a8,beleza_saude,29,711,1,200.0,17.0,13.0,13.0
9365637689c1c805da9e3296f43bf4b7,telefonia,26,750,1,100.0,18.0,6.0,11.0
0110573bc9195aa810a4384f189f48f5,moveis_decoracao,63,213,1,3900.0,63.0,11.0,43.0
0f5332231359f783330b784af1b8c3bd,consoles_games,40,562,2,200.0,21.0,9.0,17.0
1706d1bb420e7ef2404270b38e937fbc,informatica_acessorios,39,95,1,1000.0,30.0,20.0,30.0
b91acff8b390a54505696f51260827a8,utilidades_domesticas,47,422,2,6200.0,45.0,31.0,23.0
0707319aaf1dd0612c0004f6cff320f0,automotivo,56,359,1,6200.0,60.0,30.0,40.0
ae7d8348fbef50928a680454fffbca00,esporte_lazer,30,682,2,304.0,27.0,17.0,27.0
fea526cd827b9e8ef83d3e3beb1f3db0,automotivo,59,867,5,1525.0,68.0,9.0,35.0
e5f20b4eb944eaae0a13bed3187201d3,ferramentas_construcao,42,336,2,893.0,18.0,14.0,13.0
99342b88d6faf8f67c940d2269922f7c,moveis_escritorio,60,1060,1,8725.0,35.0,53.0,34.0
11fb16e86df4d50cd2c289ede0b70f42,beleza_saude,48,1240,1,250.0,26.0,18.0,20.0
c25a30113a3cb20b4914a605d8682953,esporte_lazer,25,1875,2,700.0,25.0,36.0,12.0
af69caef8804ace46d262381e80dd523,eletrodomesticos,53,84,1,100.0,20.0,13.0,15.0
05e8eca656b87428a0e8453a2f335cdf,eletrodomesticos,45,442,6,9250.0,30.0,60.0,45.0
7c3dfe73f41e5b101e66e11649f5be2d,bebes,60,432,1,465.0,19.0,20.0,29.0
8a5334e25cfd596c6fca284b039cc99c,beleza_saude,51,455,1,413.0,20.0,13.0,15.0
b679d5bb7f856462949885d34fad2622,esporte_lazer,52,352,3,600.0,28.0,25.0,25.0
a00c4d4b0d7cdb18b36fe47611c28470,informatica_acessorios,56,2571,1,2100.0,20.0,30.0,20.0
332f9726c0192e9edf59cb7b1fae49df,beleza_saude,60,1040,1,1400.0,20.0,25.0,20.0
edae5a83fa229c8a7ec2d4730120bbda,beleza_saude,58,812,4,200.0,16.0,5.0,20.0
646562dff45f7f272a61182f9833b22d,beleza_saude,22,1489,1,5300.0,30.0,35.0,30.0
9032c8a4a91bb344eb53711d9fd71361,variedades,,,,500.0,65.0,6.0,11.0
59cc9bf51239539d04a9d9f0a526f20d,utilidades_domesticas,54,595,2,700.0,21.0,21.0,21.0
761a7d7da15ca2d6f0aaf29e22bd1479,livros_tecnicos,32,1635,1,500.0,27.0,3.0,19.0
65a487289033740a0a896d72a6f2a1e1,brinquedos,42,69,3,700.0,39.0,30.0,29.0
a3e3f836e0fc63cbec4c31020dc91cde,beleza_saude,43,2189,1,696.0,21.0,17.0,17.0
e67f32f0a3e66440cba31dc13d5cfb0b,telefonia,57,564,5,400.0,17.0,5.0,12.0
b41bc92e95bff65143623215ead52dba,automotivo,60,689,3,1400.0,30.0,30.0,30.0
af4e4eefc358246062956d3d2930e6f8,bebes,34,988,2,985.0,28.0,30.0,27.0
7d96d1abbde52bb350c688d0d049df07,moveis_escritorio,49,1103,1,30000.0,100.0,45.0,11.0
10b121bc6ceb3f390402649881a15554,brinquedos,38,399,1,300.0,16.0,16.0,16.0
9967480e361da5934ffcd551eb6fcdec,moveis_decoracao,54,1972,2,3000.0,69.0,11.0,11.0
3e10f7dde736e1e7a0af0264f84f12da,automotivo,57,467,4,50.0,24.0,2.0,17.0
e2b9252181ddde232e0bfb68df262610,beleza_saude,61,1337,1,1600.0,27.0,10.0,19.0
dd30ac2295f4efcd58173d3043f8216b,artigos_casa,37,218,1,3000.0,40.0,12.0,40.0
770a3a5aefbd3d48745565765cc1936b,esporte_lazer,49,718,1,600.0,16.0,16.0,16.0
005c6b24cc96dca3e2c01e824401030e,fashion_roupa_masculina,33,384,1,400.0,17.0,7.0,20.0
469d5c6b5dfef236029c4bfec6b4fe0f,esporte_lazer,25,534,1,800.0,28.0,25.0,25.0
88794547776aa78fdd4b28bfd90c6469,informatica_acessorios,58,1852,1,300.0,16.0,10.0,11.0
dbc9c9f4ae0364b6f8023f982651cc82,esporte_lazer,60,576,5,2500.0,80.0,12.0,22.0
72f7a39ebe43db1530241755c8df490e,beleza_saude,50,961,1,833.0,17.0,16.0,14.0
400c94f68f29c71e51943d5d9c9169a7,artigos_casa,39,857,4,2450.0,80.0,16.0,35.0
28eb85d51fea7b4c3a49284f09a558bd,brinquedos,52,283,2,600.0,21.0,7.0,15.0
7830940a7e1e18bb7e59e112bca98d1e,esporte_lazer,47,481,1,300.0,16.0,16.0,11.0
a25142a39f693df490ab9f63f3149e8f,artigos_casa,53,228,1,1000.0,37.0,10.0,35.0
1bfb290d7273a442c874dbe74b4abae6,moveis_escritorio,19,883,1,10075.0,55.0,64.0,26.0
0b230f10ac2cfc4c831b825bf31a5de2,pet_shop,63,1440,3,1500.0,50.0,20.0,40.0
7b1f2b12d9bcca133f8df7a53b55db6e,beleza_saude,53,1212,1,3800.0,23.0,23.0,23.0
691c322c9ee65a95651ef57d6b0875ad,climatizacao,60,1197,1,3400.0,16.0,2.0,11.0
2e4bf3f09064f2b5f34d12924fc634b3,artigos_casa,56,429,1,2700.0,42.0,12.0,35.0
a53bd24a78bd7d3ebe735b7d6ad672f5,brinquedos,48,73,2,4400.0,39.0,30.0,29.0
47e7d651866159ed3a5fe00d3dbe813d,brinquedos,52,267,2,150.0,20.0,10.0,20.0
ae8791241ec7e06bf34c6f00cf9e0501,bebes,32,779,2,470.0,20.0,25.0,25.0
2856b9cb722cb91f23867a5345b6e0d5,instrumentos_musicais,52,468,1,10400.0,28.0,48.0,48.0
047c9a28e0da299843d9f67d99959442,utilidades_domesticas,39,1053,4,3000.0,33.0,30.0,34.0
17ad136b7421ea8690fded631b651158,relogios_presentes,60,112,2,250.0,16.0,2.0,20.0
549e3335b3cff8e71853d1a14b5eca57,moveis_decoracao,62,314,1,1000.0,40.0,5.0,30.0
028da1c319c010397ad1ea42db816d23,utilidades_domesticas,21,316,1,1200.0,29.0,21.0,27.0
d3895edeadbcdbc93e47abf37d03f97e,automotivo,42,2105,1,5275.0,40.0,25.0,30.0
5b59b0c94f8e31d14fe89dbbfda3df6c,artigos_casa,51,448,1,700.0,45.0,8.0,40.0
5050cfa82dba6f455d0e91b798777f21,beleza_saude,40,273,1,450.0,18.0,16.0,16.0
6efb345b34722c35d2e8a723cea100bf,perfumaria,28,203,1,350.0,16.0,12.0,14.0
5cc23f2c72b47d7b95f4df9855848a46,artigos_casa,43,279,1,8200.0,56.0,17.0,51.0
f306d4917efd6c5a46bbb72b640313da,bebes,45,759,3,425.0,25.0,19.0,17.0
179363fe9f0eee05ad34df83c160dbcf,livros_interesse_geral,42,1032,2,600.0,16.0,25.0,11.0
0be701e03657109a8a4d5168122777fb,esporte_lazer,32,282,2,4450.0,60.0,15.0,15.0
40502372bedb2460eeac40ba20739e9e,relogios_presentes,50,446,2,350.0,16.0,11.0,11.0
d1a1d4253ec00fc08a3ae1c4125cb31d,relogios_presentes,57,746,2,300.0,16.0,11.0,20.0
1be6d38ae75d87f6ee74e1d8e7e5466d,beleza_saude,46,1259,2,550.0,30.0,10.0,20.0
d1299c3be544703ed73ba703885030c9,papelaria,58,303,4,1500.0,38.0,30.0,28.0
a8d32fcfb65fc140cd58623a0d1688bf,automotivo,37,157,1,7850.0,89.0,21.0,26.0
ecc7e6fab3b3398b08af2baf86214af6,telefonia,51,2079,1,133.0,19.0,5.0,13.0
d20f41d8b70e59cb4c63d68b1dcfc0a4,utilidades_domesticas,36,652,4,500.0,16.0,11.0,12.0
7c37e152261f0a96f89c364bd971a90b,casa_construcao,56,1081,4,300.0,100.0,6.0,40.0
a4a8ee739d3d5afba72490f748dcd0da,esporte_lazer,55,472,3,6700.0,35.0,15.0,20.0
bec2975b905c2d5a70fd97abf8c894e3,utilidades_domesticas,57,387,2,9550.0,40.0,45.0,38.0
ab035f66749c120d072b11475d25329d,esporte_lazer,53,486,5,900.0,30.0,15.0,20.0
dc448e6ccff3210312c96e9fad49552d,papelaria,53,893,10,2600.0,32.0,52.0,19.0
992197904e1d4f0bf3994652373188e4,alimentos_bebidas,29,3758,1,1100.0,24.0,21.0,16.0
49650e49c3af7ccc896f634d039cd921,moveis_decoracao,58,411,5,1550.0,54.0,5.0,54.0
78f29023586e374cdc3773ce0af6bd2c,ferramentas_construcao,46,1148,1,2100.0,16.0,29.0,36.0
9da2cf291ccb36ad01ee959e9ccdbc03,market_place,45,623,1,5900.0,60.0,15.0,40.0
2033f8047e20d2a47e76d9fa1d05fca2,esporte_lazer,39,208,1,50.0,25.0,25.0,25.0
dee07ca8877390638a4f9b9143352284,informatica_acessorios,44,1162,1,700.0,16.0,8.0,20.0
cef16b173166d8d44b4fbf05b4b43bec,variedades,,,,1600.0,45.0,12.0,30.0
02ca198b1084a6d8ed9e152d84243bfb,bebes,58,544,3,2650.0,16.0,24.0,24.0
f1c63584865d7d4f292a49a10f238c9b,automotivo,38,40,2,1883.0,99.0,27.0,27.0
67b6c7a48b3f1f1524f6a403adbaa9e4,telefonia,58,1123,8,550.0,20.0,23.0,11.0
f20ecbadee5c21ee0f8b35381c49f267,moveis_decoracao,42,718,1,900.0,16.0,16.0,16.0
ed832a46332b37403eb8670e6bcb9ee1,beleza_saude,47,482,1,400.0,18.0,16.0,18.0
7b0d4f48315e67c7fe70059533c450f8,ferramentas_jardim,48,374,1,600.0,16.0,8.0,23.0
f998f73527a0f88406b53305754d1243,informatica_acessorios,50,639,4,360.0,22.0,11.0,17.0
d315708215f34761b88bef422c463110,papelaria,50,115,3,550.0,25.0,15.0,30.0
1d187e8e7a30417fda31e85679d96f0f,moveis_decoracao,43,729,2,2100.0,80.0,8.0,30.0
d2dd1fccea4ec5f81de1d28fe63e3909,telefonia,49,399,2,200.0,19.0,4.0,11.0
2ca4d14a8c9094e0647fde5816bd1ccd,moveis_decoracao,49,171,3,300.0,16.0,5.0,20.0
144fc7abb16b6f6d92d2c9f34d3c3452,informatica_acessorios,39,1423,3,375.0,17.0,11.0,14.0
13e65d9bd03f262702372ddb6b22e34b,informatica_acessorios,60,661,1,800.0,23.0,13.0,26.0
9d118acd4827f1c7eda7db5b70aa6116,informatica_acessorios,51,383,2,300.0,16.0,18.0,16.0
5928c970e675d6fdf39abc0dfc431ee9,telefonia,45,402,10,150.0,19.0,3.0,11.0
67210f2751a0c0aa78d46d9513abc836,ferramentas_construcao,55,337,1,2050.0,20.0,8.0,20.0
137e9ec1c850527fe02f316333848d59,ferramentas_jardim,57,477,5,1100.0,25.0,10.0,25.0
1b88c133317c3f2b8c53b6048f2dc8b6,artigos_casa,52,729,1,6200.0,20.0,30.0,30.0
16679d68bdbed3fb97af806424d7f2b7,beleza_saude,60,2936,1,83.0,19.0,15.0,18.0
39eef1b4d9ab7a5a121d3436b03ce7d3,papelaria,62,1331,1,1550.0,25.0,20.0,15.0
8dcbe1c268314dc0f6df3ca28b5b43ee,automotivo,60,883,3,150.0,16.0,5.0,11.0
af7b22a93b178246a22608e61284ebb5,relogios_presentes,54,696,2,300.0,16.0,11.0,11.0
84a50fe2bfa89ba995511bed352e4f69,pet_shop,53,1138,2,1400.0,50.0,20.0,40.0
405beab43803e68c26263d0ee804fe7e,malas_acessorios,41,156,1,6700.0,50.0,20.0,40.0
c387662938a589c2bd8d0128c6ce404a,eletronicos,58,938,3,450.0,35.0,33.0,33.0
5146f2b949beebf6e49d0c9dd0985666,automotivo,50,1731,2,200.0,19.0,19.0,11.0
73a79a46f21913c65ebb8071f480ee11,brinquedos,51,730,1,500.0,17.0,16.0,14.0
908c23dd2b637d8ff1a4e593a5b249ee,informatica_acessorios,32,711,1,150.0,16.0,14.0,12.0
98224bfc1eaadb3a394ec334c60453ff,automotivo,43,433,3,50.0,16.0,10.0,12.0
d4b4627590bd9ae2048fa4acd23fc91d,esporte_lazer,56,398,3,300.0,16.0,15.0,30.0
bb549d441943088b73b5c0281dbc7ba7,utilidades_domesticas,39,627,1,6200.0,41.0,30.0,30.0
3f9b660d70c2742b1dab6701075b9b63,artigos_casa,53,268,2,2500.0,41.0,9.0,34.0
1010bcae3110d01e187c7fcf789207bc,beleza_saude,60,918,1,150.0,22.0,3.0,15.0
97ca99a3e712143b9cf17e31bf8f3367,fashion_underwear_e_moda_praia,63,469,3,275.0,19.0,9.0,27.0
32e18e89237933ebdaaebd78a27e7fa1,utilidades_domesticas,48,464,1,1400.0,26.0,41.0,26.0
2b80699b25d49f30774b88420a36c55d,esporte_lazer,52,1005,5,17600.0,45.0,20.0,97.0
4de8fa229df333cfcf136e6ad0b85f1a,utilidades_domesticas,34,1473,2,850.0,22.0,22.0,22.0
c15938b697d036fe677bb560a598fcfc,pet_shop,56,406,1,1200.0,16.0,20.0,20.0
5b216c071bd1ccdddeb4efc5efa024d0,perfumaria,25,191,1,150.0,20.0,20.0,20.0
baa16c2f327731647aa72e8dc564eddc,esporte_lazer,49,925,2,1083.0,30.0,30.0,27.0
6026308f343d15d492324e7e35ba5685,relogios_presentes,60,320,3,542.0,20.0,15.0,17.0
74006af1917b5e79f78f35767fa221ba,casa_construcao,55,910,6,9950.0,52.0,22.0,52.0
29a27ff4b74b635465ad0131db56d8c9,informatica_acessorios,54,513,1,775.0,24.0,12.0,28.0
06c6e01186af8b98ee1fc9e01f9471e9,informatica_acessorios,53,144,2,200.0,25.0,5.0,15.0
bda1c22cb8008940e304b88e5eec3c29,variedades,43,116,1,600.0,25.0,37.0,36.0
d0349534ab9b46b98d13a53051310f24,informatica_acessorios,37,288,1,300.0,30.0,7.0,20.0
2d83551e55a4a58f813de45838427d52,telefonia,22,2118,2,400.0,16.0,16.0,16.0
c58cd8096523799b3ac1be7952c92b76,artigos_casa,60,236,1,1150.0,34.0,7.0,32.0
036bcd084feae22f3a997f5080ec30df,moveis_quarto,61,1961,1,200.0,16.0,2.0,11.0
80872f7f128200f12c5af9494b1d37a0,variedades,,,,1100.0,23.0,16.0,13.0
8d0bda0e4b386849210b1210ecb1a7fb,beleza_saude,58,870,4,1400.0,42.0,12.0,11.0
adda822b6a549cd98b20e557b88d230d,alimentos_bebidas,56,757,4,8800.0,35.0,30.0,27.0
850f537929d425dbb9459865fdc41fbd,automotivo,50,442,1,1200.0,40.0,10.0,40.0
49adae85b53072da0eb9a88c3f0d2c7b,papelaria,60,391,3,5900.0,28.0,55.0,37.0
d87815e398ce1204e5981c427c03291f,bebes,55,871,2,200.0,20.0,6.0,15.0
8fe3fb275f0151a5bc2e1580d05e0f8f,automotivo,50,993,2,2017.0,46.0,8.0,33.0
1bcb50aa4fa11ec2f767d6eea810d8b7,moveis_escritorio,48,614,1,9750.0,92.0,15.0,27.0
a2a02ec5b66063b4c3ccdf10a53fc501,artigos_casa,60,326,1,4350.0,45.0,15.0,35.0
97dd14dcd2c85f01c271127d6413f2d8,esporte_lazer,50,920,3,817.0,52.0,23.0,57.0
060b5b8d4937e08d87e86d0bf339aaeb,artigos_casa,52,106,1,550.0,20.0,10.0,15.0
c415aad99ee06e0fe8a58c09d3598ef7,beleza_saude,54,1842,3,2267.0,22.0,13.0,18.0
c5e9b73e5f4c644885862ba3e1137b57,brinquedos,50,1492,10,733.0,29.0,11.0,28.0
b5a47689050b1900fd74aa6b431579a7,moveis_decoracao,59,1969,2,3000.0,69.0,11.0,11.0
3cfffc4b061b3de0d9e375ed02e4124d,pet_shop,45,1016,2,9400.0,47.0,15.0,34.0
b9f75330f0582e2e33c3ea72ae17f499,ferramentas_jardim,50,298,1,600.0,25.0,7.0,11.0
28aebfb5b6fe5a18dfa14aff20868f5b,utilidades_domesticas,52,471,2,550.0,16.0,20.0,16.0
752855b7d128a75a28fa2ea9341e51bc,automotivo,55,1290,1,3300.0,42.0,19.0,25.0
1b820caf50df248cf5ef1642359a1812,moveis_decoracao,40,242,4,13000.0,82.0,6.0,82.0
ab9456d1c4cb5ef44bdecc0aa8021f39,moveis_decoracao,26,621,1,6000.0,37.0,41.0,37.0
e3ea1102502e62696f6f37a4d9f22535,beleza_saude,39,411,1,550.0,23.0,8.0,13.0
05dd4bacd8cd34a33815b90b38176a69,artigos_casa,52,289,1,2100.0,34.0,9.0,33.0
ba9f160a6ae1c23f25d690fd06fe4fd8,brinquedos,56,707,5,7050.0,20.0,62.0,35.0
02a99f266fc960423c1186ecbd627804,esporte_lazer,39,720,4,300.0,22.0,14.0,18.0
6a31191d5ac5852b0478f6e245ac5b02,utilidades_domesticas,51,948,2,1250.0,28.0,21.0,29.0
cd1615dec63f54ce1d2f0b4ad00d741b,utilidades_domesticas,58,884,3,2100.0,32.0,15.0,22.0
ef928092a3fdfd856fe65902aff46e46,utilidades_domesticas,56,1008,2,2775.0,28.0,26.0,26.0
73a41d74cd46a1c78fe0a50d09920f3a,pet_shop,60,770,3,450.0,35.0,22.0,28.0
b5641c74eea110ac8212198d20058114,automotivo,37,297,1,3300.0,71.0,2.0,60.0
3c0c25556095f68ed9d05df570c9c587,pet_shop,45,3110,5,1620.0,40.0,30.0,30.0
3b91132e7eebaa17b615edbcdb5baa8e,seguranca,45,1312,1,700.0,18.0,23.0,19.0
62b07aff118f62756ee579afeedc3eb0,relogios_presentes,59,593,2,400.0,16.0,12.0,15.0
6bc53d46b55a38602aad862a37153ea6,artigos_casa,57,246,3,5350.0,40.0,20.0,40.0
8e24523c4b02fb5bb1256f9242f58481,moveis_decoracao,57,2071,1,775.0,69.0,11.0,11.0
93c311d5adbe1ef297001d0b6f19894e,moveis_decoracao,35,252,1,3100.0,16.0,34.0,34.0
ac25e2fbad9f60979fc3bfeda708178b,ferramentas_construcao,52,1548,1,114.0,16.0,12.0,17.0
f350db8fa8baef574660ca4ecc96180f,eletronicos,56,739,1,900.0,26.0,16.0,16.0
a47c211bcc05f4f96184df606678a7a8,casa_construcao,57,231,2,2650.0,27.0,26.0,18.0
2ef36e1cae01b86d0ff0a2f50ff2bd53,moveis_decoracao,40,899,2,4100.0,30.0,35.0,30.0
d950ce1f38b6772552be4523baf94c7a,beleza_saude,58,2022,1,1400.0,20.0,16.0,16.0
49bfa76ac7062b8b5a0bf9601623d612,eletronicos,40,491,1,450.0,27.0,11.0,15.0
09bdc9003e3b369d49feb3e300366074,fashion_roupa_masculina,28,572,2,800.0,45.0,10.0,35.0
3eb2d78dda82bc83c9b047fbba954dbe,esporte_lazer,51,573,1,500.0,20.0,7.0,14.0
80cbd9107719ba49c3a02fbd942b4717,consoles_games,55,1476,5,175.0,20.0,3.0,17.0
261a0dd0382f9b866d73c37b3a9e83e4,esporte_lazer,57,2856,5,300.0,28.0,12.0,12.0
b1688f579e9213539ee21cf15ac4382a,telefonia,60,747,6,250.0,17.0,4.0,12.0
d42c1eec0891869c034f031ec9b81ecc,utilidades_domesticas,45,711,1,5900.0,25.0,60.0,25.0
c89796b4dc35a085daa9770ed28ad589,utilidades_domesticas,35,160,2,515.0,18.0,17.0,16.0
c974196c0f8fa41b6475a72f67b8df99,beleza_saude,58,2198,6,100.0,25.0,2.0,13.0
9a694e995885a3cc32d450605a1e5abd,ferramentas_construcao,49,139,6,8000.0,54.0,20.0,40.0
0259ef48d9c5f59c3b31147c52db801d,utilidades_domesticas,55,410,1,3650.0,37.0,25.0,30.0
64dad5d113076a6e59a39108fcfe1385,brinquedos,44,212,1,150.0,28.0,2.0,26.0
750e3a9d8289e451a68398b2c697f119,malas_acessorios,58,1504,3,3000.0,37.0,29.0,30.0
e7be446dd7fa8f165244b63de1b85802,alimentos_bebidas,23,279,1,1150.0,18.0,18.0,18.0
da6f9d8ce4950ad572b7b4fe7d7e6c90,beleza_saude,46,2184,3,275.0,21.0,3.0,15.0
39efe0f8c8ddad17dd5430c500fb0b0f,moveis_decoracao,55,564,1,5400.0,75.0,25.0,25.0
e9b9ae098d62d59c20cfbfb265403323,moveis_decoracao,57,2016,2,600.0,68.0,8.0,13.0
8733e369905b1de9a955ced731e9717a,pet_shop,41,824,5,1000.0,20.0,20.0,20.0
3522926ae4db640da107ff9102f9c68a,moveis_decoracao,63,461,2,400.0,80.0,10.0,60.0
0bf49628a5637192ddbad12be4c921ee,papelaria,49,480,2,1900.0,20.0,10.0,11.0
4bb4fb9c85785b75ab4f6559900c7ca1,telefonia,49,394,2,150.0,19.0,4.0,20.0
c78fe06bf8820aaf7ccbe38f2a7f5a76,automotivo,56,1665,3,550.0,16.0,21.0,18.0
b4c7dc33e8fad2ce870c0219924c7818,esporte_lazer,49,501,2,233.0,18.0,6.0,13.0
81be03632106ad64ebaf3556427923ca,informatica_acessorios,46,939,1,200.0,16.0,16.0,14.0
418c8127e2810370323241e326874320,fashion_roupa_masculina,44,412,2,300.0,35.0,30.0,20.0
d2e2039bfa892fff14da3e244787b6b5,utilidades_domesticas,27,409,1,1200.0,30.0,30.0,30.0
fd9f8eff0fa910129e366594485e00dd,esporte_lazer,41,1172,4,410.0,19.0,10.0,15.0
bace90a7338e9d31371ad47811cf4c7d,artigos_casa,51,2253,2,6450.0,60.0,14.0,38.0
6dfd0c9e5bf2bfb8e1222fe5d416d1c9,automotivo,60,695,6,5800.0,56.0,11.0,32.0
4601231c3480315049971ea0a61d3839,fashion_bolsas_e_acessorios,58,410,4,150.0,16.0,2.0,11.0
9348fe8a0886b99d1c5d33c28fb0aa48,utilidades_domesticas,55,659,1,1150.0,30.0,30.0,30.0
0b08fa55464e4e455c2911a1e49fbc73,bebes,27,144,1,400.0,25.0,25.0,25.0
a11b92613ac1f37b3617b440c7b9e6b3,ferramentas_construcao,44,534,2,713.0,24.0,20.0,21.0
49c934af2be4194ac63262d60745fcb0,esporte_lazer,37,339,1,700.0,45.0,8.0,25.0
f8d86453c62a01cc2920531c0bdf194d,esporte_lazer,42,522,3,1150.0,27.0,16.0,22.0
eeb185c268c344e2308a3eca19154cee,automotivo,58,1042,4,150.0,16.0,6.0,12.0
9cc1e6413c1f91931ffbf5ddd308ee13,artigos_casa,58,678,1,1350.0,19.0,17.0,23.0
afbb03a707e22e86468c550a1666def3,relogios_presentes,38,655,1,450.0,20.0,12.0,14.0
87716aafd7c6269cddb3403f85e4102e,utilidades_domesticas,32,84,2,515.0,39.0,11.0,25.0
78304982b107fb026e5e9a4a1f48acae,artigos_casa,57,2480,2,1950.0,43.0,8.0,33.0
d291c64bd499a6f147bffd4f5328b7aa,utilidades_domesticas,24,741,5,250.0,15.0,17.0,21.0
e68ede48908dfec1ba4abbcdb86b420f,relogios_presentes,51,614,2,300.0,16.0,11.0,11.0
c323aa503973c298f05ba6787af50384,pet_shop,34,413,2,19200.0,85.0,10.0,72.0
8a2f91593eeed0912db9bf4425e44b3e,moveis_decoracao,47,2165,2,600.0,68.0,8.0,13.0
de6702c748c719cbd13bb814f006ba22,variedades,,,,150.0,16.0,9.0,11.0
317dba41947df9cb9fec77921ee2d22e,beleza_saude,50,528,1,350.0,30.0,12.0,16.0
e14736de1aa61cedecf657207bce5ffa,brinquedos,19,274,2,400.0,32.0,10.0,26.0
7b2a6e3216a405943fc9e3acbff18cae,eletrodomesticos,57,1168,1,1700.0,30.0,10.0,30.0
5daa4a09c9afb3b30d6df995fab5c2dc,perfumaria,44,498,1,1150.0,16.0,20.0,16.0
0e5955fbbb16c3f92127ac470386ea88,informatica_acessorios,21,173,1,1217.0,21.0,15.0,11.0
02064a5bc5d3656476e9dab151c69989,automotivo,38,1113,3,450.0,16.0,5.0,11.0
63955fd9443dc0f492c2e146c343bf93,artigos_casa,58,473,2,10600.0,50.0,25.0,25.0
cc7d8d232e6f5f27b70be81b68e27d6e,artigos_casa,60,298,1,3200.0,33.0,8.0,40.0
ef335a744a67679ed37e8698353dfc95,variedades,,,,3000.0,45.0,10.0,30.0
a910254bb741f98d6d98a8286d66d14f,informatica_acessorios,50,1339,1,300.0,17.0,15.0,15.0
cee18ecddce7a005f805eaae4e1d160a,automotivo,40,494,1,350.0,20.0,10.0,15.0
79da19ec2e6e6658145790d93991da9b,brinquedos,37,240,3,3876.0,41.0,29.0,36.0
6435535083cf42eb1ce5d96f2c4d3482,automotivo,59,679,5,4400.0,78.0,4.0,47.0
dfa1cb6b4b904235cd5fd60af3df8580,moveis_decoracao,63,518,2,800.0,80.0,10.0,60.0
acaed0b9a136ac6408c37731b72f1f35,fashion_underwear_e_moda_praia,63,551,3,600.0,19.0,9.0,27.0
431772d0bf9d5e9a46fc78cb834a28ee,relogios_presentes,54,264,5,250.0,16.0,2.0,11.0
f21f412e0f365a657f34ec9e2c124353,utilidades_domesticas,32,909,5,400.0,17.0,10.0,17.0
3a6e1126835fc77d816b7c7928f2454c,informatica_acessorios,48,1362,1,150.0,16.0,16.0,12.0
ac7a56c6ca5262e3a3fb15581c087cc6,ferramentas_jardim,52,324,4,800.0,16.0,3.0,29.0
091aa6199199f1ccbd272d06892322de,telefonia,54,896,4,150.0,19.0,4.0,11.0
5432f2acb9813a9ab96418423f923eb9,consoles_games,51,793,3,400.0,20.0,20.0,20.0
4283bfae8ccecf22edb4cc17084aeab0,variedades,40,304,1,175.0,15.0,15.0,11.0
f4daca35389849edde800f3532be3719,ferramentas_jardim,57,459,2,800.0,30.0,20.0,30.0
ce5960e28657158637346e434013071c,bebes,48,1576,4,10950.0,60.0,27.0,40.0
790aa8011de89ef49b85bbe194f6a542,fashion_bolsas_e_acessorios,57,224,2,100.0,16.0,6.0,13.0
1b8ee158f59c098470fad33f39660964,moveis_sala,32,327,2,6200.0,55.0,14.0,47.0
e6f927322d3e315ea72b768b52126b9b,esporte_lazer,51,2145,1,3950.0,36.0,41.0,36.0
2feb7008fdbbf5e65a885a1e5fbd49d1,esporte_lazer,33,2490,5,1350.0,30.0,20.0,20.0
215350c42aaf9bcdd3fab5301453d7a9,moveis_decoracao,50,1186,2,1600.0,53.0,8.0,11.0
fb8d7cbaede34c7601b2d5a283287d49,automotivo,43,133,2,200.0,31.0,2.0,23.0
b826c212d1efa0373b4ed6c083d3f975,telefonia,25,287,1,100.0,19.0,3.0,11.0
1f833cc7a418205cf50f5e834c6a2134,ferramentas_construcao,60,296,2,300.0,20.0,5.0,20.0
981a5c407ac880b5bcbabb9436825238,moveis_decoracao,19,249,1,400.0,18.0,30.0,12.0
887dba291adc295b57b5778ebc8b4060,utilidades_domesticas,58,806,1,1150.0,16.0,30.0,20.0
c55ee2882c5321eb3c9277e5c92e50c7,artigos_casa,57,1046,1,1450.0,25.0,25.0,25.0
b45755e01d70d935e074cdde682bed74,artigos_casa,48,472,1,1420.0,47.0,9.0,38.0
c64490cdfe40f9e25abd222c541a06f0,moveis_decoracao,58,2017,2,600.0,68.0,8.0,13.0
0cbc07d4b85c30f4eb6394504185f8f5,beleza_saude,41,864,1,350.0,19.0,12.0,13.0
c90526921508388bf77c6f45ff36c412,brinquedos,41,221,1,450.0,45.0,15.0,35.0
05fd551a225783b6a2b14d1e3d1a6372,automotivo,44,1131,1,250.0,30.0,11.0,16.0
2c24793fa7743021c907ec930fce14b9,variedades,,,,1700.0,67.0,10.0,40.0
89cbc14f2460e2001f74f8e667194eb7,utilidades_domesticas,47,647,1,225.0,18.0,16.0,46.0
34bf36c866a9166fa14dda71be4fb95c,utilidades_domesticas,49,345,1,2750.0,30.0,20.0,30.0
06ef35250cfb02d1c3d193890b63dc8f,moveis_cozinha_area_de_servico_jantar_e_jardim,35,355,1,2800.0,33.0,20.0,15.0
a76d6212f99d1253fb7bcfe02ce87d8a,eletronicos,32,376,1,200.0,25.0,7.0,16.0
d017a2151d543a9885604dc62a3d9dcc,fashion_bolsas_e_acessorios,59,93,7,250.0,16.0,2.0,11.0
0fd7c411bd5b0e103be4a2e18642c79b,fashion_bolsas_e_acessorios,39,817,1,100.0,16.0,5.0,16.0
b5285354b7300aa056db9c3b73e50cd0,instrumentos_musicais,47,282,1,625.0,17.0,17.0,17.0
a2ec7257cc4a4e2f3a02e93ef01412bf,bebes,41,697,2,300.0,20.0,6.0,15.0
b2d52af3c5981a8d5d064fdb77cc6bc1,perfumaria,55,568,2,240.0,21.0,15.0,22.0
90846606739f4063e6092aa0fadd78a9,perfumaria,54,803,1,500.0,23.0,8.0,15.0
b20e4519d195d80c6d81bf3963a43d5a,artigos_casa,53,146,2,1500.0,34.0,6.0,41.0
2b3b11d70c32fbfc8e850fb68985a000,instrumentos_musicais,57,578,3,1965.0,51.0,44.0,11.0
35c4bd936587a3b496e5f865b551de1a,utilidades_domesticas,56,740,1,1850.0,30.0,30.0,30.0
67c27d404db051709a626dab489ef356,moveis_escritorio,50,2083,1,20500.0,58.0,28.0,58.0
c652eb90b3f1bf875c4a5447a0710f65,esporte_lazer,39,668,1,312.0,17.0,11.0,15.0
0ab66f8ffee46568f8a8fba7c300ae50,alimentos_bebidas,25,369,2,200.0,20.0,8.0,16.0
c4b26e2f54cd0c158b3a8928968c80c5,automotivo,49,1555,5,1850.0,30.0,28.0,30.0
a703f5ade6e4fae527357132230ea778,beleza_saude,57,1271,5,225.0,45.0,10.0,14.0
97c948ebc8c04b26b7bbb095d4228f2a,beleza_saude,60,554,1,30000.0,55.0,75.0,61.0
181f62ad3d1d8b78fa2695f30613b444,beleza_saude,38,1251,1,1050.0,26.0,21.0,23.0
5d6bea33648f018dbb563f3a2fab09f3,moveis_decoracao,53,616,1,4000.0,30.0,35.0,30.0
deb523ac578bc09b1b3ef13e66dc295f,perfumaria,36,299,1,453.0,20.0,11.0,13.0
f48b3669c93b58bd6e23f226aacc62f0,moveis_decoracao,50,68,1,800.0,16.0,30.0,16.0
4e3218a8ef98e65fece172834193d05e,telefonia,60,2075,4,300.0,20.0,20.0,20.0
f548f7c6223594379d2301a187f3a9e2,utilidades_domesticas,59,416,2,9350.0,70.0,15.0,33.0
b1b787a4d7563b9e375ee8af5bee4a74,beleza_saude,57,2491,1,2300.0,27.0,27.0,20.0
548e5bfe28edceab6b51fa707cc9556f,artigos_casa,60,188,1,1200.0,44.0,2.0,35.0
20a56bb6cee7a1b8e02e245e637e1b8b,fashion_bolsas_e_acessorios,42,139,1,100.0,16.0,10.0,15.0
753e430b6eed95b9d517a7a55eae6742,esporte_lazer,42,917,1,450.0,17.0,12.0,12.0
fa06cd5fd01faf457f064d3073ce893d,perfumaria,40,691,1,500.0,17.0,19.0,15.0
6a162a899a815ed15db1689e8efc976c,variedades,47,1801,6,1550.0,20.0,50.0,20.0
afd433e52d4e615fc6dbb0b098167e4b,brinquedos,52,1792,6,1100.0,20.0,40.0,13.0
e1834e5158e392bab21d691ac7b4eccd,agro_industria_e_comercio,57,690,1,12050.0,56.0,32.0,32.0
210e7569afac412f6f444621ed323449,brinquedos,39,171,1,300.0,16.0,17.0,11.0
7940f574701f6518fea2877012f7055e,papelaria,43,653,3,10350.0,64.0,15.0,51.0
a71f57831a39fd421d4dd2cbfbbcf9f7,beleza_saude,46,815,1,233.0,18.0,5.0,15.0
5c2d95f6437143d8605761b736b03c15,papelaria,52,198,2,400.0,24.0,7.0,14.0
1f839ba5b57051fac3461bc202ad9cce,telefonia,49,371,2,125.0,20.0,13.0,17.0
e1fad996d18315862e15d09446c5c65d,artigos_casa,51,572,1,6750.0,30.0,20.0,20.0
b83dd24f806b484c1f22ec9af48271e0,artigos_casa,56,1215,6,350.0,30.0,14.0,16.0
000d9be29b5207b54e86aa1b1ac54872,relogios_presentes,48,613,4,250.0,22.0,11.0,15.0
106ebc8f9982193679d02a4584947b89,automotivo,59,114,1,300.0,16.0,2.0,11.0
7ba2e13e168f62391e3f2e9c946bc2be,automotivo,31,416,2,350.0,16.0,9.0,16.0
127b372f0c2ee673b04d38f8a6325a2b,brinquedos,49,288,6,1000.0,35.0,20.0,20.0
42f61cf5c925b4e7fad27faee993c145,telefonia,56,530,5,300.0,17.0,4.0,12.0
b2c5824a747b4f147644f28103b45f93,brinquedos,29,1703,1,550.0,33.0,7.0,22.0
7facb0c1345658cbdc0850feaaae0678,beleza_saude,57,600,1,300.0,35.0,3.0,12.0
8995980bf35c9c32cc8c7cadc025ad64,eletronicos,50,640,2,330.0,22.0,4.0,12.0
1c973679d17e2e7505000add215699f6,brinquedos,59,1082,4,14400.0,60.0,60.0,50.0
e4a91e319865c0ed703b608671ec48b4,esporte_lazer,55,314,3,150.0,20.0,6.0,13.0
d8a4f1d4d25d65f4325df92439fbb248,moveis_decoracao,54,1749,3,2300.0,105.0,3.0,70.0
1da4c75f3ccfdd3e7f3416b5b0aa0f5e,malas_acessorios,46,207,2,4219.0,41.0,52.0,29.0
1f2b3e5d739add9d4596ba6de24204d4,beleza_saude,59,926,1,10350.0,36.0,19.0,40.0
8316d26952b55175c94aaaaaa4cd4a43,moveis_decoracao,43,1931,3,7800.0,99.0,4.0,55.0
1b19ee9eb239b84740e55e194e3cbd5c,informatica_acessorios,36,2561,1,1900.0,30.0,15.0,20.0
61a4100ccd6d9c4c808a1fd954ddb8ad,eletronicos,60,3839,4,1450.0,24.0,24.0,24.0
618a8dac41d5f04a248927a5f44c1f13,fashion_calcados,63,306,3,1100.0,33.0,19.0,12.0
ac6d5ee8041a6228a27fcf80a063b7f8,relogios_presentes,55,610,1,3200.0,40.0,10.0,40.0
a5c76443c27d925386c35fe3d6921bf6,beleza_saude,54,3482,1,1550.0,22.0,16.0,17.0
96a93504eed4c39c0f000d30277f9104,brinquedos,47,474,2,330.0,20.0,14.0,12.0
c8ef08bc074120d5b8ef90ce317b2180,moveis_decoracao,60,264,2,150.0,16.0,5.0,20.0
370a70d261195a30346c3a01555f4472,moveis_decoracao,49,458,1,100.0,19.0,3.0,12.0
2cb8d42b598aeb720fc9a0087f69d938,brinquedos,37,234,1,300.0,17.0,10.0,12.0
bf4a2b62685e6934498ffa6d8b5885c1,automotivo,52,700,1,100.0,32.0,2.0,24.0
6a7410f88fe57e3fd4e353cfc04e7b31,brinquedos,47,389,2,1350.0,35.0,26.0,25.0
5fcdc30ee64ffa6bcecc39887915109f,beleza_saude,59,929,1,650.0,19.0,19.0,19.0
1fbec17963585b6f1839b3a81fd73015,informatica_acessorios,36,498,1,1000.0,18.0,9.0,16.0
3f2146831fb32311f584fd931a0d51ad,brinquedos,36,474,5,850.0,35.0,22.0,15.0
a518b1448de7b8fe202c6bebf15fe842,instrumentos_musicais,55,941,2,500.0,60.0,16.0,11.0
437c05a395e9e47f9762e677a7068ce7,beleza_saude,40,409,1,1110.0,19.0,11.0,18.0
b7217c2f0d36a676e0350fa550c61fee,artigos_casa,55,310,1,450.0,45.0,15.0,35.0
3f994ee4a0b20760d1b173aa65037c95,variedades,56,708,2,5700.0,42.0,21.0,36.0
6beae1a9c914c4e2ca45868d6317a27e,fashion_calcados,54,404,4,1400.0,22.0,12.0,33.0
388990ffe5ff78f59518dff76702a24e,perfumaria,41,1056,1,100.0,16.0,11.0,11.0
8d3afce2125efdfb8cea66c0070f397d,esporte_lazer,54,1165,1,700.0,20.0,26.0,11.0
3ff3656bf4f81c36e63687fefe2ecca7,moveis_decoracao,39,308,2,2950.0,40.0,20.0,40.0
a126cf2ba6e20ffef685352e40945a68,artigos_casa,57,241,1,700.0,24.0,15.0,18.0
31c8ebd6dc2e12cfd9fde8eeaa32f36a,automotivo,57,816,1,700.0,32.0,12.0,22.0
c90a0e0826c9e7793800fcd160620c64,informatica_acessorios,43,152,2,2900.0,30.0,9.0,25.0
155222243017ed8a8a43eabf5b04144c,agro_industria_e_comercio,49,689,1,1950.0,19.0,44.0,11.0
8f61327bbc1b9096bd97323ab64fc6bd,artigos_casa,35,235,1,10050.0,50.0,30.0,40.0
aede48631330269f65a8d680de491657,malas_acessorios,45,573,1,1400.0,48.0,10.0,33.0
aa70c29cc4b519f080d45ba24d79e144,ferramentas_jardim,13,892,1,450.0,20.0,20.0,20.0
9b0355200f6dcf3ef427e7984d00c741,esporte_lazer,49,834,4,1200.0,43.0,11.0,72.0
5ba865074da5eba1460c298b574f9927,fashion_bolsas_e_acessorios,32,205,1,200.0,21.0,9.0,14.0
1b7ce992a80ac036dd9ab73d08289712,eletronicos,52,530,3,150.0,22.0,3.0,12.0
a0eef953cb25bc9ae40457e1c3c82946,moveis_decoracao,52,1559,4,700.0,68.0,8.0,13.0
85e0d0758fddf0f8f33fa73153b1e226,moveis_decoracao,51,1046,1,650.0,33.0,4.0,33.0
0e89c3d718b2577cd55974355651d15b,moveis_decoracao,57,281,2,850.0,30.0,5.0,45.0
c1e8014cae93306629b1de89dfa5a1bb,relogios_presentes,39,515,3,886.0,19.0,15.0,17.0
26916902eb5c31bdf6ba01894c3ff7db,automotivo,59,185,3,150.0,25.0,25.0,25.0
3e8a0f0a4389aa563b110eab167d99d4,bebes,60,1212,4,1400.0,28.0,13.0,21.0
e8b3e1130c20d55ebe3466a7a7e2c1e6,papelaria,35,448,1,400.0,28.0,9.0,18.0
223d59a37896c34a98384dcbaefc322c,artigos_casa,57,217,3,1900.0,40.0,20.0,30.0
5e0df63caabfc5ec67d830078ba84b13,moveis_decoracao,31,820,2,5900.0,30.0,40.0,30.0
8ed9e6b1cbb80b223b70376a8659bee0,moveis_decoracao,63,162,3,2000.0,61.0,3.0,41.0
328818bbb9f31efcf6a2b39ce8724ab6,casa_construcao,49,910,6,9950.0,52.0,22.0,52.0
bb37569636d7c7aa19026a419e36bb2a,relogios_presentes,55,841,4,600.0,16.0,11.0,17.0
dc68f155e986fb3c7550ae1c6800149a,automotivo,60,553,1,450.0,105.0,10.0,16.0
1522589c64efd46731d3522568e5bc83,artigos_de_festas,35,415,4,550.0,37.0,10.0,37.0
85567ceb8a1521a09cdab785ab726b03,brinquedos,45,467,2,650.0,40.0,20.0,20.0
540de93b2ffb859f65596855505ad7a1,utilidades_domesticas,54,407,1,200.0,25.0,10.0,20.0
aa5e29c720259d4b1ee2e6479d19bfe4,esporte_lazer,43,467,1,625.0,21.0,11.0,15.0
d0ff425695a253710c5768f9069c6f0b,brinquedos,53,144,2,1300.0,24.0,30.0,20.0
534b02311d6e4647c43e97e8d479dab5,esporte_lazer,47,1102,5,3100.0,56.0,28.0,33.0
eb3ba92585bfe259a9af683fdd9b7bf4,esporte_lazer,51,515,1,400.0,32.0,4.0,45.0
ebefb6072c2491dbd1d5ef8a76d245ec,esporte_lazer,56,2336,1,8000.0,30.0,30.0,30.0
45417041ae270bf5e57ec990a56bdebb,artigos_casa,55,747,1,1250.0,25.0,17.0,35.0
ed29a27280733170d8ccb00691f743db,esporte_lazer,21,547,1,5150.0,28.0,8.0,11.0
e8b54d5aeae0ec3077cd89301a9c6023,esporte_lazer,19,548,1,5150.0,22.0,3.0,22.0
70f408ac32f2b337c6a2d82c98886aad,beleza_saude,60,1946,3,19000.0,87.0,76.0,16.0
367f4a5ae70f2e8de8d9eb1c13f280b1,esporte_lazer,21,547,1,1950.0,20.0,6.0,20.0
171352abd66a010ad6039f9f994fd42d,market_place,42,110,1,600.0,25.0,37.0,36.0
0d1d0db051b49daf3c58068768d8fd2d,brinquedos,50,425,2,500.0,16.0,45.0,12.0
0f2ebb4245936455a76efd643a5e0745,telefonia,39,423,1,100.0,19.0,3.0,11.0
c6e5e65a8d521761e0d1a4f6812fc2ea,relogios_presentes,48,902,5,900.0,20.0,20.0,15.0
c63aa9195696eccba5bebc6d7a20aedc,beleza_saude,57,388,4,200.0,19.0,11.0,23.0
a44915c1c247c7de4b5ea38ae2fcf657,beleza_saude,58,983,1,700.0,16.0,18.0,16.0
bc79853c871c6db8e48e4b0d47df7e70,perfumaria,40,284,2,300.0,16.0,16.0,20.0
0c94b3b3e297c165f359c7cd62acc3da,beleza_saude,39,1619,1,1600.0,19.0,37.0,25.0
aea040f28a221a9ae37c4287f317d73e,beleza_saude,55,710,1,171.0,19.0,20.0,13.0
e68658c105f5425a8839abcbc722d160,variedades,,,,350.0,30.0,30.0,11.0
cc253bcdfed96c5b54f2420c76434aa6,artigos_casa,59,1050,1,2250.0,35.0,12.0,24.0
1d6494a42302dba967b0c3a9c655d1a5,utilidades_domesticas,55,843,1,1800.0,30.0,30.0,30.0
245d6fd93f56b9e997881f397fbca833,fashion_roupa_masculina,43,624,4,700.0,45.0,10.0,35.0
79e98bde1cf4a5e68c97cfd1872de142,brinquedos,25,254,1,200.0,16.0,10.0,11.0
0b305b6bc4dbf84489cd367380955d18,esporte_lazer,41,255,1,500.0,20.0,30.0,20.0
0a48b93d24c0c87253c73da8cb8c2e80,beleza_saude,36,337,1,514.0,17.0,16.0,13.0
38ec77783936fa7f33d24dc56a46eca1,automotivo,54,153,4,250.0,23.0,12.0,15.0
23183e8f6ee8b057ef5dd6fe16525ab9,automotivo,59,293,1,100.0,21.0,2.0,15.0
6e38442006e8540f8ffc733c8a243d70,artigos_casa,56,313,1,5025.0,68.0,18.0,48.0
9d4a7bc5b3d2011e781e3e877ed1281f,brinquedos,19,699,2,300.0,20.0,5.0,15.0
e9d4cb776e7adcac31397e6e1778e532,relogios_presentes,59,477,1,50.0,16.0,2.0,11.0
b29c1183f3b20aa09c3c13ce0bf9996c,relogios_presentes,56,555,1,150.0,20.0,5.0,15.0
777d44411c685bf4d03294fc52d263b5,esporte_lazer,35,390,3,300.0,23.0,17.0,13.0
05fb84a7689847058e6b9e9dbd7a6c06,automotivo,58,454,1,2775.0,29.0,27.0,18.0
8a83947ee16d41d5e83dd90b7d28caee,esporte_lazer,57,376,5,700.0,60.0,8.0,17.0
5da565cf3754fc1af23b842113c1321f,fashion_bolsas_e_acessorios,31,793,1,100.0,16.0,5.0,16.0
e71db199b371c8d7d4ae89cf8b7675c7,eletronicos,57,1424,3,2850.0,27.0,26.0,35.0
bb936e22237d5ec143263050cd705132,bebes,32,572,2,700.0,59.0,27.0,11.0
9446c80fe62e667a43387750f8a8f6d0,automotivo,54,376,1,1200.0,85.0,15.0,30.0
68bcbb3be468061b4e679ef201283d52,esporte_lazer,60,1164,5,3450.0,35.0,10.0,27.0
8e630a6101b33d99671d79b67b87052d,artigos_casa,57,217,3,10900.0,50.0,30.0,40.0
fafb498dd2f33cbb55cbd0f7d7706047,beleza_saude,55,537,5,150.0,19.0,11.0,23.0
78f3f7fb2c7a8a53bccb6cfc49f34f66,beleza_saude,58,3921,6,300.0,30.0,15.0,15.0
b7ff94c9416e098a62e75a26f3a53268,beleza_saude,53,1613,1,263.0,18.0,14.0,16.0
9ff8568dfb9041b898e65ff4018c8c57,eletronicos,56,1242,6,133.0,16.0,7.0,13.0
af4ac0dfebf1f96903c52fe25a51e6d3,automotivo,54,646,5,1350.0,60.0,8.0,33.0
672ffb2231575afa70f7fee73fe400a1,automotivo,59,1793,1,23200.0,16.0,2.0,11.0
11566035935b80d02a0c8a261546610b,beleza_saude,46,1322,1,367.0,16.0,20.0,16.0
da419eaf25aab3fafd23ddf7ae8dba72,informatica_acessorios,47,269,1,100.0,16.0,11.0,11.0
9da0bebb7f9168679e748abbfad05edd,artigos_casa,50,147,1,450.0,40.0,4.0,30.0
dbb58fe2ee04b51f23e257a03e006da8,automotivo,55,1037,4,150.0,24.0,2.0,17.0
c5be1408598054572f31046ba67ee86e,moveis_decoracao,63,837,1,2200.0,43.0,5.0,30.0
3bdc89e963c6651b8af38ede485cc82b,utilidades_domesticas,50,387,1,25850.0,38.0,79.0,49.0
7aac5971b0560a816c14f6b6e9185bcc,beleza_saude,55,1282,4,1450.0,25.0,22.0,19.0
9c8a36f4987914487728d62b2ba087b9,perfumaria,45,539,3,650.0,17.0,7.0,12.0
4c66239e4d8cc4dc99335ecae8218294,moveis_decoracao,63,517,2,800.0,80.0,10.0,60.0
caf9add3dcd98d688be0064d9faf65b1,moveis_sala,60,1146,2,3200.0,30.0,11.0,30.0
10f75f0d9616ccb68feb85e06535efcb,bebes,30,875,1,1350.0,44.0,6.0,36.0
f57fdbfc9c610581b1b50f53210ac3ae,artigos_casa,60,184,2,600.0,70.0,10.0,50.0
1c636ce22ef8c85c26936781e313be5d,ferramentas_jardim,41,383,3,300.0,36.0,3.0,20.0
10fdb0e6ef1170ede7a6a3d6634869ea,perfumaria,52,587,1,743.0,20.0,13.0,14.0
90dda54c56237884d05cd6102eb0ab25,utilidades_domesticas,49,465,1,1900.0,36.0,35.0,29.0
e0f4107654fb507e08290df3af081a51,beleza_saude,38,1233,1,2350.0,16.0,10.0,30.0
01217a683550744160a91eaa46a92305,perfumaria,58,468,4,1300.0,25.0,20.0,16.0
03566b85189259c49476f004ad2afd08,beleza_saude,41,216,1,150.0,20.0,15.0,15.0
fd9becacfcf0cebb9756687af69c716a,brinquedos,32,194,1,400.0,28.0,18.0,28.0
07810038e53a9f409577581bae23fa1a,informatica_acessorios,53,177,5,150.0,16.0,3.0,17.0
baf25ed4f8f70238cc87230379471454,beleza_saude,37,475,1,100.0,25.0,11.0,11.0
c211ff3068fcd2f8898192976d8b3a32,artigos_casa,58,58,1,200.0,20.0,2.0,15.0
bd84287687cd6471cc78eee8ed6a6a8e,beleza_saude,41,914,1,250.0,31.0,4.0,22.0
4f4474c152e4d8831cc0abc3551e8ff4,beleza_saude,45,2244,1,1188.0,17.0,16.0,17.0
486cebbfac430b06cf0aa980b89a3543,brinquedos,47,1100,6,2025.0,50.0,27.0,27.0
4fa87eb0a7d3d0e774828565b1b8020a,moveis_decoracao,55,1064,1,680.0,33.0,4.0,33.0
47f699d9462e071f977f612be2b5b67a,beleza_saude,44,1400,3,1350.0,41.0,21.0,23.0
8246b1e9198f46fc3c05900f43568ba6,industria_comercio_e_negocios,54,1552,3,1750.0,16.0,35.0,16.0
da051bd767b7457572d55aba23fd846a,esporte_lazer,49,473,1,1075.0,22.0,23.0,22.0
0c5aecba8eab00eb055c6e2e7b9b4346,beleza_saude,59,436,1,30000.0,55.0,75.0,61.0
efa490145b5cc82438b6a6de691535fa,informatica_acessorios,57,938,2,500.0,30.0,10.0,11.0
2532ba0aec0ced81cdc2dd0dbeeb0f72,esporte_lazer,44,1098,1,400.0,21.0,16.0,16.0
56ac95964fe3f6f3f60072fbcc006417,esporte_lazer,51,981,1,300.0,33.0,21.0,27.0
afa3726033e2542ca816dd6736e3c601,beleza_saude,53,1185,2,2100.0,60.0,33.0,21.0
ce98361ef1341e15087ae4b1b2c53fdd,moveis_decoracao,59,618,2,767.0,52.0,6.0,42.0
648c3051ce2eabd9b79e75f87fde75b6,variedades,51,155,1,700.0,30.0,30.0,30.0
b40bd352960044e281fa405937aac605,relogios_presentes,45,628,1,350.0,22.0,14.0,27.0
6d88fb20983e211be9168534b580c833,pet_shop,52,896,2,600.0,36.0,7.0,25.0
5e23d50ce089e56d8e74f935f5afb167,pet_shop,55,1079,1,800.0,20.0,70.0,20.0
33d26f298db59a201858e0248d9cee6c,brinquedos,42,684,2,600.0,16.0,34.0,26.0
ac7e981115ad47f0e051f1b8b97e73b1,utilidades_domesticas,42,241,2,500.0,30.0,30.0,30.0
03d463c3dea9d1650ce0683b7c964b03,telefonia,58,477,5,350.0,17.0,4.0,12.0
7e56c4aee262455fae9a64dd122d837b,telefonia,44,1440,3,100.0,18.0,6.0,11.0
cb745afa9f4712ffed17951799ff15a9,fashion_roupa_masculina,22,367,2,400.0,17.0,7.0,20.0
e2372fa4eec7531e44bb43844876e25b,beleza_saude,60,886,1,500.0,20.0,12.0,12.0
a5be9e212231c53bd9a2dee5824e7355,utilidades_domesticas,59,893,1,150.0,34.0,15.0,16.0
4c42f0c72caf632a20df25562451c1a8,casa_construcao,56,1504,2,1160.0,26.0,18.0,19.0
8ec7eb9f181b55edfe7d45092c37a3ef,beleza_saude,49,913,1,400.0,19.0,12.0,13.0
e03f4e4044f06ae9349b2f891e614923,fashion_roupa_feminina,40,1628,2,500.0,60.0,60.0,15.0
cb460986a447ed00da792526bf6189e4,esporte_lazer,55,2761,4,340.0,18.0,13.0,16.0
063c331b19ce7f951a2abb159e30386a,artigos_casa,50,216,2,1100.0,33.0,12.0,24.0
f78b9bb56844b1771bb8be6e8907b1bf,esporte_lazer,51,2268,7,350.0,20.0,8.0,14.0
8ab62f080b5f7845a01942d6a2e28779,informatica_acessorios,53,200,2,200.0,16.0,8.0,11.0
9649ca274c5438e7f13d0af44db9bcae,perfumaria,30,138,1,150.0,22.0,7.0,16.0
3386491e65bf02586461d30dc3fe53f1,telefonia,58,776,6,350.0,17.0,4.0,12.0
d533392198bde2027db30239ed5f4b8c,pet_shop,56,1285,2,1100.0,25.0,25.0,15.0
d0b37eae654ad7f4cc8d29d7bab39431,moveis_decoracao,60,2278,2,3000.0,69.0,11.0,11.0
2850884dd642010ef2a6238e8ece634d,ferramentas_jardim,52,1010,1,250.0,16.0,2.0,11.0
6d1338fc8d6ac273115ea526c7a6146a,artigos_casa,57,248,1,350.0,30.0,15.0,30.0
d73c1e3e6e7bd1420e5904af7a7af651,variedades,,,,200.0,16.0,2.0,20.0
fdd06e4d9669d1f11992a3973a0fdd7b,beleza_saude,36,654,1,1400.0,31.0,21.0,31.0
f99e92b9472a8d08d27cfc7e98292b42,malas_acessorios,57,1230,5,900.0,25.0,50.0,40.0
32284a34d19761adc56333216faff3da,alimentos_bebidas,58,886,1,1550.0,20.0,52.0,19.0
0e9ccf7f1a20862f5726769dfe55043f,automotivo,52,1418,1,150.0,16.0,27.0,15.0
9590794c4ad7475e1fa368c491c0dbb6,moveis_escritorio,33,432,1,28100.0,73.0,85.0,28.0
165d14e4b5729a3abf7ea2a5062dd118,relogios_presentes,53,548,2,350.0,16.0,11.0,11.0
683647534fe73616ae97d91a6ef253f4,artigos_casa,59,980,1,1400.0,20.0,5.0,15.0
83687a882cce476f1370f11f7c758b80,utilidades_domesticas,52,1773,1,600.0,16.0,25.0,12.0
154384dc7ddd772829294c13674dc719,esporte_lazer,56,2098,1,3200.0,20.0,20.0,20.0
b8b743faa0c9c15594a70b1bc2e78d8e,beleza_saude,56,2257,1,1700.0,20.0,20.0,20.0
8ba0118a487ec8671aed57e5ef846574,papelaria,45,283,3,4100.0,40.0,37.0,29.0
0fc9a9ac471336734e8617de0b3c9ae1,esporte_lazer,58,461,5,1250.0,28.0,12.0,20.0
7e6369ae76be68baac2fe55ba089b37f,perfumaria,50,402,1,183.0,16.0,12.0,14.0
43d2e0df7224cb1c252c23cf36d597ad,bebes,41,449,2,1150.0,70.0,10.0,40.0
817e1c2d22418c36386406ccacfa53e8,moveis_decoracao,37,267,1,2750.0,50.0,50.0,16.0
f4a7e46e69d1cdaa02f1e04a77c413b3,informatica_acessorios,60,702,2,100.0,18.0,7.0,13.0
e35e57ac692a504d2fbb8f30e188c693,ferramentas_construcao,45,339,1,400.0,16.0,20.0,16.0
cddf971ea646c184a153eb3899113d5e,esporte_lazer,22,507,1,200.0,18.0,5.0,18.0
7b5d9a68d3738077e0100d0528dd707d,moveis_decoracao,52,832,1,1000.0,20.0,35.0,20.0
42faf2e98f0486405f5dfac48e5cba7d,ferramentas_jardim,40,275,1,100.0,16.0,2.0,20.0
b865aecbf934fe78d172e5a0f7a73ec0,bebes,35,1344,3,400.0,16.0,20.0,16.0
b4a5ed82bcc31e97e7f85548d92503bf,variedades,53,834,1,1400.0,45.0,30.0,20.0
f753d7048454e22b4761ef5e5a3ec2cc,audio,36,707,1,431.0,19.0,12.0,18.0
c2e3277619aa6604c0d6e288ef059ede,consoles_games,63,532,5,100.0,16.0,4.0,11.0
8b41f2becf919f6177cca1ff15dfd311,livros_tecnicos,41,1362,1,1550.0,29.0,5.0,21.0
f0228b7d0afd1deb81112d8e39023bdf,esporte_lazer,31,236,2,1050.0,60.0,15.0,15.0
9c3ea852d17b33b64cca327b892d8972,beleza_saude,46,1225,1,725.0,23.0,15.0,13.0
494c9e9cadda96141fec59b218afc773,automotivo,57,651,5,16700.0,78.0,4.0,47.0
703be08855ce485a358cc217d93a05d4,ferramentas_construcao,51,1493,1,5250.0,55.0,18.0,45.0
26e7ce7bf047fbebffa5781cb30d2861,artigos_casa,52,127,2,900.0,50.0,5.0,50.0
ebfac003d90a5ca445e217728f4f3755,bebes,33,339,2,1200.0,45.0,11.0,40.0
6b3de4cb14325f3a0dafa939520f514e,relogios_presentes,58,465,4,250.0,16.0,2.0,11.0
ee3d532c8a438679776d222e997606b3,informatica_acessorios,43,452,1,360.0,19.0,18.0,15.0
b0d4c8d4b891a9d7b09ab18111338e9f,automotivo,55,666,2,4550.0,48.0,18.0,43.0
eaf60d77a44abeb7e9709d3305601029,utilidades_domesticas,52,638,1,2000.0,16.0,2.0,11.0
8b9c2788ed2e8153726d114f660bc6c2,informatica_acessorios,46,1360,2,200.0,16.0,4.0,11.0
43ff57afb3419cc422d1daccbbb877b7,instrumentos_musicais,60,1203,2,17550.0,45.0,20.0,100.0
fdb30642264bf639de6968a1b8d72c63,artigos_casa,60,184,2,600.0,65.0,8.0,55.0
17e18b0c88a853dd6de3e48a7cfa9d9a,automotivo,54,490,1,700.0,20.0,10.0,11.0
f2aa6fb35e6b7ddd3eb6f3198a0efbc9,perfumaria,57,555,2,500.0,16.0,22.0,11.0
be7815756efd025355c3e09139c3f2ac,moveis_decoracao,54,441,1,2900.0,40.0,7.0,30.0
e888edddeb449bde570d695c62b27b26,informatica_acessorios,60,501,1,300.0,16.0,16.0,16.0
63456bc0cfe423fc6621bdd93fd0337c,informatica_acessorios,46,323,1,125.0,12.0,10.0,10.0
8b75356a402f017bf41f1000d514f942,automotivo,60,484,5,550.0,30.0,3.0,11.0
9b1689a9d895d266ce7134329b4e905c,esporte_lazer,60,576,2,2600.0,80.0,12.0,22.0
778f8850980a158eafa6e7555c085ea1,instrumentos_musicais,47,1177,5,500.0,24.0,10.0,14.0
168a1b76a7598bdaefdc552324c1bbfb,papelaria,58,366,2,6050.0,38.0,30.0,28.0
18721a85f6f265d6137dfc0f88cc0534,artigos_casa,41,162,1,900.0,33.0,9.0,38.0
b1decc9f9001d5568214927df8c02179,informatica_acessorios,51,409,2,2200.0,16.0,16.0,16.0
c5cd81e7dcab1a6baed9cedff7c531ef,esporte_lazer,60,921,3,900.0,20.0,10.0,20.0
13412655d22f10591e584156686ca50b,informatica_acessorios,30,274,1,650.0,36.0,16.0,16.0
a1eae0ed718c783a4c0dfef382d31ee4,iluminacao,37,274,1,4000.0,40.0,45.0,40.0
fd0731561b291a28f6a3a189e86a1107,malas_acessorios,49,290,1,800.0,22.0,44.0,38.0
c349071c40ca2919f27bd3d6a2fb6fea,papelaria,60,868,1,10150.0,44.0,34.0,21.0
ee14580a079d31644603ec91e37c7ed2,perfumaria,55,144,2,100.0,25.0,7.0,11.0
d25d3b1359378602e34e19ab2fab5c61,utilidades_domesticas,48,360,1,250.0,33.0,8.0,16.0
118c95783c21dc3d1896a9cb46a240ae,moveis_decoracao,44,2029,1,500.0,47.0,18.0,15.0
041bf61cdb6e9b519aa70a4eed0bd4ce,pet_shop,54,272,2,700.0,71.0,2.0,18.0
a2981aad285aa55f2b0f5f2e7dadf5a3,esporte_lazer,39,767,4,1067.0,34.0,15.0,15.0
b9454f6cd728a6e0510e3c4ba8c25263,telefonia,59,818,6,300.0,17.0,4.0,12.0
dc36af3783eb8d831f8dd8343434c977,utilidades_domesticas,60,1288,3,200.0,17.0,6.0,12.0
e9cf08a0e7eb331e4694cd769137382c,telefonia,58,1440,2,100.0,17.0,12.0,17.0
1c870a715bb1ded648a71cf510b659a5,eletrodomesticos,53,298,2,350.0,30.0,12.0,23.0
0d85c435fd60b277ffb9e9b0f88f927a,informatica_acessorios,60,919,1,150.0,16.0,13.0,14.0
f23f6c4bbac2fbae03b381189d50296b,artigos_casa,52,183,2,600.0,70.0,10.0,40.0
9ed2b9f406ce635fb5615dd5d7527e8d,utilidades_domesticas,52,621,1,1050.0,30.0,30.0,30.0
69faf0d53eb73597d6cfd50175901a56,beleza_saude,36,1732,2,300.0,37.0,23.0,24.0
fb081b5a825e6503771ad43cf0e59dfc,automotivo,57,107,2,100.0,17.0,5.0,11.0
5f90a946d1d1d997e9f4f85cdf90ecfd,relogios_presentes,44,412,2,167.0,16.0,10.0,17.0
1510ee95ef047969c335bac927d99bc4,papelaria,53,1118,2,800.0,26.0,5.0,36.0
4d69476a7bd01b8eec1c87e60778364c,esporte_lazer,51,3561,1,1600.0,30.0,15.0,30.0
b6397895a17ce86decd60b898b459796,ferramentas_jardim,43,1134,1,1400.0,27.0,9.0,11.0
300469628605afcf5cc9759fb4cffc02,papelaria,58,205,3,250.0,24.0,7.0,14.0
28fe66c8a81afe9be7829f40a5fae9ee,moveis_decoracao,60,1071,1,850.0,16.0,20.0,12.0
127d3b28487be63864af02f25333decd,telefonia,56,1568,1,150.0,18.0,6.0,11.0
3a70556370b28da113dfdd18d2da5413,moveis_decoracao,53,617,2,633.0,45.0,4.0,35.0
72f399a2336a151acdb3a0a3b391f75a,variedades,,,,1300.0,20.0,20.0,15.0
f6453858964de0e03cbc5ceeef4e6ebd,automotivo,57,1145,6,5050.0,53.0,43.0,11.0
fff515ea94dbf35d54d256b3e39f0fea,relogios_presentes,57,641,1,450.0,28.0,10.0,18.0
e06d5e832b37064a0f5193515b16f44f,eletrodomesticos,49,196,3,375.0,31.0,12.0,23.0
a300dd822c0e15dd16ecc317522eefcf,informatica_acessorios,55,579,1,150.0,16.0,11.0,11.0
73554174c2dccb01cade8d0ce976b791,perfumaria,53,128,1,438.0,20.0,14.0,19.0
738121d1a5b54545080cef01275446d8,beleza_saude,24,1932,1,400.0,25.0,25.0,25.0
d26c068b20af66a9d7d3857bc25bae61,moveis_decoracao,63,406,3,550.0,20.0,20.0,13.0
0e52955ca8143bd179b311cc454a6caa,automotivo,54,1115,3,700.0,16.0,5.0,11.0
e7dffcd8a3257cf9f6644b7d30eaf727,relogios_presentes,55,1355,5,500.0,18.0,11.0,14.0
2a4d7197cdde9396e685ed950985ae2f,instrumentos_musicais,47,426,1,600.0,33.0,4.0,24.0
3e31fd1419cc4cd6adad1925e72e3a03,variedades,52,1170,1,400.0,25.0,10.0,11.0
11828bf6a0621fec5b783ddb0da1a766,pet_shop,61,796,1,350.0,20.0,20.0,20.0
9598f6cd8a6b8adbb542aca0635794f9,relogios_presentes,44,777,2,400.0,16.0,11.0,11.0
42c9f35641e6be42fa5a86a7b2ea46e4,livros_interesse_geral,32,2127,5,1000.0,21.0,12.0,17.0
f40ef461e35cca158e568c17293fb5be,telefonia,27,402,5,150.0,19.0,3.0,11.0
1bcdbe14eef2fb18157a8bb2d05b5605,brinquedos,59,410,2,300.0,24.0,15.0,15.0
48f866f20b5b6015a324210988e73387,artigos_casa,52,251,1,1850.0,45.0,15.0,35.0
e5c5d25996c6b96d444799a8a9aac0f9,utilidades_domesticas,54,754,5,450.0,20.0,10.0,20.0
9f2d98026e781b854b26e7551b263a6c,informatica_acessorios,60,760,1,153.0,16.0,12.0,13.0
00ae7076313576f94d9107599d79a978,esporte_lazer,38,440,1,600.0,22.0,33.0,16.0
0241aa4ed831b73fd4940ffd9cec20dc,eletrodomesticos,31,107,1,8400.0,46.0,44.0,28.0
9d967d813d8be59b6b5b21dc823155b4,utilidades_domesticas,46,879,3,9900.0,40.0,30.0,35.0
190b553d3cccad7ceb5e15a8ec148920,esporte_lazer,40,1200,1,1170.0,36.0,26.0,21.0
78d6410e644f39c0dd2909eb6cf550f5,artigos_casa,52,204,1,2200.0,55.0,25.0,35.0
4e45c321347cc3336c76fd6350da3445,consoles_games,37,265,2,200.0,50.0,5.0,25.0
1a00358b2af8b1c79f570a0e0ceb2208,variedades,60,482,3,833.0,17.0,12.0,16.0
312fe77899d7627c5c174229fe0324cd,beleza_saude,53,844,2,150.0,20.0,10.0,20.0
ee4329a32508827791e17cd8daeadb6b,ferramentas_construcao,55,721,2,650.0,16.0,11.0,11.0
c89267ee22b330121259fdd56cee5696,artigos_casa,60,643,1,2250.0,39.0,7.0,28.0
6a23c2eb9acc78f8ec403be9c6210dd4,moveis_escritorio,54,1094,1,7513.0,53.0,62.0,26.0
c1d98cc08467aa0204c5a1095da83df4,malas_acessorios,50,683,5,15500.0,40.0,60.0,25.0
a3394de35879ea62967d01d3d93b2cc1,moveis_decoracao,57,184,11,2300.0,36.0,21.0,36.0
157b4fa7c877c7b9fb762623e9c81c86,utilidades_domesticas,49,111,1,4500.0,70.0,15.0,15.0
461a85909a0075c82f74d0221f6991c9,utilidades_domesticas,52,1307,3,8450.0,35.0,35.0,35.0
64e77a6fb5b8e01019106773518b5a71,papelaria,55,300,5,5850.0,60.0,20.0,29.0
d0a672bae47ae7c26b8e1e2ec152edcf,utilidades_domesticas,42,225,1,6513.0,64.0,37.0,38.0
b761e337aed465b70aa4bf86f1b12f2d,papelaria,51,366,4,400.0,30.0,20.0,25.0
7808e6dbab3a59c8a918adc4d6e12776,esporte_lazer,28,1319,1,500.0,34.0,16.0,16.0
f0b7332bf477f047972f58a8d70942ce,fashion_calcados,50,375,6,200.0,29.0,7.0,16.0
4f741491850c0ce5c062655637fef0f3,informatica_acessorios,49,397,1,850.0,26.0,21.0,29.0
c347e9e3e30d35fff96379aef21c40d4,artigos_casa,57,604,1,2820.0,34.0,8.0,38.0
cfebc59cb2b67aa6a8c005c53c875616,moveis_decoracao,53,223,1,13200.0,56.0,48.0,38.0
64d67d69ec57113ff99bbaab62ac1c53,automotivo,55,3357,1,2250.0,16.0,25.0,11.0
ef61eac41af4d480bf8e6c728136397d,brinquedos,58,626,3,1250.0,30.0,8.0,30.0
38dbc385d6da7b0e6bd58a90e069653b,fashion_bolsas_e_acessorios,40,243,1,200.0,24.0,9.0,16.0
f6085e99db2df10f9829b6193314615e,relogios_presentes,30,109,1,430.0,17.0,9.0,11.0
4e27772a66624ce9308a0eb8b989ebe7,beleza_saude,48,325,1,500.0,98.0,3.0,12.0
d4652fae7ca028fda70d9b7b75432e04,perfumaria,44,1388,2,200.0,16.0,5.0,11.0
944a8fa6055b8213f9e715720d4e2d5c,artigos_casa,55,273,1,1100.0,38.0,10.0,38.0
271f1932e906a6f5e59ffbf12cf04e93,artigos_casa,51,1076,3,9800.0,65.0,20.0,45.0
8068fc569a07dc765b9620783787233c,climatizacao,54,665,2,1800.0,30.0,15.0,30.0
ba5e8c3caf51c548e15ac48cd838fc5c,bebes,33,360,1,3050.0,40.0,15.0,30.0
a7bcee285291a97650b40fa9fa888e4e,esporte_lazer,41,737,1,350.0,20.0,20.0,20.0
42e3e1a52d783ace62d11a17c88c1324,informatica_acessorios,52,826,1,800.0,26.0,13.0,25.0
ba2c575c1739bce3944c1480d5ca934b,moveis_decoracao,59,573,4,14550.0,40.0,40.0,40.0
a42d9c825894f96fc6ed02610891454d,esporte_lazer,57,1176,1,2200.0,16.0,11.0,11.0
e35b496654367ba8f9ab8974a23331e6,fashion_bolsas_e_acessorios,54,267,1,250.0,16.0,10.0,12.0
abda62f854cffdc94184e6bccadc2286,utilidades_domesticas,36,810,4,800.0,27.0,22.0,27.0
aad701f7922484707866c83423e24b56,informatica_acessorios,63,387,7,400.0,26.0,3.0,20.0
5910243c1624994e66138f05c7f4a275,climatizacao,55,2092,4,8160.0,31.0,65.0,34.0
0042f1a9a7e0edd1400c6cd0fda065f8,beleza_saude,60,1883,3,175.0,23.0,11.0,13.0
27fdfad2c6a8f91606eb41ea396785c6,eletronicos,39,410,1,200.0,25.0,7.0,16.0
26479f7e6b832d2e19a14dd8393bb30f,brinquedos,55,546,1,5200.0,30.0,30.0,30.0
2832d1160e92db454ee431f0d5250777,telefonia,60,622,2,200.0,20.0,4.0,14.0
02ce467092b184e71d3967d29110adc1,moveis_escritorio,40,1187,1,12275.0,40.0,54.0,38.0
677ea65357366d30a013af105b2c8a0f,brinquedos,33,416,1,450.0,17.0,13.0,16.0
8481b767d90ff5c67263520bf912b6c4,papelaria,55,679,2,1000.0,25.0,41.0,30.0
9a469eaf45dfbc43d39ba1977a3c07af,artigos_casa,44,192,1,700.0,40.0,4.0,30.0
15dc5bc6f0f1e1a0d0255098726060c7,artigos_casa,42,423,1,425.0,105.0,20.0,20.0
8adeb1032429e0cdb52dcc55cd422bda,esporte_lazer,56,206,4,3300.0,89.0,15.0,40.0
c725d1884dc9fac3d9a4fb790c25da21,moveis_decoracao,24,856,1,5800.0,57.0,15.0,38.0
ad88641611c35ebd59ecda07a9f17099,variedades,,,,450.0,16.0,7.0,11.0
4a613da687465cbb56070936889199f8,utilidades_domesticas,60,355,4,875.0,29.0,24.0,25.0
b75683e29689c1a989ae97883e8cad56,moveis_decoracao,40,966,3,400.0,36.0,15.0,36.0
c9701c7e21b5d653f1154e62ada219d7,esporte_lazer,37,227,2,200.0,23.0,5.0,16.0
766a5c8a2e6f4ea78ab342f00614f61f,moveis_sala,50,1146,2,3300.0,30.0,11.0,30.0
4e0854d426b0556ba1956db5e058f0da,fashion_bolsas_e_acessorios,54,220,3,150.0,17.0,6.0,12.0
24ea331e89e0cc6fde885752b3eb2c23,fashion_bolsas_e_acessorios,29,242,1,400.0,16.0,16.0,11.0
73de36575bce72868bbbc2ec727aaf43,esporte_lazer,40,236,1,1200.0,18.0,18.0,15.0
96d00b77859283a154d700d43fbf20a5,papelaria,43,703,1,300.0,25.0,10.0,15.0
2fe0cccc00239f01484b97ba65408800,artigos_casa,56,500,1,967.0,28.0,7.0,30.0
0a5a41c678bcf81e041826bb24eb0b01,bebes,55,1627,1,750.0,20.0,13.0,13.0
4b6c0fa189ae4c4c7a4d357ff185512c,esporte_lazer,36,959,1,250.0,25.0,10.0,18.0
6f422d8cc7a2f0dc9936dabad9db6828,artigos_casa,53,251,1,1400.0,36.0,9.0,27.0
60a8d8f0434c4531bf310eebf9f19cfe,artigos_casa,58,1623,1,200.0,26.0,10.0,22.0
8431e675f10f64da092849a218cc1f15,beleza_saude,48,1232,4,1200.0,16.0,35.0,11.0
335869ee35680c410f30db87ecdc83a3,relogios_presentes,55,1331,2,291.0,16.0,11.0,12.0
5db156e0070760934498ba575836d29a,papelaria,48,181,2,800.0,25.0,55.0,35.0
4ab868f52a587c20645ef2e209b67336,utilidades_domesticas,36,2041,1,2500.0,16.0,20.0,11.0
44eceb92060ff42ba1b3716acd052645,artigos_casa,60,270,1,1350.0,34.0,7.0,32.0
83ca77d87b187321faaee535adbce26c,climatizacao,47,781,5,5300.0,26.0,26.0,56.0
5ddd4525c6d0fbca9dc118056fd90d61,ferramentas_construcao,40,473,1,570.0,17.0,10.0,17.0
eebbcb9453213a19ae0a2edc4e88c5d3,eletrodomesticos,39,510,1,350.0,29.0,13.0,25.0
f94648b3948c15f95aad0b5902be6025,moveis_escritorio,52,1076,4,10750.0,53.0,74.0,18.0
87f32391c5f0737ea530496f114ce38b,livros_interesse_geral,31,380,1,250.0,16.0,25.0,25.0
8312d7de87652a517f739c42bb4fd3f0,perfumaria,47,288,1,200.0,16.0,14.0,15.0
8c7919d7fc63673f2f77a11774044ca1,pet_shop,36,803,2,700.0,23.0,21.0,21.0
ae7a0b7f28e53b07d86e85f796d6e6de,fashion_calcados,40,303,12,500.0,29.0,7.0,16.0
08b2b99a87e01c87c200a459bb3f4bc7,beleza_saude,43,225,1,1100.0,27.0,9.0,14.0
de64d6bf725afcae6b5bb5f3304646f3,esporte_lazer,53,895,1,700.0,16.0,16.0,16.0
4cfb235f669979ac1f6a7f9705c1ee81,bebes,40,1415,1,3013.0,40.0,21.0,40.0
5f993fcf6ce45202932c40c51466dcfe,informatica_acessorios,40,3088,6,300.0,16.0,16.0,16.0
d061984ba84c7cbd3059b289f2056f09,perfumaria,56,94,1,200.0,17.0,9.0,20.0
4c77d14c542fcd857dddc3df2e82329c,perfumaria,51,587,1,267.0,16.0,6.0,11.0
4664618690073e2ceb889d9d8c465a93,utilidades_domesticas,56,728,6,250.0,35.0,6.0,12.0
201842e46ecc7b96047e78835d973548,consoles_games,44,482,3,500.0,20.0,30.0,20.0
7e441b33f896ba519d58063f4c714bef,moveis_decoracao,51,372,1,300.0,37.0,15.0,27.0
b659034bc6cfc3d9baeda101c0c281fe,pet_shop,54,802,18,9500.0,33.0,30.0,44.0
3d5aae192e9628dfabdd07de7fb14aa4,esporte_lazer,54,708,4,350.0,42.0,7.0,24.0
2cf9ec82c2ca858baedfb2c2e5c06b6f,utilidades_domesticas,60,236,1,100.0,21.0,9.0,13.0
9f8aa40ada6e2b65a3bb5643754bf262,telefonia,60,565,1,200.0,19.0,4.0,11.0
38b007c8f51a77bde546746ad8af4f64,moveis_escritorio,39,1190,1,13200.0,100.0,8.0,60.0
d68eca92c5a12467b856479934dc39af,telefonia,52,886,6,121.0,17.0,4.0,16.0
46bc787381b2bee84ed87b4ebce24505,moveis_decoracao,60,1505,3,2350.0,105.0,3.0,70.0
31cf1cb1270b6c076fd03854cc3628b4,papelaria,44,178,1,200.0,20.0,10.0,15.0
25f81026d0b5452fcb9dcf95a155c093,variedades,32,304,3,450.0,35.0,5.0,25.0
68b7fda28d528d3fc87e60fcafc5830f,moveis_decoracao,55,1977,3,7100.0,90.0,4.0,55.0
50ac60f74b28ed25e7812fadbd8e71e9,brinquedos,47,411,1,300.0,28.0,13.0,22.0
d02df257dbc6857326ebdb3ffc3d6848,esporte_lazer,56,261,2,800.0,60.0,15.0,15.0
a884ac1fcc9d95f1d0d3a731610a9a4c,perfumaria,49,1606,1,400.0,18.0,5.0,11.0
26986dfc8b3cb9f957f2a5cca8920fa7,moveis_escritorio,48,375,2,22500.0,79.0,12.0,40.0
7ebfa7cf67d9f95fff4e249db002e46d,esporte_lazer,54,1007,2,4250.0,20.0,20.0,20.0
a1507b98cd821fad51fcfa3e9a95e94e,malas_acessorios,33,1193,1,24500.0,37.0,80.0,60.0
826a5fa766c1c7241ffe63a2f3774d0b,esporte_lazer,55,659,1,475.0,35.0,21.0,30.0
084461b396a7e044af9229534fa03b51,informatica_acessorios,63,601,5,1200.0,46.0,36.0,11.0
25c0a95a596a4dc18b5dbfe4529ec550,automotivo,42,872,1,954.0,22.0,20.0,22.0
0354c6a8cb8961e29b70e564b93861fe,ferramentas_jardim,59,2407,1,400.0,38.0,10.0,25.0
a37a8ef49db46a932a778ab081d7c40b,artigos_casa,51,231,1,2100.0,40.0,6.0,29.0
3d22445510fe5a03299a8d2a5da7abf4,beleza_saude,46,1472,1,2250.0,30.0,10.0,17.0
3ae116a20336cc3eb1b3d0b9b0a94d3d,esporte_lazer,59,308,4,100.0,16.0,16.0,11.0
67d4137622a3e1586ab26438993b898f,consoles_games,43,488,2,100.0,18.0,5.0,15.0
8904945d082f72652bf4a89f155c83bb,relogios_presentes,47,766,2,250.0,16.0,11.0,11.0
5360ece40f89cf47f68ec7353fb12d49,artigos_casa,49,444,1,550.0,30.0,3.0,19.0
480e6d74b9b908faec73816883591ee4,utilidades_domesticas,36,308,2,550.0,21.0,22.0,24.0
0f8b90fdd8f2e3b0fca368349e2c298d,perfumaria,60,662,1,200.0,23.0,7.0,15.0
c4fde94eab39fba350fee41d60ffd8f9,automotivo,58,1225,1,1100.0,26.0,40.0,20.0
5a70be99a3cfa4c98cb636c42fc32635,automotivo,56,1066,4,100.0,24.0,2.0,17.0
93c601273c90caca6b37d54b0e6f1ead,artigos_casa,54,693,2,5300.0,45.0,20.0,35.0
2aba8662055d2c7e8d7a4ad797f27840,perfumaria,36,515,1,150.0,18.0,8.0,12.0
442d90d66ceaa3f50027f7430c672820,brinquedos,57,294,2,525.0,21.0,23.0,20.0
0baaa6da9c9440c4655efd0762a0edcf,variedades,,,,300.0,16.0,2.0,11.0
1b508f9b0efb50617933ab0dda7a9ed6,alimentos_bebidas,46,844,1,400.0,24.0,8.0,23.0
2280139813948df83ba872aecca72997,artigos_casa,60,249,3,3500.0,40.0,20.0,40.0
e50c2e5c542dd022f410b11b78c7d65e,telefonia,59,752,6,350.0,17.0,4.0,12.0
78214a7dd344600bc2506e60f9e2bbd4,informatica_acessorios,59,162,4,300.0,16.0,2.0,11.0
7efc9c66bf68e3026c7846b0ec3e8682,beleza_saude,42,375,1,350.0,26.0,5.0,18.0
e1717ed4c8d10ca8117e64019d6cb0d0,variedades,46,235,1,300.0,105.0,10.0,20.0
707ad2b2f447c0b9d0a7da2f8e7621b3,beleza_saude,36,836,1,450.0,16.0,30.0,11.0
dff4c23e8bf1e78f4a793d8f76c7608c,informatica_acessorios,24,978,3,1450.0,25.0,15.0,25.0
1e48680e5b09c356f91b5c7ee948d013,utilidades_domesticas,55,1223,3,900.0,48.0,23.0,24.0
d41a53937c9fddcd3aafd96be7d4f345,artigos_casa,60,554,2,567.0,53.0,4.0,40.0
7b1e979883929d066ee44e3cef559021,telefonia,53,1440,3,100.0,18.0,6.0,11.0
d730058d1bde41dd32e054abe2fe015f,artigos_casa,60,327,1,2800.0,45.0,15.0,35.0
1d6c23a5f953103a8870695fab4db4a9,relogios_presentes,49,421,4,500.0,20.0,13.0,13.0
241241093bd6986615756b4d8a01de8f,consoles_games,41,1292,1,200.0,20.0,3.0,18.0
0858dd15ff82c48e17418361856c094c,papelaria,50,85,1,100.0,16.0,5.0,16.0
5d80e2d738a30fcf851cbd5b4951374a,fashion_bolsas_e_acessorios,49,581,3,100.0,18.0,6.0,12.0
a4fe640db0a85c68b24bf813604c6b78,variedades,,,,9600.0,40.0,30.0,40.0
2c84220fe9da006b23135d32964d10ec,malas_acessorios,44,284,1,1400.0,36.0,19.0,36.0
fe8bd0b912e59890950cae5e3bf908c9,moveis_decoracao,59,439,1,1750.0,30.0,6.0,20.0
a203dd46978039dcbd6329a71112f09a,eletronicos,54,361,1,17200.0,37.0,70.0,37.0
4e44cdda9e34fe16c6403ae9c67ac7ef,casa_construcao,58,896,4,550.0,17.0,26.0,17.0
acf90725a7a1fa2b5f4f0d77da84403b,eletronicos,56,770,1,350.0,30.0,19.0,14.0
1a613b1a2e7f278c6343b763fd880186,relogios_presentes,46,674,3,400.0,23.0,15.0,19.0
a8366756c95286fc31f1eb653c12ce3a,relogios_presentes,56,325,1,200.0,16.0,16.0,20.0
56072aff029067d0dc5d23919af4e407,esporte_lazer,41,510,2,600.0,28.0,25.0,25.0
cf54cbfe4e33bc8f7b34a65da576497c,artigos_casa,41,140,1,650.0,40.0,5.0,30.0
d321d5e90b24cba895f0564fc3e15a84,bebes,37,1260,4,650.0,21.0,10.0,15.0
52b7ee4ede9b973a5ab5b0f293f169c9,telefonia,53,679,2,150.0,17.0,8.0,11.0
cdfdfcc9f178dcfa37d46591c5bf2c0a,moveis_cozinha_area_de_servico_jantar_e_jardim,51,319,3,900.0,33.0,12.0,25.0
1fe8e6e01596885617fa1c90d29c2f81,beleza_saude,41,1049,1,750.0,30.0,10.0,17.0
c5897f6f2d995196dbb40542439da9b9,utilidades_domesticas,48,407,4,1000.0,17.0,30.0,17.0
cd360a9f341f57c25699dbac377f5efd,ferramentas_construcao,60,906,1,550.0,30.0,30.0,30.0
8a3cc0bbd52a7985b211643c48ceff4d,malas_acessorios,49,114,1,600.0,30.0,10.0,35.0
75e28951b0290f7f1e69d609c9ae55cf,automotivo,59,1106,3,850.0,60.0,8.0,33.0
5f46453d68bdb906e786b6e03e9236c6,industria_comercio_e_negocios,58,1058,1,900.0,30.0,20.0,30.0
fad534edb8f35664713c4b766fa473d4,artigos_casa,58,81,1,400.0,20.0,2.0,15.0
1f9cf07059cdfc8fd3797cfe11ea589c,moveis_decoracao,58,1969,2,3000.0,69.0,11.0,11.0
f3c179e260e0eeffbe02340259404cb1,agro_industria_e_comercio,50,2653,1,1200.0,25.0,10.0,16.0
0e9dfb804bafa3d68ef3ee7a621abfb2,moveis_sala,17,531,3,30000.0,68.0,55.0,77.0
3bf28879e1992bc098404cbf06003647,telefonia,55,1323,2,50.0,18.0,6.0,11.0
c511bbd742df73d5b2ba4594d4901f2b,ferramentas_jardim,58,2078,2,1750.0,43.0,14.0,39.0
2a4cea102e8cd86bbff7d6c4f17a459a,telefonia,55,2933,5,1600.0,16.0,16.0,16.0
367e3cfe13596a0efb512e235e40e754,variedades,48,1031,3,1050.0,55.0,18.0,28.0
7039b86e688d15677bdccc14562801dc,eletronicos,58,1192,3,3167.0,18.0,25.0,22.0
1531b09bff3fb016e5f0b4435b643672,eletronicos,45,676,2,500.0,25.0,11.0,18.0
4542ee50e2e43c74599b815a181efe83,eletronicos,55,1526,2,550.0,23.0,7.0,17.0
cd32c1a6eb38dcf2a8afba626ed0172f,artigos_casa,54,290,2,17100.0,56.0,38.0,48.0
c19965667589410161de452ee07d33af,instrumentos_musicais,42,568,1,1350.0,67.0,10.0,20.0
5a92ef8a5a2511f0d2dff3ea562700ab,bebes,17,546,1,2350.0,36.0,32.0,17.0
9db0afe3dcd2942f8bef6f7195b9a2e1,utilidades_domesticas,60,1382,4,9850.0,29.0,66.0,29.0
7da9810448a8f92f73339d58b1dd73a9,telefonia,49,346,5,100.0,19.0,3.0,11.0
241dbc3b6d7c4b0ccb98a81a33df4e3e,moveis_decoracao,32,599,1,5300.0,30.0,35.0,30.0
6a44ee1c36f8caabe9f6ab3179b11b2f,bebes,41,121,1,1450.0,38.0,8.0,29.0
cd64fc35f195d70cebe293e0b60dce33,variedades,,,,100.0,19.0,3.0,11.0
bdf87352f874c6be145c3fc27775f561,variedades,48,330,1,1650.0,33.0,44.0,19.0
eb7fae76f525c0a4af365291e609685b,papelaria,60,786,3,1300.0,26.0,33.0,13.0
ff5d87897ed26d564711df324b98ebee,relogios_presentes,49,443,2,350.0,19.0,13.0,19.0
e63ee311838859f93a10a95efaa79f2c,relogios_presentes,54,519,1,350.0,16.0,11.0,11.0
9a6fea01f6d5bfc01c9ac539f93da5ac,moveis_decoracao,55,1993,3,5700.0,70.0,4.0,55.0
d01aecb36866fc591c820b48afabb32d,utilidades_domesticas,37,900,4,11650.0,54.0,20.0,54.0
b95ce147ff20af1909bd69a2901e39b2,beleza_saude,60,1628,1,1250.0,19.0,17.0,17.0
0ecade74f3c3fb56a9256d425e7d535c,informatica_acessorios,32,1074,2,300.0,41.0,2.0,29.0
545085671b9f2d7d2e1a9110b15d838c,relogios_presentes,43,1534,2,413.0,19.0,12.0,15.0
8e601ab9bb87f5970ac09492a4ed1c9a,relogios_presentes,57,472,2,625.0,16.0,14.0,14.0
9262b60f16a326c81c74275472fbe0ce,variedades,57,1129,6,1550.0,35.0,47.0,48.0
faaa13c4eb6bb073693378999e40b9a0,moveis_decoracao,50,232,1,7050.0,30.0,20.0,70.0
ab7b628864c6935e8c1f1e993bbc4c81,automotivo,54,149,2,800.0,55.0,7.0,27.0
1d9c9e0532fb481c0f89c3b20cec62e6,variedades,37,1121,3,900.0,20.0,23.0,27.0
44b4230f8020e880f0a7d9113a2af369,automotivo,44,3454,4,1900.0,41.0,45.0,11.0
6703d5fc618113f23d9749a7a05d9e3b,eletronicos,50,897,2,1850.0,23.0,22.0,13.0
6536314c94d43b787fc1c622941da14b,telefonia,42,309,3,100.0,19.0,3.0,20.0
41db6d8062fcd38410c699743ccc0265,telefonia,49,1438,2,125.0,19.0,5.0,11.0
1078e04ece7f1498a5ea393bf9c4eb98,utilidades_domesticas,41,261,1,1000.0,28.0,8.0,37.0
e34b5d6c531312550872e725578a3808,livros_interesse_geral,38,369,1,150.0,16.0,23.0,23.0
1ac8f5283525f67f04345f07c167ba80,informatica_acessorios,45,165,1,850.0,36.0,21.0,21.0
68bf2e76db1d8e846042e54da87399ca,artigos_casa,55,743,2,6850.0,59.0,22.0,37.0
effd1d6e0c3a3b8e3e164a2ec33ff523,esporte_lazer,48,619,1,2500.0,24.0,18.0,18.0
c92af8ae65f217933c222f02ab10e73b,ferramentas_construcao,60,338,1,3950.0,25.0,7.0,25.0
e2998bdeb405a823c497b3ea4e3f263e,beleza_saude,52,1952,4,300.0,21.0,6.0,17.0
56b8c5868253d83d15e717ad0e027365,automotivo,60,445,4,100.0,24.0,2.0,17.0
3190be5a1932c6aeece81e7adcd310aa,esporte_lazer,51,1549,1,240.0,16.0,2.0,11.0
f97b8c47571a82c23473ff139b8a58e5,malas_acessorios,60,3043,6,16700.0,41.0,76.0,50.0
388404eabf1c32aa6fc51105ce5220d7,instrumentos_musicais,44,627,2,300.0,17.0,7.0,11.0
7f98b8ee9f858f69f6e73715c3fe8ed2,variedades,44,1505,3,1800.0,28.0,36.0,27.0
177f62b739076126a879238444ccbf02,relogios_presentes,58,1352,3,240.0,13.0,12.0,14.0
8681797ff43c49b49ee1690deee3f95f,pet_shop,52,717,2,400.0,20.0,35.0,20.0
416753943bbda356a28be0f3ba476632,ferramentas_construcao,49,178,2,160.0,16.0,10.0,11.0
eace264775d7cb8c0ec565d7746f661c,artigos_casa,49,773,1,400.0,20.0,10.0,20.0
b0ff378136f25567d2913b3bf7fd7ea1,esporte_lazer,56,843,1,1400.0,29.0,26.0,25.0
96ed3b4b62790bd962aac0b317109be4,moveis_decoracao,29,1720,2,600.0,30.0,15.0,15.0
da41ea3fb1d8000bd031fef2656713b4,moveis_decoracao,53,1214,3,2700.0,70.0,5.0,15.0
0573b564a90d2d9f9c460eb963da8c33,utilidades_domesticas,47,748,3,23700.0,69.0,39.0,17.0
b27ff4b438c93e0dbc08bf543dbe31ed,pet_shop,56,1541,2,850.0,24.0,20.0,24.0
2afc707b6184690b2ab2c03f44e97293,beleza_saude,41,2153,1,1850.0,16.0,14.0,15.0
92bc0c56dce8e6bee96f8b443f886a97,moveis_decoracao,54,2038,3,600.0,65.0,13.0,20.0
008686d56f4c85b987a4c24a286834c1,artigos_casa,44,216,1,2200.0,37.0,10.0,32.0
29bedbfbe73ea473396306b4f0c010ec,utilidades_domesticas,47,187,1,7600.0,55.0,33.0,40.0
cd2ee35bb109c0ee5b598cae174880bc,artigos_casa,55,184,2,600.0,50.0,8.0,40.0
03973c875a4653e663aede2c46a957f6,automotivo,59,523,1,2550.0,35.0,20.0,20.0
ef30fdd053284aaffa42dfd5612b66d8,esporte_lazer,47,552,1,7800.0,50.0,28.0,41.0
b15323f89b45fbb7ca64d625a4b741b2,beleza_saude,60,3866,10,1350.0,20.0,12.0,20.0
b0ff78dc1b5fdca6b5d9ec76cfe4cc3b,moveis_decoracao,56,279,2,18250.0,55.0,30.0,55.0
232e8b868fc5535b10702cb09d2d83a7,esporte_lazer,43,803,2,1000.0,23.0,23.0,23.0
008cff0e5792219fae03e570f980b330,esporte_lazer,59,1735,5,1550.0,40.0,20.0,20.0
e8df023d98f93f9a2ad749b872641344,informatica_acessorios,31,603,2,125.0,18.0,8.0,15.0
1555b29b27754088e380f27d81d0311a,utilidades_domesticas,23,98,2,650.0,35.0,20.0,30.0
a6be3b3eaae040735e86e4376ea77515,bebes,59,348,2,13400.0,55.0,30.0,55.0
f0d9237c058130a54eb81854ce88b760,perfumaria,54,275,1,600.0,23.0,8.0,15.0
4f6ae72300149b456bf01427a2838c2c,eletrodomesticos,58,1494,1,10983.0,67.0,26.0,44.0
301cfe3b10ca8a9e1a1fda2f36bf9142,artigos_casa,57,269,1,875.0,34.0,23.0,42.0
c4282015d858b8d5c14c1ec6b9000664,moveis_decoracao,46,1195,3,850.0,40.0,36.0,28.0
bff8e92614de3cad72017feb6c6a3294,automotivo,55,651,5,5925.0,73.0,4.0,43.0
8d746e360a815705bef8e23eda6d4aa5,moveis_decoracao,34,548,1,6700.0,70.0,51.0,13.0
950ea5e8d99762513bc4841fee9e7225,artigos_casa,52,198,1,500.0,17.0,7.0,17.0
9a36ef546bfd8ad2c01c308dcfe4084f,beleza_saude,32,1033,1,150.0,16.0,2.0,11.0
809bc73ee4f939dfc94b7402962fb531,informatica_acessorios,59,678,2,483.0,22.0,15.0,12.0
b0ea6f97e1aecad7903455638ece5a26,utilidades_domesticas,45,214,3,400.0,16.0,20.0,15.0
1fc3aadb8bb11f56f13ea8999066bd81,moveis_decoracao,57,1972,2,3000.0,69.0,11.0,11.0
785ca50096466547f93836e61beb7424,moveis_escritorio,43,2115,1,11050.0,58.0,20.0,56.0
b01f4da94c7769d2d4f404b5686695bb,esporte_lazer,54,1559,1,300.0,21.0,19.0,19.0
cc73dc77ba952afd7940214d39d23865,relogios_presentes,28,610,3,1000.0,20.0,30.0,20.0
e500a9395078ba5b59387db0dbee0063,musica,60,1862,1,200.0,16.0,2.0,11.0
765aad1a3fbe1a03fbfe57eda8a1ac75,esporte_lazer,39,215,4,450.0,25.0,15.0,15.0
7037ab6505f028103214580cac828445,moveis_decoracao,53,616,1,5200.0,30.0,35.0,30.0
f105318b219b352b992001c976c847b1,fashion_bolsas_e_acessorios,54,679,1,250.0,22.0,10.0,15.0
fc5dd987f12a7b823a76a44aa1ba88f6,variedades,,,,250.0,21.0,3.0,16.0
16afd9cf37e1b340bc46822fdd8240aa,malas_acessorios,23,404,1,1000.0,32.0,47.0,12.0
35f9df7e049ca5ca029f70ec5392e51c,telefonia,45,712,1,100.0,22.0,6.0,11.0
2b97fe4500ceb4d2151ef8a5439876ff,ferramentas_jardim,41,696,1,1575.0,28.0,29.0,34.0
cf0597239f82780f3f450347a36cdff1,esporte_lazer,43,1848,1,155.0,18.0,15.0,19.0
7de84fd574b291fd6dc71f84c8c5120c,papelaria,59,345,9,5700.0,60.0,20.0,29.0
26dbcaad027ebbead6bb387c7d68abca,brinquedos,33,570,2,1300.0,16.0,40.0,28.0
40c15dd86886c8e9cedabb4dadcece62,informatica_acessorios,55,512,1,700.0,30.0,15.0,15.0
57d5fd37a8452e7577b5eeb0186caba5,esporte_lazer,30,1321,1,450.0,18.0,18.0,18.0
fdb7db3bff9c924c80ae39b6cd2e82a7,artigos_casa,60,272,1,10050.0,50.0,30.0,40.0
3123d203ca9657c774597d1d43b63da8,variedades,22,677,2,300.0,23.0,10.0,17.0
6afab9e71cf3c11c8baa174027ef4312,fashion_bolsas_e_acessorios,39,609,4,100.0,16.0,5.0,11.0
3489d3fae282f7944399bc697554a1e5,perfumaria,38,590,1,450.0,18.0,5.0,11.0
e4bc98f06b9893b763bb17a152219b87,artigos_casa,58,150,1,1400.0,40.0,10.0,35.0
c9c455f9fd8ca66d3ff7f90a249753b4,esporte_lazer,63,1599,5,500.0,25.0,14.0,22.0
671daae289ba175770580ddd6240ef76,ferramentas_jardim,53,845,6,250.0,16.0,7.0,11.0
3a7d90845985f39048815a6939c56be4,alimentos_bebidas,50,3065,9,273.0,21.0,16.0,15.0
2313473f41d436067b860c4b890924dd,moveis_decoracao,59,1441,6,750.0,35.0,2.0,25.0
8e5df2342ebb6cbf946991fd829a2c37,utilidades_domesticas,36,241,3,282.0,22.0,13.0,15.0
425db55cb3b0f5b18a2d9964da31c3c0,papelaria,58,850,2,450.0,25.0,15.0,25.0
ea52b0eb372ab5874186bd7da72c2db4,casa_construcao,56,707,1,12750.0,28.0,75.0,28.0
d5889e40a08a57aff04de227408ed197,moveis_decoracao,46,696,2,1100.0,30.0,6.0,32.0
fa9adbf599801a9b1f081da9bf514fb1,instrumentos_musicais,58,1202,2,15150.0,45.0,20.0,100.0
4535b0e1091c278dfd193e5a1d63b39f,livros_tecnicos,52,1192,1,850.0,29.0,3.0,21.0
4fb209073dc2ab6a6d3c259a7c285501,moveis_decoracao,56,623,1,7250.0,100.0,25.0,25.0
1a657b37e6e9a1ad8dfc98c1820a3fef,pet_shop,44,316,2,700.0,20.0,20.0,20.0
c6d0daec0037d0ac4ee036ddff197b35,variedades,56,645,2,1800.0,34.0,4.0,34.0
09c7dc149e2a06a6fe9f873343f240e1,ferramentas_construcao,50,677,1,50.0,29.0,9.0,21.0
1027d3061ac141bbb2ea003c63dc3d66,automotivo,51,883,6,5950.0,53.0,43.0,11.0
ce066f4a83649651549d717c9b566816,esporte_lazer,49,831,1,2300.0,20.0,20.0,20.0
72461dcd49c85b6c618dcf915d7aa0c9,esporte_lazer,45,1344,1,1450.0,36.0,25.0,25.0
4d07b8f45de0eab0f3a44af37386764c,beleza_saude,47,644,1,350.0,20.0,10.0,15.0
cc28101310964f961bf1086fa0ffc922,brinquedos,46,636,2,300.0,18.0,18.0,18.0
e06506f28cebdffaab496680a2ed3a3e,utilidades_domesticas,38,489,6,368.0,20.0,12.0,13.0
d4b5a373a1760ab3e5b3abfbf78d654c,informatica_acessorios,49,430,1,1403.0,16.0,40.0,16.0
ec43cd2a8e402d3a2f01f4404e717a37,automotivo,60,695,6,3850.0,47.0,19.0,23.0
986551a629c57419d4d2b74cdefc34dd,variedades,,,,16050.0,33.0,30.0,44.0
f3663060e64c25fba789fe033263da67,consoles_games,35,100,3,410.0,20.0,10.0,18.0
8c22b9ad6943f7dfc87fde6fb92ab133,moveis_escritorio,55,1294,1,7900.0,52.0,51.0,17.0
8b50377e6ef3606c6e606ca0289d5f34,telefonia,32,184,2,200.0,25.0,17.0,25.0
febd6c8a7d546c876948428261e500e0,esporte_lazer,44,974,1,300.0,33.0,21.0,27.0
e936308f97d9eea5a750bea27dcfc6ec,moveis_decoracao,25,410,3,300.0,50.0,25.0,16.0
19652da3a9b3cf78255f933ad658ed72,utilidades_domesticas,57,904,2,400.0,22.0,7.0,15.0
95ed9ac528aa2547407e6dff356c12ba,artigos_casa,48,729,1,1500.0,20.0,30.0,30.0
dc387d493524242e32ec63d1073e98f7,telefonia,57,164,2,100.0,20.0,5.0,12.0
0e996644bf2835621ca00f6f86c4c521,automotivo,57,280,2,100.0,16.0,5.0,11.0
0193fc18d9a6e9b9b0b3a41768fefa12,bebes,59,381,6,500.0,39.0,6.0,27.0
a9f3dae2526ca165178dfde0798b9b9c,informatica_acessorios,48,321,1,800.0,35.0,20.0,20.0
a05cb51baea18a96afc106768b3f5e6e,automotivo,60,1639,2,700.0,35.0,15.0,20.0
9efcd67b3172c3165895c68c92b7df98,esporte_lazer,60,250,2,2100.0,60.0,15.0,15.0
777ce6cfb2608acfd20cd07f80094e72,telefonia,31,1071,1,1100.0,22.0,10.0,20.0
b61a33788606a4ce2fda0452722283d1,fashion_bolsas_e_acessorios,60,1675,7,150.0,17.0,5.0,18.0
a019a033dc14cb9c338e4adf48706932,automotivo,49,1064,4,300.0,16.0,4.0,16.0
d90b49224b5d6eb131a51e53824934d3,artigos_casa,57,236,1,7000.0,55.0,15.0,42.0
f45fb880d81ab0eb6ffc1f6f3edc3f59,utilidades_domesticas,47,897,1,450.0,20.0,10.0,20.0
a5ae8400fc9fcacd4af585a57bbf264a,pet_shop,57,747,2,1150.0,40.0,20.0,30.0
a29c670cb6c4fb685d04410dbbd6d5b2,instrumentos_musicais,39,750,1,275.0,18.0,4.0,18.0
f9e110c72727fb5733e1a7e6a7a230c5,utilidades_domesticas,38,642,5,625.0,18.0,16.0,16.0
20518c6950587eb5e8f02dad2fa0d685,market_place,63,1652,3,200.0,22.0,4.0,15.0
96ce363b8a694e8e298a9687a2f7cc02,telefonia,55,90,1,350.0,20.0,20.0,13.0
aba85c958ea6774626886041ac01acf1,variedades,,,,200.0,16.0,2.0,11.0
8b2324a023b9cc0dce6e05c530b5f2b4,brinquedos,46,140,1,500.0,25.0,30.0,15.0
d3eefa9daaea7502738b8e7f04142165,perfumaria,48,241,1,600.0,25.0,10.0,18.0
d69408a3490a22fb1da73f2a6232b8db,bebes,25,198,1,300.0,30.0,30.0,12.0
afdb767518be8262cd10a02f08c15a9a,moveis_decoracao,42,3158,2,700.0,41.0,23.0,25.0
f4621f8ad6f54a2e3c408884068be46d,esporte_lazer,27,485,2,600.0,35.0,15.0,28.0
218de70a5a63ca13ad448aa4706d8ce1,fashion_calcados,46,182,1,500.0,33.0,19.0,16.0
dceb3f67aef3484498a7caa4ba50f484,ferramentas_jardim,49,551,3,8800.0,100.0,7.0,35.0
5b685cb0e36ab67e60afdaf2d784e2ed,ferramentas_jardim,60,573,1,250.0,16.0,7.0,16.0
fc6ba6bf4b28fdad575e27b56cafe176,artigos_casa,39,729,1,1150.0,20.0,30.0,30.0
57a40ebc5f8a0fdaa5e195b39bbeb2d5,esporte_lazer,40,1041,1,240.0,16.0,2.0,11.0
e5e8d1321d9ce88718c1ab0c7308931b,relogios_presentes,37,513,1,300.0,19.0,9.0,15.0
38d3d8beb882d46c0ecbd12cf224753f,utilidades_domesticas,57,851,5,1000.0,45.0,16.0,16.0
067e1aaf685cc3da73e97a0abf22561c,brinquedos,50,854,1,200.0,16.0,17.0,11.0
7cf06eb02a976fb3570fe67d117d75d8,beleza_saude,54,424,1,30000.0,55.0,75.0,61.0
4d58a1ff101eae5005f818b97740335e,fashion_calcados,54,404,3,950.0,22.0,12.0,33.0
f9f260f8a0d16df18bcc7248495d779c,moveis_decoracao,54,530,3,400.0,50.0,3.0,25.0
4ce9ab528124f89e091b17d11aa2e97c,informatica_acessorios,54,222,3,500.0,36.0,5.0,15.0
0b5b70d1e74c4539deb5a21edb179d9f,bebes,45,309,4,2000.0,33.0,44.0,19.0
90016d83b9e19d66e40e2c65ae5b31e2,eletrodomesticos,57,529,1,250.0,27.0,12.0,17.0
a84d0660dbffebf352aefbf1a6b18d00,relogios_presentes,60,179,3,250.0,16.0,2.0,20.0
ea9394ab60edfa4cca87947a938e8046,utilidades_domesticas,54,997,1,2010.0,32.0,75.0,32.0
9a2659459e90b81f2894abe1c615597e,perfumaria,53,258,1,200.0,30.0,30.0,30.0
9453bde60c4ee52155c963641736cfc5,beleza_saude,44,1056,1,750.0,30.0,30.0,30.0
451f60a1af05c5bef8d9e93fe847f6bc,utilidades_domesticas,39,687,1,525.0,29.0,17.0,19.0
f5131289ca7eab9700015f6e8bfa8e41,utilidades_domesticas,47,1848,3,500.0,25.0,6.0,20.0
dc2545fc32f14631d0b524afc25595ac,esporte_lazer,31,598,1,300.0,18.0,18.0,18.0
65e6eb6259c9963d133eae35ca1ee2cd,eletronicos,56,246,1,350.0,20.0,11.0,11.0
c71b272a9d3fdc479b5684a3d48fd8a6,automotivo,57,3284,2,7450.0,40.0,30.0,30.0
e649a85841d392b8d1f6b31233baff82,brinquedos,58,1633,5,1200.0,30.0,7.0,30.0
82d7b276f49e72ffce78d10b20518808,livros_importados,53,80,1,250.0,32.0,3.0,24.0
76ddffabf65608c9e0cfce92e390a193,fashion_bolsas_e_acessorios,16,115,1,200.0,16.0,3.0,15.0
fa93c0bb0bce886ddae9cb218afb8033,beleza_saude,49,1038,1,3700.0,21.0,16.0,31.0
938f95c14baec1a1fd57ce55ab5a8af5,moveis_decoracao,58,1141,4,1400.0,28.0,21.0,23.0
de170bfa7e0f492c75a0f270fc44f629,climatizacao,60,1502,2,9100.0,59.0,17.0,37.0
fb3b0e9c8d99008c78174e748b84091e,automotivo,47,398,1,900.0,16.0,6.0,20.0
6f6d0c21d57a3bac0a6dc84cae4c0bcb,brinquedos,60,3316,1,450.0,25.0,20.0,20.0
d7718dae97c4e5cbbfbfc528873b43db,relogios_presentes,57,553,1,400.0,16.0,12.0,16.0
509fefd029493821b4be744a1b333694,relogios_presentes,53,527,1,350.0,19.0,13.0,13.0
74ab21b84ab4ccc188721da75b439526,market_place,54,394,2,30000.0,37.0,52.0,56.0
a9008cd162e8e98ef1a087a797df2fd9,utilidades_domesticas,60,2395,1,2025.0,30.0,24.0,24.0
04601b648d7d2dcae6e285a41e276a3f,brinquedos,57,328,1,1775.0,31.0,21.0,21.0
2271f1b02a9f6a019017bc05f7a8b8ef,informatica_acessorios,40,394,1,200.0,21.0,5.0,20.0
818c2f4d29b94c0600bbc109c6fa0efd,automotivo,44,434,1,100.0,25.0,2.0,13.0
8e34d37d0547fe71f31302e48464eb73,utilidades_domesticas,53,904,1,2000.0,30.0,40.0,30.0
eafd9a0449e971ceb703ad2275e0fcba,livros_interesse_geral,42,730,1,350.0,21.0,22.0,15.0
f1b094f93ebed1272928238b76d8933b,fashion_calcados,57,404,4,800.0,22.0,12.0,33.0
0b01d053a0d36c3f3ea27d74f5e5702c,moveis_decoracao,42,613,1,1100.0,35.0,4.0,26.0
b44076f8988fe82b676a754e798ab0f9,papelaria,50,189,2,1500.0,60.0,20.0,29.0
39ec33e08b0f9ffb9767b819f8588361,esporte_lazer,51,830,1,1600.0,26.0,26.0,26.0
78faa2bfe133a88e37566b739a19ced7,papelaria,59,329,3,150.0,20.0,20.0,20.0
0b3a130c2e54aecf33e3e1955fbeeb00,beleza_saude,54,635,1,650.0,18.0,12.0,12.0
81e7937893af4703d4d14ca3e3765b59,bebes,50,1223,1,500.0,30.0,6.0,23.0
466d263ce8b7bd275003ee2104428127,telefonia,59,266,2,150.0,18.0,4.0,16.0
93d23871be3281f1b1ee4962ecfd791b,variedades,57,1003,4,500.0,30.0,20.0,40.0
ccadfeab525a9eb1569983b66e5075c4,fashion_bolsas_e_acessorios,35,920,7,100.0,20.0,2.0,25.0
ce206508ba2f59e6c84d2c85ea6c8af6,moveis_decoracao,54,357,1,400.0,30.0,10.0,30.0
ec1faa2edc27ce32372fee59d1f9e969,perfumaria,57,571,1,200.0,17.0,10.0,12.0
c155f6ba0dae0f11299f1e33fafdea65,esporte_lazer,58,1678,1,5800.0,36.0,31.0,31.0
c42caa5da059e67badc89b89ac1dde34,esporte_lazer,59,708,2,200.0,16.0,5.0,11.0
83dc3ac4a306a4d891b211d29ed774db,utilidades_domesticas,50,435,4,1000.0,30.0,15.0,20.0
b76364870c38ddd7dcc9dd9ab5abeeb4,eletronicos,60,569,2,1200.0,25.0,20.0,20.0
5838a44de26ad6bec79e134324dca7b6,papelaria,59,185,4,400.0,24.0,7.0,14.0
2b404a26ab8bb829250810315a2af34f,automotivo,52,1290,3,3200.0,42.0,19.0,25.0
45823c2a94ab8eb5c273ab64bcb05e01,pet_shop,18,1501,2,850.0,24.0,20.0,24.0
e320966c24d4de5668a3de9f455ec156,livros_interesse_geral,38,712,1,200.0,16.0,22.0,27.0
5215eef690e61a0c178ed552e6e2d06a,moveis_decoracao,53,553,1,1200.0,35.0,9.0,25.0
04120fb9b3f90600e5ae1f2a2cde53e3,relogios_presentes,50,704,1,500.0,23.0,13.0,16.0
f32ccb00285b3be848ab904c4c0d1980,utilidades_domesticas,58,1377,3,10250.0,27.0,57.0,36.0
f343690217692891e7a092d5c1e5eef7,beleza_saude,60,344,2,250.0,16.0,16.0,11.0
9a0620ddaf3055b7e588e936e036a529,artigos_casa,60,271,1,1600.0,34.0,7.0,32.0
db32d8826a7126c0c59d511a62de9a8c,beleza_saude,43,1690,1,200.0,17.0,17.0,17.0
6f94d1ea7222b24539f27b23dc84c64d,livros_interesse_geral,49,516,1,600.0,17.0,5.0,28.0
462b89aad33e9b762cff8fd20db1fdcb,informatica_acessorios,43,148,1,975.0,36.0,16.0,16.0
52b1c0366d4346d02fe4ca6e7c88e32e,esporte_lazer,50,1132,1,1000.0,21.0,26.0,21.0
c22ae79dc52790933cd1b5e129b893ee,brinquedos,43,538,2,850.0,35.0,10.0,40.0
457d976782cfef787ee35098bc9e4624,esporte_lazer,50,482,1,140.0,18.0,5.0,13.0
afa84cb6eed9017e3477fbc1a38e7a9a,esporte_lazer,34,1584,1,300.0,17.0,9.0,26.0
c6e4094f85503e051a1ae5e213d5d1ba,seguranca,57,594,2,300.0,20.0,20.0,20.0
0bbfbce1edd4c12c0a15b6b5dfba409f,artigos_casa,46,117,1,300.0,40.0,4.0,30.0
4af41a3530a95522cbfcff5ad13522eb,moveis_decoracao,53,927,4,750.0,22.0,2.0,30.0
84c7330da95da86fa555e15070a8b1d3,ferramentas_jardim,37,128,1,700.0,16.0,24.0,31.0
72b1dd0754a71db3f7b7dd8f776cd84a,perfumaria,48,2724,1,250.0,24.0,12.0,11.0
1ca99da10c4b800de39096631ed2e773,esporte_lazer,48,1129,4,800.0,17.0,105.0,12.0
67d81560abfd28c61d461cae585f0fe2,eletronicos,31,303,3,1575.0,27.0,13.0,27.0
658189cd5485002bcbcf43081e91581d,artigos_casa,48,729,1,1300.0,20.0,30.0,30.0
65f7d28684bc62da5693c88fbda94ef9,beleza_saude,49,570,1,700.0,16.0,10.0,20.0
e7ca7e339dceadbc564c89d4eb24c91c,perfumaria,35,954,2,350.0,27.0,14.0,11.0
9936c3716215696c695cfc6e181b64f4,livros_interesse_geral,27,769,1,500.0,16.0,6.0,23.0
7755106d0e62f58f17df7f06db8751da,esporte_lazer,39,1659,1,5150.0,20.0,16.0,16.0
f517e42dd0e3a8d6797dbd1010416447,artigos_casa,39,471,1,9850.0,60.0,30.0,48.0
9e3cd8c8eaad7f37cfcb439d309ec905,pet_shop,60,2379,4,12050.0,60.0,30.0,40.0
1f08ab38da3a77a8e0bd17e63df35827,variedades,57,342,4,350.0,20.0,5.0,20.0
d455f7ee2636294c52a691b98c06247f,artigos_casa,49,190,1,350.0,35.0,4.0,26.0
6e4abd8bd0f6bb6b4eadd011199af836,pet_shop,42,561,8,4000.0,35.0,30.0,20.0
3cc7ec95300ba6432c64f0b12673bae6,bebes,49,317,1,250.0,20.0,20.0,20.0
d99a9035db5875b38e59f9f55b9548f1,moveis_decoracao,63,157,3,10100.0,64.0,8.0,64.0
20531b0644a0719b8d506c4db3c56609,utilidades_domesticas,55,375,3,10050.0,31.0,61.0,31.0
853ece231e7141c4e815d687c68c6b7d,esporte_lazer,53,291,1,3800.0,37.0,44.0,34.0
f40136f242faf929007cdb238c302208,eletronicos,40,400,1,150.0,25.0,7.0,16.0
cdb2152dbfd2aba4877dec3532c819e7,audiovisual,20,446,1,300.0,20.0,12.0,16.0
8cb9da14221c0256f8f965c7c07cdcf6,beleza_saude,53,1940,2,1100.0,42.0,10.0,20.0
cde3bb853ac754da1e3ab62b7c2593a9,eletronicos,57,1356,2,225.0,21.0,11.0,16.0
310806337e8a62be35203aa25d302b08,bebes,53,2411,2,30000.0,55.0,67.0,46.0
e59630cdf7c240d11dd424c08aadbc42,livros_tecnicos,59,453,1,1800.0,29.0,5.0,21.0
57f68d17b05e574df89591b08dab6f6a,artigos_casa,51,266,1,2300.0,52.0,16.0,44.0
c653e7a97b25d05bbe5df45bd142ed5f,climatizacao,48,225,1,250.0,35.0,20.0,25.0
b58f6c70ab1d4e67e904c4003f1d5a5e,artigos_casa,55,196,3,650.0,37.0,23.0,35.0
50b812e0fc60a37b284e9bbbfc7e8fac,seguranca,49,346,2,1657.0,39.0,9.0,33.0
b375da7781299a4e3ad98187c0bf4044,automotivo,51,388,1,27100.0,50.0,50.0,50.0
35bc6c77029697004675d3a2ce505916,informatica_acessorios,36,327,1,610.0,27.0,12.0,20.0
85beb2646748eba31447d10a653938b2,artigos_casa,57,367,2,3350.0,25.0,10.0,25.0
d2b458a8b37065aa6e61e0ca41602563,esporte_lazer,28,828,1,500.0,25.0,25.0,25.0
d99009773ba4802173e603cf715ff382,beleza_saude,55,1580,1,3217.0,27.0,21.0,27.0
e6511545563a2c1c2c48f9e2b150b650,utilidades_domesticas,52,285,1,850.0,35.0,15.0,25.0
5c6a3e484e7aebf406c2045718dea406,beleza_saude,49,451,3,1150.0,42.0,11.0,12.0
b0835e7780b8ccb0ee25440576992a23,telefonia,19,382,10,100.0,19.0,3.0,11.0
d104587c550fe86cd47e55d8f1b3ca72,utilidades_domesticas,52,338,3,16500.0,60.0,45.0,40.0
2960abe1e5e92f82f98f3358b7fc9a2e,alimentos_bebidas,30,890,1,350.0,20.0,8.0,16.0
eb7b82602a7931947d3a2708d9b88bb3,esporte_lazer,59,439,2,500.0,25.0,10.0,20.0
1bfe62f326ac7bec0f5a83c10cfff228,brinquedos,47,74,2,5700.0,39.0,30.0,29.0
71fa3ded050dac9c89b71383bbe4df76,fashion_calcados,40,303,12,400.0,29.0,7.0,16.0
a126c7c571620711d095a4e8690a7240,brinquedos,60,798,1,510.0,25.0,15.0,25.0
afa3a51dec198b1d14a0c19849dab3a8,esporte_lazer,58,245,4,400.0,16.0,6.0,20.0
ef294607deabb11f3a073420257ab579,utilidades_domesticas,49,403,1,8900.0,19.0,48.0,27.0
e48406fb377b0bf86170bc8cf1631ee6,ferramentas_construcao,50,133,1,100.0,26.0,3.0,22.0
21a2d8537730ec21c03750360cc15f68,artigos_casa,48,352,2,400.0,50.0,11.0,11.0
296160f1474264a2f1d7e738b999b93c,telefonia,50,2880,1,600.0,21.0,11.0,13.0
d6c69817b519edddbf1b289631b7160e,perfumaria,38,1813,3,4800.0,27.0,20.0,35.0
5296c5bfef0fca38d0572263011f6e35,bebes,55,521,1,343.0,14.0,12.0,16.0
913803e9e4b81c3fed4841cbbfdc59fd,esporte_lazer,54,379,1,3650.0,14.0,16.0,12.0
f5b91c093029354e949006768a87b807,automotivo,58,351,1,600.0,30.0,30.0,30.0
2b210308bc3d8dee92cb9d62f7b4bbfb,ferramentas_jardim,58,549,2,300.0,20.0,15.0,15.0
028b0b0277744a9eaa2c4f57c24dcb68,moveis_decoracao,39,677,1,13150.0,35.0,45.0,35.0
0152f69b6cf919bcdaf117aa8c43e5a2,artigos_casa,40,116,1,250.0,40.0,4.0,30.0
b16181c428284d2f1acc73b443bd5f9c,bebes,50,208,4,200.0,16.0,14.0,11.0
9f8429b91bcd34baae1d1fd12505abfb,esporte_lazer,23,3132,1,125.0,19.0,14.0,15.0
f8763c8e0ef828c6d393b091888f9eb8,artigos_casa,55,133,2,20325.0,63.0,40.0,55.0
5a47c5b5c3866f29177d497727f22f38,esporte_lazer,59,3723,1,1350.0,16.0,16.0,16.0
49dde78184b81926a3e31f6d7083ada4,ferramentas_construcao,58,1564,1,931.0,24.0,19.0,23.0
be5679ce5a2343c40455223d7bef6dfb,fashion_bolsas_e_acessorios,24,540,5,300.0,16.0,14.0,11.0
38fbdbd0a9be4733e29cd1afe360e23b,automotivo,41,603,1,500.0,26.0,3.0,16.0
c8a4d1c7f7dabe4f34b6c530cd95ba73,esporte_lazer,47,2470,3,4200.0,30.0,30.0,30.0
d1023459eada86bf4bb6804656cc4643,instrumentos_musicais,56,1706,1,9850.0,30.0,15.0,100.0
165b395c969ae612f3d4009d829ffd94,moveis_decoracao,57,2042,2,3000.0,69.0,11.0,11.0
b7e0771f4064f03ece592bce8ae2564e,moveis_decoracao,56,905,1,3800.0,23.0,37.0,36.0
8e8be416148735cd89189a866eaa5925,automotivo,58,719,6,3550.0,53.0,43.0,11.0
dea837d4f3f30b541725d258c15e4ff1,esporte_lazer,43,722,1,475.0,23.0,23.0,21.0
6ea7a562f5a6249001ce232582060265,beleza_saude,51,1672,1,200.0,23.0,24.0,20.0
e966b10d5690d77bfc03cef8f9a26d57,pet_shop,49,712,1,150.0,18.0,18.0,15.0
0a71a1f1eefa516fe0d1121e9ad00f75,brinquedos,42,288,3,382.0,37.0,7.0,26.0
931bb2a750c49badcd543774fd227364,relogios_presentes,55,592,2,275.0,19.0,13.0,13.0
2ce9e5390d425b70acd6b9b016c9ac13,papelaria,33,197,2,225.0,23.0,7.0,15.0
b1ce6dc4824ff3e89a7a10426462158b,beleza_saude,30,386,1,50.0,20.0,10.0,15.0
fcaab5d7f656094e49fbe4ee3a506658,papelaria,60,234,4,7650.0,28.0,55.0,37.0
90df8aac53ea5a44fce74e1ef7ca2259,beleza_saude,59,1004,1,150.0,20.0,10.0,20.0
2b80e83f77008f81ae402882631eba97,papelaria,53,221,3,350.0,24.0,7.0,14.0
6c6232ca1543c84f2dcf3f4cd2ca32d3,moveis_decoracao,58,1977,4,3350.0,69.0,11.0,11.0
efe572a7ee9cf0317bbcd4ec8b98a088,ferramentas_jardim,46,488,5,825.0,33.0,26.0,21.0
9a4b403e612ff2c3b4867b318bb65d56,esporte_lazer,56,915,5,700.0,16.0,26.0,11.0
f54c9c33102c5745b6abafb44465918d,moveis_sala,24,95,2,19250.0,33.0,28.0,16.0
c3e39e3603cf827114f46ca972681473,moveis_quarto,37,985,5,20450.0,45.0,60.0,40.0
8b5551fceac21ae3ba546f410bb642d0,artigos_casa,59,396,1,14000.0,45.0,15.0,35.0
bfebe3af6798e21f14c80263db86b7a0,perfumaria,59,489,1,494.0,20.0,17.0,17.0
857be5cab7b9c69b973ce723ca69c9f7,eletronicos,59,1091,1,475.0,28.0,16.0,16.0
26ef5c7fd62e0e6334083bb274a003ba,automotivo,58,331,3,400.0,25.0,10.0,20.0
72c4031dab551c0441689706d58957a1,fashion_calcados,50,375,6,200.0,29.0,7.0,16.0
0b3f6a2323c814e1b19fd44838c160ef,artigos_casa,52,642,1,550.0,16.0,10.0,16.0
6a595ba787e397469b1a147508f361a9,automotivo,57,1553,3,500.0,16.0,21.0,18.0
a0d6306a9ed921a7d9aa1feed0550c82,artigos_casa,55,468,1,3600.0,40.0,15.0,35.0
990246075b83e422c5b4b9005578a8dd,variedades,46,602,2,450.0,16.0,12.0,22.0
f14d112d3db74fc2977850a25cab3d5d,beleza_saude,59,642,2,150.0,20.0,10.0,20.0
416fad0f58722ac772e8ac9b3e33a0ca,esporte_lazer,54,500,1,200.0,16.0,3.0,11.0
338925450cde31710e3fd65b8bac0b1f,beleza_saude,50,415,1,29050.0,55.0,75.0,61.0
03ff4bf1cbb9b00aca270dac77757582,casa_construcao,57,159,5,250.0,16.0,4.0,14.0
e8f48f7c1f715c4178d57c50dc622da7,papelaria,32,527,1,550.0,16.0,4.0,11.0
0aa03bab4d36e4ee21cf9024a65f65e2,beleza_saude,54,2910,1,300.0,18.0,9.0,12.0
0285a1295a18a4d37c11fa446d4c1345,audiovisual,56,1139,1,200.0,20.0,2.0,14.0
a184d57c818939252af3b5400f55429a,variedades,,,,450.0,30.0,20.0,20.0
4b654148e98cf7413afd4b26ab643233,artigos_casa,56,123,2,550.0,70.0,8.0,30.0
e0061301a67d7a14f5f4871da66589a4,informatica_acessorios,55,2598,1,3800.0,50.0,22.0,30.0
c7796bc610cc40ed7935b75fced0aa0e,artigos_casa,36,744,1,6050.0,60.0,40.0,15.0
cb1c66d42de1ca828b60cf0514bfba5d,beleza_saude,53,1713,1,1100.0,21.0,11.0,17.0
8317b177579dd27ff068b83205e2169b,variedades,43,465,1,400.0,18.0,12.0,14.0
1b9eb27d35b89e35c8b32fa9902cdba9,perfumaria,57,430,1,460.0,19.0,13.0,17.0
dc6d974a3b29ff63697e0926f8c76c51,alimentos_bebidas,50,234,1,700.0,16.0,13.0,12.0
4b90d2bd65c83d4ad8a370c2cd3f277c,artes_e_artesanato,46,295,1,1200.0,41.0,3.0,33.0
fcbb2b8c6eb8c27d15790d9834b253b4,bebes,55,1988,2,350.0,69.0,11.0,11.0
66cde8f3b9280f5afd94cadfa029ea8f,esporte_lazer,51,1282,3,1850.0,32.0,25.0,37.0
c53a665fc8ea6c807c7558cc28fcdd26,automotivo,55,897,3,350.0,33.0,12.0,20.0
bd421826916d3e1d445cb860cea3c0fb,variedades,,,,250.0,16.0,4.0,11.0
cac9e5692471a0700418aa3400b9b2b1,bebes,57,2440,1,375.0,29.0,14.0,20.0
6fa8b8abbb489a0abba6ad7b79c7ecd9,livros_tecnicos,38,292,1,700.0,23.0,2.0,16.0
b694e2087c446e6905b08cd9360cfe45,artigos_casa,49,512,1,5925.0,51.0,16.0,36.0
bd9729be9e09e2334d76a6648475d328,livros_interesse_geral,32,443,1,280.0,28.0,12.0,21.0
3291a5461db3d7b6446dbd046f6cf055,artigos_casa,51,329,1,600.0,16.0,10.0,16.0
bf99dbe84781cda5b1fc4f926d10dc1b,moveis_decoracao,63,841,5,100.0,26.0,9.0,36.0
4a8a91cb75042e2b6496f1a6d2d1cdd6,beleza_saude,59,2021,1,3900.0,30.0,30.0,16.0
127de0ebca0eb694783d75d96fbf7109,automotivo,59,1255,3,800.0,16.0,6.0,15.0
d1aa53582c132a7a0ba01cc331ab573f,relogios_presentes,44,755,3,925.0,24.0,12.0,22.0
2829a5eb8a0ac813672891b4c91f7c65,perfumaria,37,379,1,550.0,20.0,20.0,20.0
44ae8d3edf5612ff7a39d629d5bbb8ae,variedades,,,,4850.0,45.0,10.0,45.0
de000da759e4738d00a6fae5ecddee66,perfumaria,59,515,2,483.0,19.0,17.0,15.0
79113284d1b6ec3aca1382432d65b279,variedades,40,232,1,150.0,16.0,20.0,16.0
b0844a8d883adfd964cc47334177f89a,esporte_lazer,33,645,1,700.0,28.0,25.0,25.0
3e6de3159fd57b7d7e62c584a3c9fc70,eletrodomesticos,56,686,7,350.0,26.0,20.0,19.0
9e93b2c4cb5eea05e75a481c129b104d,automotivo,42,291,2,300.0,16.0,3.0,11.0
4508bced363e65d5a3e0339f625b8df5,moveis_decoracao,63,527,11,5550.0,41.0,26.0,31.0
d2d1caac0d3750a742d8e14b6821007f,fashion_bolsas_e_acessorios,26,106,1,50.0,16.0,6.0,11.0
36eed9a4d7d8e8ef649fa2371ec6eacf,utilidades_domesticas,52,709,2,1700.0,35.0,10.0,35.0
40f35a63d2a946e8d83ec217253dea23,esporte_lazer,49,752,1,350.0,20.0,7.0,14.0
c8894c0b162237058026ee80fe6a6f56,moveis_decoracao,55,802,4,400.0,50.0,3.0,25.0
a641c89dc8c19516ec7706a3c09c9424,fashion_bolsas_e_acessorios,52,464,3,500.0,16.0,16.0,16.0
6e741443e7a0707cb99e552dc844439a,automotivo,56,492,1,2600.0,28.0,10.0,14.0
c0dab8b641584c5a4b8d600b5cc7b6fb,moveis_decoracao,53,184,1,1650.0,40.0,8.0,40.0
2a71535169f1f7a56b266e6877bb8cf9,telefonia,22,285,3,100.0,19.0,3.0,11.0
a28d469a29d93b4ec13ce26150184e34,consoles_games,18,783,1,150.0,18.0,19.0,16.0
bf3feeeefed5b3e4b5fed721408deac2,artigos_casa,56,377,1,1500.0,53.0,18.0,36.0
e456721fdab66b576664c035ad183965,fashion_bolsas_e_acessorios,31,125,4,150.0,16.0,9.0,11.0
2229873650d2f1ad2306b8230a59730f,papelaria,42,106,1,300.0,21.0,7.0,15.0
734be9836ed8115f981a072369c2516c,artigos_casa,51,242,1,2700.0,37.0,23.0,35.0
091e1ab4eb3b6b2eab091cfd2cd002f2,industria_comercio_e_negocios,58,498,4,24950.0,104.0,25.0,35.0
f492c6bfb46eefde7d16bb68a042cc26,moveis_decoracao,60,941,3,136.0,18.0,9.0,14.0
b7d4874bd1f4dcf0d73abaaee0bff5f6,artigos_casa,53,249,1,350.0,25.0,2.0,30.0
0dcb1adbafdcc389972874b01fa249b8,esporte_lazer,39,411,3,350.0,23.0,23.0,23.0
9749139e09929de55d37e68e64b89706,beleza_saude,53,994,1,650.0,16.0,7.0,13.0
c616bd7e2474cc223adbbb959076439d,bebes,49,152,1,3550.0,40.0,10.0,40.0
7d3677c27db94bb3e1edc5d8cb313145,esporte_lazer,40,659,1,500.0,20.0,7.0,14.0
80a354492ba20a7ef994a4cad98e807d,artigos_casa,50,359,2,350.0,45.0,6.0,30.0
9363a83d169b6f7d34b0e9d5c629cd9b,automotivo,21,168,3,1546.0,23.0,7.0,24.0
07bec813a5d182362436950e43ae1a8f,esporte_lazer,50,529,2,150.0,20.0,4.0,12.0
6116878328502f42bbb8076639799b82,variedades,55,310,1,813.0,24.0,18.0,39.0
9a9f428eef4cf4c588633509b9fd1c5a,automotivo,49,640,1,1050.0,14.0,3.0,9.0
d2ded4a70d299e058fdd3ff6b8fc19f4,beleza_saude,46,974,1,250.0,23.0,17.0,21.0
5292d2a10d727811b78d5b7dfb6c96b3,ferramentas_construcao,52,669,3,550.0,30.0,30.0,18.0
1994792a258088f40af8b4f4bd60d6cf,beleza_saude,59,275,4,200.0,16.0,15.0,15.0
afc5c69b96f8f284a0eb2784e9f963b9,automotivo,47,460,2,514.0,24.0,14.0,20.0
c21390fcf82d68f3a008468547cc3e66,beleza_saude,41,232,2,100.0,16.0,16.0,11.0
88f608e85fd33226d6fa5e15d9748d92,eletronicos,59,1302,3,500.0,16.0,8.0,11.0
39b146e69c32ffe0a469e95a71585843,ferramentas_construcao,58,339,1,2400.0,22.0,8.0,22.0
5c7236967f55c233f51e36e5126eaf7c,beleza_saude,48,2625,1,1800.0,20.0,45.0,11.0
4089861a1bd4685da70bddd6b4f974f1,ferramentas_jardim,44,152,1,1500.0,27.0,6.0,23.0
7b975b7dc4f3286d95d68fd499f20cae,relogios_presentes,60,1332,2,600.0,16.0,12.0,11.0
200b6dfc80a2ec5fee97a72da6589698,papelaria,53,227,1,400.0,16.0,29.0,23.0
d7324d4c913e7b424cb61675dafc8c10,esporte_lazer,43,347,1,20900.0,105.0,70.0,25.0
432357855585cf634fc9923523ce5e4a,alimentos_bebidas,54,1887,5,1150.0,16.0,14.0,16.0
848d1cf68443591d7075b6f81449f650,moveis_escritorio,36,2524,1,10650.0,58.0,28.0,58.0
3f26ccc2d547ea9b11e5ef9673fb40dc,telefonia,50,548,2,125.0,18.0,4.0,14.0
0f709fbd9fc86a79d0fadcd6c3d243a5,eletronicos,55,1649,5,800.0,30.0,8.0,20.0
4e2fa5131fc9956bb6a6b9e84b39e798,pet_shop,58,2353,6,2200.0,42.0,22.0,32.0
982399060e81855f21f31f1102cbc1aa,automotivo,55,322,2,400.0,20.0,20.0,20.0
83081dc6244771b9cc1ab17b14fb5f31,brinquedos,50,1521,2,1750.0,42.0,20.0,40.0
b8fefc9c1f951969968e904d08bfa8cd,artigos_casa,55,192,1,800.0,44.0,2.0,36.0
055cf0b2191631209c21bde8d353c7f2,variedades,46,537,4,2600.0,30.0,10.0,20.0
6862b28b66bffc7da9f9c4fffa2b5cdf,telefonia,47,382,11,100.0,16.0,3.0,11.0
c063e7cfa2a5277de17cde1837399dc5,moveis_decoracao,52,1500,3,2600.0,105.0,3.0,70.0
bbe7651fef80287a816ead73f065fc4b,esporte_lazer,32,280,2,2700.0,60.0,15.0,15.0
38f3677364ecf032090b33915b155161,utilidades_domesticas,52,375,2,9950.0,31.0,61.0,31.0
c8c6a88c8537b9fd660544f7b1eeb307,moveis_decoracao,22,380,3,1550.0,35.0,24.0,25.0
4ea09a369cbc64b94ca857087e1d9611,perfumaria,48,657,1,700.0,16.0,2.0,11.0
e475c947d2287b8ea1e6a90dbbae56bb,beleza_saude,58,503,4,300.0,16.0,10.0,16.0
c8e7c2ef329fcda4a233e7e2f8bb8b7d,utilidades_domesticas,58,1245,1,200.0,16.0,12.0,11.0
664a3e65f7a940066cd9881c28c47f57,musica,51,1321,1,200.0,22.0,4.0,16.0
1444bc50e2165224458beb85d5542beb,beleza_saude,38,1503,2,300.0,20.0,5.0,20.0
23b6402aba9febcc840e6798dc8d134e,artigos_casa,57,453,4,3280.0,73.0,16.0,46.0
02fbee632a2044d48ab16d57eec4db58,artigos_casa,53,230,1,1017.0,39.0,15.0,34.0
e24a34c90250672efcd6100a9c367b50,seguranca,59,1808,3,150.0,17.0,7.0,17.0
a43babce83c6c14bb2444d64e7b3a263,artigos_casa,53,873,4,800.0,40.0,10.0,30.0
58df94ef28a89babeedf8fc71592a4c3,musica,45,1271,1,200.0,20.0,2.0,15.0
b303a390ccc441e325d02a34c98ab2ff,esporte_lazer,46,645,4,350.0,16.0,8.0,11.0
69c1a709ba2ac6511ef8553b93074ec1,fashion_bolsas_e_acessorios,45,123,2,300.0,16.0,2.0,11.0
ea9b0b855335919945731f9368f83dc9,la_cuisine,51,232,1,8800.0,55.0,15.0,55.0
7af739a42fe4a870e840f2831daf1ba6,fashion_bolsas_e_acessorios,47,731,1,300.0,16.0,2.0,20.0
51914323cc52a90e910d8e833d468a6d,moveis_decoracao,63,182,4,20300.0,82.0,42.0,33.0
2cfb0bccba59b1f48db1828a7aa5a770,automotivo,58,155,2,50.0,16.0,16.0,12.0
8418c7eadd4164f7b60fa91f6a5c3461,pet_shop,38,137,1,700.0,16.0,16.0,16.0
cd80aa3b11e3a93e2c1911beb2f237a5,fashion_bolsas_e_acessorios,46,314,3,500.0,30.0,15.0,20.0
53a335c80caee2e8b25272563a2f5120,beleza_saude,43,472,1,600.0,16.0,16.0,11.0
5ef9e1c3025c9f6e28f8c3406de6a456,relogios_presentes,55,213,2,350.0,16.0,2.0,11.0
2fd91ba79b5f4f8342b67bd79cb54b3f,brinquedos,58,761,3,450.0,38.0,12.0,20.0
42567bcc01d5c14969a24618af7a5f3d,relogios_presentes,31,528,3,500.0,23.0,15.0,19.0
85d61a3f77ccf65416956689668d4bba,pet_shop,52,113,1,200.0,16.0,20.0,11.0
bae1013381fa74d68d18c89d313f97eb,moveis_decoracao,63,431,4,300.0,20.0,5.0,48.0
ee4c8acefd0dbcae1a83e07c101318f4,artigos_casa,61,511,1,7550.0,45.0,15.0,35.0
db3976dc7cb7fe1be02a47a873ece9a9,casa_construcao,42,1324,1,4350.0,80.0,15.0,30.0
fb4fe6c3f949da5331edd51fa1e1d3e1,automotivo,56,1819,5,600.0,66.0,10.0,11.0
431fd984f18cf930e301e4815be65ca4,ferramentas_construcao,59,339,1,2450.0,22.0,8.0,22.0
2ea6c18e8b58c184e41ce11fd5dddb4c,seguranca,57,524,3,22650.0,85.0,85.0,15.0
9f6621f95877826c7f967b6c4e7979b5,automotivo,58,835,3,100.0,16.0,3.0,11.0
9a89064fd209d1c1661271942a65099f,artigos_casa,55,387,1,2900.0,40.0,20.0,35.0
22d371a03788bba3e56df85011a9e392,eletronicos,28,314,1,200.0,32.0,10.0,25.0
29446ebec998a09982353d9d7628ac58,beleza_saude,60,537,1,650.0,23.0,12.0,18.0
0fb4287d451ca41ec9311a82fd9599a3,artigos_casa,52,276,1,850.0,34.0,23.0,42.0
3d3204ab08bb14fe5114502ad7809384,bebes,22,336,1,900.0,32.0,32.0,15.0
2f1507d615de7f4f0e73e3be811ee6bc,perfumaria,44,1071,2,600.0,18.0,9.0,13.0
cc6e31911e3db7f60e67069522872552,livros_interesse_geral,54,933,2,500.0,30.0,4.0,20.0
ed2fc520be85f46ed17accb235cf3d23,telefonia,47,283,3,150.0,16.0,5.0,11.0
af5606ac1cb97d0519a67bd7d9af79b6,seguranca,37,515,1,750.0,45.0,21.0,23.0
6219295d42e02e53a4c770698fccf630,esporte_lazer,54,276,1,350.0,16.0,12.0,14.0
1c8864370650c542bc1e409e4e42dc36,esporte_lazer,54,890,2,87.0,16.0,5.0,11.0
4aaf2a3c07e710f592c5015ce8dc7547,bebes,49,375,6,200.0,29.0,7.0,16.0
597451e58551660b4c4f0e432c7da39c,beleza_saude,40,628,1,100.0,20.0,20.0,20.0
84f5c4f480ad6c9998d6a6860f1a2e41,alimentos_bebidas,56,963,1,1100.0,16.0,15.0,15.0
703d742887bb9267f89b675608ba7aa0,artigos_casa,35,509,2,950.0,35.0,6.0,45.0
169a5b175b7c1727d5654db38acda924,automotivo,59,367,1,6000.0,25.0,30.0,25.0
1118c2ea35cd20b94fe2a16c483cd1a4,telefonia,54,818,5,300.0,20.0,3.0,20.0
ce235414ec08d34580ffdc4fdb4825b0,esporte_lazer,49,724,1,345.0,18.0,15.0,15.0
7cf805b1d0c5c1c84ae24c34beec0958,utilidades_domesticas,58,1553,5,1050.0,35.0,14.0,17.0
604f77463358e12a3154c65cf2c5d3d5,livros_importados,48,142,1,700.0,29.0,2.0,22.0
67b0220f6933de5efaddb9c8e87389b3,esporte_lazer,24,358,1,120.0,30.0,20.0,20.0
e6a5c36890bb6b3ed8a1dd32a9930b77,eletronicos,57,181,4,18700.0,22.0,20.0,23.0
eac61d05154fde75066aa2e1758ecdb1,artigos_casa,47,741,3,650.0,28.0,8.0,22.0
f25de2089ffdbd1c151d1e971b67a928,beleza_saude,47,1771,1,1250.0,16.0,16.0,16.0
72d92666be363eeed3cb22ad05964887,utilidades_domesticas,41,668,1,4267.0,47.0,23.0,31.0
82316a2d14254d045d98795c50f8d5cc,esporte_lazer,48,238,2,1050.0,60.0,15.0,15.0
078e8db43688ea060cf754e7bd2b92e7,artigos_casa,46,252,1,475.0,65.0,4.0,45.0
033fe931444d66d788d53aca5b7b22d5,variedades,,,,200.0,16.0,19.0,11.0
3eeb9c7bc48cbf70ee22b1b1361bd0c3,moveis_decoracao,45,2359,2,7600.0,50.0,30.0,30.0
d6fe3b4ddecd4a8393c6a1385de3bfb6,moveis_escritorio,46,1157,1,16650.0,63.0,58.0,24.0
5f47bed9e5b0a01f44ce1ae93da98e70,artigos_casa,55,122,1,600.0,20.0,2.0,15.0
a7b883ad302f6f168540e7d46a245450,beleza_saude,42,679,1,350.0,19.0,12.0,19.0
5da377170d1d7db042b094d4129b088c,variedades,,,,450.0,27.0,10.0,16.0
025dcf8f0a969c92d254bc425b380685,automotivo,60,354,2,150.0,16.0,7.0,16.0
d39856361faf8a3ee35f98bf611a637f,informatica_acessorios,48,272,3,200.0,16.0,5.0,15.0
23834e58166d8ba5ccce5463b878683e,automotivo,57,878,1,450.0,20.0,15.0,15.0
d3fe643e9d50205d020e32aaf5eea00d,alimentos_bebidas,58,965,1,1800.0,17.0,17.0,17.0
202a77df8644deb5f8006aea1e013d5d,automotivo,60,719,6,6650.0,53.0,43.0,11.0
b7387e83ca44d99d804ba967c492219d,utilidades_domesticas,53,1510,1,700.0,23.0,23.0,23.0
6e2e6746f4200ebbb71dfaa3c6ba31dc,brinquedos,29,722,1,1850.0,39.0,7.0,29.0
1de471fe5a17abca787683077343de4d,automotivo,46,53,1,4900.0,102.0,33.0,30.0
8695c431b31927efef5343e675f279e7,perfumaria,57,287,1,450.0,23.0,8.0,15.0
bbbfa3b8e4c5b134e919e37e46acbe14,moveis_decoracao,59,661,3,14900.0,40.0,35.0,40.0
5861173d9af66445f070078cfc29a597,beleza_saude,63,1325,3,400.0,20.0,8.0,50.0
e0f97314f0755610ae37a2da08937104,automotivo,53,895,3,350.0,33.0,12.0,20.0
f9458859aae2e130bf04630fac14d225,utilidades_domesticas,55,1765,5,450.0,40.0,15.0,20.0
5526b1ae9ab2688cf600783cece249df,informatica_acessorios,49,385,1,200.0,16.0,16.0,16.0
011bb8a6af5178b33871a83c4f297d32,informatica_acessorios,42,710,1,600.0,36.0,9.0,13.0
ac8af924237ed4591dc8d9b8c6a935f0,perfumaria,41,2282,4,6100.0,30.0,40.0,30.0
e65b39913251ab86cf511c314f8e70f8,moveis_decoracao,32,424,4,1350.0,36.0,14.0,26.0
ba5fb4ab9cd70d201b74b5bad9d4ca00,telefonia,42,347,2,125.0,17.0,6.0,13.0
acb4b5ecf253ffb4b641801c37d33899,moveis_decoracao,58,205,1,800.0,40.0,10.0,34.0
79d2c1de4aaac73cf031b5e1f03a68aa,esporte_lazer,55,1129,1,300.0,18.0,12.0,14.0
35495b55cace6656e50bdc2b82f9d4bb,informatica_acessorios,53,2620,3,5550.0,16.0,10.0,11.0
3e37c91440010c93d96718a9e6a33b8d,esporte_lazer,60,3614,1,50.0,25.0,27.0,23.0
7b453aa3584d61c1268d77ba6fd5956b,utilidades_domesticas,57,616,2,3300.0,50.0,30.0,30.0
e9c1abcc7126360336d8f56d49041a8c,beleza_saude,42,3902,7,500.0,22.0,6.0,16.0
5cfad4d334cce4266bd2a51c2111f98f,telefonia,55,427,1,175.0,18.0,3.0,12.0
89e4362d74afa10ac57f8d67210132a6,fashion_bolsas_e_acessorios,30,219,1,1870.0,27.0,20.0,29.0
3d8ecfb459a62c886e330583bdbb3acd,utilidades_domesticas,58,425,3,1700.0,40.0,3.0,30.0
2be42830d259637be25f3290e0495f5d,bebes,49,1694,2,3300.0,78.0,11.0,55.0
614c372933e8129d83b410afdbbb5305,beleza_saude,39,776,1,1400.0,16.0,19.0,15.0
a3dae37f1227e4037d5e3be3f228bc84,informatica_acessorios,60,522,1,2700.0,38.0,38.0,38.0
6b9d0e95cad6725dcb7bc0c04a382c8f,malas_acessorios,47,218,1,1300.0,47.0,10.0,31.0
2c695dc2939365d813861228bc70abb2,automotivo,54,70,5,50.0,16.0,18.0,14.0
b0c61d992e2adf05e5281a2d7f524a1f,utilidades_domesticas,54,350,4,200.0,20.0,10.0,15.0
98fdc6ec1dba6a058adc43e511493898,eletrodomesticos,56,130,1,300.0,27.0,13.0,17.0
a0eccc912d428eaddf1ef4fe47593ece,moveis_escritorio,36,809,3,30000.0,62.0,55.0,60.0
5d5a4bac98d0066fe4c630ea3bcf5e13,beleza_saude,29,652,1,4200.0,32.0,13.0,26.0
bf1bb2f928a69aae75cb2e23f9516116,fashion_calcados,57,404,4,1400.0,22.0,12.0,33.0
b9aad83bfbc546d2e4e7a7fa8e15bc9c,utilidades_domesticas,44,412,1,9900.0,40.0,20.0,30.0
8484864537e94e2e45582aeb667d0dcc,esporte_lazer,37,222,1,321.0,20.0,12.0,15.0
fd445af3bbca370905733a0bf87b89bd,consoles_games,45,1338,2,600.0,18.0,12.0,18.0
f5b0aa2b1c596d29597ba3226353fce4,esporte_lazer,43,260,2,1000.0,60.0,15.0,15.0
4d2da992b16e85606d87d2de7f47fb0d,informatica_acessorios,44,172,2,200.0,22.0,15.0,12.0
85f493d343229dcd90aaa5fa5a2d39a0,beleza_saude,36,339,1,150.0,19.0,17.0,15.0
9dc618f54fd1da651f99468dcf5191f3,livros_interesse_geral,45,1334,1,579.0,30.0,14.0,31.0
4de0f4caa802cd42528a25232c915283,relogios_presentes,51,648,2,450.0,18.0,12.0,15.0
b92fd399c5f0b0737841b04471a7e677,ferramentas_construcao,57,418,3,200.0,52.0,12.0,12.0
c0350d6ac413eda4641bf92ab687f1b5,fashion_bolsas_e_acessorios,29,132,3,50.0,17.0,4.0,13.0
c6758bd39e90df0a71fb8de73b3a2bf0,moveis_decoracao,55,207,11,900.0,30.0,10.0,25.0
041b5d4393ea83147e2a07e55cd5359c,artigos_casa,40,537,2,3080.0,23.0,37.0,19.0
5ba3ea3659a247e6c9b0a397427a4aa6,livros_tecnicos,60,1338,1,400.0,23.0,3.0,16.0
83343727db272f1b63942c26cbdfd92f,esporte_lazer,52,390,1,1400.0,27.0,12.0,49.0
89e26dce3020ad6cabac5c86120d67fe,beleza_saude,60,1157,4,450.0,20.0,16.0,16.0
ac00a8b91ef562f9c4216e203f1bd093,pet_shop,46,525,5,200.0,16.0,25.0,11.0
fd0c762860528d119344e1377b574fc5,alimentos_bebidas,45,723,1,317.0,16.0,10.0,11.0
ef43ce667e1a98728fd045dce7162c86,fashion_roupa_feminina,29,509,2,700.0,20.0,12.0,20.0
8e5e73a07dbd796af762469b663b4c8a,perfumaria,54,470,2,300.0,18.0,12.0,15.0
ce84a60ee2c2020911c94b091bd14819,relogios_presentes,60,632,1,300.0,16.0,11.0,11.0
70c8514ff2a8f44c4339c9d4e17c21e9,instrumentos_musicais,59,348,4,4000.0,45.0,20.0,100.0
4c8002ad563bfab901da64be8d88f550,malas_acessorios,56,1435,2,850.0,20.0,50.0,40.0
824d0f65de327bae9d13bbc23528c79a,telefonia,51,1311,2,50.0,18.0,6.0,11.0
188372a703d9a84ec0b6a32a0044c7f2,beleza_saude,32,3834,1,150.0,16.0,9.0,11.0
98a4301b1aacd45984603af55b7a1de4,artigos_casa,54,564,1,700.0,16.0,10.0,16.0
bd5110ad5f718f7c3dded1c18b4b135e,artigos_casa,58,402,1,950.0,16.0,10.0,16.0
7a7416293b9692d84c900dda5e63c607,fashion_bolsas_e_acessorios,31,538,7,250.0,16.0,13.0,11.0
3cb6755624f5bfbc4b7ad51361767686,esporte_lazer,54,207,1,750.0,16.0,14.0,14.0
98fa920be965878f7c44da75d4cb6ddc,fashion_bolsas_e_acessorios,54,650,4,550.0,43.0,16.0,27.0
427773a5ce823492c383adfec35dff62,relogios_presentes,52,397,3,250.0,16.0,2.0,11.0
8b9f7fc148edbc07e1ce6dce23984f3d,malas_acessorios,38,1380,1,1087.0,39.0,28.0,33.0
d65fd7eff38689490b9831828dac8866,telefonia,43,416,3,100.0,19.0,3.0,11.0
cf262d646b27e22488de0494b5d08da0,utilidades_domesticas,63,807,13,1900.0,27.0,23.0,35.0
832137af5164ffb89cf407d686aa2d0d,eletrodomesticos,58,2439,1,100.0,16.0,2.0,13.0
62b40d45d531e2cb8b06d7188b627f3d,moveis_decoracao,56,493,3,100.0,16.0,3.0,23.0
884fa3cd42986ba480ea2f8ae4e25ff7,informatica_acessorios,40,354,1,850.0,31.0,11.0,11.0
0a7b493260c6e450be47b7904193f75e,moveis_decoracao,43,1186,1,2600.0,51.0,21.0,34.0
635041fb8431d6de8a42741bab6caa9f,artigos_casa,56,315,2,1500.0,30.0,10.0,25.0
62ec3446da1cd57bfa1e822a521c31bc,beleza_saude,35,728,1,650.0,18.0,8.0,12.0
2207c945af0d585ac31121c9d87e4546,moveis_decoracao,43,1115,2,530.0,69.0,10.0,12.0
be9f0f3907f83c708e1e4a1261967e4b,esporte_lazer,46,694,4,350.0,16.0,30.0,15.0
05a360982be454c7e715c0fec4f67243,artigos_de_festas,48,412,5,100.0,16.0,6.0,11.0
19f1647ffc7e4a8ea74bf2dc45ac8e44,moveis_decoracao,29,707,1,1700.0,19.0,7.0,16.0
2229e1a49998dfdfb513683e0e378ae8,utilidades_domesticas,50,1190,3,1000.0,26.0,20.0,24.0
0cd1da0c6c22680f93adb165c0a56e36,informatica_acessorios,42,674,1,200.0,39.0,9.0,11.0
c8d2e12c199ab80f26267b6176208ba9,bebes,38,240,4,1300.0,40.0,25.0,30.0
687a2683f42fcf1b80098d2e38e23c6e,esporte_lazer,59,788,4,3300.0,86.0,26.0,18.0
ff7b4560eaf93a8848cd5fde641f39c6,relogios_presentes,60,697,2,250.0,16.0,11.0,12.0
142f698ead085dede05f43a7ea54e931,esporte_lazer,44,1137,1,3600.0,22.0,27.0,22.0
99ba5fbf3ae895fe3a9289acd0a5eb91,telefonia,55,419,3,150.0,17.0,8.0,14.0
0f81e9b864727ae5398d12bea4061449,eletrodomesticos,57,252,1,1600.0,55.0,7.0,38.0
d87bfbfb56d6bd8fbd1c05e83da46e55,esporte_lazer,41,782,1,2650.0,31.0,25.0,20.0
02d53241d2a3c4b1d65f21028e15fde8,beleza_saude,46,862,1,400.0,19.0,12.0,13.0
c7280bb32453a1088b2fe0817b42cdfb,malas_acessorios,57,1022,3,9175.0,30.0,36.0,46.0
1b717631654816892a7b2ef8b7c7c3c4,moveis_decoracao,55,1963,3,3000.0,69.0,11.0,11.0
a8856d651600289b162f857e26838480,esporte_lazer,50,255,1,600.0,20.0,10.0,15.0
99c22bb8e56dda8aa0e021be31e8663d,esporte_lazer,47,906,6,4425.0,42.0,26.0,31.0
5d90b82ad1fdff812987fa28158b7984,artigos_casa,52,408,1,1400.0,20.0,20.0,20.0
879f3fcede3745f74eef673bf8d5805a,papelaria,59,451,1,400.0,26.0,6.0,18.0
3a64d31450c3b7d6451627e5fad88d77,climatizacao,53,1196,1,200.0,21.0,8.0,17.0
ee667ef9c46d1444ebde2f0ea9c6b4c3,artigos_casa,57,335,4,1667.0,43.0,14.0,37.0
d63c71088e06ea00d66dc357cda91a30,artigos_casa,57,295,1,1500.0,60.0,10.0,40.0
cbb19a48b2e1af46505ef400e9245c48,utilidades_domesticas,43,787,1,550.0,16.0,23.0,11.0
199a837d1162e5158f5ad3f96e35c01d,instrumentos_musicais,51,1972,2,575.0,20.0,10.0,13.0
47ac3d02c68a76bc97b3b305f6e1192f,variedades,,,,3100.0,18.0,45.0,30.0
3d696187f8d3543290f64ba2f7b5db9b,automotivo,21,1015,3,100.0,35.0,10.0,25.0
42bcfb513ed8c673eb7ddb4ddfaf9347,pet_shop,51,1545,2,900.0,24.0,20.0,24.0
b0da53e60d332dda5010da35eb6dc537,casa_construcao,34,865,7,550.0,16.0,27.0,16.0
58f2eb98f8755091c439e30d48aa9b46,utilidades_domesticas,57,610,4,1550.0,37.0,25.0,25.0
df4495e4ea59aae2f22d349cf4b9ab19,relogios_presentes,41,866,5,250.0,16.0,2.0,11.0
335edc5cba9d15209ff0a3bca20d1ab4,eletronicos,46,328,3,100.0,16.0,15.0,14.0
f610782a58cacbcdd6d05080c4022b17,fashion_bolsas_e_acessorios,60,369,6,150.0,16.0,9.0,11.0
cc63d91555437d9d8d9ae7bf007a1f2c,artigos_casa,57,135,2,650.0,50.0,5.0,50.0
4673c83bbad0277b120ac3251d4b3633,artes_e_artesanato,50,472,1,500.0,16.0,17.0,14.0
9a78fb9862b10749a117f7fc3c31f051,moveis_escritorio,45,527,1,9750.0,42.0,41.0,42.0
bb1713a6219e4b6575cdd9c380638a65,automotivo,46,736,1,400.0,20.0,15.0,15.0
35c07f585b553421c3eac1f3acd0a59e,perfumaria,56,410,1,100.0,16.0,11.0,11.0
c4ee4437696f1885d323b41852fedc8c,utilidades_domesticas,57,534,5,300.0,30.0,11.0,18.0
ca1a0f9d5386abb248034b9b18e2c981,eletronicos,43,566,1,215.0,19.0,10.0,14.0
b1f32fc9713cf8c0813fff7c9c8262b2,informatica_acessorios,46,644,3,225.0,30.0,9.0,23.0
77e18e3ca8faefc4f9a5af55e6243892,variedades,41,578,2,600.0,25.0,25.0,25.0
692b73430b9ae22f1dc67cc83722707f,artigos_casa,53,555,2,513.0,52.0,12.0,38.0
5c818ca21204caf8ce1599617751ff49,artigos_casa,48,729,1,3450.0,20.0,30.0,30.0
47dbce97622eb7520b80d26ab613414e,automotivo,63,595,3,100.0,16.0,16.0,16.0
29d02bf288d4101006e5aaefe7f13250,moveis_escritorio,47,2149,1,20500.0,58.0,28.0,58.0
8a4505505378c8f5d983f3201e9c25da,beleza_saude,47,1400,1,325.0,19.0,20.0,18.0
dd841bf589f05e0948ddb0c8d2c749ab,moveis_decoracao,58,2084,2,1350.0,69.0,11.0,11.0
c4777fd2beb13264f71e768685823987,variedades,,,,200.0,16.0,2.0,11.0
3758055ab2434bd36ac78e00b15b5cf6,beleza_saude,52,1193,3,600.0,50.0,8.0,105.0
e892e0e01990e737eb81a57db12f8c8c,beleza_saude,53,377,1,325.0,16.0,14.0,15.0
a9fb80187bf64d19dd2804f25e83c5e6,brinquedos,51,690,2,966.0,22.0,45.0,27.0
b5d652cabeb01249ad1cf910eef3230b,variedades,,,,2000.0,39.0,42.0,39.0
dd25a93b2ad2d8eec7fbd5c144eba30e,pet_shop,46,1361,2,263.0,26.0,19.0,20.0
0830788ce2a21bb3aacbd956403f7851,esporte_lazer,49,443,1,1450.0,49.0,12.0,27.0
389711d6c8aa737f6f70e948946de005,eletrodomesticos,59,355,1,1650.0,50.0,2.0,37.0
e526c01c04bb7ef5ba2773baffcc85e9,variedades,54,854,3,900.0,18.0,9.0,27.0
92785d022b4e0e6b7cafc45f87a281fb,variedades,,,,200.0,16.0,2.0,11.0
9c6c775832b5204b41694fcf8ca60aae,informatica_acessorios,59,930,4,200.0,16.0,8.0,11.0
4c94c6d6b751fcf32a8c43533d613b07,esporte_lazer,63,209,4,1200.0,26.0,26.0,26.0
b437cddf092e72ecc426822140bff540,utilidades_domesticas,48,1571,4,4100.0,52.0,5.0,32.0
287398c3a5da555d519e464b674c1955,perfumaria,60,561,1,550.0,16.0,16.0,11.0
cd064963187616d33281791cd6538171,automotivo,60,342,2,300.0,16.0,6.0,11.0
81a5a7c8d9fea70f51d08af7a874e950,informatica_acessorios,57,991,1,100.0,16.0,18.0,16.0
124a1ea6bfa9ccc5f53e067ff9b2ef25,relogios_presentes,51,317,2,833.0,17.0,16.0,16.0
83bdb5c63669bd89033937be3c4708c1,esporte_lazer,42,3007,1,900.0,26.0,26.0,26.0
9ebfbbb1a5a173f758cb76d6ecc75f9b,moveis_decoracao,46,278,3,200.0,22.0,6.0,15.0
1340fa675dcc9085a832da030acddae5,informatica_acessorios,33,465,2,150.0,22.0,16.0,16.0
132893fa155be7225b6ecf7d4fe3ce9a,perfumaria,23,405,5,700.0,35.0,15.0,26.0
66740f6bc8c6a2393283871b22d5d32f,esporte_lazer,59,1543,1,1150.0,40.0,20.0,20.0
7bb6d6699f4f2ff3315e4df8419d4584,papelaria,39,211,1,2900.0,32.0,44.0,21.0
62abef05dddbd149514e4339c84f7d7d,papelaria,39,341,1,200.0,16.0,6.0,11.0
b637273aa37632f17cdcca1e8b894472,esporte_lazer,47,1184,1,300.0,23.0,15.0,16.0
0b37bd7d994d4ab29992281e2690ad1a,beleza_saude,35,804,1,431.0,18.0,18.0,15.0
9dac5ef9b28fa12041a57562d24f6171,utilidades_domesticas,42,668,1,21700.0,105.0,20.0,30.0
2480fca3af4f5221cf3596c257be308b,seguranca,49,620,1,175.0,18.0,13.0,16.0
a71f212d0b63c6c197437b928234b8bc,livros_tecnicos,36,527,1,1200.0,23.0,4.0,18.0
ce7757befc6e69c9a3c2d7551ea423ce,ferramentas_construcao,41,2686,1,2144.0,19.0,19.0,23.0
b90e1ae66051c1c035ae54b2bcb889ff,artigos_casa,54,317,1,18000.0,45.0,15.0,35.0
4a6fffd5a0ca2230cf5b84dc624e9f95,livros_interesse_geral,58,1500,1,600.0,18.0,25.0,11.0
509ef11938539320065e8967391eee54,relogios_presentes,57,646,1,400.0,28.0,10.0,18.0
a226729b96bbb6962f9f8fc6a14db590,moveis_escritorio,41,560,1,16750.0,63.0,58.0,26.0
d4b8175e3b3d281f616cc44f9e6e0993,utilidades_domesticas,27,668,4,600.0,16.0,13.0,23.0
730d34d191892dd7c4fb157daade465e,eletrodomesticos,52,939,3,25600.0,65.0,72.0,35.0
639cacc61d50ee82079176b446399376,jardinagem,26,1221,2,300.0,25.0,16.0,16.0
5a2473372f18cead9ae7a84a593a0842,pet_shop,59,1310,3,1300.0,68.0,3.0,45.0
adae9f96e1647ed7ce3c54b261d4a544,livros_interesse_geral,48,534,3,250.0,20.0,10.0,30.0
3047d2ab7a976a0149292daad0acba79,artigos_casa,60,497,2,1350.0,50.0,11.0,11.0
3ead2a8b3b92444cfac54979d56c7993,alimentos_bebidas,57,377,2,268.0,28.0,15.0,20.0
5605cd5e9d7705908a49d92a4299c4d1,perfumaria,48,584,1,160.0,18.0,5.0,16.0
cd23f8469a90c62d99eb9bf8ad74fed1,moveis_decoracao,63,443,1,4000.0,45.0,15.0,35.0
ceb43e52119b25c8f2b6049a5534c339,esporte_lazer,55,1392,1,750.0,16.0,16.0,16.0
1ee1a3e374020805c935a1a99975e414,telefonia,57,540,3,250.0,17.0,4.0,12.0
42ca857208d059f51c317b503000c385,pet_shop,60,525,1,350.0,27.0,9.0,27.0
fa7e28f040bfdcfdbd93f82a31277e43,esporte_lazer,55,509,1,1200.0,21.0,14.0,14.0
72812018ad2a03141873af8e588d75ec,esporte_lazer,57,442,2,200.0,17.0,4.0,11.0
c1a159ff9f24b6ef25cd3f2ae8d3556d,esporte_lazer,49,621,3,500.0,31.0,18.0,37.0
b7db6602d7706acf38d5b9a0e403002d,artigos_casa,55,116,1,6600.0,45.0,25.0,35.0
84ce89210716061e02a7a59f4ca819e2,artigos_casa,34,188,1,1400.0,42.0,11.0,36.0
18661ef1d69f1bd07e334d1fc498d40d,beleza_saude,38,377,1,450.0,16.0,16.0,16.0
4579e87cfe02f4b4eaabb298a254a5b9,relogios_presentes,48,640,1,250.0,16.0,11.0,20.0
1854c27ffaae5706ae1fe46a242d5f19,moveis_decoracao,56,256,2,1200.0,34.0,34.0,18.0
850e40acc5b9a8809677aaf1dc5d533c,automotivo,60,677,2,875.0,60.0,8.0,33.0
a9e010c9e4e10e358d3baf52bb920893,bebes,36,259,1,550.0,16.0,16.0,20.0
b33259c62ad031007e573f29deed2e8c,utilidades_domesticas,34,178,2,600.0,38.0,90.0,23.0
f86b655d8f6be5feaaff2da2190e8c4b,ferramentas_construcao,60,996,1,2450.0,16.0,20.0,15.0
9c5748657c370b7dbd989b548b041544,papelaria,50,329,1,700.0,16.0,4.0,11.0
9f4e4841a56efc7c08395adc4fe6f378,jardinagem,40,128,1,2000.0,25.0,10.0,15.0
3540941843e8ab59a8a8ed75970562db,esporte_lazer,59,1355,6,512.0,21.0,15.0,22.0
aca11cfc608a458947b3038e5e70312f,utilidades_domesticas,58,668,2,700.0,25.0,15.0,60.0
10dae91e0aba95747e90280edeffe883,bebes,54,1027,3,100.0,17.0,6.0,11.0
a83a581a8343b458c6c90cffc7ad1b60,esporte_lazer,59,552,6,1500.0,50.0,15.0,30.0
3bcb870fe5c8598df95b30780d2adaed,malas_acessorios,55,886,2,14000.0,38.0,28.0,56.0
5b951e54437768080925aabe01e24348,agro_industria_e_comercio,54,747,1,380.0,22.0,11.0,14.0
44989697efa3ceece037c5633ea143d9,automotivo,47,1334,2,11450.0,61.0,25.0,45.0
540a93038cc8b4c42ef0821b2cf067d3,moveis_decoracao,60,375,2,4800.0,20.0,50.0,40.0
e947e58ac779fe38f69c437738a5cb5a,beleza_saude,18,311,1,4650.0,47.0,27.0,28.0
1b0fb6d6a05121d4b76a49f44c2c427b,moveis_quarto,41,541,2,10750.0,93.0,63.0,11.0
722f84416177a451c3be217ef8ffa082,moveis_decoracao,57,849,1,19200.0,58.0,40.0,50.0
85fa7be0fc14808a79c3987d739eac6a,ferramentas_jardim,43,341,1,150.0,19.0,3.0,13.0
a6e03fb6e5daca36cd11a48b8952c43e,artigos_casa,49,268,1,3500.0,43.0,18.0,30.0
af827351cc8287dd464466e8793046b0,beleza_saude,50,2278,1,1230.0,18.0,18.0,16.0
9b4d597238711e4dfc04d98bb2e5ed17,industria_comercio_e_negocios,58,1553,4,5200.0,38.0,30.0,25.0
2b49a97daf2f2d902b42abc142f4da2a,moveis_decoracao,17,165,1,1200.0,38.0,4.0,25.0
bc107cfd28a282c85b28e7054aeb729d,variedades,,,,300.0,18.0,8.0,15.0
08c1754fd6455e4c70a6521f4ed66819,utilidades_domesticas,53,689,1,3800.0,50.0,21.0,37.0
02cd69fa0c8bfb37ca444168927c1e85,automotivo,44,871,1,750.0,16.0,15.0,11.0
5af7ade8876b4548b766b99b151c2dd4,esporte_lazer,59,590,2,18350.0,16.0,78.0,30.0
20e638b21cd236147992f02fbdcf0673,beleza_saude,38,1593,1,450.0,25.0,14.0,13.0
b549313e552081e225fc4ae72509ff31,utilidades_domesticas,55,431,1,18650.0,66.0,45.0,41.0
4da918a160c19da9bfdf9945d18006ec,instrumentos_musicais,56,1262,2,5600.0,30.0,62.0,45.0
c9211f70935f786061bcf1b441c2c25b,beleza_saude,45,1809,1,450.0,16.0,19.0,11.0
a45a0a8751b5e6c64c920b63716fbd24,alimentos_bebidas,20,370,1,700.0,20.0,8.0,16.0
8c0c5d88d9ec2bc8e02395bda8ea52f2,brinquedos,37,1230,1,400.0,21.0,9.0,21.0
0e474dd27ee6b8386b49a18097d937ae,moveis_decoracao,58,617,2,467.0,45.0,4.0,35.0
d2c855e70242f27beeaba55b9cfa7380,esporte_lazer,61,990,6,200.0,26.0,2.0,21.0
757e03cbdab9161ad95210a779dd2b2a,informatica_acessorios,45,2696,3,482.0,52.0,4.0,14.0
5da831182fe9ba6ab33ab17bbc5d16c7,esporte_lazer,59,1423,2,6500.0,20.0,20.0,20.0
6a615d08894298ae667e38c7b23b0965,ferramentas_jardim,59,830,2,650.0,22.0,15.0,22.0
a7662c5405b825fa922c200b82df17bf,automotivo,60,199,4,350.0,16.0,16.0,16.0
f788dd44fc883f0664693a6dea50437f,brinquedos,42,53,3,600.0,40.0,10.0,25.0
14b8624897d00288696764cc34c26f05,moveis_decoracao,52,401,1,550.0,42.0,2.0,32.0
04d5a0ec1f6db00db01676199151df4c,relogios_presentes,59,616,1,425.0,16.0,10.0,11.0
8cc8c4d7141c82262576156f95ff3907,brinquedos,11,1349,2,750.0,20.0,58.0,21.0
4633dfeb3a2588bdb52af32d504b44eb,telefonia,46,218,4,150.0,16.0,4.0,11.0
d761571f5524f788ce8a5797c4cd732f,beleza_saude,60,695,2,900.0,25.0,30.0,20.0
3ce21e38e6a3060c20f4e74bdab770c8,bebes,57,1340,4,5508.0,62.0,43.0,56.0
65dee5bfb53947891fc47bf9a850a111,perfumaria,47,494,1,200.0,16.0,16.0,16.0
cfb3a98da132f3a6d51b1efdc851120d,beleza_saude,53,1663,1,500.0,40.0,20.0,30.0
96a9e0cf1f04a80aadd9f31b2245807f,seguranca,57,365,1,2100.0,16.0,27.0,11.0
d87a746a8c32da19aabdddac8b632877,telefonia,42,309,3,100.0,19.0,3.0,11.0
f61f6e53f9c6d150e5e48919a25272d1,moveis_decoracao,59,2063,3,2800.0,69.0,11.0,11.0
6b9def857487cb25057f162bce6520d5,beleza_saude,35,248,1,600.0,26.0,6.0,18.0
40161099308e1f5f784d57e2b88b31b5,beleza_saude,43,816,1,1300.0,33.0,10.0,16.0
45f0310974e6082deeda855f91984347,moveis_decoracao,60,194,1,2800.0,50.0,10.0,40.0
3c261802e239d1f2dcda5ed49aa14220,brinquedos,47,473,5,250.0,16.0,7.0,11.0
ef7bac3fcd96b1f97400cb9cf17902d8,brinquedos,53,1329,7,4900.0,23.0,16.0,31.0
4db7441d0d2cf3d22cb4d95f87d8bf63,eletronicos,56,902,3,9650.0,20.0,20.0,20.0
632ba0c3ace598871c24c49380796d57,informatica_acessorios,51,1245,1,2950.0,18.0,25.0,18.0
cde1ba363d49b86a4730b5828f53c5ba,telefonia,57,394,4,238.0,18.0,8.0,14.0
68ea0193be80f4865155be5c96c58f43,artigos_casa,60,298,1,2700.0,33.0,7.0,39.0
0fa3e881b0014107d46c7fb9d55fd685,fashion_esporte,55,511,2,200.0,16.0,12.0,12.0
5384f1f55242e82373db2fb7db6047d8,pet_shop,63,1450,3,4050.0,30.0,20.0,40.0
0e18e94d0e545d65bb80fc56c1a00ae9,telefonia,57,458,2,200.0,17.0,4.0,12.0
1b77984541459de3090398065e4c6844,esporte_lazer,58,2258,6,1350.0,80.0,8.0,15.0
f33a17471b6e603085c4a0ccd48ce19a,moveis_decoracao,57,2434,2,3000.0,69.0,11.0,11.0
95d826ad9085b17f440392512675699f,automotivo,56,1000,3,225.0,19.0,14.0,16.0
4621f88827b983332c2a833d49c2ae35,malas_acessorios,40,390,3,19250.0,32.0,76.0,50.0
fbec390384fbb8d53d97c29a5bbb26ae,agro_industria_e_comercio,38,145,1,1640.0,37.0,34.0,31.0
cad5ce42d21fcca572842bd63d5f1552,relogios_presentes,58,457,1,600.0,23.0,21.0,21.0
4636c8e02578902bfff42ab00f84fbd6,eletronicos,57,435,5,5900.0,94.0,7.0,45.0
86cc483076c38095bbfd41ca7b4e8bff,fashion_bolsas_e_acessorios,45,429,2,300.0,16.0,8.0,11.0
be363f980cc6413dd563223c96ddcfc2,eletrodomesticos,56,145,1,150.0,20.0,13.0,15.0
14faa5803314c4ecfc2c915cd13fd24f,esporte_lazer,50,844,1,925.0,30.0,26.0,20.0
20126b44913d3e4d5102e915f2558a7d,relogios_presentes,40,580,1,500.0,33.0,5.0,33.0
3e0569568b8fa37cc1f767bc94fdc395,automotivo,41,967,4,2600.0,100.0,5.0,43.0
186b6a12d98fb8471271f204a82a7937,ferramentas_construcao,33,505,1,100.0,20.0,20.0,20.0
57cc92900f861f0c72fa1df2cfe85577,moveis_cozinha_area_de_servico_jantar_e_jardim,46,1635,1,3400.0,16.0,41.0,31.0
9cde4f61e193a94c1759e5260804008c,beleza_saude,60,516,1,413.0,17.0,12.0,14.0
cd66fdcc09793a54b109fee14eee72cd,moveis_decoracao,22,792,1,600.0,16.0,17.0,16.0
aeeed2c170290c9293b7f8f401714e01,informatica_acessorios,44,675,3,200.0,18.0,6.0,16.0
5b45b90d432972e54f815d543084e6ae,brinquedos,58,423,3,400.0,18.0,14.0,12.0
76521b4860cdf82824bb5fa481a8262d,perfumaria,45,953,2,117.0,16.0,12.0,13.0
0b4b0cc10d659c9885f317ff1b4f4ea8,fashion_calcados,49,375,6,300.0,29.0,7.0,16.0
4d99eefee32b7d89a78915c19936c8a4,automotivo,54,309,2,85.0,21.0,3.0,17.0
8db99620b0b21f34ff4199bc6450bdd6,livros_tecnicos,29,3041,1,400.0,23.0,2.0,16.0
88bffa97ba651ca4ee0710fa7e0e9653,informatica_acessorios,53,418,1,350.0,16.0,2.0,11.0
25f22b1819c44d895757e4799135c70c,eletrodomesticos,43,244,4,15100.0,29.0,14.0,21.0
3061ea0592ecce3a2d477f638b1cd282,variedades,49,2624,1,300.0,16.0,11.0,16.0
37cdd2e6cf19b94999e23e10cc95cdde,beleza_saude,43,821,1,150.0,20.0,10.0,20.0
3bd016185be10ea4b4b2baa6e7dd9e9b,livros_tecnicos,27,2155,1,650.0,17.0,24.0,11.0
d5e448e00fb7c59b31e0f3e43c2de0d7,variedades,50,1490,3,850.0,100.0,7.0,50.0
953439fbf9090e2362532905d89b991f,utilidades_domesticas,47,539,2,8750.0,35.0,15.0,35.0
fdaed9f1261debbac5fc4459dc4fad1c,telefonia,52,3358,3,500.0,16.0,16.0,16.0
eb973cc4544c2ff1016bcaf981ca1f18,utilidades_domesticas,56,1033,5,600.0,24.0,6.0,16.0
1ca1d7d7a101a1d1f2ca213994fd8596,ferramentas_construcao,37,293,2,1400.0,20.0,42.0,20.0
e7fcfe86cd2bfcfc88de49f995ee91f1,informatica_acessorios,52,500,1,200.0,18.0,9.0,16.0
9907fd083a5dc5b7dab8b53fed5a119c,brinquedos,24,534,2,690.0,40.0,17.0,18.0
cc4c16052222d5347726b1af1bfe7462,relogios_presentes,51,882,2,133.0,17.0,11.0,13.0
1e6742b4c9ab3675bfe578670f264ce2,utilidades_domesticas,43,595,1,950.0,30.0,30.0,30.0
9bb64a6bd98df95fcfad9599bfdd1cdf,automotivo,52,2223,1,850.0,24.0,18.0,18.0
81fe540cb0119e1d4ef5f191701b3cb9,livros_importados,51,93,1,700.0,29.0,2.0,22.0
6fa1aab8448ff11026093b6169f05e54,artigos_casa,42,339,2,18100.0,63.0,30.0,44.0
8c2f7d1e586af9f4ecd42ffa5ffc4216,utilidades_domesticas,60,263,3,6200.0,31.0,38.0,28.0
c0704b7b41d23540e8576c5e84484dcb,beleza_saude,38,2113,1,250.0,17.0,11.0,13.0
e17e3bca5027b6a1ecb3455d503f4517,bebes,55,332,2,200.0,30.0,4.0,20.0
2ebd1efaafab554412e27e0667cff2d8,informatica_acessorios,32,322,1,500.0,19.0,11.0,15.0
d1054515aecf11efda64e378cc9a20f4,automotivo,36,388,2,260.0,18.0,6.0,17.0
ee286d9b47b21317f08ef31202f0debd,artigos_casa,53,415,2,17100.0,56.0,38.0,48.0
e6412142280ed4c06e94c2bbc7927f83,esporte_lazer,41,591,3,550.0,16.0,13.0,11.0
b1a2c5a9823f4c481150a7ab9e48be70,esporte_lazer,54,756,1,1325.0,21.0,32.0,17.0
fa0f67a3f3863f19d435a00ecf0460d9,bebes,41,341,2,150.0,20.0,6.0,15.0
817e7f7aeb6d2edd3000b35a1de238f0,artigos_casa,60,487,4,1900.0,45.0,10.0,34.0
0768657d39e02ff11e1a30708e010588,telefonia,47,246,2,200.0,16.0,2.0,11.0
4ae3d2e3c9f7168ba872b2bd4686d816,utilidades_domesticas,54,573,1,700.0,16.0,45.0,11.0
e924834e9269807fddcddbbb45c4a54d,perfumaria,30,140,1,200.0,22.0,7.0,16.0
db4b70dd871dc731288f44fccae1ee42,artigos_casa,56,355,1,500.0,60.0,9.0,50.0
693a4eef562b75a833c7ffbc3ddb61dc,fashion_bolsas_e_acessorios,55,405,5,150.0,16.0,9.0,11.0
952547036d7de7ce635a81704cd290cd,utilidades_domesticas,37,1036,3,3300.0,60.0,50.0,60.0
a1ef6deeb394537b4da00d88e6c5313a,papelaria,55,359,5,600.0,35.0,5.0,50.0
ad5f871bf1f82cf7aed349162ab802e6,variedades,,,,1600.0,24.0,13.0,15.0
61b82c5df7252c3a4484943ebadd2a4d,moveis_decoracao,58,1377,2,200.0,18.0,8.0,18.0
a7d2c99f1d0e7ddfbce06d48f12b61a2,utilidades_domesticas,36,405,1,10100.0,40.0,20.0,30.0
c50f4a0f1214c5054279a7017d1f4405,beleza_saude,13,1223,1,200.0,16.0,11.0,11.0
27777fe4174b166a89d2359ba1eeec7b,automotivo,29,464,2,10300.0,54.0,57.0,20.0
93612dca2cc02cd586ec7e862f2edcbd,papelaria,58,612,6,800.0,16.0,7.0,21.0
37055d9442bfc227231d5983f329ff9f,market_place,33,718,1,300.0,18.0,11.0,14.0
706b14052b57d3bc3b9eb631ac7ab443,automotivo,51,816,2,450.0,30.0,30.0,30.0
7493ebe9a0ab412ac24ed4b704399a52,artigos_casa,36,158,1,750.0,40.0,4.0,30.0
8afee64dc809d5e833ae113a81774ddc,informatica_acessorios,58,899,1,250.0,16.0,2.0,11.0
1af2a3ec7cecc4015321e562a26c9d1d,informatica_acessorios,60,266,2,150.0,40.0,2.0,24.0
f699b297070aa38aaf3de9639302506a,esporte_lazer,55,3830,1,1250.0,31.0,32.0,31.0
020a80cb704bf65f38761fcedf2af192,automotivo,35,1512,3,800.0,26.0,9.0,24.0
177d3d5bb9d4d29222a222e3b3554f41,papelaria,59,241,6,7550.0,60.0,20.0,29.0
ff3ec972ebd16eb98d55e8ea2fa255ee,esporte_lazer,37,356,1,2488.0,30.0,23.0,31.0
2f79f1782a0ab54f3a912a844b00ca66,moveis_sala,49,157,2,5050.0,50.0,10.0,55.0
e332952ba1987271652c62433c823a91,automotivo,59,569,3,250.0,16.0,15.0,16.0
c30af44af15fb162e1ee0233c7e5d583,beleza_saude,59,382,1,150.0,16.0,17.0,14.0
f47aba0548334576be219248646ff695,brinquedos,58,751,3,900.0,21.0,25.0,21.0
d4591f790b3b30ebc3cc132764e86741,seguranca,49,1230,2,450.0,20.0,13.0,33.0
51b67230668746c1fe164ca744db9624,variedades,53,270,1,1000.0,33.0,44.0,19.0
979c36deada6af57d4f1d9b85a60978c,livros_interesse_geral,32,1749,4,910.0,21.0,11.0,18.0
3ecfdbaf8e32624c343f9e845cdfeec6,esporte_lazer,55,509,2,650.0,22.0,12.0,22.0
33731b575da5eeaa98cd7c30b2c5c2e0,ferramentas_jardim,47,1506,4,700.0,20.0,45.0,20.0
36e51737e6dad4e510d102b8c95167b1,esporte_lazer,36,758,1,305.0,23.0,13.0,21.0
be8a95ba31630bd608a46cb9c42c8b5d,automotivo,51,1064,3,150.0,25.0,3.0,14.0
4353af36fe588dc73497fa158ed6cefb,malas_acessorios,22,464,6,17200.0,45.0,70.0,25.0
1bbf3c5abc34eb8f1d884a7503b7764f,beleza_saude,50,2830,2,350.0,27.0,4.0,11.0
9fa383a47388caa20228a1b5e238472b,papelaria,41,145,1,980.0,40.0,31.0,28.0
fa9d34c32a70b4e50a4c2c8c2c42051f,eletronicos,54,145,1,100.0,16.0,6.0,14.0
fa23bf270fb9880690b07d09b9f9ff20,esporte_lazer,60,475,4,800.0,50.0,15.0,25.0
439da204990600ea973a60cfb05fc71f,variedades,48,865,2,2375.0,16.0,15.0,65.0
5a0146a47009000363e3ceeade37c54b,papelaria,54,521,5,1550.0,18.0,16.0,18.0
9e39bd82001d66e4a4bfb402bb842c05,artigos_casa,55,608,1,8500.0,50.0,25.0,25.0
a5c3ddb1a400f50d1cf7138727aec136,brinquedos,49,485,1,7811.0,45.0,28.0,46.0
6bf834c3fe86ab984f80c2914fef03e3,brinquedos,60,780,4,4300.0,20.0,62.0,35.0
d76aac04bb7fcc7a54f1215251724b27,esporte_lazer,52,185,1,150.0,16.0,2.0,11.0
8ec6aedf40e1175c5446134c40931706,informatica_acessorios,54,1758,3,2425.0,17.0,8.0,11.0
82cbf8090880e6be359de9d332558817,esporte_lazer,50,923,1,500.0,16.0,15.0,12.0
96629e38790e42abf9939db3063a7c6d,esporte_lazer,30,486,1,400.0,25.0,15.0,11.0
6f1ee01920f8b1cbbcd807debfbb2ace,fashion_roupa_masculina,28,696,2,400.0,16.0,2.0,11.0
0a6d157989ce18261dd86095fa6858ca,artigos_casa,53,559,1,850.0,16.0,10.0,16.0
c2fb26742f8484dbfe9a8d70bdc54025,informatica_acessorios,56,123,1,100.0,60.0,16.0,11.0
362052fcdf7c9e3596a0a6c97536cdc3,fashion_bolsas_e_acessorios,49,293,1,100.0,21.0,9.0,14.0
adb4c0f91ab4eb667fed71c378a54fef,informatica_acessorios,54,1184,7,1850.0,27.0,10.0,20.0
a4a65e9db92056dc3db50f09b945c270,moveis_decoracao,55,900,2,450.0,80.0,20.0,20.0
cf8316c961640d38321241895b7811c2,artigos_casa,56,189,1,1800.0,46.0,3.0,34.0
1809be4f054d8243278d6c83207696ee,beleza_saude,60,360,1,3500.0,24.0,15.0,17.0
5245dad16589e03f45e496de427b578a,malas_acessorios,49,607,1,900.0,18.0,51.0,35.0
8e2a1894cc1ec6fac43ab56efaef0411,esporte_lazer,32,227,1,250.0,35.0,15.0,20.0
573722511f4fc28539f3d8810a50ea1c,moveis_decoracao,58,1969,2,350.0,69.0,11.0,11.0
2708ea4fc1340081efeffbf11f14d765,perfumaria,54,571,5,1700.0,20.0,24.0,30.0
a0cfac9273b59efabf0a7d047382c450,utilidades_domesticas,58,869,5,20600.0,50.0,50.0,50.0
18da4a6d2c9b127b43ac8616ab151aa8,variedades,,,,1300.0,83.0,4.0,26.0
9ecb6a6e5d07b5d879c67bdc20977bd8,bebes,58,868,2,500.0,30.0,5.0,30.0
a19c7f350205196ae4aed73fc111dd79,esporte_lazer,50,2164,7,1250.0,33.0,25.0,28.0
f9982e3da18bb4f67e0fa0fcca27b8d4,consoles_games,45,1338,1,600.0,18.0,12.0,18.0
343ebd86f51d5d5dc72592030d0ef74e,livros_interesse_geral,21,1882,1,1600.0,25.0,6.0,18.0
80b5182ab2afa5091844c94a0106b843,fashion_bolsas_e_acessorios,39,279,4,100.0,16.0,6.0,11.0
a39cc58c1b5926b6f9f378daa89f1315,casa_construcao,53,646,1,3800.0,30.0,35.0,30.0
642369377615febc7fa89e4c8df5110e,beleza_saude,42,608,1,150.0,16.0,7.0,12.0
507e1658812a4451005d2ff5a09ccd6d,utilidades_domesticas,56,1332,2,1500.0,60.0,15.0,20.0
cf6c3dd9d7edc47eb9463ec79f6aaaf4,eletronicos,46,473,1,2200.0,45.0,15.0,25.0
f19d1f3b037970f5f9f1f3dad8e8287b,eletrodomesticos,60,240,1,11200.0,27.0,12.0,17.0
c2c4abda0d688d5c2a7f48644ee55a8c,eletronicos,60,663,2,150.0,20.0,11.0,16.0
618c65cb5359281b2c830b9f3f2e1f36,alimentos_bebidas,47,1058,3,8238.0,44.0,28.0,36.0
80dfe643d04536672f84431155e07728,telefonia,41,417,1,200.0,19.0,5.0,11.0
5c73346e7049e11811ae921dee4103c5,perfumaria,59,1142,3,900.0,20.0,7.0,23.0
70de339311bbfd116a461e25c9fb79ca,moveis_decoracao,53,553,1,1200.0,35.0,9.0,25.0
853cabeecd89a8fa18c5ead33e4b7cdb,bebes,41,341,2,150.0,20.0,6.0,15.0
39ba5f1db5ac837acc139b27369791c6,moveis_decoracao,59,2130,2,3000.0,69.0,11.0,11.0
72602b08ac8b5e5664b105ce8e0ce5b9,informatica_acessorios,35,1101,1,300.0,42.0,2.0,30.0
9023ae99d5663286ea4602528149ed45,brinquedos,54,377,3,450.0,18.0,10.0,13.0
a3aab6d23ab543e36652264fce5ed7be,consoles_games,50,989,4,5200.0,32.0,52.0,37.0
7bc937aee25e404e3fbf0ecd764a718f,informatica_acessorios,57,143,2,50.0,16.0,8.0,11.0
d02d1fb4bb52737b8d68075e5a079a4a,moveis_escritorio,42,1384,1,13175.0,57.0,55.0,22.0
699137c5776fc87ea4dcde1ab40a3e0a,utilidades_domesticas,52,491,4,500.0,16.0,19.0,11.0
55fbae3af83de21b8678e2ce2ec895fe,pet_shop,39,89,2,21700.0,50.0,60.0,60.0
781ae1be29375f62847b894fb20a1cbe,audiovisual,50,413,2,117.0,9.0,11.0,12.0
1df0508de978ce519aa5533ae04154c7,agro_industria_e_comercio,59,707,5,1900.0,40.0,15.0,20.0
6cd94c0fee122c8f6733f6de2bdbab97,automotivo,59,1269,6,500.0,16.0,4.0,11.0
aac08ad85d954dfe44e572ad1012d4ed,eletrodomesticos,56,203,4,450.0,18.0,8.0,13.0
39b7e02eed5da67f370cfd3f1518fe6c,papelaria,34,44,1,100.0,16.0,5.0,16.0
1ae2f20ff728b72bc2d6359978de7328,informatica_acessorios,35,222,1,888.0,27.0,12.0,25.0
3e0ca14990ca0de11f16f0dd5595c1b1,esporte_lazer,58,435,3,200.0,25.0,5.0,20.0
7ef399e57cdf7ead307d018f4f82102b,utilidades_domesticas,59,897,2,450.0,20.0,10.0,20.0
57fdf4c63141659fe6ba88cde482267b,consoles_games,58,259,3,400.0,21.0,9.0,14.0
78ef94419ed5381e09adab75259d3f19,informatica_acessorios,59,197,3,500.0,19.0,5.0,12.0
17ad6786808ab3fedfb261a70a5932d6,audio,38,2916,1,620.0,23.0,15.0,17.0
25f85b803dbf5bd3c4ab28cc99b7e83f,artigos_casa,46,551,1,1450.0,54.0,9.0,42.0
fdf37ff6a4ff39ac973343a01c1f91ef,beleza_saude,38,362,2,300.0,27.0,5.0,16.0
5acad00c7ade065caf69af710c0bdd0c,eletrodomesticos,58,133,1,150.0,27.0,13.0,17.0
6c784e2ed24a972a024321ea3a4ab88e,fashion_bolsas_e_acessorios,48,331,1,100.0,16.0,8.0,11.0
ffadc6f8aa93aadfea73b1348a058358,moveis_decoracao,63,382,5,1000.0,35.0,10.0,35.0
d2bea3c01e172037caa99b2d138f39d0,eletronicos,55,512,1,350.0,16.0,35.0,25.0
4f84ff0aab6b53675317e34f2406ea99,beleza_saude,40,659,1,250.0,25.0,15.0,20.0
3c9f96101518a345e28a86181196b45a,utilidades_domesticas,63,1412,3,750.0,28.0,4.0,36.0
1263e0be5fffc8e194d03bee6893eb7c,automotivo,59,651,5,4300.0,78.0,4.0,47.0
7d50930301709838d8e90dcac5cfaa84,esporte_lazer,59,254,1,1650.0,40.0,45.0,25.0
6f017eebbb9e5ada63645df57ea44699,pet_shop,54,175,2,50.0,16.0,16.0,16.0
18486698933fbb64af6c0a255f7dd64c,informatica_acessorios,40,322,1,225.0,17.0,14.0,13.0
c703016c346bcd06bfe444465d3998ed,ferramentas_jardim,40,437,1,1550.0,26.0,6.0,20.0
1e4afc1a37e11d1cfac59e0599d3ce1f,alimentos_bebidas,40,422,1,1250.0,17.0,10.0,28.0
e7890707ac0e4e190a74aa46c92e2c94,relogios_presentes,44,601,6,250.0,16.0,2.0,20.0
8156795e2a2cba07750ff2fa3ad6e373,utilidades_domesticas,25,53,1,200.0,30.0,20.0,20.0
dd9b00fa5df89d6f25ccdb11d98b0f51,moveis_decoracao,55,344,2,5300.0,44.0,17.0,44.0
939f381cb93cce99ebe5219b9470e774,utilidades_domesticas,37,100,1,1650.0,38.0,26.0,26.0
5c7dfdd3e6d851f08d3cfe8213747ff5,fashion_bolsas_e_acessorios,46,375,2,150.0,16.0,5.0,15.0
dca43bf1f5d44f76105f0633b7fd7ea1,utilidades_domesticas,59,293,1,1200.0,18.0,28.0,18.0
acc10c61bc17a1c18cae33d4884f7e79,moveis_decoracao,40,214,2,400.0,18.0,18.0,18.0
88d1079c8004788f2114540fababe0de,fashion_bolsas_e_acessorios,33,405,8,150.0,16.0,5.0,14.0
ccbfd10b578c52f55cb6f510a89f1030,variedades,55,127,1,900.0,25.0,37.0,36.0
489f5d51b1c23a85ccfa4062d0cb021b,moveis_decoracao,28,133,1,300.0,20.0,10.0,15.0
ba47e9a1c96e01fc866a0b30f9c78e00,brinquedos,56,875,4,3000.0,20.0,62.0,35.0
ed08ea04c92f5f434c2362f7310fb328,utilidades_domesticas,29,1319,2,100.0,28.0,17.0,11.0
f78c2e2b9562f4eb436a275b2a230531,beleza_saude,35,1619,1,1167.0,19.0,16.0,16.0
627c5bdbdb7b5ef9f5e5d123bbdee651,moveis_decoracao,43,378,1,1400.0,50.0,30.0,30.0
7bf86b4bc4b643b992d0eeb1514831e7,pet_shop,56,2347,2,8400.0,85.0,10.0,60.0
e07510e0b85899f2e922f28bfc0643c2,relogios_presentes,40,777,4,325.0,19.0,8.0,12.0
1e89bd6bc4f739a8b303c92d58bf8014,eletrodomesticos,53,106,2,450.0,20.0,13.0,12.0
c55345c89c1bf659ac0e4164498658c2,beleza_saude,59,265,2,300.0,30.0,16.0,16.0
9b00d5e140d71a265c6be7d132b32cd2,pet_shop,59,769,3,400.0,35.0,22.0,28.0
e86b81dcac341ea01df0260077cdf082,informatica_acessorios,37,1457,2,400.0,18.0,9.0,14.0
a87f544d243a198e2fa8adbb9a33141c,esporte_lazer,58,697,1,650.0,19.0,15.0,16.0
e27ee8db52a19bcbd0129dbbd2286d69,automotivo,60,868,1,350.0,20.0,15.0,15.0
59536eeb13a52ef81966f81b91fb481e,utilidades_domesticas,48,448,1,550.0,16.0,25.0,12.0
b4df91f3ebb544f655bc35ddc68a85ea,moveis_decoracao,55,417,1,7850.0,52.0,18.0,35.0
fa05881d3eb7ffec2322b507ed3ccc6b,utilidades_domesticas,60,291,5,225.0,31.0,13.0,28.0
88e84a987b4681434dedc0bc9e00826b,industria_comercio_e_negocios,54,856,3,7800.0,16.0,105.0,30.0
3e8f52cbce268fc54677be617e399ba2,informatica_acessorios,56,870,1,663.0,21.0,15.0,13.0
7833fb4b2feb3e20e17156f38f042182,bebes,46,736,2,700.0,16.0,24.0,35.0
12760bcacfaaf1457bc36e601e26dc79,utilidades_domesticas,42,991,3,200.0,30.0,10.0,15.0
596dd8bfc1289b4336ef857ffb960d47,fashion_bolsas_e_acessorios,27,184,4,250.0,18.0,9.0,11.0
6023859c9a1cfdb91a9d035c7b2a8121,relogios_presentes,47,702,2,200.0,16.0,11.0,11.0
7ae5c4294636a8ccd3d8574daa6d7d21,moveis_escritorio,40,2268,1,12700.0,58.0,20.0,58.0
61f1894bca50fa7898bae067ef40bfb7,relogios_presentes,59,221,7,200.0,16.0,2.0,11.0
0a540d39a147c5937238e5126403c892,automotivo,59,473,2,300.0,25.0,25.0,25.0
daedfe59a6361c55ad715b446161f981,instrumentos_musicais,60,884,4,850.0,42.0,8.0,40.0
05890763390aff71105dd223c0b9b225,esporte_lazer,48,1102,1,1250.0,41.0,6.0,33.0
b5e817c8734e44169acf6f9ad2445826,utilidades_domesticas,29,109,1,1500.0,24.0,20.0,22.0
edb58f769af494909a8851152c3a2d1d,artigos_casa,50,638,1,300.0,16.0,10.0,16.0
ed6aa9dd6a70f0af477c150b0f5f47f2,seguranca,60,1686,1,200.0,17.0,7.0,17.0
6df27920464e957f2b897ce928f1b556,utilidades_domesticas,46,847,2,1600.0,30.0,40.0,30.0
06600341855ab457458de92175df8bf9,moveis_decoracao,50,620,1,1050.0,30.0,35.0,30.0
b00cef861f6f633cc9eded86aedd8f3a,artigos_casa,50,381,1,2200.0,47.0,21.0,41.0
1f868693b3708b4337dee9bac46c837a,utilidades_domesticas,56,838,1,2100.0,30.0,30.0,30.0
466fa2297e694a5cd3b603c1430201a0,relogios_presentes,58,331,5,400.0,30.0,10.0,30.0
122b789eb8e7e8d7a9eccec675d4a48e,utilidades_domesticas,58,989,2,2225.0,16.0,30.0,13.0
e0eabffe36728eea94d959975124238c,esporte_lazer,44,792,2,850.0,16.0,10.0,11.0
4952dd34839fd7134ceada5de831810d,esporte_lazer,38,380,4,375.0,23.0,23.0,23.0
c0325887115675bec470d41d2d601a7a,ferramentas_jardim,63,2015,1,11100.0,71.0,16.0,56.0
9b7852df1a77c9a80cf5151803db4282,utilidades_domesticas,54,379,1,1250.0,32.0,18.0,24.0
d51f8412df6df2f152d54d7bfbd07ae8,moveis_decoracao,36,600,1,2050.0,30.0,35.0,30.0
23e74bef13b99119b1828789058a126f,livros_tecnicos,55,1302,1,900.0,23.0,3.0,16.0
2fe4cc1e76752c674b18a250ab1acbd2,perfumaria,59,3010,1,625.0,27.0,11.0,15.0
bc14c71396065a78e05dcdfdfd4cecfb,pet_shop,56,738,1,400.0,30.0,21.0,26.0
fec3b45dc09b257690a09a742870b149,ferramentas_jardim,54,555,1,1650.0,25.0,4.0,25.0
0a4f9f421af66d2ea061fbb8883419f7,beleza_saude,60,919,1,200.0,22.0,3.0,15.0
c521928ebace180a62167ac012c9f2c9,informatica_acessorios,33,252,1,400.0,18.0,9.0,16.0
d6ab9feb6ae6e54819050a46462fcc5a,informatica_acessorios,53,976,1,740.0,20.0,16.0,12.0
831305d3d8b3ff3726ace42fb44d9544,esporte_lazer,39,1117,1,232.0,18.0,13.0,14.0
079189201e6c6f0b0f70d118fff53fd5,beleza_saude,36,1331,2,450.0,20.0,6.0,13.0
f320ef0dbc98273d30835e696974e719,eletronicos,60,1922,2,400.0,25.0,12.0,32.0
6ce342a820b6d1e1c558f98d9682348a,moveis_decoracao,57,620,1,400.0,20.0,6.0,20.0
a8df513e8be2c303a357f71e5f62d1e0,papelaria,56,184,1,7050.0,60.0,20.0,29.0
4845d1421cd53de09a405f5f869add3c,artigos_casa,56,369,1,800.0,78.0,3.0,52.0
9c6704903ee7bc2b10029e64f76d749b,moveis_decoracao,53,1429,7,500.0,35.0,2.0,25.0
59b47581b7ba51a62bf9c3dd4fef36fd,moveis_decoracao,38,474,4,1650.0,40.0,20.0,20.0
b39f078aea47425a6a27417828a011a2,telefonia,59,667,3,800.0,20.0,20.0,20.0
bd8c0934082247e8c53c9b8fe35a4dad,relogios_presentes,37,277,1,483.0,16.0,11.0,16.0
da662963d06871d0e88300f9c6df43ee,informatica_acessorios,46,274,1,975.0,36.0,15.0,15.0
6e513315a63d66f74752d341f410109d,informatica_acessorios,59,306,1,300.0,20.0,20.0,20.0
0dcd34a72eb2310d44b1e823a4ecc7b7,informatica_acessorios,41,1762,5,5800.0,52.0,17.0,23.0
27c5d184e397082e7f0ff11ace0d7269,beleza_saude,21,287,1,750.0,22.0,12.0,22.0
f6605392877b41d225dd146d2cf116b5,ferramentas_jardim,56,1182,1,550.0,17.0,17.0,17.0
107fde0930956120d1e13dd1062fbb46,moveis_colchao_e_estofado,51,418,1,30000.0,60.0,73.0,60.0
357a9e8a4b691ffbb0f855b23d490c4e,utilidades_domesticas,56,824,2,390.0,23.0,14.0,17.0
b35c8479840135aa13a0f2d6aa8b7f38,bebes,37,1243,4,6400.0,47.0,24.0,33.0
bb5d4ec6e4443ba8589bb940d5b2945f,moveis_cozinha_area_de_servico_jantar_e_jardim,52,705,2,23900.0,100.0,20.0,60.0
4f1a7a45b6d43fa7e4958e013923d9e5,instrumentos_musicais,41,802,2,617.0,31.0,9.0,31.0
2b62c18e1379676edad99be2c9bf9a9d,malas_acessorios,31,664,2,850.0,23.0,19.0,20.0
acebea1efbaa063642166633d247aec7,moveis_decoracao,56,1455,2,400.0,16.0,2.0,11.0
4ff37a590d03f8e386a765994b15e0ec,artigos_casa,56,124,2,800.0,95.0,8.0,50.0
8cbc8c6a8696b2ff8e6999b709b3d068,bebes,50,630,2,1225.0,22.0,31.0,30.0
b9311d581f5f341576a5a2892168355c,moveis_decoracao,29,257,1,10250.0,36.0,47.0,36.0
4466f429e81266e99d1935267aa13329,bebes,39,747,2,450.0,43.0,6.0,30.0
0288532d075e4bf58e044c92e68c94cd,livros_tecnicos,44,540,1,1000.0,16.0,2.0,11.0
b2f2ddac0132a316e5b41a98684d3619,fashion_underwear_e_moda_praia,60,1511,6,300.0,30.0,16.0,11.0
bd85550f79aa4e7452a75c55921cd5c7,brinquedos,58,102,2,250.0,40.0,10.0,25.0
db0e75ba1fc6537d68f2676f3b67d07f,variedades,52,989,1,1900.0,42.0,25.0,15.0
c44343d9d6d3551e161f3c72bfcbfc3b,utilidades_domesticas,44,670,3,1050.0,20.0,15.0,20.0
667b61f3396804596ee56677af687d3c,utilidades_domesticas,25,563,7,10950.0,67.0,20.0,49.0
31c47aaa5775c3b8eed73650e59586a6,relogios_presentes,60,733,1,300.0,16.0,2.0,20.0
e9cd877ece530798c06b7f8d31b631e3,automotivo,54,488,3,367.0,17.0,12.0,12.0
8f3746a9c5411cc7cfb03660326cd189,informatica_acessorios,43,559,2,100.0,18.0,8.0,18.0
e272c7b6c21c38e8ee510666a28460d4,informatica_acessorios,44,1351,2,1550.0,30.0,22.0,26.0
ee8a9e48919f38bc0f3af2416718b854,automotivo,42,3060,3,620.0,17.0,12.0,15.0
9a5c3baf8fc729c7332a1523d0f4cbd1,moveis_decoracao,40,243,3,5975.0,51.0,8.0,51.0
b4b817e5f2c4efc8253b4b679c653847,artigos_casa,37,1049,1,2150.0,26.0,26.0,23.0
49ab1f06065d165f7e90fc9761901893,pet_shop,49,283,1,400.0,16.0,16.0,16.0
e2d5a7fd80336373b539d5a4220a9ace,automotivo,49,1457,5,18000.0,50.0,20.0,20.0
7fa9cd17cea7ecbac9778cc86b7f9033,utilidades_domesticas,43,343,2,300.0,20.0,25.0,20.0
e899d44e1fbd1131a4c94b9f7bb1ff2a,brinquedos,29,1049,1,700.0,43.0,7.0,30.0
512a2828acd7219f400d5afabe362e51,variedades,46,882,1,1000.0,42.0,25.0,15.0
1953c4e517bc25739bc4223ede2ff5bc,relogios_presentes,53,2390,1,800.0,25.0,14.0,16.0
09b590ada623ecf66329917ea4731957,relogios_presentes,44,1396,2,214.0,17.0,11.0,13.0
8ea469fda50c1d63e15ccdeb9afe170d,utilidades_domesticas,36,892,4,1550.0,30.0,15.0,30.0
419696d7d132c4ba8059bf765d66fb01,informatica_acessorios,44,390,1,950.0,35.0,18.0,12.0
0afcbdb22d7e003f65d87a77cc7a401a,artigos_casa,56,413,1,2600.0,42.0,11.0,36.0
adf9f5989ed8d85d68ea6b941de7a633,brinquedos,60,492,2,3500.0,62.0,11.0,22.0
79a564cca1924553af76d396bf7c0662,malas_acessorios,32,431,2,483.0,24.0,25.0,29.0
1be077a2d74abc6941e3fe47906df83c,brinquedos,34,158,2,150.0,16.0,18.0,18.0
86fb7ef6ee1ffa3832f09b1a1552e7e6,informatica_acessorios,35,764,1,1125.0,21.0,20.0,29.0
5aaa1448f415af8897b81e7a1d959284,automotivo,57,840,1,5450.0,45.0,20.0,45.0
16e556eacc104de6e97b84512d426240,perfumaria,60,877,1,550.0,23.0,8.0,15.0
45008a48815255d904cacbfb01303b0e,beleza_saude,35,803,1,1300.0,20.0,30.0,20.0
0e323ee8f8dc60a0b875e9ac4daf1337,telefonia,55,359,2,317.0,21.0,14.0,16.0
d6d34c537a75f1aed3fccfb9700a60a8,esporte_lazer,59,596,1,600.0,20.0,7.0,14.0
fd0f7402731790468090d7895cf61c0f,perfumaria,38,1120,1,500.0,16.0,16.0,16.0
3dd2a17168ec895c781a9191c1e95ad7,informatica_acessorios,48,894,1,533.0,22.0,11.0,20.0
fed7ed9a2c9239558d696bfb40fc96a9,telefonia,30,843,1,125.0,16.0,10.0,13.0
c1488892604e4ba5cff5b4eb4d595400,moveis_decoracao,59,426,2,1400.0,32.0,6.0,28.0
36038dae78cc227e4d14b174f0f695d0,esporte_lazer,42,1357,1,2200.0,20.0,20.0,20.0
8c4dc358af6e14174f2114be62c18f37,casa_construcao,53,901,5,550.0,17.0,26.0,17.0
7ac91bd6ae5eb819e8f9df0a8e066249,automotivo,56,1993,4,120.0,17.0,11.0,14.0
dfa3272f8e1bad4867677dfca2d061f3,variedades,,,,2300.0,34.0,36.0,32.0
32d0ece9e71d901d7641c553c4c5238c,consoles_games,56,487,4,100.0,16.0,16.0,20.0
b748ca0c5ca9a1def2099de76c53d68d,moveis_decoracao,54,441,1,2300.0,40.0,7.0,30.0
bdca5879b3afce0e138e71a68ad26d04,artigos_casa,60,282,1,4250.0,40.0,15.0,23.0
de03cefa119fcace5bfe4b492993da7f,informatica_acessorios,59,1234,2,250.0,18.0,18.0,16.0
f39288f58793ce5e6985b3f7832af88c,fashion_calcados,40,303,12,300.0,29.0,7.0,16.0
00e32638060f6356e6f00749dc466b5c,esporte_lazer,45,561,2,7050.0,20.0,105.0,20.0
c54fe6aa647b1835911c540439f62300,climatizacao,59,250,4,5150.0,36.0,47.0,46.0
25a1c5b2e0ccbf703cb7b69ffebfaf38,ferramentas_jardim,39,1507,2,1100.0,20.0,20.0,20.0
4cc4d02efc8f249c13355147fb44e34d,ferramentas_jardim,37,653,1,6700.0,35.0,12.0,22.0
399b5ae65ca9680e1d5d1b314439e4d1,eletronicos,53,734,3,1617.0,26.0,8.0,22.0
c9e6b23635a83b700579ba235b53eaf3,moveis_decoracao,55,2043,5,3000.0,69.0,11.0,11.0
b811b7a802d2bc88a918a9b785a6c18a,informatica_acessorios,60,240,1,810.0,34.0,16.0,16.0
61e9110d123ee94fcee4f409df7f4ec8,pet_shop,51,1024,2,850.0,24.0,20.0,24.0
bd6eb9532e448ca538cec41d0b9dc228,instrumentos_musicais,47,182,1,1100.0,90.0,20.0,40.0
d61cb9070ed7de8a2478eca9c8fc3d93,alimentos_bebidas,60,3748,1,5900.0,55.0,28.0,28.0
30916403a2996c146b5598774d657c55,fashion_bolsas_e_acessorios,31,235,2,400.0,16.0,11.0,11.0
e3af4b7c220aca1535b34416de24dfb7,brinquedos,32,254,1,250.0,16.0,10.0,11.0
23384f296aa1bf6461d22912093a9847,artigos_casa,63,434,8,100.0,16.0,10.0,16.0
0185f302dc17abf603edfe7929a0120a,automotivo,59,651,5,10600.0,78.0,4.0,47.0
d8aa9936fd75e2d1cac692da307ff48a,perfumaria,38,85,1,500.0,20.0,20.0,20.0
0e030462875259ec0cb868f7ecf1fd5e,variedades,,,,800.0,17.0,7.0,13.0
5c75915e4a74994308fe805cdbfbf5f5,automotivo,43,668,2,100.0,20.0,15.0,15.0
16007704980fa90718364a0dd747133e,beleza_saude,46,2729,1,1550.0,27.0,9.0,18.0
df4742649bd28492e5e306d2742cdfcb,utilidades_domesticas,50,237,3,4550.0,30.0,15.0,46.0
55979acc6e2155188d3a43d8afb0c7aa,ferramentas_jardim,33,3557,2,300.0,23.0,22.0,17.0
065ced48dd97c1b3322fab19e5844542,bebes,53,958,1,450.0,20.0,15.0,15.0
7cb5b984262835ef46a1ed83d04d0d44,alimentos_bebidas,51,824,2,850.0,16.0,13.0,15.0
e59c256dc4c4c950e3c71ac153a18c9d,industria_comercio_e_negocios,44,330,1,1250.0,39.0,15.0,23.0
8b0db3fb68c6d4b494281666287e4c72,utilidades_domesticas,56,857,1,250.0,45.0,15.0,20.0
0dcbc0d012d42719216ea7dff6b90a6f,brinquedos,53,1047,5,1700.0,28.0,50.0,24.0
2d71e17205833ea157f7408ebb3f3229,automotivo,45,1322,3,372.0,24.0,15.0,18.0
55ca1ec3b4014b9c43701cbe58713154,esporte_lazer,41,189,3,250.0,30.0,10.0,30.0
41fe836a60674d3d25645e3698651f6b,ferramentas_jardim,33,574,1,1650.0,34.0,12.0,30.0
5be29135cf368b56e0b1920b2e77989f,artigos_casa,50,300,1,400.0,25.0,3.0,21.0
2dac6cadfa47913e528969d43723697b,ferramentas_jardim,59,753,7,850.0,24.0,12.0,14.0
766be6c33b2024c3e45a2a9bb706f718,esporte_lazer,46,633,2,900.0,28.0,25.0,25.0
efafd20c0dfb7a4c591ec374a6befdcd,artigos_casa,26,134,2,950.0,40.0,4.0,30.0
54a3b009ede4097eff76990e0fa8553c,esporte_lazer,51,3823,1,1300.0,31.0,33.0,31.0
a8f6fefd2f6ad22952337438aa1bfce5,esporte_lazer,28,834,1,1600.0,19.0,11.0,11.0
81624136984f77ab82f6cfd66fa9f203,moveis_decoracao,52,370,1,850.0,40.0,5.0,11.0
99aa268744e2967e0ed6d3b22a38eff2,esporte_lazer,48,1700,2,750.0,59.0,14.0,12.0
10070e29929f7c7d609ee3201f236b8e,casa_construcao,44,421,5,1250.0,23.0,30.0,15.0
101c51628f18e013a1b2900a8f275fd2,moveis_escritorio,50,1745,1,11000.0,58.0,28.0,58.0
3879913e3a462abe3be99c14310898b5,relogios_presentes,52,736,4,250.0,105.0,13.0,13.0
02b7929be620a2f05bb13d0c0e2cbd48,informatica_acessorios,39,201,3,1649.0,23.0,12.0,21.0
586d2dcb4ad3f344da859b44a01d2080,esporte_lazer,60,534,6,500.0,30.0,15.0,15.0
d68eb7babf9085d77c5cc4306313a374,esporte_lazer,55,1719,1,1000.0,20.0,20.0,14.0
1d23d07e957a7e3a0a951b8df7361990,papelaria,56,242,4,150.0,16.0,6.0,11.0
988a221d27cc482916fd66cd3662ed69,automotivo,45,1273,1,633.0,20.0,13.0,16.0
346a9c7bdc6236d95d5efa3ddf0866ef,eletronicos,50,648,1,4000.0,40.0,20.0,25.0
dcbe94f9e03c6dc3c6ef089765ee5181,eletrodomesticos,59,1106,1,700.0,30.0,15.0,15.0
d6062a139383f9f749121e67262ce7d3,papelaria,48,152,1,450.0,20.0,8.0,14.0
62de52bc0f87cf3a234c38e196edac91,ferramentas_jardim,54,369,2,250.0,17.0,5.0,12.0
c181ddb9a0403b7f2010870a988a61bd,variedades,50,418,1,1632.0,30.0,20.0,19.0
e3c816666a7d2a1e7fbf02651e550b78,variedades,,,,115.0,16.0,13.0,11.0
27156b97658943acbc27073b5e3a3e9b,automotivo,52,629,3,1750.0,33.0,27.0,26.0
e46d3c8d60e3f8b382b6f239e5af08ac,informatica_acessorios,52,909,1,1850.0,16.0,9.0,36.0
b83ba81552d0748b45288e7e57c62888,beleza_saude,41,874,2,460.0,36.0,10.0,16.0
a7742a00e1d286b7f7d4d81e90d8acc9,moveis_sala,43,308,4,5500.0,60.0,10.0,40.0
95ec3f7e237a87df9935a570ab6ef266,artigos_casa,45,257,1,5326.0,71.0,16.0,50.0
e59aa08eee1bd7faa765a89aab2095cb,artigos_casa,39,220,1,650.0,75.0,2.0,65.0
8cbedba2d7cc24610c6db688d74b23ae,papelaria,41,142,2,125.0,22.0,9.0,15.0
22cae88a3d0dfb90553827c761728e55,beleza_saude,42,3518,1,250.0,19.0,18.0,18.0
8d8426c5adc78437359a25c285959192,audio,17,265,1,300.0,16.0,4.0,12.0
3c37353c20d6c00e079dbc21cf39f305,eletrodomesticos,60,291,3,275.0,23.0,11.0,16.0
6311e3c0a462892d8b8115567bee582f,beleza_saude,57,1479,4,1250.0,18.0,21.0,27.0
186f6f0ad7928097faf963de4b3e67bf,moveis_escritorio,36,1158,1,11600.0,57.0,56.0,22.0
d6ed08469f23517f07ed6bb451361298,fashion_bolsas_e_acessorios,55,295,1,150.0,21.0,9.0,14.0
7f448bfa91ff73554408e716ec1368db,pet_shop,46,613,1,3550.0,48.0,12.0,24.0
aece157b74fa793277ecc4e94bedf9a0,papelaria,59,226,5,8150.0,35.0,60.0,40.0
00c407e056c74eb8040a1233ca6da16f,papelaria,56,183,2,650.0,35.0,15.0,28.0
d8f2a339e6fa69ebf411e198b618e979,utilidades_domesticas,60,807,1,7300.0,51.0,24.0,28.0
b83738ac1903f7c8f0ed378cb085909c,eletronicos,56,1184,3,5700.0,20.0,15.0,13.0
f9eb3d4735a873ed48d15dea16183664,automotivo,60,3849,1,1100.0,24.0,18.0,18.0
9738ecc3ec052b1a9186e591184dcdab,pet_shop,47,591,1,6500.0,59.0,10.0,35.0
819984117b8e0888730aa66265e56fc9,relogios_presentes,58,752,2,300.0,16.0,11.0,11.0
c1a06e885e363ce94a917ac747be25c3,automotivo,36,380,1,550.0,30.0,5.0,20.0
9ddd762ee8a13576a809dc66f22aa2b5,artigos_casa,60,233,1,2600.0,41.0,8.0,36.0
80ad583034527f821e579d479f82fae9,moveis_decoracao,30,631,1,23900.0,66.0,42.0,66.0
f0d32532e5d3c1acbf87f4bc139d59cc,telefonia,35,356,4,125.0,18.0,3.0,12.0
c24d27905e6d1242d7366746a126e130,telefonia,58,677,1,150.0,17.0,8.0,14.0
aea6413d9a7fadfe4a7479cafef92650,brinquedos,12,167,1,200.0,30.0,7.0,20.0
c00627ba53d46c497a4d302caa6d43bf,brinquedos,20,998,1,925.0,40.0,21.0,29.0
0fb3fae6c3a74bc9fd48a66d0be5f378,utilidades_domesticas,45,448,2,22050.0,70.0,35.0,51.0
e494f26669f3b5feca72555de4733bed,variedades,29,1642,1,275.0,18.0,9.0,18.0
2bd57c183094130d215a333ea80c8b62,alimentos_bebidas,47,802,1,150.0,20.0,20.0,20.0
2273be0f0b60b5d12c8853cae6ccf7ef,artigos_casa,37,642,1,133.0,22.0,5.0,17.0
ff3ac832869618856979ed4f8d770d4d,malas_acessorios,45,224,1,800.0,41.0,10.0,30.0
f95c288ff361ed4e67b3a56124875482,moveis_decoracao,56,2019,2,600.0,60.0,7.0,14.0
e2a5fbcec3cf55f09968fb1ecbe16638,perfumaria,44,731,1,500.0,20.0,20.0,30.0
adc32eb18332c495cdfdd97d01520d80,ferramentas_construcao,54,508,3,667.0,20.0,8.0,21.0
9d00d68952fff8f837706ac06d1b785b,esporte_lazer,31,753,2,350.0,21.0,6.0,17.0
1df1a2df8ad2b9d3aa49fd851e3145ad,agro_industria_e_comercio,59,318,4,8650.0,39.0,45.0,23.0
23aaf24124ff41ebd81163d245aae6f3,artes_e_artesanato,59,332,2,350.0,16.0,11.0,12.0
a7b497445896c24d425d100e4f03d8cd,ferramentas_jardim,40,58,3,1130.0,38.0,26.0,20.0
e5a19f25b139394121110bbaab05087c,variedades,49,527,4,3250.0,35.0,23.0,21.0
9431c1bc614592c4c3392c6f9c1a0b89,consoles_games,56,972,1,500.0,20.0,20.0,20.0
f1c7f353075ce59d8a6f3cf58f419c9c,artigos_casa,56,162,5,9750.0,35.0,12.0,30.0
422f04883e19f7b9508857ca6bcaeb6a,casa_construcao,57,1493,1,300.0,23.0,9.0,11.0
a6c796da2601f9fc8e6dd65792c1c908,moveis_decoracao,47,3040,2,600.0,17.0,20.0,38.0
ede91e87b28599f661c5322ac25b663a,instrumentos_musicais,59,347,1,5750.0,30.0,15.0,100.0
a20f56d082d66a0caeab963592f3cad5,beleza_saude,45,549,1,650.0,19.0,12.0,13.0
699f67e746cd0628aed15a6ce552f385,moveis_decoracao,63,1700,1,750.0,60.0,11.0,20.0
1d1183a8de24782a216dc5066d7421bf,moveis_decoracao,63,285,3,3100.0,20.0,20.0,20.0
5c9f86c0e642b62c2100fd8d26f38771,esporte_lazer,37,580,2,3717.0,40.0,40.0,45.0
a8a24b2139731e4be5246104224f0633,informatica_acessorios,58,571,1,1083.0,35.0,22.0,14.0
ed8f3fdb0b900c5c123d21fbf5588072,perfumaria,34,196,1,425.0,17.0,13.0,14.0
7e8a5e8789ede63ab600b65235e35fa6,artigos_casa,55,343,1,5100.0,45.0,45.0,15.0
5dc080b3e2c10d388f9a73fa2a49cfb3,automotivo,59,703,6,5850.0,47.0,19.0,23.0
eed87e4310f2dbbddf043552065b660e,fashion_bolsas_e_acessorios,63,430,5,200.0,16.0,5.0,11.0
baa1af9bc7467e619e2bb2876386ae55,esporte_lazer,49,578,2,1050.0,16.0,50.0,11.0
dd2a86c701f0442fa851c5391a5b81fe,artigos_casa,54,320,1,1200.0,42.0,6.0,32.0
2f9c82f3ca3b33585ac101579a28933d,brinquedos,44,687,4,300.0,16.0,7.0,20.0
1ca737c9f8f06b3672be9f9f3f603d36,informatica_acessorios,59,1095,1,350.0,19.0,19.0,13.0
33f17ed3c6906f7a7ae17a0843536db4,telefonia,59,818,6,300.0,17.0,4.0,12.0
2e735404817b030c247617f5716feadd,esporte_lazer,54,2147,1,832.0,21.0,19.0,19.0
d718131dc0f308e7971d8ffb7c504e7d,ferramentas_jardim,54,475,2,200.0,17.0,25.0,16.0
d22458d14bfebb37eee78255c5ff338c,moveis_quarto,59,437,1,10350.0,41.0,47.0,31.0
8db563c3c19d3b3c0a21e2ed918c8618,informatica_acessorios,57,545,1,800.0,16.0,12.0,37.0
4c751914ccc83ec17b8913cffdee3c3c,moveis_decoracao,55,184,1,900.0,40.0,8.0,40.0
1de1332e38dc2f575edfeae165edea4e,artigos_casa,57,293,1,2150.0,40.0,10.0,30.0
c8c073a1cae6a98799d7581958ede514,eletrodomesticos,43,1009,2,6025.0,32.0,35.0,35.0
eeea79ffac4403df6e6a7d9522a0ac89,informatica_acessorios,47,477,1,350.0,30.0,5.0,24.0
59bf7ab9bbcd46aad9f2cddd3f97e684,esporte_lazer,55,778,4,15200.0,52.0,40.0,42.0
91c82ace62e0ca1b69b1a45bcc214b45,relogios_presentes,60,992,1,308.0,16.0,11.0,12.0
c3182d1991c7d4859e8f39b6c45a026b,eletrodomesticos,60,757,1,700.0,28.0,28.0,28.0
faa5e9a354191fcff3b4a8be0a18ce24,artigos_casa,53,431,1,200.0,16.0,10.0,16.0
7aa95fc2760624a5770b5ae65a429605,moveis_escritorio,56,2324,1,13950.0,58.0,20.0,58.0
7b49e585ac8c80b14c9b2815d4db465f,artigos_casa,26,421,1,200.0,16.0,12.0,11.0
24b1fcad996ffb1ead90e324f264b783,variedades,,,,200.0,39.0,9.0,11.0
12384cc446601c16ff6d05077ad6e92d,relogios_presentes,31,288,4,600.0,25.0,25.0,25.0
726b4e18f00255e2e63491bcba3f60b8,moveis_colchao_e_estofado,41,866,1,1700.0,70.0,10.0,100.0
4e6a8880f494b097db7cf4866e0209d8,utilidades_domesticas,40,549,1,1275.0,29.0,21.0,29.0
bfc275f6de912665e4dcd8da32f43c10,utilidades_domesticas,27,107,4,900.0,35.0,15.0,24.0
7c6fbb3a5346dfd607386155c6f628f8,beleza_saude,60,919,1,150.0,22.0,3.0,15.0
bbd704063c23164b2674e893ac58d63b,perfumaria,59,526,1,350.0,20.0,10.0,20.0
78afca59cc52394bc61491aa56f77d6e,pet_shop,40,3320,3,250.0,16.0,6.0,11.0
dd4adcbacf68be8bc2fdcd498de6a06a,jardinagem,37,1486,5,900.0,26.0,9.0,24.0
5357a190f1759dc5ff9bea83eb195b14,esporte_lazer,58,369,2,300.0,29.0,10.0,12.0
9fe0fae81aacd72bbec601b9ceb9c25e,esporte_lazer,51,925,1,213.0,19.0,20.0,19.0
67c4679242adec87208d4681e66cb23b,casa_construcao,56,773,3,1600.0,30.0,20.0,30.0
77fa3381855b6763c52ca3b72824f508,fashion_bolsas_e_acessorios,60,177,6,250.0,16.0,2.0,20.0
dce24381876a1d59ccc9d00d3dbade56,ferramentas_jardim,28,1039,5,3550.0,100.0,20.0,30.0
b5c315fb01a02190500528edf520883f,fashion_bolsas_e_acessorios,57,147,6,200.0,16.0,2.0,20.0
3c1fe640b9b303b8f12b612e350b9446,brinquedos,29,556,2,3075.0,44.0,45.0,23.0
011ae9863bd5b15e528a16dd8ceb4772,brinquedos,56,1784,6,1575.0,19.0,51.0,20.0
1deda1acffb44ed38494667d7e49a9f3,esporte_lazer,53,891,2,1150.0,27.0,12.0,17.0
dee88ebd74f8109d7dab6d12d77a7a64,brinquedos,18,1586,1,1284.0,43.0,17.0,24.0
c7c44bf04797742e75274c5f288ae737,perfumaria,51,1085,1,250.0,20.0,20.0,20.0
f89ebafd68e36c290966602cfaabb585,pet_shop,56,807,1,100.0,16.0,16.0,11.0
dfb92838905ead933a01256a80edc894,esporte_lazer,49,1094,1,7400.0,100.0,10.0,16.0
a6690024de846637eee71e11fdbd95fa,esporte_lazer,42,252,1,300.0,25.0,16.0,16.0
97df437aeb3472b9d42b4c2e9a9d88f6,brinquedos,17,890,1,2600.0,35.0,25.0,35.0
fe8f341b1e20d2b1135245c3400a6e53,automotivo,58,904,1,3550.0,35.0,20.0,20.0
ad2ff9b0c224aa7d855f7fd8109b6289,perfumaria,33,560,1,388.0,20.0,14.0,17.0
69d3ff4f45d52d69e4b06760e0e154e2,instrumentos_musicais,63,3893,1,1250.0,26.0,6.0,26.0
9b1de4de04403b36408237b1cb77efbb,relogios_presentes,57,491,2,250.0,16.0,11.0,11.0
8aa2ca7004be44cabe9d19d3e3763200,artigos_casa,48,110,2,300.0,20.0,5.0,20.0
013e6676e0e3529e5909ff54370daddf,informatica_acessorios,47,619,1,1088.0,33.0,20.0,15.0
8a7bf523741f8c2bb93d0d6ed38c18d0,moveis_decoracao,60,448,2,1850.0,30.0,30.0,30.0
7af4c96f817389692dfb05e679dbd991,eletronicos,59,390,6,1250.0,22.0,5.0,22.0
416095891c3eb407eb70756068f7837f,brinquedos,58,1343,3,650.0,37.0,5.0,23.0
c904e2f76d44b7aed8979dd9f63f621f,bebes,54,756,4,600.0,24.0,13.0,18.0
10adb53d8faa890ca7c2f0cbcb68d777,artigos_casa,52,155,1,200.0,16.0,10.0,16.0
2aba8009f50472b2eda33e9e2bb3ef6f,variedades,,,,750.0,19.0,6.0,26.0
7166c23218346e0375296e25b13af9e2,bebes,48,782,2,500.0,20.0,15.0,15.0
20d7e618ee9f33f59efe64ca4059d185,musica,56,406,3,200.0,16.0,9.0,11.0
e044a6c8994164db4e2446054a374b9a,beleza_saude,36,608,1,375.0,16.0,13.0,15.0
13a58c8c026b664e412003b4cbdc30a3,utilidades_domesticas,50,1081,1,600.0,16.0,25.0,12.0
8c49cb6b9f063faf0ec568571e59072a,artigos_casa,55,415,2,850.0,24.0,13.0,18.0
c34a95f3587a27afcfdc7b4ba554ce37,utilidades_domesticas,50,866,1,50.0,16.0,16.0,16.0
06afd0d01616e40441e7f743cdc03a2e,automotivo,60,2826,4,320.0,21.0,7.0,14.0
071d40163502c7a04c4b49983787485c,moveis_decoracao,47,503,2,1500.0,42.0,8.0,32.0
f1400c967582a8158aec676d0116b884,informatica_acessorios,34,274,1,1000.0,34.0,15.0,15.0
5c1548dadfd64a5fd07c57e378c170f9,variedades,63,1488,4,200.0,16.0,17.0,11.0
5cc3b3b52374e67281fd366c03b57ff5,pet_shop,33,1538,2,850.0,24.0,20.0,24.0
acdaf46074ae1723068d6b19e559a5f7,bebes,41,1153,1,950.0,99.0,5.0,47.0
ee8ac61007ef85514383c4286df83fe7,telefonia,49,391,2,200.0,19.0,4.0,11.0
474f95f49724d468f7835af438b6fde5,artigos_casa,55,303,2,800.0,37.0,23.0,35.0
9bde344a67494559d37249506076d638,papelaria,49,1853,3,900.0,20.0,35.0,45.0
fb0467f650186a474da44003e623a3c4,telefonia,43,299,3,200.0,16.0,4.0,11.0
2a1ac54a9b67c036945d5572a4300887,telefonia,59,1167,2,350.0,16.0,2.0,11.0
b1287ed5e48382f6d6e5e1c561ac3738,esporte_lazer,60,541,6,400.0,30.0,15.0,15.0
1201cfbb572a190305bbefabcec7e7eb,consoles_games,52,1888,1,150.0,17.0,11.0,13.0
47a4d6ab2e9b253f8c3c8aefa0c40285,perfumaria,49,571,1,250.0,20.0,20.0,20.0
cde1665c376260772c25ed5dba63bd82,esporte_lazer,49,485,4,2300.0,52.0,8.0,20.0
8d4ff8de5e399964646ef5f4ee698076,pet_shop,63,971,1,100.0,20.0,20.0,20.0
1a90af24f474949bdc928a39b627fd57,brinquedos,58,551,3,1483.0,35.0,35.0,29.0
7920997b359085a651b60a714364257b,artigos_casa,58,296,1,10500.0,50.0,30.0,40.0
2ca431a4c4a04c65e66c345e282d0a54,eletronicos,41,764,3,18700.0,75.0,40.0,40.0
36c63c85321bed52c0f9b359278398e6,moveis_decoracao,57,198,8,750.0,30.0,18.0,21.0
58b0b0b3e6b7f8ecd3874db9c141250d,brinquedos,58,2876,4,850.0,25.0,55.0,25.0
86affbe24eda560b9bba0e36f87bdbfe,bebes,40,805,1,3974.0,35.0,37.0,22.0
7469321b64a52ab80178417a543a45a8,papelaria,46,440,1,1400.0,16.0,7.0,12.0
f7bb503725fb4d7bb55301d5bceba728,esporte_lazer,48,1781,1,400.0,22.0,18.0,12.0
8ec82b20020236063c807e2b9fa43bff,automotivo,56,391,1,1400.0,50.0,20.0,30.0
4af81c9413dcb40e03e2a1bc15a6448b,automotivo,57,804,7,133.0,18.0,2.0,14.0
8da9d7e8c72e1626d37c366187d9ffe2,esporte_lazer,50,1321,2,350.0,20.0,35.0,20.0
dcbdf52239601eca861bf0d1aa598fab,telefonia,32,451,2,185.0,24.0,7.0,16.0
d3013b06b7a68f7ea7f29d55377d9bd2,brinquedos,56,653,2,925.0,43.0,38.0,38.0
1f624c9baa5906ea6b9ff4ccfbb4d6c0,relogios_presentes,44,1562,3,358.0,19.0,12.0,15.0
4eb86b919a40100c085ccdf1a5b873c7,artigos_casa,58,2059,2,900.0,43.0,8.0,33.0
f4ebaa462d32c66438985245a9deb62d,utilidades_domesticas,42,2774,4,3300.0,21.0,34.0,34.0
9e2c54c2ff2dec92562afa5284200869,artigos_casa,52,800,1,950.0,27.0,5.0,27.0
0f11f38f81a4b4ce8ab38eaec02263e8,informatica_acessorios,53,350,4,300.0,21.0,6.0,21.0
7bbf8eb1681f6f8ec4b6f0c1c6934718,pet_shop,57,486,2,800.0,35.0,8.0,35.0
a46875fb5b8d19ac3cff18deb9bae57e,informatica_acessorios,40,478,1,820.0,26.0,13.0,23.0
e59dd207c69d86e890febadc796d1078,variedades,54,850,1,125.0,16.0,12.0,12.0
2c0722227025e08e761c39159ef0d701,moveis_sala,50,519,5,3350.0,46.0,9.0,56.0
e5cfaed5125bd848f496ca11de0ce00d,eletronicos,60,1687,1,6700.0,89.0,16.0,35.0
77626943dadc1bafb9625f65d98724e3,utilidades_domesticas,56,765,1,20100.0,43.0,79.0,41.0
ddd8d70dbc1a5ffe5431c810baf7fec2,seguranca,51,699,1,600.0,23.0,10.0,14.0
a62e25e09e05e6faf31d90c6ec1aa3d1,relogios_presentes,58,3006,2,1000.0,53.0,8.0,18.0
81d3e576c988a53ef6a2e4d0baaa18e2,moveis_decoracao,60,2064,4,5700.0,85.0,10.0,40.0
389ccdc358e8e98aff57a6ed3e038547,utilidades_domesticas,49,162,1,11500.0,20.0,50.0,28.0
3347f12bccb00487d0d9aec54dc1037d,moveis_cozinha_area_de_servico_jantar_e_jardim,52,270,1,6450.0,48.0,18.0,48.0
8f8d13918bd8137584fdb475d38f9f38,ferramentas_jardim,60,252,1,1300.0,26.0,26.0,20.0
dc9471db933efad7bf0ce685380578bd,informatica_acessorios,49,579,1,800.0,28.0,20.0,42.0
20205e1ea024aec43a7a3fc0d8f7a287,moveis_decoracao,60,464,1,1500.0,105.0,5.0,30.0
9174e9c6706591455d3422ce4f91a685,automotivo,48,539,1,800.0,20.0,20.0,11.0
55735d5427bd8e6d279d1af6997b5fc8,beleza_saude,50,548,1,500.0,16.0,8.0,11.0
a5a03610d00573bdfe50a7a09e125efb,esporte_lazer,53,965,1,900.0,62.0,7.0,36.0
ee7b75ae9c945d4775460a67051036db,utilidades_domesticas,59,156,1,775.0,23.0,21.0,17.0
bfb0b1ac4d2c3e1ebae4a01c3fcbfb1e,perfumaria,60,657,1,500.0,16.0,16.0,22.0
a10eacab1edd5f1c174e6f278030edbe,utilidades_domesticas,54,1077,1,8200.0,40.0,40.0,40.0
108dbde571d17eee3c21fa2492e8921b,beleza_saude,55,1200,1,900.0,18.0,12.0,18.0
a783f0d718c28a1375f64c1dfff1818a,informatica_acessorios,59,1737,3,200.0,39.0,2.0,30.0
1347d4320dcd0acd750e37bb3d94a918,eletrodomesticos,54,780,5,7600.0,30.0,50.0,40.0
74bd9013adb0ac25ef24d1521f426ccb,artigos_casa,38,414,2,917.0,43.0,13.0,28.0
74e5e7c0ad09d8fec4d30c75a70a7799,automotivo,55,1443,6,1650.0,30.0,30.0,30.0
fa814ebf85f1640b2acea3c4378d40f9,artigos_casa,60,284,1,1150.0,41.0,13.0,13.0
d3f00f350c591d6d9f98c6282c1ca080,beleza_saude,23,960,1,225.0,20.0,18.0,18.0
0799c9e16e4079d23e53f91ccdf0d8bf,utilidades_domesticas,55,265,1,515.0,17.0,14.0,19.0
dc8128d60372ee4869b22114e3bc4957,variedades,,,,200.0,25.0,5.0,15.0
2cb44978a2f8ca4e770be12e5491ac32,ferramentas_construcao,39,1087,1,950.0,22.0,22.0,16.0
362aecb999551eb6adcd8c5594e255fc,consoles_games,31,2291,1,200.0,33.0,33.0,33.0
b4710f5c669c6820baa19c6c83c387ef,eletrodomesticos,52,307,1,100.0,18.0,8.0,13.0
01a900ffd5609ad754c38f9dcbce8c6d,esporte_lazer,43,742,3,700.0,28.0,25.0,25.0
97122ffa6827f94f62ce56f48e848ae7,artigos_casa,60,298,1,3150.0,33.0,8.0,40.0
3d15cfddaaad1a981e05901ad88fa50c,beleza_saude,53,331,2,600.0,17.0,23.0,20.0
4689718bc1b839a9baeaa91d2c278598,artigos_casa,42,1042,6,3300.0,50.0,15.0,40.0
751fe3ca6058edd02011a3cd408211f3,brinquedos,56,917,6,1600.0,23.0,41.0,16.0
4d286bf930373143280093da8747f6c9,esporte_lazer,60,797,3,200.0,16.0,5.0,11.0
77da35d9e8023abd25ed7a92d9a65288,beleza_saude,53,3071,2,450.0,29.0,14.0,15.0
c2ccd192fdac0a564ea52ec8687b3093,fashion_roupa_masculina,34,1328,2,900.0,30.0,6.0,30.0
0c4709ae5ad2750dd34dbaff9d5bbd3d,telefonia,60,776,6,300.0,17.0,4.0,12.0
8ced2631a18d2e0814557875b3bb907b,artigos_casa,37,167,2,450.0,25.0,9.0,19.0
c77c492102301954afea10050ff5c91d,ferramentas_jardim,51,530,6,7500.0,45.0,27.0,36.0
1f9a992e9e20d544dead76bd2a0560f9,brinquedos,36,492,1,200.0,16.0,16.0,16.0
4e5ec6703d421384313fb8279f1d3a0a,automotivo,59,703,6,6225.0,56.0,11.0,32.0
68b8e52885d1c878e362c8a4d323747b,artigos_casa,53,1065,2,1350.0,43.0,8.0,33.0
9aa27aaecd804beb57af8e700fd6e681,bebes,32,602,1,250.0,23.0,5.0,38.0
3c794d260ad4b5f507a5d90df23523bf,market_place,63,2200,1,500.0,33.0,6.0,22.0
db25a58a5da5dfe2fd19f2604491bd27,eletronicos,52,1074,1,900.0,16.0,10.0,16.0
66ef20ad226145a624f8d7b7821d8d5a,perfumaria,30,834,5,500.0,19.0,10.0,16.0
c9a5cd871df02fbd050ef58ef9a64510,variedades,56,1400,2,585.0,21.0,20.0,19.0
4aeaa9eb0499aab80a28183611cffd43,fashion_bolsas_e_acessorios,45,523,4,500.0,16.0,5.0,20.0
aa5c6f59718986b26883248a968e83ee,fashion_bolsas_e_acessorios,56,284,2,100.0,16.0,6.0,11.0
9751b280db38705e0225fcbad03d17cc,moveis_decoracao,60,646,1,3200.0,36.0,30.0,19.0
04a2ef44f3ea03a72be6f1f99ee0bfe6,fashion_bolsas_e_acessorios,35,172,4,150.0,18.0,9.0,11.0
afb2faf85bb85d4a5c466c8b7258f5ab,bebes,47,235,1,9400.0,75.0,15.0,50.0
4d7585daba2f8b3ed7f87447908b4237,telefonia,53,897,2,300.0,15.0,8.0,9.0
6dcacaf3d7706d2cfcf7798fdf52901c,relogios_presentes,35,570,1,7200.0,32.0,30.0,13.0
f484aa505452986f295eb1205a44debd,relogios_presentes,57,477,3,700.0,19.0,9.0,15.0
7cc67695a7648efc5e7a755603402b49,relogios_presentes,58,442,3,500.0,16.0,17.0,13.0
cdef49b7bb863e9db298e7868ddf93e3,relogios_presentes,56,614,5,250.0,16.0,2.0,20.0
4cda9d93b0a846dfdca597f1b1d19c08,variedades,,,,7300.0,40.0,40.0,30.0
7ddb6ba690b14dee5c0f2d372e034cec,artigos_casa,49,729,1,4500.0,20.0,30.0,30.0
27b63e625b46d9fa220450d4a204c0b8,artigos_casa,62,725,1,2288.0,42.0,11.0,36.0
5f6ebc88683dcfc794febc8d8a8aeb0c,variedades,,,,400.0,16.0,4.0,11.0
ffb530bd30bcc1bd903e4da723faa5e6,ferramentas_construcao,57,2409,2,1800.0,16.0,11.0,11.0
327fdf75bf08afa5ea0959ed59dab2ab,fashion_bolsas_e_acessorios,49,214,1,250.0,20.0,20.0,20.0
45f59788a3a09e09ab433234d03afd2a,brinquedos,47,783,1,1050.0,26.0,30.0,19.0
e2b8ce9f84328811476c63fc9a49762f,esporte_lazer,42,1649,1,150.0,20.0,8.0,16.0
7fd769d8502843f5c3f074785f9cfd61,utilidades_domesticas,52,152,3,800.0,16.0,12.0,11.0
872369d21550c1c72b9e10a0fc2eeb3f,livros_interesse_geral,30,1391,1,500.0,25.0,3.0,16.0
e7c8819338fc9a87e81ea2d90898f612,ferramentas_jardim,27,320,1,4000.0,47.0,14.0,20.0
a7f4ab2b8fc3ee762e05b6eda08acb93,esporte_lazer,55,1015,1,750.0,16.0,105.0,15.0
197cb673852389801377308c616f5738,beleza_saude,44,1147,1,350.0,34.0,4.0,15.0
1d9faf066ad6f04ab65cdca8a7cdccec,artigos_casa,57,2079,2,900.0,43.0,8.0,33.0
8a67e4e6cc6f2abf65fe2164ea51b219,agro_industria_e_comercio,47,216,1,250.0,25.0,10.0,15.0
4a8c87facc0a20b726d5e1112ff3069f,bebes,54,305,4,1000.0,40.0,30.0,30.0
0eeb248ad8f9b39dcba17afa65c7ae82,ferramentas_jardim,46,1056,1,1000.0,16.0,20.0,18.0
9b609e296b89940552cdce39983b2f71,telefonia,46,879,1,100.0,18.0,6.0,11.0
a113377beedd4333652a8694907c2337,eletrodomesticos,59,174,1,150.0,27.0,13.0,17.0
d63ea2f93da22fc874867433a01aac27,alimentos_bebidas,48,841,1,1900.0,16.0,33.0,18.0
3e87e743e56d7fbf4bb9b67399b99a9d,beleza_saude,45,275,1,553.0,20.0,13.0,18.0
f61dcc630f8ff11e80cf6870b1c0412a,livros_interesse_geral,33,1909,1,500.0,20.0,24.0,17.0
b48011c2f47dc5194f89275e79d81465,artigos_casa,52,1485,2,2600.0,43.0,8.0,33.0
3f4a3b8846f4522bd68853a50114da49,esporte_lazer,46,622,2,933.0,34.0,17.0,38.0
b9dac466133ab3dfd64997876fc8210c,esporte_lazer,35,85,1,300.0,25.0,5.0,30.0
6e4918d7c7d1499da5ef7bae5e0cdef6,eletronicos,34,447,1,150.0,25.0,7.0,16.0
1c45b3b234c28efa6e4f99e7af930030,eletrodomesticos,58,205,1,250.0,27.0,13.0,17.0
089fba163d4210200710ea1103a736d4,casa_construcao,59,1071,4,150.0,16.0,11.0,11.0
2a08020aeef8daf72e270b53c860cb71,pet_shop,60,506,1,475.0,29.0,27.0,32.0
723e9600f7fff7de1d8544ecdfb97104,esporte_lazer,58,220,4,400.0,30.0,6.0,20.0
2a788bf848c3357ea72c31e344822aa9,perfumaria,46,183,1,597.0,21.0,16.0,16.0
3cb86c99e14bcf5a24bea6305c171a75,perfumaria,43,832,2,463.0,20.0,12.0,18.0
5691a536d459e5cb326b7bedce928067,climatizacao,41,775,4,8600.0,29.0,50.0,25.0
8f067bbefef28a44846f69f9727378f5,utilidades_domesticas,56,808,2,300.0,22.0,9.0,15.0
a5190314b65b1f99d589e8fba9894639,beleza_saude,26,973,1,1267.0,17.0,16.0,14.0
8c7fe240bfde64b6a20eec6fdb986b1b,artigos_casa,25,209,1,950.0,30.0,4.0,40.0
8daf2f80c6d552efdb1012683beb10cf,moveis_quarto,43,50,1,50.0,42.0,13.0,58.0
5dc679875a22e865ee1d7bb2f88786cf,automotivo,53,373,1,300.0,20.0,2.0,60.0
532d726c377c52885f53e10de9741d76,pet_shop,44,1793,1,11450.0,79.0,26.0,26.0
b366c6705b553f2e2825d0a0597aac9f,telefonia,39,699,1,100.0,16.0,3.0,11.0
e9f5285945cb79bc9dd00821fff79138,esporte_lazer,29,451,3,650.0,30.0,30.0,30.0
7ada7bee4052075cf6310885da8c4392,papelaria,60,189,2,5550.0,28.0,55.0,37.0
4e77e23d6c2215228d4ab312c0b8d405,perfumaria,31,65,3,400.0,22.0,3.0,16.0
f42bdf5c0ef09ae049f5599d7f26b5e2,informatica_acessorios,48,207,1,700.0,30.0,30.0,20.0
c34e6febc00a74a0eb3decfc3f2f3322,artigos_casa,53,106,1,900.0,20.0,10.0,15.0
803711d24d376b5e52332a616f50dbe5,beleza_saude,55,824,1,200.0,20.0,15.0,15.0
41e4e4c8ab0ec1fcde0df5679749a3e4,utilidades_domesticas,54,388,2,400.0,30.0,30.0,11.0
737553d6708d9a88beea1a8f4e678b79,perfumaria,54,834,1,100.0,16.0,11.0,11.0
79312078abfa6604747217cd3cf9e6f9,relogios_presentes,39,628,1,400.0,20.0,13.0,13.0
a7846339a3f354c6c2b07085eea02c96,automotivo,41,441,1,100.0,28.0,2.0,11.0
1bdf131c83d68a290b1abe6b43f3c324,climatizacao,60,733,5,5000.0,55.0,19.0,46.0
28c4296ec4b55832ec863a3282708d5c,variedades,59,387,2,200.0,18.0,5.0,21.0
39a4610d926a93fee7cfa54319ac3515,ferramentas_jardim,59,660,7,1600.0,18.0,22.0,20.0
eb2498f29ee056e0a742e299639fe2ea,esporte_lazer,32,175,1,270.0,17.0,14.0,13.0
a1e903cd2d23763ef8b85ec12eb79d9c,esporte_lazer,55,369,2,200.0,16.0,13.0,12.0
e82149ac02d9c909feccea6c879f4610,variedades,,,,500.0,20.0,15.0,20.0
2d354026ff76d22a151846a05f5cfd3c,beleza_saude,53,298,1,500.0,16.0,10.0,20.0
2682dfb6d7c4f21e56ab529a91129877,brinquedos,59,946,2,550.0,37.0,7.0,26.0
2c96824d8716171d254d8177e6a232e7,beleza_saude,53,532,1,200.0,16.0,14.0,12.0
24eae5a7a99621256603637358c6f10f,utilidades_domesticas,52,1142,1,18800.0,35.0,92.0,35.0
c04b6b2045c90dd226493e0413796f85,relogios_presentes,47,1291,1,450.0,17.0,12.0,12.0
33662f973425641efed81abbcbe11fb6,moveis_decoracao,21,418,9,5200.0,31.0,30.0,31.0
8c292ca193d326152e335d77176746f0,beleza_saude,60,2894,1,200.0,17.0,11.0,15.0
e6fd836ffd3fc4276f6f3f2c7d8cfde0,ferramentas_construcao,57,677,5,1100.0,20.0,10.0,20.0
892bc3e900a6ad3cba5112ccdb33466f,ferramentas_jardim,40,381,1,850.0,40.0,15.0,40.0
a6b8385d1008214b2b70342c04e8aafb,beleza_saude,53,1087,1,2500.0,19.0,28.0,17.0
633ab0ec23c18ed1b64356a25ea7b5bd,relogios_presentes,51,423,3,150.0,16.0,17.0,14.0
04b48e86a968cfe620da1cab5c7556ae,beleza_saude,28,648,1,630.0,21.0,12.0,15.0
9255fec6c5428d1d69871b8d98741e1f,brinquedos,33,77,1,250.0,17.0,14.0,17.0
76b8dd5ed5596a060e722e0032d2d9da,artigos_casa,50,691,1,800.0,35.0,8.0,30.0
982cc4c1cdb785c9cb1f2e48c1e4f903,relogios_presentes,34,302,3,700.0,24.0,12.0,16.0
530eb6b4be420f6e65606de479d62278,utilidades_domesticas,37,2782,4,2150.0,21.0,34.0,34.0
f9a09e5ecddf77ede4cade6a11624ac9,moveis_escritorio,57,2172,1,20500.0,58.0,28.0,58.0
8d7654102992872ef4342f91f9997e64,beleza_saude,46,1444,1,2500.0,30.0,10.0,20.0
1e1302fdbd3459fdb800a772186b81e1,informatica_acessorios,47,219,2,300.0,27.0,10.0,16.0
b44cc626aea8d2a65572672cb050c083,informatica_acessorios,59,626,1,1900.0,26.0,20.0,28.0
47b49b876c60eafde72f0e1c602f386d,instrumentos_musicais,37,256,1,350.0,16.0,16.0,16.0
7aee02a2be46cc487c6c56c0c420075a,variedades,51,1607,2,2867.0,38.0,14.0,37.0
1162c818d0d0f9f4887164cd636bd760,utilidades_domesticas,55,1776,2,1150.0,50.0,10.0,35.0
3c93c9bcf16515a2c279990471744198,moveis_decoracao,41,992,1,1050.0,17.0,27.0,17.0
705b4a0072a3ecf575b497f895234364,moveis_sala,56,1583,4,14950.0,60.0,2.0,20.0
1cab19d5be9a1286428e85aaebf82906,malas_acessorios,58,1057,3,950.0,35.0,12.0,25.0
01422266d7a3131403364787ef9dab11,variedades,34,177,1,450.0,40.0,4.0,30.0
5533be1a0bbb27d0332f8279556b5e86,ferramentas_jardim,43,1519,4,700.0,24.0,3.0,24.0
ca8eff1e1ee4eddf87ed932497c40c0a,casa_construcao,59,652,8,1450.0,35.0,11.0,20.0
382c2f734ff9d09b3cc73d86f618dbd6,moveis_decoracao,63,527,11,2400.0,41.0,26.0,31.0
65aada843fe9bd51339f00c569d7eddc,bebes,59,582,3,50.0,31.0,2.0,28.0
53a49e6f80917f8d611ec74ccf84c157,utilidades_domesticas,56,757,1,20450.0,43.0,79.0,41.0
f2e024d05f3ba35de72a41c503d819a9,eletronicos,33,588,1,1650.0,26.0,35.0,26.0
800f75019492a0d9ffb2483ae65b59f1,fashion_bolsas_e_acessorios,33,371,1,100.0,17.0,3.0,12.0
b8c2cf7e813b0eb7ec62f7459217b22c,variedades,,,,1800.0,40.0,23.0,13.0
fc7a99a9bea1e3544a0712c0649595ec,beleza_saude,40,1624,1,3500.0,18.0,11.0,36.0
4494cc0c66d02e91c0475a9610c2749f,eletronicos,40,166,2,900.0,30.0,15.0,30.0
6050226662d4986e159f6649567b357d,esporte_lazer,47,301,2,550.0,30.0,20.0,30.0
4cc10c744962c909b9612c462b3f5c7c,ferramentas_construcao,51,329,3,150.0,16.0,8.0,11.0
333789d98505fa09e6e270b62360996e,moveis_decoracao,63,810,6,550.0,27.0,15.0,20.0
f6eba18c85e97922a606efd9b6455890,utilidades_domesticas,60,1624,3,850.0,25.0,11.0,18.0
78ae9099d0b8c74be6cb8deb9bd84f8a,bebes,37,325,1,850.0,36.0,4.0,29.0
5977232d42fd3aaa6789e1f50933661b,utilidades_domesticas,44,785,1,3100.0,30.0,30.0,18.0
a5e07b2dd7b9c8e7c970e9a2fbb5932e,utilidades_domesticas,40,240,1,185.0,20.0,15.0,15.0
059fb7d4b3383690a65610a1d6320e7e,telefonia,42,442,1,100.0,16.0,2.0,20.0
7724d1e2711ecb5f0b7678257e1a1cc6,artigos_casa,58,277,1,8500.0,50.0,18.0,28.0
0979deef723cf684a3aa7e4303f99fe3,papelaria,58,74,4,450.0,30.0,19.0,30.0
af958790ccbac40ab33fc75971df69b1,esporte_lazer,40,1439,1,950.0,45.0,35.0,20.0
43552814c90350f6309022c6de596cbf,livros_interesse_geral,38,286,1,300.0,23.0,2.0,16.0
d10f7bc1a57ebe26d5994076f2bfa06b,esporte_lazer,60,1020,4,296.0,16.0,20.0,18.0
0419e76e19f81672eb13b6a8bd19a5cb,moveis_escritorio,30,2071,1,14600.0,58.0,20.0,58.0
b04942f7c5539423237bd420009dc291,brinquedos,35,106,1,300.0,32.0,10.0,26.0
0e34187d4312b97b5e698836d28ed040,climatizacao,50,474,2,525.0,16.0,17.0,12.0
343f9a709f19a5f4af650ac0b0ca7f74,esporte_lazer,50,156,3,450.0,21.0,25.0,21.0
e8721f5914c9d5f55e228402b21351ad,eletrodomesticos,48,1609,1,950.0,22.0,29.0,19.0
7efc564221bdfb4d94ab9418ffb7ff8a,moveis_decoracao,55,280,3,5650.0,33.0,33.0,43.0
369dfa384d5ad2a0cb97cb4cda846c47,esporte_lazer,58,3784,7,225.0,25.0,18.0,18.0
fc5010afcac79b05b2e4bc8e5912092d,beleza_saude,50,1001,1,3725.0,20.0,20.0,20.0
54b391a91c3b1a1e22af86434155834d,artes_e_artesanato,35,99,1,267.0,24.0,7.0,13.0
81e864337e4e8fc1d981a01e27a86be1,moveis_decoracao,45,489,2,600.0,30.0,20.0,20.0
fc2a10fccd980a626042e02b0948269d,perfumaria,53,375,4,450.0,27.0,7.0,13.0
09c85a316aae843ab464c8c55d6f8b80,automotivo,25,728,1,850.0,25.0,25.0,25.0
2992eb3b34fd8412691106df42afa6e1,esporte_lazer,30,349,1,1500.0,38.0,28.0,12.0
c41f7d21dd7456c83470a1ab0076794f,brinquedos,43,914,3,1458.0,24.0,22.0,15.0
48ca75f9775562a7c9b696daa1677fce,automotivo,63,1676,1,8600.0,31.0,31.0,31.0
ab6daa82c0ec6a0a6898c06151cc3c64,papelaria,24,849,4,3950.0,53.0,4.0,43.0
58a84286399d234f7234d54d9daf6418,beleza_saude,49,800,1,2450.0,30.0,12.0,16.0
0f2c63b139240497322ea965de3f694d,telefonia,52,304,1,125.0,18.0,5.0,12.0
ecc1323a42fb16f485902b43aef03a03,artigos_casa,54,315,1,1300.0,40.0,7.0,31.0
a835dd882c7fb9015ed50ed25e4a1410,variedades,47,812,4,200.0,28.0,10.0,12.0
54b5d1594234247b378817e2f67a49aa,seguranca,27,686,1,575.0,17.0,15.0,50.0
2e0522d6646a3ec13a5507f212ecb614,artigos_casa,54,625,1,800.0,16.0,10.0,16.0
b1ffef38f0db9fb4e1a6f91b47ec63d4,telefonia,45,636,2,100.0,20.0,20.0,20.0
376c3b8593f2ab163a7c1036e8307123,market_place,50,511,3,2600.0,45.0,20.0,20.0
2feb83b6c3b3380b8822146538c70f7c,livros_tecnicos,40,971,1,700.0,22.0,5.0,15.0
6cb77fe886eb23d371dcce2d429612a7,utilidades_domesticas,57,742,1,1450.0,33.0,31.0,26.0
7040efbf34575afa74e3c6d607336c74,telefonia,16,347,4,200.0,22.0,5.0,16.0
da549e6a420b6f352a9d7d9b50d7b575,brinquedos,37,721,1,400.0,25.0,12.0,40.0
ca112abaf32e02d400ee34f6352b8f44,iluminacao,58,223,1,200.0,22.0,22.0,22.0
73abf6f6dfa98d1d04760f4cc1370b07,automotivo,35,69,1,3700.0,30.0,7.0,25.0
40cb225d40f0acc7c8a2dc7b27176874,informatica_acessorios,58,204,1,523.0,24.0,14.0,19.0
23cb417be12fb9557a815962aedefff5,utilidades_domesticas,55,495,5,200.0,30.0,20.0,20.0
ebceb9726cf5c6187b48e17fe58747b0,artigos_casa,50,696,2,200.0,25.0,5.0,18.0
69abb160096c6a83656bff3c715a7497,brinquedos,41,225,1,150.0,20.0,20.0,20.0
ddceb6eef6af67e9fbbd4c148dbe5fd9,variedades,52,516,1,4650.0,37.0,20.0,34.0
7506dc43a0aaa509475b7522abfdee9f,utilidades_domesticas,53,801,1,650.0,20.0,10.0,15.0
9ba0a80d7ee6698a4ff8af48e37ddcbb,variedades,57,949,2,400.0,25.0,15.0,24.0
ca7f35fd05183d25040deb558fcf2317,artigos_casa,47,1339,1,1250.0,45.0,8.0,35.0
eb6663ccd7aa2159c1f15e557cff4a3a,pet_shop,63,1450,3,3250.0,35.0,20.0,45.0
705a1f81c8ee4b8b6acd64ce60cc3079,moveis_decoracao,29,710,2,22800.0,90.0,44.0,42.0
2b24cfb25ee90eaa2ebc34844fba07b9,livros_tecnicos,57,2106,1,2000.0,33.0,6.0,22.0
1f78ffcfb88226a0905e335084c1fa5d,artigos_casa,56,186,1,10300.0,31.0,71.0,51.0
a4bddd2ee75396cc2e47bdf21343261d,artigos_casa,56,422,1,15200.0,16.0,10.0,16.0
f5eeb0828b6adcc6d7a313db480a9037,brinquedos,39,1223,1,333.0,18.0,15.0,13.0
ba71302e3a8b2129024487a3e54bc2fa,variedades,,,,400.0,30.0,30.0,11.0
9391a573abe00141c56e38d84d7d5b3b,artigos_casa,61,407,1,5200.0,45.0,15.0,35.0
e8978d476d166c952ffba0ba4b94097e,artigos_casa,56,123,2,500.0,70.0,8.0,60.0
2befa4541c8bf3f4c76ebbed873f628f,eletronicos,20,1839,1,8100.0,39.0,31.0,33.0
035a4019c8009b57768aa3c1e1ad63a3,moveis_decoracao,56,1472,3,1900.0,53.0,8.0,11.0
28e23776d8404a3c92ea8b79b5666229,eletronicos,25,289,4,525.0,25.0,10.0,35.0
19ee3f358951bb4ffb50cfc4f3780449,beleza_saude,51,558,1,200.0,20.0,10.0,20.0
3648e11d15ee75fee70a690f89bc9100,ferramentas_jardim,36,447,1,9700.0,28.0,41.0,36.0
fca5d31cf768e5bf8a75483fa7f4674c,moveis_escritorio,59,1141,1,11400.0,52.0,52.0,16.0
2265e8aa066cc6c4528d4be900eb5b64,moveis_decoracao,53,399,4,950.0,40.0,15.0,31.0
db1974a41d276776c3fe1e917aa1117e,brinquedos,38,216,1,105.0,18.0,13.0,16.0
50063fba038aabf31446889396187973,instrumentos_musicais,53,1000,2,1050.0,30.0,30.0,30.0
5ddab10d5e0a23acb99acf56b62b3276,utilidades_domesticas,56,548,8,450.0,30.0,20.0,11.0
54cf6855290fa84f4229157050027d5d,ferramentas_jardim,63,3581,7,21900.0,60.0,25.0,45.0
9a290f7a53618827319b1a927f1a62b4,ferramentas_jardim,45,595,3,6325.0,35.0,35.0,32.0
827abcada2c9f7862ef735fd765b87b1,fashion_calcados,50,375,6,300.0,29.0,7.0,16.0
5a848e4ab52fd5445cdc07aab1c40e48,variedades,,,,400.0,20.0,12.0,15.0
11ea7ef0494533fd1015c7140874cf0e,utilidades_domesticas,55,2660,1,850.0,43.0,5.0,24.0
24e8c79f39c68fbdbd57a5813ae72b94,relogios_presentes,22,852,1,225.0,19.0,12.0,15.0
28f2e74ecd7f12eab02ca9b3c2bd9c5f,utilidades_domesticas,45,353,1,1100.0,16.0,20.0,26.0
1961b9b9aa8a6aa6fce7ab329c05fa9b,artigos_casa,50,640,1,1300.0,16.0,10.0,16.0
6ea6babb12521a80daebf65b6d0c864f,esporte_lazer,50,970,1,600.0,16.0,16.0,16.0
8232a265a535c1f886b38335667be2a5,bebes,59,1133,10,800.0,30.0,20.0,40.0
058755c380722a806fc5440093c2c5bf,artes_e_artesanato,50,923,2,1947.0,98.0,6.0,44.0
400a34a0f268b8c1d7e6dd793d8c7ee4,esporte_lazer,28,218,2,1100.0,60.0,15.0,15.0
c3309944c260af795614f886c749e6db,beleza_saude,60,725,1,700.0,18.0,15.0,15.0
dc861f18267cce21f3b70f9f7990b8ce,beleza_saude,53,450,1,30000.0,55.0,75.0,61.0
ea1185fcb2a7197e60bf9680e889f475,artigos_casa,57,617,1,6450.0,30.0,30.0,30.0
322b149a56769e166a6fc004f3181622,moveis_decoracao,33,765,1,15100.0,59.0,20.0,38.0
79c619b1a012a01b9280d686b5938fa1,malas_acessorios,43,712,5,900.0,30.0,40.0,20.0
ece3f9ce600905d426c4a029517f0635,perfumaria,56,1954,5,400.0,20.0,5.0,12.0
24dbd57bf68a29e64c462b88087b93ed,musica,58,1351,3,7450.0,100.0,12.0,47.0
e766d04f4dd2f3b88523f2f67ab80e2d,moveis_decoracao,56,1892,7,3000.0,69.0,11.0,11.0
ba05e2861971098fc7ecd8162c23452a,ferramentas_jardim,63,692,1,850.0,22.0,7.0,17.0
1f532d60bbc8273d9dd553120f6e47d5,ferramentas_jardim,59,1609,2,6950.0,21.0,65.0,21.0
e5249837b36a63c71e6708fd6a1fdc6f,telefonia,50,554,1,200.0,18.0,3.0,11.0
f883c296edea388761ae3de2bc4870f3,relogios_presentes,33,176,2,200.0,16.0,2.0,20.0
909b8b99af97c9cb9186efba9745c418,perfumaria,31,2230,1,700.0,19.0,16.0,19.0
bb8fb197bdc7f3b6ce2939b5be48b19e,ferramentas_jardim,46,1116,8,575.0,23.0,13.0,23.0
0b0c04563408d8d1187cdbd6292a89fa,fashion_bolsas_e_acessorios,34,222,2,3400.0,20.0,50.0,40.0
8f1e43e0e3374ed8c84df748034d6179,beleza_saude,59,2710,1,1000.0,20.0,20.0,20.0
0fb6b59dfdb5d97bed3bef40ffe49885,relogios_presentes,54,644,1,300.0,28.0,10.0,18.0
1046440f587e8b22c047de8ab39095dc,bebes,59,832,4,650.0,38.0,15.0,43.0
9b6bc732f2918233f7bfc6c132d73d23,artigos_casa,56,263,1,2267.0,49.0,13.0,45.0
441d3f638e532d223ae9a0661abb6de6,utilidades_domesticas,28,730,4,300.0,21.0,7.0,15.0
b4ec3ff71cc57caa8a1a0edf62a97dde,esporte_lazer,51,598,1,100.0,16.0,3.0,11.0
7cd6ba4cdd2990810313f9e049ec8c68,automotivo,63,981,3,2300.0,50.0,10.0,50.0
8569e9a17c2b63e9e6e998dac2dfa533,beleza_saude,59,924,1,150.0,16.0,10.0,16.0
ae2f987a774d66463c1bfcc0a82c3456,pet_shop,49,1180,1,200.0,16.0,14.0,11.0
8abc2d73b55855c07b6888d4b21b3da6,consoles_games,33,1223,1,400.0,25.0,5.0,23.0
c7e27b85b78d4949e880590746f55a2b,esporte_lazer,56,782,1,1100.0,16.0,10.0,15.0
4daa4067268d95d34658a10bdc86f1af,brinquedos,48,827,1,600.0,35.0,13.0,25.0
ffbceea72c6f921df4bb547275b9ca14,seguranca,16,734,1,350.0,18.0,20.0,16.0
8b550a4d1a4ced88dce0f9ff85887e79,fashion_calcados,57,404,4,750.0,22.0,12.0,33.0
c915ddfdd3e9d773e0939691e85f1d38,esporte_lazer,52,1421,1,1054.0,23.0,21.0,20.0
d04ae06ca1423cdc5bd50d87c0f7c372,eletronicos,58,1996,3,200.0,17.0,9.0,17.0
fc2d17e60bdd3349a25f3ca6a802a91e,papelaria,52,486,2,500.0,20.0,20.0,20.0
73de16cead7739484a26999628acfbd9,perfumaria,28,357,1,175.0,17.0,12.0,14.0
59916437bc3183cc1d0e7150d8532bfd,relogios_presentes,57,439,5,250.0,16.0,2.0,20.0
78847bd862c4135f071d06fd92c008a9,esporte_lazer,50,1321,1,350.0,20.0,35.0,20.0
5696d05d2286b4256e0bd99df47919e7,utilidades_domesticas,60,1013,3,2850.0,67.0,7.0,31.0
0e50d32982ca62c8fdbda9eb2df5e65f,relogios_presentes,45,829,1,250.0,16.0,11.0,12.0
94edefbf96e14b332fdb1f57f5935734,esporte_lazer,50,789,10,200.0,17.0,10.0,11.0
1f5f0f003ce8595ad88fb215ec1409e6,audiovisual,52,1015,5,1950.0,60.0,15.0,15.0
ef79ec374ba852bbced7662285946619,relogios_presentes,56,864,7,350.0,16.0,2.0,20.0
b819ed236b82096e16417593eda54f26,ferramentas_jardim,46,1135,3,7700.0,18.0,64.0,40.0
fa1faf99691e04a296f0f8d11c58ac24,moveis_decoracao,48,3175,1,800.0,41.0,23.0,25.0
0eab6e0791144ef4f29404a4a0a8fecf,esporte_lazer,25,648,4,400.0,20.0,15.0,15.0
d88d701f11e14213198868c769856a38,informatica_acessorios,57,664,4,890.0,27.0,20.0,34.0
bdcdac3808387127799361ff2ce69f06,perfumaria,42,1273,2,500.0,22.0,16.0,16.0
fac6b6ac6697b0e439e1dc0203b1ec53,utilidades_domesticas,48,389,1,3200.0,16.0,10.0,16.0
e3666e22533af88b1cbd15536ad6d903,esporte_lazer,52,356,7,500.0,33.0,13.0,18.0
98d472f20cae77b0c09f282210da5082,esporte_lazer,31,1444,1,200.0,30.0,8.0,11.0
277e5a33059abc0cda00fa1db8a8dc2e,utilidades_domesticas,31,493,1,5380.0,37.0,31.0,35.0
f6255ba641ecb52b580793c20b7d728d,eletronicos,60,333,1,225.0,22.0,11.0,16.0
5e98eec44c208da92f2b66345586a229,ferramentas_jardim,42,438,6,150.0,16.0,16.0,11.0
189f163ac190749c553a4835c22aa3a8,bebes,49,1066,2,257.0,44.0,12.0,24.0
f7fa667a6b61aa22c87162434b71587b,variedades,39,783,2,600.0,60.0,16.0,20.0
ab3eb1fb849b7bc1bced7180c5a14f77,consoles_games,40,182,1,567.0,20.0,14.0,18.0
f921da19d229dad9bf3a94e86e7f7f32,utilidades_domesticas,57,360,2,5250.0,30.0,30.0,20.0
b26309a170c13aac40126a8ef3400e07,moveis_decoracao,22,425,2,150.0,16.0,22.0,18.0
752aa5bbc175624474d9dc15558755e1,artigos_casa,33,215,1,600.0,40.0,5.0,30.0
f4f20f082b033ee3aaff51af1ed25a5d,informatica_acessorios,56,672,1,2250.0,16.0,18.0,16.0
5ec2fe11e0ac7dd57adeb453da7757dd,esporte_lazer,49,1416,1,250.0,16.0,16.0,16.0
ea7f23122fd317be5901ac4a467d3c6b,fashion_bolsas_e_acessorios,38,840,3,1150.0,41.0,13.0,42.0
e4d325bd1eea550509bdbbc5c3301fc1,perfumaria,59,874,1,525.0,16.0,16.0,18.0
54ad5859b44c8ff3b83abf1f024a2007,brinquedos,47,519,1,1450.0,40.0,20.0,30.0
17c092cc98bba142fa0168733da00d3b,informatica_acessorios,41,1005,3,150.0,18.0,3.0,11.0
3cf5cfc31b982215dbc7c61cd0bcabe2,moveis_decoracao,24,153,1,400.0,21.0,4.0,28.0
02034d6c9c4814a08a3a0f5a6ad84332,informatica_acessorios,52,278,1,200.0,18.0,8.0,16.0
e9e7c986c179d190220afed62bbfd79b,telefonia,58,776,7,300.0,17.0,4.0,12.0
f4e4b2101f8c3afd7b8a8546e9d706f4,eletrodomesticos,50,356,2,225.0,28.0,13.0,18.0
fca32487845a373fbc6c334ac5bf663c,telefonia,54,526,1,150.0,19.0,4.0,11.0
5b7e1c33e4e9e477847a8a031353ff40,ferramentas_jardim,59,166,1,1600.0,45.0,15.0,45.0
bff799c85e5634f63ec5c505220d1cde,automotivo,58,408,4,250.0,25.0,15.0,20.0
3b8c4349c3256c61f1c1d7181267fe76,beleza_saude,59,1289,3,23975.0,80.0,50.0,48.0
34d9466efb839455c18a915fb8b92b1b,papelaria,39,722,1,250.0,25.0,10.0,15.0
e430b2d0b990d419435ab2803b430fb3,esporte_lazer,37,313,2,435.0,19.0,23.0,19.0
d38001d747d4cd832d1ceb2c2d3ca15d,moveis_decoracao,30,1466,2,1700.0,38.0,25.0,33.0
fc22eb7bba78fd67da33c9acf162d592,casa_construcao,43,445,1,3500.0,50.0,25.0,30.0
3362ef5324870dec8f228bc39f93245b,utilidades_domesticas,57,664,1,1100.0,24.0,28.0,39.0
a50acd33ba7a8da8e9db65094fa990a4,automotivo,53,555,1,4105.0,67.0,10.0,67.0
0c6ebd37c6842a5adbcd801030ec1c29,moveis_decoracao,21,414,6,400.0,54.0,6.0,11.0
82171fcb587a3c4da7db45e5b6527a3e,artigos_casa,60,1340,1,100.0,28.0,10.0,24.0
a3309868978f986b3865b8a3729192e2,artigos_casa,28,246,1,1025.0,35.0,10.0,18.0
33a85d94302e1c6fd9890d9501cf05cb,papelaria,56,1212,4,850.0,28.0,13.0,25.0
c4b8fa873cd5c5a132af8e9a885f9a0d,esporte_lazer,46,554,2,400.0,31.0,10.0,35.0
42d2add84cc80443a8128adc87b6a958,perfumaria,33,1458,2,467.0,19.0,10.0,14.0
a5f4a44a6b2871128407dc666bfff66b,eletronicos,31,724,3,600.0,17.0,17.0,20.0
657aa59c6c58816ddc4f86c51a2759c9,bebes,56,322,2,1550.0,37.0,35.0,32.0
8776ca0117daf03227870f2095f9b511,beleza_saude,32,411,1,650.0,19.0,17.0,15.0
72f3781e31206029b40584266bb01799,artigos_casa,39,89,1,900.0,33.0,9.0,38.0
5ae533eac9c0e93b3f89bc9aea079ed9,informatica_acessorios,58,1340,1,83.0,12.0,8.0,8.0
eedc20781b2e095ce09617ffc959e188,artigos_casa,57,293,1,3600.0,40.0,10.0,30.0
c7849d509582f1b40fe3269fbecfb00d,informatica_acessorios,54,225,2,900.0,20.0,20.0,20.0
bbfa49ac69fa06b8e7571151a08346c7,consoles_games,27,641,1,230.0,17.0,31.0,22.0
358f9c828a6dc15064ce2b9acdf38bf9,utilidades_domesticas,59,332,2,700.0,18.0,40.0,18.0
3b967178828b90699459383919d5d53b,malas_acessorios,60,2494,5,21400.0,32.0,77.0,52.0
c71e30e1285841f78393e11f76177675,esporte_lazer,34,1264,1,150.0,16.0,17.0,22.0
1d24c180dcf6365fe1f3fc14c0cc589a,artigos_casa,55,255,1,1425.0,43.0,10.0,33.0
64cc3c7698b70c71f7f1ce671c112ad0,beleza_saude,45,700,2,150.0,20.0,20.0,20.0
584d2812194b6a09a05bb9106009b473,variedades,,,,14300.0,70.0,30.0,50.0
29313c7daada9c7f09bed37fda499026,relogios_presentes,42,742,2,300.0,16.0,13.0,13.0
4828a218442ec2f75d8f75f4c0552781,artigos_casa,59,544,2,16950.0,40.0,20.0,30.0
c72e18b3fe2739b8d24ebf3102450f37,telefonia,58,794,3,6050.0,16.0,3.0,11.0
db34e1e6f14cc3755d9149fe8a1de9fd,variedades,38,1513,1,1550.0,28.0,36.0,27.0
f027a7f215ea97926c427c5b0b313f9d,artigos_casa,53,384,2,800.0,30.0,10.0,20.0
319a34188248a8d88d6734492636e66b,fashion_bolsas_e_acessorios,56,343,4,200.0,24.0,9.0,16.0
e09cef1f7f2bc3a9c9d996608944de19,artigos_casa,50,325,2,1300.0,37.0,23.0,35.0
d93e0523fc2cc1c5a81d432364ed2d06,artigos_casa,41,201,1,950.0,49.0,7.0,39.0
17383e180cbea9ef103d90a72754cd54,utilidades_domesticas,62,997,1,30000.0,32.0,75.0,32.0
d9e7d13814ea50f9ae1f612ef6b3a1f1,artigos_casa,55,556,1,650.0,16.0,10.0,16.0
9b6537fef0e6b345c644e019dbe8ac1b,casa_construcao,59,1251,1,550.0,16.0,16.0,16.0
95d0a6638a6e975feca32e90c15ce526,consoles_games,51,1340,2,500.0,20.0,15.0,20.0
3224c13472391d58f101518203e145f9,variedades,46,596,2,500.0,16.0,12.0,22.0
0b98b002389531232d83d333e3883dd0,ferramentas_construcao,60,723,8,1450.0,30.0,10.0,20.0
cd46fbff1f4a0d9b923f70e332add4b5,perfumaria,17,320,1,100.0,16.0,12.0,11.0
501ba963d8353c19c7f79d8ffc268993,telefonia,48,1360,2,50.0,18.0,6.0,11.0
1cc61b32763a4d816212b3507b6b6c59,livros_interesse_geral,55,556,1,1050.0,27.0,30.0,16.0
fad983a47c56c7050eb43010269ee36f,artigos_de_festas,58,424,1,12150.0,70.0,25.0,39.0
9aa7ddfe6525f9fa77ace664d52ee791,perfumaria,50,1022,1,500.0,16.0,16.0,22.0
bdd7ae3003cbfd7704d3664e85201ba0,papelaria,51,318,5,4600.0,60.0,20.0,29.0
01604238fbc11ce379e537a76b26bc94,eletronicos,29,510,1,125.0,21.0,17.0,17.0
4720b3e7d949046722aaa29eb7c29d9f,utilidades_domesticas,50,300,3,300.0,16.0,16.0,16.0
65ab2b4e40425acec6125e3d48919b2e,variedades,,,,1850.0,31.0,30.0,28.0
bfa8fb32cecbf90899f6f517b77a766f,moveis_decoracao,47,610,1,2800.0,30.0,35.0,30.0
717e96fd0fc2d06fe158982bce5e6a8f,variedades,57,933,1,1700.0,43.0,24.0,31.0
6ffccc089c964ffc65eb623f5acf4a1a,moveis_escritorio,53,1084,2,25500.0,48.0,45.0,56.0
635b74f3dd5462e3c133b42cd9299fa2,market_place,47,121,2,200.0,16.0,20.0,16.0
1f44a842567301d9eb5c36641e17480f,automotivo,59,1648,3,600.0,16.0,21.0,18.0
3a3d2f7c5abbf11ef8fadf732bb675e9,esporte_lazer,47,452,1,280.0,25.0,5.0,20.0
2084a7e9b0fac4aca4265ccd0240bd0d,moveis_decoracao,58,446,1,450.0,29.0,12.0,26.0
1d0d355ddb548ca289943c135b3ea7c3,moveis_decoracao,60,289,1,4450.0,104.0,6.0,34.0
9fe5201316c8185058e8a4056e53cc78,eletronicos,47,893,3,550.0,20.0,10.0,14.0
777c635c0e75758c283037a6ae684c20,automotivo,45,140,4,600.0,16.0,14.0,13.0
b9775d8418a0f0dd37b53431e90572a5,informatica_acessorios,31,488,1,215.0,22.0,10.0,18.0
48c50c7181ca1507017447595d399b8f,malas_acessorios,51,870,2,900.0,40.0,20.0,30.0
b4af6057abfd298e3bddc365a8fe14ed,automotivo,60,1028,4,1500.0,40.0,6.0,28.0
3c949889a3c11ae9d33a721d9efa6e7d,alimentos_bebidas,38,380,1,1450.0,16.0,37.0,11.0
15b97877de8d9061b450f77805b0f95d,utilidades_domesticas,58,1847,1,150.0,18.0,9.0,12.0
8d15106f1709b2a5340c0141ec76144e,artigos_casa,50,218,1,2700.0,40.0,15.0,40.0
c4c273fc9291c33a56ad3f006fe567e4,perfumaria,30,842,2,390.0,19.0,14.0,14.0
3763fffb56c390429e57e053173a47cc,consoles_games,28,806,2,350.0,20.0,30.0,20.0
586767b4866eb690de111248e18d3909,papelaria,53,198,2,150.0,24.0,7.0,14.0
9d1893083966b9c51109f0dc6ab0b0d9,iluminacao,59,976,2,1000.0,16.0,20.0,16.0
d1833b7b959fa2d25e6d970bda08f59e,instrumentos_musicais,52,1112,2,5400.0,21.0,39.0,41.0
24c66f106f642621e524291a895c9032,beleza_saude,37,325,1,792.0,19.0,14.0,16.0
6d1d611877ca6fe8901e27ea00df988b,brinquedos,59,805,1,650.0,33.0,14.0,23.0
2f045a2d0457b68c32cf190eb0f4429f,relogios_presentes,53,775,3,120.0,16.0,11.0,11.0
98de98bcd25120495ad55c516a11a531,malas_acessorios,60,742,2,1400.0,50.0,50.0,20.0
b6479253a96bba2404fe3273ef520eae,utilidades_domesticas,55,405,3,12100.0,80.0,20.0,33.0
39c0f867b8567f91295186c270767552,fashion_bolsas_e_acessorios,56,631,4,300.0,22.0,14.0,22.0
b296b1ee06b6739f8bc6b1d41d06dbe0,pet_shop,56,1496,2,553.0,23.0,17.0,19.0
c77780d5086829345e6632976fb648a0,utilidades_domesticas,59,595,2,850.0,21.0,21.0,21.0
6a8631b72a2f8729b91514db87e771c0,eletronicos,54,614,1,100.0,17.0,6.0,11.0
a3f487d2926f4af42e86454a8ec474c1,informatica_acessorios,44,273,1,575.0,33.0,19.0,19.0
a86859b91d632c991b914aead6ec8ad4,seguranca,60,1170,1,450.0,16.0,5.0,16.0
d2b0f9cd5e31ed47dbf92b157c0cda96,esporte_lazer,46,1271,5,2350.0,62.0,10.0,22.0
9fe67dbcc33795d7fafe354d7c850115,artigos_casa,36,558,1,850.0,25.0,16.0,23.0
abd7f7a1bd327a8f1f363abfc0f87391,fashion_bolsas_e_acessorios,38,367,1,100.0,17.0,3.0,12.0
d9a51912372ce82133d91ad4dccba508,alimentos_bebidas,52,708,1,500.0,28.0,15.0,20.0
bee760e5d1648771c6923cc199b11ba8,bebes,48,892,1,200.0,16.0,5.0,20.0
970cf7662c7fd49ded81e7a0ab1a85e9,fashion_bolsas_e_acessorios,40,562,4,100.0,17.0,3.0,12.0
8d2597b69d4374f067b17eba13383a0e,beleza_saude,60,728,1,225.0,18.0,9.0,12.0
df64236f60ba2eb87cfd76fd7cc73198,brinquedos,48,1006,2,2300.0,61.0,26.0,26.0
0780ab4d63c3fa0b95d7f17f66a3444c,informatica_acessorios,59,393,1,1000.0,30.0,6.0,16.0
3d5837f86205fe83f03fb5f7e4d5b9cf,brinquedos,42,1002,4,1017.0,37.0,5.0,37.0
4680d0c534e54990d8579f41dd239901,artigos_casa,49,564,1,600.0,16.0,10.0,16.0
e4835fa9d35d4226f23380c4a7cf12ec,casa_construcao,58,591,4,1250.0,50.0,20.0,19.0
7d3297b1d734f63d40632fcf8e1a2cec,telefonia,59,777,6,300.0,17.0,4.0,12.0
f17d1aa5300d268089a9c5136dbeb6b0,fashion_bolsas_e_acessorios,40,61,2,200.0,16.0,10.0,16.0
5fb16f8f2e12b5272baecf3b79914523,artigos_casa,57,1483,2,2250.0,43.0,8.0,33.0
abc3c2e40b0c9b7b115a96bc6c919ae1,papelaria,47,484,1,1050.0,21.0,10.0,16.0
682dfc07ddf94410a1fc2b5d45e843b9,informatica_acessorios,41,374,1,611.0,26.0,17.0,22.0
951a34095c22df5c4f688dcc5b83185e,moveis_decoracao,33,715,2,3900.0,18.0,26.0,38.0
d9ef8862928998b3921fa52eb30c5fe2,beleza_saude,42,361,1,100.0,27.0,28.0,27.0
437ae72c066abf24996b52549bbb6432,industria_comercio_e_negocios,53,720,1,300.0,80.0,50.0,50.0
56c0a9eb43edf8247a0a2ef0f08af0f5,artigos_casa,49,440,2,1000.0,50.0,16.0,16.0
262f65b4fffa70d0216e5aafde271967,beleza_saude,55,567,5,200.0,16.0,16.0,16.0
c4a235a34fa3361e6746f11175504a94,beleza_saude,13,1778,1,200.0,23.0,9.0,14.0
88c09dd121ebe0b119a759773d405cc4,variedades,,,,300.0,22.0,9.0,16.0
620b45f968a49556658d15ef8560a30d,informatica_acessorios,54,581,1,1100.0,16.0,16.0,16.0
0ab80f38a21093b448518f68efe82c24,utilidades_domesticas,63,245,3,200.0,16.0,4.0,11.0
79386b418cae9b5319945ad13608496d,utilidades_domesticas,49,595,1,1500.0,30.0,30.0,30.0
9959d419a0794c6464cd18c2d6dd23fe,moveis_decoracao,60,539,3,650.0,17.0,17.0,17.0
38e1784cae89a04473ff96b4ae246419,moveis_decoracao,57,281,1,1350.0,30.0,5.0,45.0
c429a719cac9a29bfb5749d8f9043dae,perfumaria,40,1389,1,457.0,25.0,9.0,21.0
f39a8b27ce90ac582103bf36f09690dd,consoles_games,59,1914,5,300.0,16.0,16.0,16.0
3324aa942290884678b0b2af79d3250a,artigos_casa,50,501,3,1300.0,34.0,2.0,29.0
08820f7bf5d0df4247c9f790f94f376c,informatica_acessorios,59,375,1,850.0,32.0,16.0,16.0
f9e4900e477f557c368d218065353b5a,telefonia,19,282,1,90.0,19.0,3.0,11.0
0f4a3e29a1c122f94fe4c48c49d9cfa9,esporte_lazer,56,661,3,6850.0,93.0,6.0,93.0
d99526b1e4fa5f57b8bde34a7337b5ee,alimentos_bebidas,45,887,1,250.0,18.0,18.0,18.0
abe0406750c920638274baad5a52d61e,eletronicos,58,458,2,475.0,22.0,16.0,18.0
a704d78958b47246aea55603a798d0ff,beleza_saude,54,259,1,3350.0,25.0,27.0,29.0
64fb13596caf118c438edc5c6ed2d50a,informatica_acessorios,48,252,1,167.0,16.0,11.0,15.0
99444c1e11fc38755dae86f5c67d3d1a,artigos_casa,40,162,1,900.0,33.0,9.0,38.0
e297f32e51682c1c7d6195d58a86d92b,eletronicos,47,760,2,11700.0,60.0,40.0,40.0
fdff6fbfaeefd11afe77be6f416e9c4e,utilidades_domesticas,50,1273,1,500.0,16.0,26.0,11.0
5d790355cbeded0cd60e25cbc4c527a2,informatica_acessorios,38,225,1,115.0,16.0,13.0,11.0
05a9ab81472f6bdcd910cb49b636c5b5,instrumentos_musicais,55,2290,5,250.0,16.0,9.0,11.0
cdf5c5621e09ef8189cee13cce5eb46b,artigos_casa,51,231,1,2800.0,40.0,7.0,30.0
e6fc61fe224249bd106fec6e1751a586,relogios_presentes,53,592,2,300.0,16.0,11.0,11.0
5ddc96fb8e668fa2e46d170c94119dc3,ferramentas_jardim,35,552,1,1500.0,43.0,8.0,33.0
dee98cc0394b12aefccbad334b415c10,relogios_presentes,44,1112,3,300.0,22.0,7.0,14.0
a89dfe409c3d704660aea27a6bbba666,perfumaria,33,312,4,316.0,25.0,9.0,19.0
cc94c5f27ae497887be368de47c43d6a,industria_comercio_e_negocios,32,807,1,7400.0,45.0,15.0,45.0
fbaefac04950112a7da468bc016cc257,brinquedos,56,882,4,350.0,16.0,25.0,15.0
6e4eaf17356be84be6194640c5908c91,utilidades_domesticas,43,275,1,8000.0,40.0,40.0,40.0
27148143d9c0ab0bb016d5c2775b572c,informatica_acessorios,60,1690,2,5300.0,17.0,15.0,30.0
c7182d82bf8681373385017d2b516bd6,fashion_bolsas_e_acessorios,26,245,4,500.0,23.0,23.0,16.0
7859f528174ebd0467278f357d67833e,esporte_lazer,60,1356,3,3400.0,25.0,42.0,25.0
a346944c1cd1e118e4ecc398e51f03a0,informatica_acessorios,57,647,2,117.0,17.0,8.0,12.0
a31e684e2a89e70590f5d6defad05e47,esporte_lazer,45,198,3,710.0,24.0,15.0,19.0
c804537dd3a8ff5f94d3ee384eccfb98,artigos_casa,52,149,1,150.0,16.0,10.0,16.0
7af541d714ea3db608971a40b8f507cb,bebes,50,860,2,12000.0,65.0,44.0,25.0
cf721ee27a3c0f918f7aa1fabe7c6815,artigos_casa,60,222,1,800.0,45.0,15.0,35.0
ff274e9a1f40c1c9bc8a2069af3a0084,beleza_saude,46,578,1,1875.0,36.0,25.0,20.0
8ae1fefcfdc30ea49de246665b6d2713,variedades,,,,400.0,16.0,15.0,15.0
e54ff091b59423b5fa989f753d3bcd8c,moveis_decoracao,50,510,2,500.0,80.0,20.0,20.0
568d3a7903cd345508734bf75e72565f,moveis_decoracao,55,623,2,433.0,45.0,4.0,35.0
bc8b883240abcf055de69c37170844d7,fashion_bolsas_e_acessorios,48,1359,1,200.0,16.0,2.0,11.0
58e03c2c00f9e4f3a35b6cf0d13cbb67,moveis_escritorio,45,2219,1,10050.0,54.0,28.0,53.0
1a2df11a11c62daea6c15fbd3ccf2917,artigos_casa,56,230,1,2000.0,40.0,7.0,30.0
6fba9843ddfdebe33d2625afc8001eb7,esporte_lazer,36,258,2,800.0,28.0,6.0,26.0
c412b0618351955b3643d844e914ab1b,beleza_saude,59,3789,1,2600.0,22.0,8.0,16.0
f8077831f3c3f393fb67b93c5acd8daf,casa_construcao,57,921,7,750.0,16.0,20.0,16.0
2a66698f3c9f8708a0505b5ab2cb380d,relogios_presentes,41,544,1,90.0,19.0,10.0,15.0
fd4b4443bc919df49bbcc062742b8f06,informatica_acessorios,57,683,1,1523.0,39.0,25.0,21.0
d7a2f0c3a43042d52cf8361958342c5d,artigos_casa,47,1384,2,1250.0,48.0,10.0,12.0
4ff38de0673d41a0da1499e300720ef6,beleza_saude,57,525,2,125.0,20.0,16.0,19.0
1468c44dd6c3ecaa8e9b12a8a2a7ed0c,relogios_presentes,37,373,2,300.0,16.0,9.0,17.0
89d845908f978f6a8d8b8779ef177216,automotivo,56,1395,3,14500.0,40.0,20.0,40.0
dd5e15ecf4e9dc32d28e7cdd000b7434,livros_interesse_geral,47,738,1,300.0,22.0,3.0,15.0
1b81160192e096f4cbcf518ffa830df0,artigos_casa,57,310,1,1150.0,36.0,6.0,20.0
f02eae5fd95b59b1ec82397e1ef7ccf1,brinquedos,25,918,1,1300.0,34.0,21.0,34.0
08d207a2357381d924df9b7cffbf2d22,relogios_presentes,59,1057,1,300.0,28.0,10.0,18.0
1ed581dc2a08b818ca4a5a45f563e06b,utilidades_domesticas,50,489,1,300.0,25.0,2.0,17.0
2f9c0e14be2e1e641c76a4d0b3032043,moveis_cozinha_area_de_servico_jantar_e_jardim,60,720,5,6500.0,51.0,44.0,45.0
2216232cbfdfdc984d20cd53acb7aba8,utilidades_domesticas,56,263,2,6800.0,40.0,40.0,20.0
3279fec9ed308116c0546336bf7741f6,fashion_roupa_masculina,55,1241,2,300.0,16.0,2.0,11.0
ad30079acfcea22be08f603414dbc0fe,moveis_decoracao,11,157,1,4000.0,40.0,50.0,40.0
7c42486a2469baf6f34063b23311fcbf,moveis_decoracao,59,2010,2,3000.0,69.0,11.0,11.0
022ff42cced44a2b2cca57061cabb526,esporte_lazer,57,1705,1,3900.0,32.0,35.0,33.0
9b0ad21bbd4384f9ebc28a688e1e81cd,eletronicos,58,116,1,150.0,20.0,12.0,16.0
5438b18d27c3939d1196dbecf3dd325b,telefonia,55,1391,1,150.0,18.0,6.0,12.0
7c03e2562178adecc404571f7c52db4e,ferramentas_jardim,59,1367,1,250.0,22.0,6.0,11.0
dce0150ee801b3300e9cd71e2594c30f,esporte_lazer,41,564,1,1525.0,20.0,16.0,21.0
abcfceb4d3a690bb6b3887235e2854bd,pet_shop,52,514,2,4800.0,82.0,8.0,39.0
f6c6fea19a623d1d948f6e4f8235cab1,beleza_saude,42,969,1,1275.0,21.0,21.0,21.0
6d012b3382ea59666e241f9aa352af10,artigos_casa,59,597,1,6450.0,30.0,30.0,30.0
34eb0685663d60e57a9ca086c8e33423,fashion_calcados,55,344,3,1850.0,36.0,37.0,16.0
4525ba25c6fe12c6c01f869b3226d8e4,artigos_casa,57,273,1,1200.0,45.0,15.0,35.0
00989337a1916a0055eedd1fdb35eb53,moveis_decoracao,55,373,1,800.0,40.0,5.0,11.0
bfd0c7371a844fb057a67f00d67b4a66,ferramentas_construcao,60,559,6,500.0,40.0,11.0,11.0
f3d2cb3d6e117a40abaf754e4d2fcf8a,artigos_casa,47,125,1,1600.0,34.0,12.0,21.0
fa34ea2e5a4169cdbbd9cd605eb2170d,esporte_lazer,54,567,1,400.0,16.0,20.0,16.0
d408eeb36f808d5f6924ec41bdc914be,artigos_casa,58,166,1,950.0,45.0,15.0,30.0
b7edca604f2668c0f41fc7731fe640ba,relogios_presentes,50,527,1,300.0,16.0,11.0,20.0
167b19e93baccb17916b9a6dd03264e7,eletronicos,57,2196,3,220.0,19.0,16.0,17.0
b79361867edbe85462b548334d136a8a,beleza_saude,49,1773,2,125.0,13.0,7.0,9.0
feeed1b9f26cce6eb3cb81af65eddd9e,relogios_presentes,42,139,1,700.0,18.0,12.0,16.0
68d6b012711637d70d3c4e295caaca13,telefonia,56,486,1,150.0,16.0,6.0,12.0
b7d9db2a8c7f078de2c61f891dc89907,utilidades_domesticas,38,249,3,750.0,30.0,15.0,15.0
6ad3413ad491b857999157ee4fc403d9,moveis_decoracao,36,160,3,6050.0,25.0,50.0,45.0
7acf643c9851bf01a16332dfc8e6824f,informatica_acessorios,53,250,1,900.0,16.0,100.0,25.0
7643f9ef2cbf1bd4202b0b7dcc500cad,alimentos_bebidas,24,424,1,300.0,20.0,8.0,16.0
89aefaec68835e01b06728172633e47c,papelaria,27,121,5,50.0,16.0,2.0,11.0
e17f694e7de7c845aebedc0de790ac6c,esporte_lazer,54,227,3,1800.0,26.0,26.0,26.0
d3dab476808b0678b819ac0427903efc,automotivo,51,703,6,8550.0,56.0,11.0,32.0
b018c22a201761d4890a4a33ba8f0633,beleza_saude,37,540,1,1250.0,25.0,29.0,15.0
6a277fb171b6c40f04c0bbb51751b03b,automotivo,59,1519,2,1450.0,35.0,15.0,29.0
bbdf7b7e937d9526d3acd9854d7e939b,papelaria,39,276,3,100.0,20.0,20.0,20.0
f42ce455e63158d56c2323bd054270e3,brinquedos,58,750,5,350.0,21.0,22.0,22.0
236e1b991bd45b40f2f732a22d39f6cc,utilidades_domesticas,60,334,1,450.0,29.0,29.0,29.0
d191e54bd50ba045ac5bc9336572886f,fashion_bolsas_e_acessorios,44,815,1,100.0,16.0,5.0,16.0
85d619318aa201aca57171aabeed0048,esporte_lazer,34,343,1,150.0,21.0,4.0,19.0
deafa3faa1b80a845f4fbfb3ffa5d0b8,papelaria,58,503,1,5900.0,35.0,35.0,26.0
c44fd47f82e429f739693c82c73a43b4,telefonia,41,749,3,401.0,17.0,9.0,11.0
ad4d0d4117b535484bf7e32089e5b1a5,ferramentas_construcao,59,896,4,2500.0,40.0,10.0,26.0
7471782b37dda2ca2b2b22d69be1b316,utilidades_domesticas,59,290,1,1178.0,27.0,22.0,17.0
1be9a7b25f7ddfe1dfda88b9b64f595c,relogios_presentes,52,724,2,200.0,16.0,11.0,11.0
0beb5829bba86b3b5301af11bff8be6a,brinquedos,50,1205,2,400.0,30.0,9.0,18.0
a5260e6fb64e23948b99be5aa3ecc996,relogios_presentes,42,736,2,287.0,17.0,12.0,12.0
42629edd68bffc7993ce24e1a86ebc96,esporte_lazer,51,463,2,1000.0,50.0,20.0,20.0
3a840a54907a1cb180954630cda7928f,utilidades_domesticas,42,175,2,500.0,16.0,16.0,11.0
c1a940820f1f674fe52265f700f72302,perfumaria,52,721,2,190.0,23.0,14.0,21.0
ef4ed7b0ea758f6fb2866ce40f7ac1c7,bebes,34,1574,4,11763.0,41.0,55.0,35.0
10ab16a7860f0bf18ed851ca94ab90a5,beleza_saude,40,707,2,100.0,18.0,9.0,12.0
4c25724f63257e928ef05a8f265e52aa,artigos_casa,56,2077,2,1000.0,40.0,8.0,20.0
de3e45cf635ff24cd354d19687becb43,artigos_casa,49,746,1,750.0,16.0,10.0,16.0
4177b72d13340189543215377d48f3c3,eletronicos,52,1075,1,3350.0,25.0,20.0,20.0
76175ac01298ca4e3db29f07a0a33978,pet_shop,57,2247,7,65.0,65.0,5.0,50.0
ef4540657d5c1a50e8d348744f563d05,esporte_lazer,57,2615,1,1800.0,30.0,50.0,50.0
191bd142a00d0d95fa54118635886d9e,fashion_calcados,57,404,4,1400.0,22.0,12.0,33.0
9e4991475c72f651bfc73d697bf5ecd4,artigos_casa,59,511,4,16400.0,45.0,15.0,35.0
dc893c795714d2a64a0d4f188dea51bc,informatica_acessorios,38,258,1,600.0,18.0,9.0,16.0
13e612c22099fc74828d121f7a057e87,esporte_lazer,58,1235,1,4450.0,20.0,20.0,20.0
2b6668f997fdf67b759b63fa849b0b39,artigos_casa,59,604,1,2500.0,40.0,6.0,30.0
eab2f90face23112d9bf1d4d3e641696,artigos_casa,38,263,1,4250.0,50.0,14.0,70.0
d44c3150b58a93fda867e2e9fccfb9e1,artigos_casa,53,382,1,600.0,16.0,10.0,16.0
c5c5dd6c6033ad9604c120fa51f949ac,esporte_lazer,43,697,1,900.0,40.0,20.0,20.0
51f7f55fd98ebe9e84ecea4511e72358,utilidades_domesticas,35,681,2,2450.0,16.0,5.0,11.0
59467d9d76174a57dcd8e4b431cfd8bf,artigos_casa,58,609,2,2000.0,40.0,20.0,40.0
c92d3f9d69facbffae2637d8b815011e,jardinagem,56,588,1,750.0,60.0,11.0,23.0
f8b624d4e475bb8d1bddf1b65c6a64f6,utilidades_domesticas,46,323,1,2841.0,40.0,23.0,26.0
19944bc70a13c9b62e18a2bc7e913bb6,utilidades_domesticas,54,479,6,400.0,30.0,15.0,15.0
473fd1121bbef1150c089c1225c70f30,moveis_decoracao,57,3571,1,5400.0,17.0,17.0,60.0
26c6145c9687019a428467c8852ae36b,bebes,30,245,3,350.0,60.0,2.0,20.0
c24d97e07dcb8f32a8bfbe755731950a,artigos_casa,46,471,1,10500.0,58.0,20.0,46.0
58e5c5c2d7966172afc6d5e125773d2d,perfumaria,42,175,1,100.0,16.0,8.0,20.0
83a837a76c0753d44c7c12bcb1b96158,variedades,,,,200.0,25.0,5.0,15.0
f0fad8c5dfa2549bff0ca38e82823cf5,instrumentos_musicais,59,650,1,767.0,17.0,7.0,12.0
7405b565a367960901d88f91c514cd90,esporte_lazer,57,1104,8,5800.0,82.0,15.0,22.0
d04bbac48960ecb7ea311b00ca6e1cb7,industria_comercio_e_negocios,52,784,4,11325.0,18.0,105.0,30.0
9bd17c3e3b0cbbb8c17af66a7079407b,moveis_decoracao,30,207,1,250.0,16.0,28.0,16.0
14bc0f89b7126bb00dfa6432d85340de,relogios_presentes,30,156,1,550.0,20.0,10.0,16.0
fe61253e50ad6ee9f1d180da22ce5eef,automotivo,54,2711,5,1050.0,18.0,22.0,20.0
6f33a4a09ae1180a0ee1ff4682b2d21f,brinquedos,49,426,7,700.0,44.0,12.0,22.0
f9b4f8ef12259efd919fbaf21f8f66a4,artigos_casa,40,260,1,4025.0,40.0,15.0,23.0
efa244989cf3907d9491f323b000232d,artigos_casa,53,352,2,600.0,50.0,11.0,11.0
57c8519e414546bcd4311294c2eb4d85,moveis_escritorio,53,1084,1,30000.0,48.0,45.0,56.0
d6160fb7873f184099d9bc95e30376af,pcs,55,3632,4,2600.0,16.0,31.0,39.0
fe286f0c486e06abe661c94f8e1554c5,ferramentas_construcao,55,2411,3,2350.0,16.0,11.0,11.0
b18c7c97215e57be54e530e4db4eadd7,informatica_acessorios,40,671,1,150.0,16.0,16.0,16.0
b99a3303b1ac44f41d753c36cb68b5b3,ferramentas_construcao,47,477,1,1633.0,32.0,18.0,26.0
bc0bfbb69aec0f46d1058bfeb5b973b3,brinquedos,50,476,1,300.0,22.0,8.0,28.0
240160e0aa04afdf29718fc68f92a47b,instrumentos_musicais,48,822,8,7900.0,70.0,15.0,45.0
15908820640cd392b3655fb94cbbc0a8,automotivo,45,752,1,1475.0,23.0,9.0,13.0
9c8d6227bbe62913ca96217005540fda,esporte_lazer,35,274,2,500.0,25.0,20.0,20.0
a5c90160c3e379f7a99ea8052e6c5f9e,variedades,48,1105,1,9200.0,75.0,50.0,22.0
1a6c4373641dbeaf6f12af2427da7719,ferramentas_jardim,60,670,5,700.0,20.0,10.0,20.0
5eb9aa8db351127bf2212636cac6e0e7,beleza_saude,17,2409,1,475.0,16.0,14.0,11.0
be3b8f91ced393f1ce60aacfb6a04c1d,esporte_lazer,52,479,1,5350.0,20.0,42.0,38.0
e0b9f1ae7c2469feb2555a5d42e2fe53,beleza_saude,47,502,1,260.0,17.0,16.0,15.0
ab8b1558bc47d266f0ae41ea420aaa27,utilidades_domesticas,26,169,1,800.0,30.0,30.0,30.0
a0ad09530f4066778a9cdb54f4f70c3f,informatica_acessorios,59,261,2,300.0,25.0,8.0,20.0
010a3a47c14f1295796c08419f32cef6,telefonia,41,285,1,200.0,19.0,5.0,11.0
4638e41e1c53018897e12edbb2815807,automotivo,56,1436,3,10700.0,40.0,20.0,40.0
93f77f106febe8a119cf3662dd609b3a,moveis_decoracao,59,271,1,300.0,24.0,3.0,12.0
f8bb2d19e05c6738d6a11ace3936b153,eletrodomesticos,59,399,1,4750.0,47.0,13.0,26.0
0a2baff646a591a97387bbe599a7565d,industria_comercio_e_negocios,55,460,3,675.0,25.0,30.0,26.0
4d99fe6463cbc101057f59a2380bf2ba,relogios_presentes,55,407,5,375.0,14.0,8.0,13.0
14e40526732f35d38620a487e0776b27,livros_interesse_geral,52,783,1,500.0,40.0,4.0,30.0
7e23aeb084e4f123bb9127b00c20e47e,relogios_presentes,54,555,2,200.0,20.0,7.0,15.0
5e954c4ed342c50436d25d5f50a34919,pcs,59,1265,7,3200.0,30.0,7.0,40.0
0bbf093ffaa05565b79b64ee97f917cb,moveis_escritorio,42,1362,1,11575.0,57.0,55.0,22.0
cb9d764f38ee4d0c00af64d5c388f837,eletrodomesticos,57,306,1,625.0,28.0,27.0,24.0
23601216d4de33d54c6801f27dc59357,bebes,45,235,2,9400.0,75.0,15.0,50.0
8adde8ed66e628e94f29b9832156ab08,moveis_decoracao,63,518,2,500.0,80.0,10.0,60.0
1ecbc86db1d81121dcf8790e2fa31ddd,utilidades_domesticas,58,515,3,200.0,16.0,10.0,14.0
a81e6e4ca394f33cd5a0c89188baecb8,automotivo,58,908,1,3800.0,35.0,20.0,20.0
df7602d6d6510cb4e44764939fb8fd1f,esporte_lazer,60,334,1,5600.0,50.0,20.0,40.0
d0b61bfb1de832b15ba9d266ca96e5b0,pet_shop,59,468,3,450.0,30.0,10.0,20.0
1e10b292e5af5e5af60b4e8bc7726e22,beleza_saude,56,656,1,400.0,19.0,7.0,12.0
4b54b3c4276e14492c3b466f49583f72,ferramentas_construcao,53,910,4,1850.0,55.0,16.0,16.0
619ed4783d277b83ffa8666749d8eb4b,relogios_presentes,57,693,2,350.0,16.0,12.0,12.0
abe135ae574a8969994de86975004972,variedades,,,,900.0,26.0,18.0,18.0
713ac8acf21beae2f7d24437b632c14b,utilidades_domesticas,31,815,3,400.0,31.0,3.0,11.0
5ab535a49436f1b34f5b83ca7375c4ef,eletronicos,59,2306,5,1400.0,25.0,6.0,14.0
1147151b874f436976ef5ad14a8a7694,brinquedos,58,382,1,450.0,30.0,15.0,20.0
0ff85f553a8763acea7d184bdff70e13,eletronicos,51,865,1,528.0,17.0,19.0,14.0
6449ec897c9c3c3bcd296df559f6e746,utilidades_domesticas,43,595,1,1850.0,30.0,30.0,30.0
76ce2d2f67361c55ac7b28fc2f10dc8c,automotivo,54,1340,3,700.0,16.0,20.0,11.0
90ed53d34bfcb4fa1e90656068dd04bc,moveis_decoracao,42,378,2,300.0,30.0,30.0,30.0
9dab18e1ef58157820b023749d339b29,utilidades_domesticas,46,280,2,183.0,20.0,9.0,15.0
9e9a222ec8c28d9ab56658263c17f16c,automotivo,57,740,5,1150.0,20.0,20.0,20.0
372124d6931c4bc48dd0d56075ebee7c,artigos_casa,58,58,1,50.0,20.0,2.0,15.0
b0c025bfe73a24057cb15eeab19ebdf2,variedades,,,,400.0,16.0,9.0,11.0
3d1d7aa3dfc91ac9490303d6c7342e83,artigos_casa,55,427,1,4900.0,50.0,10.0,45.0
f1a460cda5a4029c150531586e8bc024,telefonia,58,665,2,100.0,20.0,7.0,15.0
abba22ec8f8647474e51e996d74da8e7,telefonia,55,1172,5,1000.0,24.0,6.0,24.0
893286a6bb8c754b4c7082d8705e6443,brinquedos,27,409,1,600.0,39.0,29.0,32.0
ace05b62c79dffc86cd12b281dc05b93,perfumaria,34,315,2,200.0,20.0,7.0,15.0
5cebe3c91f03e5d52a1951b3ce8354cd,variedades,,,,1000.0,22.0,21.0,23.0
e53588854973a383ff66d64f0fee88a9,livros_interesse_geral,52,1181,1,200.0,21.0,2.0,16.0
b0158470e56400701f25e14c9cd4a33b,bebes,54,1405,4,1400.0,42.0,25.0,15.0
4d3060c26750a6fcd7af9355fdbff8dd,artigos_casa,59,184,2,850.0,70.0,10.0,40.0
72f027cff2922e7c85a28976ca21a1bb,informatica_acessorios,42,461,1,850.0,30.0,15.0,15.0
773ab202aed98f0a196c38abfd87fdc3,moveis_decoracao,53,280,1,550.0,16.0,6.0,11.0
665adf6cc6e09e6a770ba182ea6a50f1,telefonia,48,3127,3,441.0,24.0,18.0,20.0
6086d4e24d4dd50521452e49bde06628,artigos_casa,44,482,1,5500.0,56.0,21.0,42.0
09f6dccfebfa0688abfc1af640b69e61,esporte_lazer,15,328,2,150.0,28.0,5.0,14.0
603e77844ae424a4842e8cb31309cffe,ferramentas_construcao,59,1164,4,450.0,34.0,4.0,16.0
feb18700015c20ef4ca5098a6288f6f7,moveis_escritorio,44,2233,1,10850.0,55.0,27.0,55.0
e004a3b7f9524967fdb68bb70f850eb0,pcs,57,975,1,13000.0,28.0,51.0,54.0
70d01ae15a5d5ee38388b90c0470d9b0,brinquedos,60,789,2,850.0,35.0,6.0,37.0
b5cc4a8daa5a8b1a4832c03bf74be255,automotivo,58,160,1,1700.0,30.0,30.0,30.0
7a5d2e1e131a860ae7d18f6fffa9d689,beleza_saude,60,575,1,870.0,25.0,20.0,18.0
77bff4816ab0cdd46ae338713dc8537b,ferramentas_jardim,40,1039,5,12700.0,100.0,25.0,30.0
cd98aa29e19c49446df63da64454db07,automotivo,54,1307,6,1900.0,40.0,35.0,20.0
8fd88178b111d5d12b4a85be4ea8bf4c,instrumentos_musicais,50,332,5,150.0,16.0,16.0,16.0
271ce3fc018562e90257af8cd2af06bd,esporte_lazer,28,734,6,825.0,42.0,14.0,26.0
f76a9967d2129cda56d7b3be6cb5c9cf,telefonia,58,637,2,183.0,17.0,4.0,12.0
16c85ec4d9d97a526a3848d6ac11be61,beleza_saude,47,605,1,400.0,21.0,13.0,16.0
c744b9538213403285c97c9f7a53776f,beleza_saude,40,779,3,1000.0,31.0,5.0,15.0
6b42b1f7dfb74bb23a01605fbedd5b85,variedades,54,1596,2,1600.0,60.0,5.0,36.0
616e6167ea0f56aab9c99b6a4ccde743,esporte_lazer,46,1105,1,2800.0,28.0,23.0,23.0
b3b9bbe2bce84b01d3333df71d742590,ferramentas_jardim,50,1109,1,2500.0,20.0,20.0,20.0
7787f84dcc43ef95552cd95d2c86f418,relogios_presentes,54,190,1,200.0,16.0,2.0,11.0
66b538ce389d817a5123146347c3fdc8,brinquedos,38,480,1,4433.0,70.0,25.0,30.0
795156625747aca0c4d4b44d22a5e6dd,informatica_acessorios,45,1464,2,225.0,25.0,16.0,16.0
9b9d1c4bd979b93c138044e032f99780,variedades,56,1024,1,900.0,44.0,24.0,31.0
87c91527351ebab1c422be0f4738480b,esporte_lazer,42,877,1,2100.0,26.0,20.0,22.0
d2347fba1e60ea51f533960fc555baff,moveis_decoracao,39,94,5,300.0,16.0,5.0,20.0
2085b8256faaa5fa29b2bc321eb053d9,telefonia,59,752,6,200.0,17.0,4.0,12.0
d7a0d43b22866d7a8c1c22532daff378,artigos_casa,51,441,2,2950.0,100.0,10.0,11.0
4cf4ced7fc5be2945ff731f99d259c55,beleza_saude,56,1213,1,387.0,21.0,13.0,18.0
c2d1e60e4deda24940c8039c99f08bbf,eletronicos,47,662,1,350.0,16.0,16.0,11.0
b5a97d1ae181cd34c8cb1bef20add54c,brinquedos,48,1416,2,500.0,45.0,15.0,15.0
59af5c511a76e7fe573446f94cdb83b9,artigos_casa,58,223,1,2700.0,45.0,13.0,35.0
393d0083cfbd985699f8b7aeecc572fb,automotivo,60,728,5,100.0,16.0,10.0,15.0
4cb56b0f9b5f53f50d8d2e2278518328,esporte_lazer,38,687,1,640.0,23.0,18.0,18.0
c154ff1c4c87fe2e76bf46db6cd29d59,brinquedos,29,946,1,600.0,17.0,8.0,14.0
01f3a99b81f49109d42540d84bcb8e07,esporte_lazer,28,406,1,248.0,32.0,21.0,23.0
73d38721d4a56eced049801da9d00ddf,moveis_decoracao,52,620,1,2075.0,29.0,26.0,28.0
f1959b60fe1d6a15ca43bb20078bbae1,artigos_casa,42,497,1,1700.0,50.0,7.0,39.0
0fa690a43af8987193508e22fd5b32ac,eletrodomesticos,60,982,4,4765.0,32.0,15.0,30.0
b9471cbef91a12be725aa96bea7d4763,eletronicos,60,1565,5,14250.0,38.0,64.0,49.0
42ed7ff87eec051d7f9364afbf091dd3,eletronicos,53,361,1,15200.0,37.0,55.0,37.0
8603fd58099e4089e9811dfffe1d5ea2,papelaria,41,742,1,14350.0,101.0,8.0,60.0
844aebdc6edf98928371fc87f4a4a106,esporte_lazer,47,462,1,1250.0,26.0,16.0,11.0
f4571941ecc923d35a0293d2c0122c46,utilidades_domesticas,19,934,3,400.0,19.0,11.0,11.0
30001d6521e7d5826eb1881050cea7e7,informatica_acessorios,33,1084,2,150.0,41.0,2.0,29.0
2d0bbec441acd48f8b643a07dd326281,telefonia,59,1460,2,300.0,21.0,11.0,13.0
48a59a89c4c68ff3e20a8b7586f33337,beleza_saude,56,2197,3,650.0,30.0,20.0,20.0
eacd30c806e0bade06019cf94b657d0d,relogios_presentes,52,557,1,150.0,20.0,5.0,15.0
9165e7a5f9ef266f66ca19a816cdc657,variedades,60,585,2,2300.0,53.0,40.0,22.0
dbedc5c46934d0708dd37cccef1c2184,moveis_decoracao,60,87,1,1500.0,40.0,7.0,34.0
db12039c7ff4e850d48e0312fa9b3473,variedades,23,652,2,575.0,26.0,20.0,32.0
f71f42e2381752836563b70beb542f80,informatica_acessorios,34,1078,2,250.0,41.0,2.0,29.0
79882368bfedd5f03e3beed890bd2f95,beleza_saude,36,2221,1,1950.0,30.0,10.0,17.0
c6a45b8202c0b9ec28315a3a43a83ddc,artigos_casa,54,212,1,1050.0,38.0,8.0,28.0
11f7fe3e6faefffa90541a46c3a4398d,beleza_saude,56,1897,5,675.0,29.0,19.0,16.0
60142008404f92c16972d1cb6dd0e3c8,utilidades_domesticas,58,1567,1,2000.0,16.0,20.0,11.0
08eee942c0bcf714dba09fc14206a0c9,variedades,38,666,2,200.0,32.0,3.0,23.0
4ed8030b452688a37d26044e966eff12,artigos_casa,54,284,2,4200.0,41.0,13.0,13.0
4cc2957c5e9b99df42f3a7a19a876263,artigos_casa,57,495,2,225.0,30.0,6.0,22.0
cc1b0e67ffb98a08c886e8c3c27a915f,papelaria,59,251,6,1500.0,60.0,20.0,29.0
286ae430a4ebbf9a6048a42f362fa322,relogios_presentes,52,220,1,750.0,23.0,2.0,20.0
cfcbd616a5634db6b6245c16b449aab8,moveis_decoracao,34,354,1,1500.0,22.0,34.0,28.0
cbefecd2f12e002078d38c62d665278f,esporte_lazer,19,548,1,3100.0,19.0,3.0,19.0
4a2103f59fe65c15afb3cdcd24a7ff70,utilidades_domesticas,52,513,3,750.0,24.0,16.0,16.0
7315c8b2fdde9b7ce4e9fb30ddde010b,fashion_calcados,57,404,4,1400.0,22.0,12.0,33.0
189863ada55d223aa579c28edd1e2353,variedades,22,1231,1,200.0,16.0,10.0,20.0
382d3a69f930988d7ad77f78f31c0944,esporte_lazer,41,569,1,250.0,16.0,16.0,16.0
7c900a8802a6e69db282513a6b159e70,perfumaria,47,466,6,150.0,22.0,11.0,11.0
0eee5c8d0dc71aeb3fcead3dd83abc07,utilidades_domesticas,40,545,2,2100.0,48.0,25.0,25.0
34ed9519613c77484479167190ccaf3b,seguranca,49,342,4,100.0,20.0,20.0,20.0
dc7b5d2b32ae30c86acd229b5ff34dcc,perfumaria,56,451,1,400.0,20.0,16.0,16.0
a2a074bf18230a66559fa3ba6977bcad,telefonia,53,1307,2,167.0,18.0,3.0,14.0
ebc9e1315a80a2aba62fa97df7a0c9f3,perfumaria,43,574,1,550.0,22.0,19.0,21.0
42155695adbe665066ad812855fe523a,eletronicos,60,517,4,200.0,16.0,6.0,14.0
7b371f0aeffcb6d62f97ffebe79c4e59,pet_shop,54,3379,1,7750.0,40.0,15.0,63.0
f2ed77847f3b2e104b246bef65f15d0c,artigos_casa,58,663,1,1940.0,29.0,8.0,38.0
fec094ad5af771b21cf38c6c9e946f19,pet_shop,51,346,1,5700.0,54.0,27.0,36.0
2bb50024a4ce3a095108b812829e4f31,papelaria,42,259,2,200.0,24.0,7.0,14.0
73654d559ec8c7b46ae0c6419cd59072,beleza_saude,42,3156,1,300.0,18.0,18.0,18.0
032c32a02f67b0fad495803ca810689e,casa_construcao,54,923,2,800.0,16.0,27.0,16.0
f832d1b20241274bc51c2d691b0f4b94,eletronicos,60,1219,3,175.0,16.0,5.0,11.0
a27e14cc902719125790cc967be45070,moveis_decoracao,40,451,3,450.0,20.0,15.0,20.0
d057ce621bd15258809e3c0768badd1c,seguranca,36,609,2,575.0,45.0,21.0,23.0
6f404b217e9716c73d4626f722d0b880,esporte_lazer,47,1283,1,2150.0,20.0,20.0,20.0
0350ac874c8937571b129554110ec3b6,audiovisual,52,364,1,90.0,20.0,2.0,14.0
f71a7ef227514bb1feacf612102d6a19,variedades,,,,800.0,50.0,15.0,30.0
fe3dd7b13c2aaf66e4fa4132f5c71da3,esporte_lazer,48,901,3,750.0,19.0,36.0,24.0
a1c3f3f968d87aa2c14861ee7f5a5e3b,esporte_lazer,54,935,3,350.0,25.0,12.0,18.0
ca84f66aece31f9e2298a1b53d9f39ee,beleza_saude,59,526,4,200.0,19.0,11.0,23.0
f82d1ebd3649e6b83c2d0f611cb5c540,artigos_casa,60,162,1,4625.0,40.0,15.0,23.0
c4bb83a29caf7600c1a8bcbca6a85c98,esporte_lazer,56,377,1,150.0,16.0,6.0,22.0
a8557b8cc2880e245f6e7b7dbb0cfb04,moveis_decoracao,32,950,1,600.0,20.0,56.0,20.0
eb05c950151de27dafff354e4a7fcc9b,relogios_presentes,57,631,5,400.0,16.0,2.0,20.0
8c8eb9eb2e47ade1a343cd00f81cbd52,utilidades_domesticas,59,738,6,1500.0,28.0,20.0,28.0
5bb4be64a977a8d78895f043aaa3b174,esporte_lazer,52,1099,8,3050.0,82.0,15.0,22.0
785c2986ce8232a718aaad761ac2a321,utilidades_domesticas,45,234,1,2950.0,35.0,30.0,30.0
06ef141d37f22c5742e445504b5805a7,audio,52,929,3,250.0,16.0,2.0,22.0
53f721e1c5d5cd3825979a5556593dad,moveis_decoracao,33,292,3,533.0,23.0,13.0,14.0
bc74f63361c15c1a5baa5b97ac432e62,beleza_saude,42,500,1,4050.0,17.0,11.0,13.0
648b8a8c89e77c27e1e894e857667f6c,beleza_saude,58,810,2,225.0,18.0,11.0,13.0
61447f1b201702e05090de1afd35c560,beleza_saude,57,696,5,350.0,19.0,11.0,23.0
e4b2809914acb98470a12e7dbbb73a5d,esporte_lazer,43,322,1,150.0,16.0,11.0,11.0
288c3dc4b5fb8592ee07b0c495ab49cf,telefonia,58,259,2,70.0,19.0,4.0,15.0
029e44e66d4690b45077bee6d76799f6,brinquedos,51,392,2,500.0,21.0,10.0,15.0
ea3d1fd6192d8c4443e67d2360461a70,moveis_decoracao,59,926,3,1050.0,40.0,10.0,40.0
d68b7771d853f126569c7e64658e3162,fashion_bolsas_e_acessorios,60,114,3,200.0,16.0,2.0,20.0
af62192c9415dbf2b36c294762acd9ed,moveis_decoracao,55,1892,3,6400.0,80.0,4.0,55.0
64c8ed0f7f4b571f9aa5f2488999d316,perfumaria,60,193,1,1200.0,16.0,16.0,16.0
daa634b8673533acf6639172bc4b2d99,brinquedos,19,246,5,900.0,34.0,7.0,18.0
2365562e74dd46f5e99cdc696c504cea,la_cuisine,49,554,1,1750.0,95.0,9.0,37.0
3801f58e89610213b829e4b6adb9556a,telefonia,53,2545,4,2300.0,20.0,12.0,33.0
7caccd530df9239c2740f03418b4c128,utilidades_domesticas,37,216,4,200.0,16.0,16.0,14.0
4440eee33cc4fe9710fb8b024a128bcd,eletronicos,42,947,2,200.0,16.0,4.0,20.0
31129af5d35d9ff3136470ea2305705d,consoles_games,49,915,3,500.0,18.0,8.0,12.0
c6563a7dfeba47f77da75352afb49d64,relogios_presentes,50,501,2,300.0,16.0,11.0,11.0
1b5517643ad053313be97cde689fa031,variedades,55,697,3,650.0,20.0,20.0,21.0
b7dd82f73b490f8251576c96c4a5bed5,pet_shop,51,345,1,1100.0,54.0,27.0,36.0
7c5514c269002959274a50b996f04e82,papelaria,24,342,1,1300.0,20.0,49.0,33.0
25d2c18566cb8238ee65ecb9ac0f701b,automotivo,60,1227,1,14100.0,68.0,18.0,38.0
eaecab4f1bb8bf56071cf32a8d561d61,automotivo,22,1007,3,200.0,35.0,10.0,20.0
0dc88ec6b2635cd62b46f0f1d4c714ee,casa_construcao,57,231,2,4100.0,27.0,27.0,31.0
885767551f6e62036547d2ec333f1daf,informatica_acessorios,53,349,1,880.0,32.0,18.0,17.0
c831ad5c44cdf4b4cf324dca0f4f6d8b,fashion_bolsas_e_acessorios,35,221,2,100.0,25.0,5.0,16.0
50fb810523dcd3bd271eb7b6d2468988,brinquedos,45,1227,1,4633.0,57.0,73.0,36.0
985bf2af90ac31349ca19417e2752410,casa_construcao,58,2715,2,1374.0,29.0,23.0,24.0
0c21c38f5c53913ec6ae3884484aac81,beleza_saude,58,2869,1,500.0,16.0,11.0,11.0
2ddfff9876c59d6519013ab6943d17d5,esporte_lazer,55,3295,1,4800.0,23.0,21.0,22.0
8f0dd49f703d5aae900050bc55ea913e,moveis_decoracao,58,770,1,650.0,30.0,30.0,30.0
8dc3769c164b93196708d01eeca631b3,artigos_casa,47,359,1,16000.0,16.0,10.0,16.0
70c7b93c42de2f3b28534c09b69a9537,utilidades_domesticas,45,711,1,12800.0,35.0,48.0,40.0
33e0cfd1cd80a0491da068d7a7f93ff8,artigos_casa,44,501,1,2400.0,30.0,30.0,30.0
6e6760cb4ddc324d319cf599ce8a8b89,artigos_casa,26,421,1,300.0,16.0,12.0,11.0
435fc681f12d221baf2257621262018b,automotivo,36,250,1,900.0,40.0,4.0,30.0
03bca689857bd64cc5c022221113db7e,climatizacao,57,364,1,2000.0,22.0,38.0,37.0
43bb8825dd6838251606e5e4130cfff4,moveis_decoracao,33,259,2,1500.0,65.0,15.0,15.0
66421745b3128972e1b0dcb3123e8c1d,bebes,57,346,2,8800.0,45.0,25.0,45.0
399f54c06661d06ca45c6e24ed238e0e,artigos_casa,34,216,2,1100.0,33.0,9.0,38.0
189c49b159a847050e52afe5ec8d42c5,artigos_casa,52,350,2,2069.0,65.0,19.0,44.0
12bc40cc267092a471dfd683058c8142,moveis_decoracao,56,1988,3,2550.0,65.0,8.0,45.0
0a6037fabc6b47a58947cc272f30b7f2,moveis_decoracao,49,779,2,21400.0,105.0,28.0,65.0
c41f4da71ade7867b0460e61f9321f74,telefonia,57,75,1,200.0,16.0,14.0,15.0
6e3e56ba6f1c01a2dfd039f63cb03585,automotivo,56,1157,1,100.0,30.0,10.0,20.0
8b5632d7a4f86bd2f1331355305427e6,moveis_decoracao,37,273,1,2850.0,50.0,50.0,16.0
608af629c5b520efe1caf06e1cfc4abc,malas_acessorios,50,953,1,18050.0,53.0,77.0,33.0
0e6fa23228936f89de3fa23d8fe80a23,utilidades_domesticas,58,114,2,2550.0,16.0,30.0,72.0
bedcc6c8695cffc75ebe3e5b49f20d8a,moveis_decoracao,49,868,1,1600.0,40.0,8.0,40.0
b1f57443c02747ba20ece8cdf8f4a0ae,relogios_presentes,60,877,3,600.0,16.0,11.0,12.0
cf42c8f3dc04e4fe02b18b4176eb8e1f,beleza_saude,55,1297,1,850.0,20.0,30.0,25.0
4255ef536732efe235477ace2dccd393,ferramentas_construcao,59,338,1,1400.0,20.0,8.0,20.0
44231a850e5be11ed6374fab222ff49f,beleza_saude,43,878,1,600.0,30.0,15.0,16.0
cea3e34396621bb2677f5969c11316bc,automotivo,49,1252,2,1350.0,61.0,8.0,30.0
2800ef620d36d17df9b1adb26cc56a9d,automotivo,36,53,2,4600.0,102.0,33.0,30.0
a2fcd6a1cb3f947073525d217a5f82f8,bebes,23,1059,2,100.0,22.0,23.0,16.0
30360c8b0b2ac6918f53ab66bc3c306f,relogios_presentes,56,561,1,350.0,21.0,12.0,14.0
ea2dff335f794fa9a17e0be77a73d34d,variedades,34,200,2,100.0,20.0,3.0,11.0
728c17e07a160fed8b31f419de75f2c4,artigos_casa,58,216,3,2300.0,40.0,20.0,30.0
4df6e781d0eb0ae3d85f8bf5d2e72404,ferramentas_jardim,49,1060,3,2750.0,40.0,25.0,20.0
1789a1b00c33bec9db6e27b4848a5c94,informatica_acessorios,37,603,4,400.0,37.0,6.0,12.0
3c85232d9c97c6784684288a275f48e0,moveis_decoracao,55,563,1,300.0,35.0,10.0,25.0
edea00c530707ee2088b9f7178629f52,variedades,58,416,4,400.0,20.0,22.0,18.0
8d441ff01f66c805926620ee776aa2be,utilidades_domesticas,49,124,1,800.0,16.0,16.0,16.0
658c48e890d98bb89d28a9d5e6309676,moveis_decoracao,15,856,1,5700.0,56.0,15.0,36.0
711b99e1af05365d2ef959b073af08c4,instrumentos_musicais,60,1435,1,2150.0,50.0,20.0,30.0
72ef2864978e354bc54f72073b13f17d,informatica_acessorios,56,688,3,500.0,20.0,20.0,20.0
b80b61cc25558319e7d8e262786ca7af,moveis_decoracao,49,868,1,1300.0,40.0,8.0,40.0
06484143f7046fc1c2ec000aba13e28a,esporte_lazer,38,912,1,900.0,16.0,20.0,20.0
a6553cfbe11f87ac3079d7e18ff8c87b,papelaria,59,433,1,100.0,16.0,10.0,15.0
bbbf1bcea60c934fa6237fe10476c475,papelaria,48,533,1,1100.0,36.0,29.0,33.0
72ff94ec344eb61096393776f2f1ab8c,iluminacao,60,648,4,1500.0,30.0,20.0,20.0
94eecc7cef7bc0bb31e2c26526efdd0a,utilidades_domesticas,53,1274,1,6050.0,35.0,12.0,55.0
2cfd372900c7c65e4c4ed2ccf7a1cfd4,relogios_presentes,35,694,1,550.0,18.0,12.0,13.0
24776376f3b02d27ac141a1bdc46d628,variedades,,,,200.0,17.0,14.0,16.0
39c1ee864a1e202ce16e57becca2f68a,casa_construcao,49,897,5,550.0,17.0,26.0,17.0
2255cd8a319ac848b0e25c6702f2a139,pet_shop,57,334,5,6150.0,30.0,30.0,30.0
4cbe01e6e8b6d49ce7880528c00b6c31,automotivo,57,347,2,3800.0,39.0,5.0,39.0
34b61264ecf24043cc09e6f4dbf6c0f4,bebes,25,1203,2,9133.0,48.0,35.0,64.0
41e153b95adc3c7f781b583292f312cd,utilidades_domesticas,45,285,3,600.0,16.0,15.0,12.0
a0e4eca4b6471171249889c962603472,moveis_decoracao,60,2138,2,3000.0,69.0,11.0,11.0
a2801a7e7915dc8d259be64ffcbb7bb0,ferramentas_jardim,59,312,1,1950.0,33.0,12.0,20.0
216ac797639b7734f0b125861ea845ae,papelaria,57,303,1,250.0,16.0,6.0,11.0
3425c37e6772b3913480d0333e0beebf,fashion_bolsas_e_acessorios,54,224,2,100.0,16.0,6.0,13.0
e50ee1b5ca5566f7f341e115533015f5,artigos_casa,43,209,1,1150.0,33.0,9.0,38.0
0fb817c334895944db8933eac77bbc0a,automotivo,27,209,2,100.0,16.0,2.0,16.0
d8aed41af112033ae4733abcf1f206fc,moveis_decoracao,51,271,1,3750.0,35.0,20.0,26.0
a6bbf1a7c24a6047e499f1374648d824,moveis_decoracao,46,1039,1,650.0,33.0,4.0,33.0
118fa7a08a83564776c37433aca3ca71,brinquedos,47,411,1,200.0,28.0,13.0,22.0
8db8c6b5b338e7a8d3332037c2c218f7,telefonia,41,1311,2,50.0,18.0,6.0,11.0
f89d2b130b571d24532514dca6fee2a8,eletronicos,41,383,1,150.0,25.0,7.0,16.0
4b38bdd9c0c4bbf9f7f1408b06ec1816,telefonia,58,1127,5,600.0,20.0,14.0,12.0
5d6bc77eb34fe7ec18a9fc50b845590c,moveis_decoracao,52,444,4,500.0,35.0,35.0,11.0
3b465c153d8169658a47350cdf2e5f14,fashion_roupa_masculina,30,777,1,400.0,20.0,17.0,15.0
5f5e612ca8903e6425fd6d2d3f7fe985,beleza_saude,46,1737,1,1750.0,16.0,16.0,16.0
d4f5afce58ebf89ef1186236c54d2594,eletronicos,41,251,1,100.0,22.0,9.0,18.0
c70b245be241b2912373e109362c56c2,artigos_casa,56,663,1,3800.0,42.0,16.0,36.0
29b18b99ca3c94cea05efa9e11465440,utilidades_domesticas,55,1869,5,1150.0,35.0,15.0,20.0
25d5e7a4f8052c1843acdb8bf8969fc6,beleza_saude,53,1121,1,3300.0,30.0,12.0,16.0
ad21c6ffe97ed6db7a3d73b51bca2ee0,beleza_saude,43,581,1,150.0,16.0,7.0,15.0
cc88837a83ef7b7ea2bf724434a53ef3,seguranca,51,561,1,1150.0,80.0,7.0,11.0
bd7836d8c8cfe05d89e7343cf415eb5c,bebes,49,702,1,250.0,18.0,8.0,24.0
4e2957100efdd750873fdbf003ef30c9,ferramentas_construcao,58,380,2,150.0,20.0,5.0,20.0
cf321a247972430ae872ea605fb4628a,moveis_decoracao,50,593,4,400.0,30.0,5.0,48.0
84d2057bc1f88332d0892eea0e997d28,telefonia,60,734,4,300.0,17.0,4.0,12.0
0f18dd94b11fed8cecd947decde9d3b1,relogios_presentes,37,526,1,300.0,19.0,9.0,15.0
4a411619ffbd1bb6180c44ca6e16639d,variedades,,,,800.0,16.0,19.0,11.0
814db92f0cda8c71fa27f4b022cea56f,fashion_calcados,34,240,12,200.0,29.0,7.0,16.0
e44da8bcf401b9dfbf66372802e16d7b,automotivo,52,391,1,200.0,16.0,6.0,20.0
f77a346fdfdf07e4818efc84d3c084a9,ferramentas_jardim,58,595,3,2350.0,28.0,8.0,25.0
4f18ca9862f511ecba98258b2194d061,moveis_quarto,20,252,1,12500.0,43.0,33.0,33.0
7cdba2b188d18b2054e22e431ffff829,beleza_saude,56,597,1,300.0,35.0,3.0,12.0
b5eb86b0dbd1591feaf2ef6a333481dd,moveis_decoracao,40,881,1,350.0,60.0,20.0,11.0
53d8ee87caa1a2320c66074ff9c99e61,relogios_presentes,55,1457,5,500.0,20.0,19.0,17.0
a0627b01409b61f4076a920265b86665,moveis_decoracao,46,249,3,8600.0,40.0,30.0,40.0
cd3de1984e1a77b441e1b39b8e334330,moveis_decoracao,59,205,8,1000.0,31.0,11.0,26.0
9b12973a6fe0b5a803acfe1cbb7dd425,relogios_presentes,50,201,5,200.0,16.0,5.0,11.0
99d48e31cb95ab20a319faea37066bf0,beleza_saude,55,271,1,350.0,23.0,7.0,15.0
7d7e7f5c80b1d85e3d7054c3dfeee632,relogios_presentes,49,562,2,300.0,16.0,11.0,11.0
ec1600d8f15b93ce3e402f522696a18c,beleza_saude,24,407,6,20200.0,90.0,60.0,20.0
dbd5107cd9a31627000efe028e81a5aa,brinquedos,60,765,5,12050.0,101.0,12.0,56.0
fb20d37a2c78452667f7a347e756727c,ferramentas_jardim,59,1251,2,800.0,30.0,12.0,30.0
a30ea5a9dbd95db5a674c4beadb4fb0d,perfumaria,53,369,2,450.0,21.0,27.0,15.0
d9d5e3c7a8d24dfb8968ba75e4313ac3,malas_acessorios,47,114,1,1150.0,35.0,10.0,34.0
328ccc632fdfa11f13190f1e6c773bdb,informatica_acessorios,57,798,1,150.0,20.0,15.0,20.0
255f3797304030e3962e9a17ba75b2b1,esporte_lazer,22,415,3,2000.0,22.0,20.0,22.0
0aa889132d2e6b79778488c79d025d99,informatica_acessorios,57,126,2,300.0,30.0,15.0,20.0
117d03b1d09e534e76b4f4ac9d908b49,papelaria,53,303,1,310.0,21.0,7.0,15.0
efeaa7462b9fac16b6684016efd28fd2,pet_shop,55,870,4,1075.0,25.0,16.0,20.0
be9bf7ba4c99709e44c413d4ffe9dfa4,artes_e_artesanato,45,757,2,275.0,27.0,17.0,21.0
67018a848d35beb71cec955dad27f7d8,pet_shop,58,1072,2,13100.0,42.0,45.0,30.0
5972ce0f3fcc077f4017b1f7cd9eb9f9,beleza_saude,58,1080,1,150.0,18.0,9.0,12.0
4e5eda933b048f124bd30b15f5d6b166,brinquedos,50,406,2,850.0,45.0,5.0,28.0
a40c0442083c894a5cea0af7b2402980,bebes,50,1471,2,325.0,20.0,12.0,18.0
b06abefe5a65500e5a93851ad2fc8900,esporte_lazer,54,571,3,552.0,22.0,16.0,18.0
2a556bc42ff4e86b3a1bb84ce6bdceee,bebes,23,1057,1,100.0,22.0,23.0,16.0
b04876fe71f0ad771fcdf73ceff3bae2,variedades,60,156,2,200.0,16.0,5.0,11.0
fc4d6bb8b2fba6297e0bd65aaa38624a,fashion_bolsas_e_acessorios,59,438,5,150.0,19.0,9.0,11.0
6adab229374835b551f6402e0dc53267,pet_shop,56,499,4,1250.0,35.0,7.0,48.0
4ebab6a2135a2477b657bda38646b64b,brinquedos,38,853,3,442.0,20.0,16.0,14.0
06b3951f1930297079eeae756ce88cf8,ferramentas_jardim,35,221,1,500.0,16.0,33.0,13.0
7cdbfaf362a70dac1f854b7d8e18e4b2,utilidades_domesticas,60,1031,1,8250.0,53.0,23.0,43.0
25cf184645f3fae66083bf33581b8f13,ferramentas_jardim,60,360,3,3000.0,67.0,3.0,41.0
01a0f7d0d081d619be810e512be45f97,artigos_casa,50,138,1,4517.0,57.0,17.0,35.0
db6677c6f890ba1730c0b75bd8132579,beleza_saude,57,615,2,950.0,35.0,25.0,20.0
8d2b53933a7aae1c8bfc6391385dc069,utilidades_domesticas,58,170,1,150.0,16.0,10.0,16.0
746d236f81b4ae9d259030ace2833590,beleza_saude,52,1336,1,29100.0,50.0,50.0,11.0
7d4cc5273713b6b98ffb274cb4dc1ba9,artigos_casa,49,407,1,5250.0,49.0,28.0,46.0
52f8fc75f52850fdf63257f0dd79a9dc,relogios_presentes,55,176,4,150.0,16.0,2.0,11.0
812b558694cd8e22f35f9d1bcfb549b5,audiovisual,40,747,1,150.0,20.0,2.0,14.0
dcd7f9e6e4d98a3142c0819c124bacfe,eletrodomesticos,57,897,3,6600.0,45.0,25.0,35.0
fad4749b2c2fd437cc92e2fa0b6e5d45,artigos_casa,60,248,1,1200.0,46.0,14.0,40.0
ef814c6dd6dc000a73c50dbaedef4002,beleza_saude,35,464,1,625.0,18.0,18.0,18.0
396fb20791c69a78b3ec80ccc7e9edad,relogios_presentes,42,705,2,300.0,16.0,13.0,13.0
478d4be486fee83594677ed9885e6f91,artigos_de_festas,43,266,1,200.0,16.0,7.0,11.0
01b864cf36d60d972e2e29d8c5084d64,artigos_casa,60,665,1,2400.0,42.0,11.0,36.0
3f98320412a131f7346baa2aa2de7540,esporte_lazer,54,523,2,8450.0,42.0,102.0,47.0
6f26402132b4c218396901cc4cf2804a,esporte_lazer,48,516,3,613.0,24.0,15.0,20.0
74b682dc1f077ca680e639b504f4effe,eletrodomesticos,57,416,1,6150.0,50.0,2.0,37.0
c7bd850b9a356ee44d5a2a55f7a5b657,esporte_lazer,63,1562,10,1150.0,20.0,16.0,20.0
5274be797b84797764c9199c5312240c,brinquedos,46,927,2,1354.0,26.0,27.0,34.0
0918fd47e51e716ae8b6d2512866988d,beleza_saude,50,1257,1,300.0,19.0,12.0,13.0
35efb9f20785abb24313fa712efa8fdd,utilidades_domesticas,29,770,5,800.0,40.0,10.0,35.0
7e7da0ee83024e649680e11ed76dfe58,beleza_saude,54,960,3,271.0,19.0,11.0,13.0
979c7bf658f39ff4d6459fe7c397bfea,utilidades_domesticas,43,542,4,1600.0,38.0,20.0,16.0
1b979ed0acbd0350ce3aaee840601644,eletrodomesticos,55,276,3,300.0,34.0,13.0,17.0
38dcb9ae53c258cfba73583f9454d721,ferramentas_jardim,63,333,3,6000.0,38.0,34.0,27.0
ee2f96cb63d491d963a67285f048775a,market_place,62,1044,1,700.0,20.0,20.0,20.0
2fde77c0db49f38e0c0b2065f984f452,pcs,53,3737,1,14300.0,52.0,27.0,52.0
2cd9064c8472a73250ac970950521c41,beleza_saude,50,1151,1,250.0,16.0,20.0,15.0
73f835584b88d706c12bb3e9298a733c,artigos_casa,53,228,1,1500.0,37.0,10.0,35.0
4f3ebc5a8926a6b87d0dec6a564225f9,pet_shop,60,1283,3,1250.0,68.0,3.0,45.0
6f030babbca059aa3951ea26d5bbbe0d,utilidades_domesticas,57,437,1,1000.0,32.0,22.0,15.0
c8007a57fbe4d741758491f140fbbc74,telefonia,52,615,2,100.0,16.0,6.0,15.0
22d65c4f3ab25834df12163a3403da32,bebes,33,908,1,1000.0,42.0,25.0,15.0
96592c73e37eabf051bfc0d1ab2bece1,moveis_decoracao,51,1987,3,2350.0,65.0,8.0,45.0
7ea73eb6e7e6ebb1113ba90f839b3402,informatica_acessorios,60,271,1,3012.0,29.0,27.0,26.0
65665f545332ae2d0532d676f841163c,audiovisual,50,725,1,200.0,20.0,2.0,14.0
49466a763c580ece2f646db1e2f5b47a,livros_interesse_geral,24,119,1,950.0,25.0,4.0,18.0
3394bd1ad2fa9278c9da6724fbe73c60,alimentos_bebidas,36,352,3,650.0,16.0,23.0,17.0
fd37eb547d2c63b60bcefd68951ee54d,moveis_decoracao,55,238,1,2700.0,50.0,12.0,40.0
415dfa57292b8b7360d3f4cf2f9bff06,ferramentas_jardim,58,1063,1,472.0,18.0,19.0,18.0
80665d04b7d8216835a0ad52625c7039,papelaria,59,227,3,900.0,38.0,30.0,28.0
e7467a3d68aba3dce30c17002bccd8da,esporte_lazer,59,772,1,2450.0,20.0,11.0,20.0
ff39fa912acf02a733de1b0cf84e779e,pet_shop,51,728,1,5850.0,46.0,13.0,43.0
119addecf70b398c86bec023de4b8786,moveis_decoracao,59,1180,2,1950.0,43.0,14.0,12.0
70afaf5a0fe1e5947d15e7f3751f390f,papelaria,37,151,1,200.0,16.0,10.0,11.0
acc8648b140586ffaa6cce2905ff6872,utilidades_domesticas,45,381,1,400.0,26.0,12.0,20.0
9917cf3117ebf28ffa2264443c7c6a55,informatica_acessorios,45,461,2,800.0,16.0,29.0,20.0
6525c63f855b031e963d95bb3a07e541,consoles_games,43,675,3,650.0,26.0,17.0,26.0
1b861948326326b19c7442789ef59ebb,beleza_saude,53,144,1,100.0,16.0,11.0,11.0
0540951fb114c6a30e6a43562983ce9f,telefonia,58,1551,1,100.0,20.0,20.0,20.0
859329faf3d87f53947ed9a294b501cc,moveis_decoracao,50,510,1,1500.0,42.0,10.0,32.0
600dd8d6e08f57945bf0798abe1b1b5b,brinquedos,48,557,1,10350.0,43.0,40.0,44.0
63d6e7ab30f482382c9dfbbccae7da54,eletronicos,56,1031,6,625.0,21.0,19.0,16.0
e02468b92277cf781a87051ff6d80e1c,informatica_acessorios,59,731,4,20800.0,57.0,57.0,23.0
ecc7db31196f7b009d734aeb1e604ef7,esporte_lazer,58,2469,1,2200.0,72.0,20.0,12.0
23bcd6822a33df5534f9b290216eec1f,brinquedos,56,708,6,7000.0,20.0,62.0,35.0
21c7ae0df2196c656289e946024f9224,papelaria,55,959,4,6400.0,36.0,36.0,38.0
926059cf1853879e8f148194b151ed49,automotivo,40,499,1,11500.0,60.0,60.0,19.0
c1678a85525ac9b08eb174f36a1d944f,moveis_decoracao,55,261,1,4000.0,47.0,21.0,41.0
602ee3f3387f49926e16571a02c0d917,artigos_casa,60,259,1,1750.0,30.0,5.0,30.0
acb016f24d2340ab4ea9622606d38b1f,esporte_lazer,37,309,2,150.0,16.0,6.0,18.0
67ebdecdb06cd28ca8839e419aac1413,artigos_casa,54,111,1,1500.0,40.0,15.0,30.0
a0755bd1c7262433b4973f9e348cfc37,brinquedos,32,141,2,2690.0,39.0,24.0,40.0
5e0d3b97fa004233902791dba775bfb6,variedades,31,347,2,4100.0,58.0,51.0,29.0
3a1855685a49813f60e6193864f7215e,bebes,54,2583,10,11450.0,57.0,78.0,44.0
d2ccecca43a34313f3599efaa858e73b,automotivo,60,329,5,300.0,16.0,16.0,12.0
e3ef50d542d4e6477fbcf202a02ef040,telefonia,51,622,2,350.0,17.0,4.0,12.0
05d0558798a718f6f4658acd8b0e65e1,automotivo,58,314,3,1550.0,37.0,10.0,36.0
1095f63b46911593e051ed9a0d31fe87,fashion_bolsas_e_acessorios,45,887,6,50.0,18.0,18.0,12.0
8029d86aeeffd256b2b82cbe2986f386,esporte_lazer,56,332,1,500.0,25.0,25.0,25.0
5cc6fefdce664959965aacfa90f03163,moveis_sala,34,1367,1,15150.0,43.0,38.0,43.0
5c0b5ea8a3b6a1ac9d0e5c58e97ba24c,esporte_lazer,42,141,1,250.0,20.0,20.0,20.0
d657f0b9d5ab625d93f5d652daf708f0,artigos_casa,57,763,4,850.0,30.0,30.0,20.0
a1fc7e27ec70c82cbc5a559b1af76424,beleza_saude,23,854,1,163.0,33.0,4.0,20.0
e806247d6aa5e86da4bbbd4a933e0b36,industria_comercio_e_negocios,58,1430,5,11950.0,16.0,103.0,25.0
63d117fa87d2dff89156e2c9d885dba7,telefonia,56,2657,2,500.0,23.0,7.0,15.0
f0bc0aed23d451f89495f7650d81e244,beleza_saude,45,124,2,900.0,30.0,5.0,23.0
7012287e9175401bc81084de729e664d,moveis_escritorio,50,2116,1,14600.0,58.0,28.0,58.0
c85d0b7cfb2f4c60513b6b4f9fbd6393,fashion_bolsas_e_acessorios,55,952,2,100.0,16.0,6.0,13.0
cce794ab6b84d0345332bb1910f9eb20,casa_construcao,60,843,1,275.0,20.0,11.0,19.0
dff2d533131f407db58a34fd3f832821,artigos_casa,56,275,1,1250.0,45.0,15.0,35.0
a00d11a2119bd70d658fc7cdcf1f59d3,moveis_decoracao,44,1460,9,650.0,35.0,2.0,25.0
42f33073be6531e8f6d0a18fda862ea1,artes_e_artesanato,29,70,1,1600.0,40.0,30.0,30.0
b5661cf46c147805adc83695fb04f487,utilidades_domesticas,56,348,1,700.0,51.0,13.0,11.0
cf1387ec1ba3615f21a7924ec648e94a,telefonia,54,1246,3,200.0,18.0,7.0,16.0
c940221719c27b554b86f7fc9f8438fc,esporte_lazer,56,495,5,650.0,50.0,15.0,25.0
d38a6b2305a426ee95a1b270cafc39f1,automotivo,43,334,3,1600.0,42.0,5.0,42.0
27ceea27f2ac01a3b74b92e5b0a72a29,esporte_lazer,47,416,2,600.0,50.0,10.0,30.0
9e92e1d0e33230b26c551bca363f1c41,utilidades_domesticas,63,1509,1,5450.0,20.0,30.0,15.0
8c550fe557028eb6b7b19850b6a3d7bf,beleza_saude,34,941,2,300.0,36.0,5.0,17.0
79fc4c7da6812091c88d89e02e02887c,moveis_sala,56,267,1,3550.0,62.0,27.0,17.0
7d7c88bfb43544f54910ae927de849b6,esporte_lazer,57,793,1,3200.0,30.0,32.0,20.0
4ba240359788835937feac3b20013ca3,artigos_casa,42,201,1,750.0,49.0,5.0,39.0
58337836aef181d35991ca9a8394f11d,moveis_sala,60,417,1,5550.0,50.0,10.0,50.0
c75a6578b6475cf760d40cb340b3971c,agro_industria_e_comercio,55,435,3,9950.0,65.0,26.0,26.0
4fa33915031a8cde03dd0d3e8fb27f01,perfumaria,43,116,1,468.0,23.0,18.0,19.0
07b11fd090e8a63b2dcbb19a21d11323,eletronicos,52,274,2,250.0,20.0,20.0,20.0
c62b9187381d86ae031b0bac9ead4b3d,moveis_decoracao,39,677,1,12600.0,35.0,45.0,35.0
e2ea268601d73de5126e2616e00be1cc,automotivo,58,92,2,100.0,16.0,8.0,16.0
90f0c2783d7dead12d957eda9fdc111a,esporte_lazer,38,264,2,2450.0,28.0,28.0,20.0
7c700504b3029faf7052e5f8e2c83b04,pet_shop,42,531,4,300.0,30.0,3.0,30.0
756feaccd3c677658c9e70bf09ef43b9,fashion_bolsas_e_acessorios,27,822,1,100.0,16.0,5.0,16.0
3895c3901baeb3589ea9acd2ded5e2a4,variedades,,,,200.0,16.0,2.0,20.0
389d119b48cf3043d311335e499d9c6b,ferramentas_jardim,59,341,2,1750.0,37.0,22.0,40.0
0afe6af6700e5ff3b7b6f08a0b12ce71,beleza_saude,60,919,1,200.0,22.0,3.0,15.0
840621ddfa6fe5736e2d5b9e621caa68,automotivo,59,690,5,1550.0,68.0,9.0,35.0
9a3fecfc221696a7879314dab33808d9,moveis_decoracao,40,929,1,1900.0,30.0,30.0,30.0
d6a98c2faf26312d4890d2a84f4bc0eb,fashion_bolsas_e_acessorios,60,767,5,300.0,16.0,6.0,20.0
39b412b5207741a171a17c32e630fe70,ferramentas_jardim,42,300,1,400.0,23.0,3.0,12.0
34194988e78bc60417003c8a235b8083,informatica_acessorios,38,526,2,150.0,20.0,20.0,20.0
8e8bcc3a0043f514854cb1a9959ec9d2,malas_acessorios,48,1086,1,700.0,90.0,5.0,11.0
41888ddc79f5e2204681abacf72d608d,livros_tecnicos,36,417,1,1000.0,29.0,2.0,20.0
8a12c0e223d9dbd49ccfcd2ad25d1b30,ferramentas_construcao,52,2683,1,2490.0,16.0,19.0,24.0
c01a0404d9e87149110648c7005ce81e,brinquedos,60,307,3,1600.0,31.0,27.0,25.0
67bd616e1ba0d3d3e8545f3113b0140d,beleza_saude,57,3153,1,300.0,18.0,18.0,18.0
216414cd4aad908188257071249e0cc3,artigos_casa,54,292,1,2325.0,43.0,10.0,33.0
b1418867113446b20f726f21d7b041e7,automotivo,50,1584,3,150.0,19.0,19.0,14.0
4af813a3e5bc89370ef80fe126542076,brinquedos,43,1433,5,10450.0,35.0,45.0,70.0
8c8d924b1b31192b10a89b46702cd501,bebes,40,396,2,767.0,30.0,29.0,25.0
9baa9ef12ae5a0abd8b741d7ab5bf32d,consoles_games,43,1078,1,400.0,21.0,18.0,17.0
5ae29cafe81cdcf89058a7a6fa842b34,consoles_games,38,864,3,525.0,25.0,22.0,27.0
c48aa9017e58836324227e1d2209e9ca,moveis_decoracao,63,741,5,300.0,22.0,6.0,15.0
37c3932ee8a101cbabcfc597e92c26af,automotivo,46,262,2,50.0,16.0,16.0,12.0
ee09ee7eb35b51192aee2dcdeea4286f,brinquedos,45,192,1,550.0,52.0,12.0,16.0
4f5cad4934c20d6fb8dab728ffdea29e,perfumaria,43,1164,1,500.0,16.0,16.0,22.0
bac1b0a58ff286c6d4107ee3910fd68d,automotivo,36,812,3,17250.0,61.0,60.0,36.0
541a45a6bdb24eadd2342f4c9687d5ef,telefonia,51,849,2,550.0,23.0,17.0,17.0
c9fc5ecd15b368991441c9f12d4cff43,automotivo,52,717,2,2550.0,30.0,30.0,30.0
9384e66a84d6f8833eb4c69a3d537fef,beleza_saude,58,1316,1,350.0,18.0,13.0,18.0
e4bf89766decbc6dd5e5c29edff02990,beleza_saude,49,843,1,250.0,30.0,12.0,16.0
963de692a94b199318977a5f0819636b,market_place,36,1196,5,300.0,19.0,5.0,20.0
d36c8237f8a0a889aa9d6ac7816097e3,variedades,,,,8750.0,80.0,10.0,60.0
68baff1f2dbcb2df8581897b10150905,utilidades_domesticas,46,828,2,19600.0,53.0,35.0,35.0
853ee0759242b6c1e8e1de5052df3fc4,utilidades_domesticas,58,524,8,150.0,30.0,10.0,20.0
6cb48625a007f38d7a62a62cccc90f76,esporte_lazer,58,613,1,4300.0,16.0,2.0,16.0
f5d5fa2bc95883494c61ae05a351348a,automotivo,28,311,1,1000.0,40.0,40.0,40.0
6c303fe9c97ae8c712b2a23cfbcdcbe5,seguranca,44,385,1,400.0,29.0,3.0,24.0
23bc9eb1539ad6ea06090076ce1b93b4,utilidades_domesticas,40,287,2,5950.0,36.0,26.0,36.0
8effae0c3be3eab7870860070ca5e51a,relogios_presentes,52,632,1,300.0,19.0,10.0,15.0
01bd9be7c04525d23a4a901b4abbf56c,utilidades_domesticas,28,331,1,8150.0,40.0,11.0,40.0
0182796b487918d688ba48cf3a0d1bf4,variedades,55,330,1,2300.0,33.0,44.0,19.0
0872c05ce884daf60d1459165ba1c4da,moveis_decoracao,59,413,3,16350.0,55.0,40.0,40.0
80ac250f5bffe3fff8097929c3c4a938,fashion_bolsas_e_acessorios,41,214,3,100.0,17.0,4.0,13.0
0554df77f3ed2e36e06c60eb65dc357a,beleza_saude,56,929,1,300.0,17.0,13.0,13.0
bba2c8c0d830b5d1eb20f4a343676de5,telefonia,39,258,2,200.0,19.0,4.0,11.0
147a0207903133d4593e9f5d14793e45,brinquedos,44,530,1,450.0,18.0,14.0,15.0
ea9fd984ad61025b0fc6a2a99042aa49,eletronicos,48,952,1,450.0,30.0,30.0,20.0
2d188e4d3435b1bf29dfd385b324de2c,variedades,,,,800.0,39.0,12.0,17.0
047b85649c33e9cbf34b2ccf8d41d622,papelaria,57,349,10,5650.0,60.0,20.0,29.0
05c24fd82c39e05337fcc418f0a61e54,relogios_presentes,52,467,1,80.0,16.0,11.0,11.0
660422061e06da17ca6101e9d6b7aae8,esporte_lazer,35,1214,4,30000.0,40.0,97.0,40.0
fa4e7a7bb781f24e7cee4d91502a89e3,telefonia,60,446,4,300.0,20.0,3.0,11.0
1884138513d4bfa7f7d0ab91664d2b3d,moveis_decoracao,52,130,1,9050.0,60.0,30.0,30.0
6752b3102ab2c1712dcefe29fd7379c1,esporte_lazer,45,315,1,390.0,18.0,13.0,16.0
1f60570b3795d85b7b2a879f921e06bd,malas_acessorios,48,206,2,350.0,20.0,20.0,20.0
34d6306314a47fe15c1efdbc23302020,informatica_acessorios,38,301,1,107.0,7.0,7.0,10.0
a3b358d577875a8515f6d868c5a2662d,relogios_presentes,53,1130,2,500.0,20.0,12.0,15.0
b690fe3d3dd6223b85382ccca04ffbde,variedades,,,,300.0,16.0,8.0,11.0
3e0ef3ff4fc511b36e717b18a3d080df,livros_interesse_geral,35,593,3,200.0,21.0,2.0,21.0
996ccd494480f1ea4840f6099dba48dd,eletrodomesticos,59,141,1,250.0,34.0,13.0,12.0
bf2ce842e3094204d338854ad96ba5ae,seguranca,38,808,2,1050.0,20.0,20.0,20.0
71f975b6eac0857f1fcd32f57539f8dd,moveis_decoracao,56,690,3,1500.0,25.0,5.0,25.0
3c6435ca19d6b17c048cdde0abc55ba7,utilidades_domesticas,37,636,1,500.0,28.0,7.0,20.0
8ab5f8c45e722c22351580a4b0fcc8ad,pet_shop,45,173,1,400.0,21.0,21.0,18.0
b146d66b6ce3b149187e9f3349bfad68,esporte_lazer,45,637,1,500.0,16.0,16.0,20.0
57b82771ce003dac0f16625ce9e85dca,artigos_casa,42,324,1,950.0,36.0,4.0,29.0
80d94e8b1c573406cd537684045cc87a,utilidades_domesticas,48,1649,3,320.0,15.0,11.0,15.0
3cc657ab189386b95882fd712bf37522,perfumaria,52,693,1,250.0,16.0,10.0,17.0
4a2a8940c899ed2b924c82f8a553e47d,relogios_presentes,32,1630,2,200.0,16.0,16.0,16.0
0c398b245c9b74ef2bf4343b6fe73237,moveis_decoracao,27,332,1,1750.0,23.0,23.0,16.0
3a990745975b100adc6cb3a41a48464a,artigos_casa,33,253,1,950.0,33.0,9.0,38.0
ee7aaf222ae5b180937c1ee17394225b,moveis_decoracao,56,563,2,13900.0,49.0,42.0,42.0
1eacd44485008a89ec96c524993d8207,telefonia,60,776,6,350.0,17.0,4.0,12.0
51e8cb2e53573210345e6b2f0168206c,relogios_presentes,41,977,4,200.0,20.0,15.0,20.0
bf4aa8e63457632377b86424e38fb071,utilidades_domesticas,46,674,3,200.0,20.0,20.0,20.0
d9ee0c2943c9663aef6a2bc0411cbc14,moveis_decoracao,57,130,1,2400.0,40.0,9.0,35.0
36bd3e4daa4604d112f17dccd24ee59e,telefonia,48,419,2,150.0,17.0,8.0,14.0
2a256d1fd193c91de19036b7b9bde617,jardinagem,59,372,1,4050.0,28.0,28.0,23.0
2d4114b81581f8c123e9d78743d9221a,brinquedos,44,1421,2,806.0,34.0,21.0,32.0
1aaa4a6171009c44a3d494048d9751f5,eletrodomesticos,59,339,3,550.0,39.0,17.0,39.0
282689e1e4c5d32efe135668c32b6722,variedades,49,1030,4,6122.0,32.0,32.0,37.0
43f25e2d90564285fb5c94866a5a3287,papelaria,20,346,1,300.0,16.0,10.0,20.0
49eaaa38ac3df51ca790372b47b99604,beleza_saude,36,1467,1,175.0,19.0,18.0,14.0
b462acd19b311a321ce9aa9eb22b2bac,utilidades_domesticas,30,233,3,5000.0,46.0,36.0,36.0
eea25b95f84281753d8013ad279889d5,audio,57,1048,1,1150.0,31.0,18.0,19.0
3c3e5e9de1f81dc29a6a8bc3e0fff6c0,fashion_bolsas_e_acessorios,32,296,2,100.0,16.0,2.0,11.0
00d51a45854ebce28acda79f414388ee,utilidades_domesticas,52,857,1,225.0,16.0,4.0,14.0
514a05c9bf403b0572e712c8ee658567,moveis_decoracao,44,1673,2,550.0,52.0,11.0,11.0
5cbca81261e661159b5a3e6025bffba8,perfumaria,48,87,1,570.0,19.0,13.0,17.0
a550df17ed1c77a28e91a9276bfbd1bd,automotivo,57,744,5,1250.0,30.0,30.0,30.0
cbf065c6b1569d0a2f384856d3f27dc5,pet_shop,39,770,1,3875.0,33.0,33.0,33.0
ddbf57e4559f03c003fc3708d4860c5e,artigos_casa,45,172,1,400.0,16.0,10.0,16.0
554fc36c06624912230e7355ab7be734,ferramentas_jardim,57,406,1,300.0,18.0,3.0,22.0
423508a562a915a6a9454374fb6a4c70,telefonia,59,1323,2,50.0,18.0,6.0,11.0
7ca0995633d93c1c87f7ed7429173ddb,beleza_saude,59,540,5,4175.0,45.0,39.0,30.0
15b5c55e291cc54d93c46c9a3c9bb9b2,livros_tecnicos,37,1106,1,1000.0,27.0,5.0,19.0
e08d86e1c599e2373d95380ac9a3ccc8,ferramentas_jardim,54,926,8,5000.0,17.0,30.0,30.0
eb0db7338f21fb5467875d41aaebe7b3,variedades,39,414,3,8100.0,24.0,58.0,15.0
53fda2e4872a41ed984770d4c60a5211,consoles_games,33,1454,1,200.0,20.0,3.0,18.0
090ab1523d3fe5832c09a55b7195e32b,telefonia,41,391,2,117.0,18.0,6.0,12.0
8086f94038559ec291bdf9f16172e86b,eletrodomesticos,60,115,1,350.0,29.0,5.0,16.0
18aae9918a7e1d46e0c94c63a756c97c,variedades,,,,700.0,16.0,12.0,12.0
46e1b7a766d5cefa31a93f6c91831d7f,seguranca,41,1177,1,375.0,23.0,9.0,20.0
bddf5077b5c791f263188a47d6883b4a,artigos_casa,46,701,1,1400.0,50.0,12.0,12.0
53075a78fc601d6eb47e8ad2d142b7a8,telefonia,57,449,3,150.0,19.0,4.0,11.0
b796ff0faef3d062a8ea7c5ec1085469,esporte_lazer,57,763,1,1175.0,21.0,32.0,17.0
07133eebda0768a2ad3d68ef4d95b597,brinquedos,46,807,3,1063.0,31.0,26.0,35.0
3af6d5f9fdb78f106c003ce49d7f0186,beleza_saude,47,156,1,100.0,16.0,5.0,17.0
c664c542e1b5e86f3d912200595894c9,automotivo,53,1102,5,800.0,20.0,20.0,20.0
1f11ca0065518d335b576597c5b7f072,esporte_lazer,50,664,1,180.0,18.0,10.0,14.0
d1f3ec866eaedeeeae5b3c7f61559290,esporte_lazer,33,736,1,450.0,16.0,16.0,16.0
84d579e4a2b5057819fbc61e92d6d883,artigos_casa,52,217,2,1800.0,30.0,25.0,25.0
90ca3c3f457540cc342f428c771c9828,eletrodomesticos,51,979,1,15600.0,35.0,46.0,35.0
0cf13ac73dbcf6586ba63b89dd1f780a,moveis_decoracao,39,398,5,3700.0,25.0,35.0,35.0
f8dc3e347e9b954a84d1d5e42b500e4c,market_place,35,498,2,300.0,16.0,10.0,11.0
51ce083cd2b9078656a94655ab45b8a4,artigos_casa,60,264,1,2450.0,41.0,8.0,36.0
f18ab2ae5b32acd3afdaa8c5f96087ec,esporte_lazer,48,33,2,400.0,20.0,20.0,20.0
555ac2c0671fd791fae84d6eeec2c1fc,utilidades_domesticas,31,300,1,1400.0,26.0,12.0,30.0
00f42e56821b1779fbf397fe72639054,moveis_decoracao,34,655,1,750.0,50.0,10.0,50.0
ed6fbe9d8190ee9110b95ce820fc9f02,variedades,42,113,1,500.0,25.0,37.0,36.0
0f2c1048222e26ef6d48bed2dc676a9b,bebes,54,201,2,450.0,17.0,22.0,40.0
81288df52439985f610be64465e53f57,esporte_lazer,53,3189,7,3775.0,35.0,30.0,30.0
524d0ebe9a59d96dfaa2983b54a50c15,artigos_casa,59,275,1,1050.0,35.0,10.0,18.0
f209a7348b00e6af70f314bbcd31ef31,esporte_lazer,29,972,1,3510.0,46.0,21.0,32.0
74d3fc5df0de5f9af4a62f87c043485a,eletrodomesticos,57,293,1,350.0,27.0,13.0,17.0
312deeb177508f3b29f7ea944719b267,moveis_decoracao,47,1473,3,200.0,35.0,2.0,25.0
d16481328e66930682fcb7f8f50894f8,relogios_presentes,48,408,3,925.0,22.0,14.0,20.0
5edb58b97a719cf98b2a76f48e723f05,beleza_saude,41,880,2,667.0,30.0,12.0,16.0
bd82259f983e75ce84126405bf32205c,utilidades_domesticas,32,740,1,475.0,19.0,25.0,25.0
4231002e80d2a25aed31d65b4b91f479,pet_shop,50,776,4,800.0,50.0,5.0,50.0
44625a08c05dcb9f85a1973644c69c6a,papelaria,60,523,2,600.0,30.0,30.0,11.0
20340463234672489d7a3437445df770,moveis_decoracao,56,2051,3,600.0,68.0,8.0,13.0
ec1870600ee2920073cba7a93211122c,artigos_casa,49,1305,1,4300.0,35.0,35.0,35.0
bb15f9ba2ec6e36ab6c9e88d17430d64,fashion_bolsas_e_acessorios,34,156,1,150.0,21.0,9.0,14.0
9e4ace428d208edc8bfdebfa90b87213,informatica_acessorios,51,546,1,500.0,30.0,11.0,11.0
8cba6b5fd208416dd934839f74f568e3,artigos_casa,57,95,1,500.0,20.0,10.0,15.0
d62ed986672bfab13938e62e6badec55,artes_e_artesanato,62,220,1,2800.0,70.0,12.0,30.0
7d76a219445c40f19d016b40b77868f5,moveis_decoracao,59,956,5,5900.0,66.0,15.0,33.0
05ac001cdcd6e4a3cc1563efbc5a25fc,automotivo,43,1108,3,400.0,16.0,5.0,11.0
e2c5dc4fd3098fcb1fd6cccbff7b0b04,informatica_acessorios,45,1868,1,167.0,16.0,16.0,11.0
25e48b750d3cf285f85f7e605d13dc6d,moveis_quarto,32,728,1,18900.0,57.0,17.0,42.0
69ae578cb2e84390bb7c44216380ad5e,beleza_saude,60,1895,1,4650.0,23.0,23.0,23.0
2f4a64fe9c6430a9626b4745227cd0e8,relogios_presentes,45,375,9,650.0,30.0,15.0,15.0
a5db577b646be1ddbfdcf6dddeaf91ea,utilidades_domesticas,56,941,4,12600.0,40.0,40.0,50.0
5edfda97608b60c12ad5f3139d026bfb,eletronicos,34,1130,2,500.0,23.0,16.0,18.0
845f006b4e362c371735a9a64f6a52b8,ferramentas_construcao,60,183,6,11400.0,44.0,38.0,44.0
24297ae137968498e50c2f283a4f3d9c,artigos_casa,50,324,2,1500.0,37.0,23.0,35.0
924260f2993f33c639e6226173f07e8f,alimentos_bebidas,56,576,1,200.0,33.0,21.0,27.0
f92ffd606b7b4417f1b714ed4b653e70,alimentos_bebidas,50,3138,9,550.0,30.0,15.0,15.0
ca06834d20745807bfae7f2184f67df8,automotivo,51,1327,3,3200.0,26.0,3.0,24.0
39d59339955e2699fa814a6c6bfda024,fashion_bolsas_e_acessorios,36,132,2,100.0,17.0,4.0,13.0
503976dd917f8133babc4f0492a0e938,automotivo,60,202,3,200.0,16.0,15.0,15.0
d5ad5c4a843732aee4cecc1bbbf276dc,ferramentas_jardim,45,3398,3,3300.0,21.0,35.0,27.0
2c6c5761d3367fd186effcf2922d125e,beleza_saude,53,171,2,50.0,19.0,11.0,23.0
73e11faf1b0eecfd43a0e0fa4dcd7954,artigos_casa,53,411,1,3150.0,42.0,16.0,34.0
40678c9096047877fa74a25cc6f0a726,automotivo,53,956,2,500.0,40.0,40.0,40.0
54e5939fcd9ae70ad0f59f612d6d29bd,variedades,51,471,4,550.0,27.0,10.0,15.0
090820212dfd8022d676e480bed6a61d,variedades,,,,250.0,16.0,4.0,11.0
7724696de32f44179514a643987d416d,esporte_lazer,42,278,2,2700.0,60.0,15.0,15.0
ce045b0fd0fb3300b45effc7fb45012d,relogios_presentes,28,283,4,800.0,20.0,20.0,20.0
84ebb1fd3f66392b5fad4d56abc35f15,ferramentas_jardim,50,539,5,50.0,30.0,20.0,20.0
0c91c5c2a59854e1fdafdc0478348c32,esporte_lazer,38,908,1,2300.0,17.0,17.0,17.0
6d3bb44f9f7c05fcf46bee6a24ec1117,fashion_bolsas_e_acessorios,54,806,1,200.0,16.0,2.0,11.0
ab3d3ea8ca19c82c390aef30a8ac4ff1,bebes,27,462,1,500.0,46.0,10.0,40.0
300deb83a9598a4b832ee43a126c5839,telefonia,60,752,6,100.0,17.0,4.0,12.0
47b79f5ea10f53895fc25eecb71a6d03,automotivo,59,302,1,75.0,21.0,2.0,15.0
1847704440ad3e1d770ff738f5ced023,audio,31,502,1,607.0,19.0,18.0,11.0
3fc0f58c51fcd02161542e0320c4dbe7,moveis_decoracao,47,1722,1,900.0,53.0,8.0,11.0
ee622ee691342b99c64f8dee1a9c09b9,moveis_decoracao,60,1960,2,3000.0,69.0,11.0,11.0
308f901f3cbc9dd383146e97562ef8ed,relogios_presentes,46,398,1,200.0,17.0,13.0,13.0
4addc533339aaf0023334f26403cd814,brinquedos,59,697,2,883.0,32.0,15.0,17.0
4657246e1ead35fc541c29d5a4010c73,ferramentas_jardim,54,1646,3,425.0,20.0,20.0,16.0
afc9c24c2970ecab57c83652161bc5b1,esporte_lazer,59,804,1,300.0,20.0,12.0,16.0
3594011e47b2648b3719447aa829a96d,variedades,33,805,2,1500.0,42.0,25.0,15.0
c355107c94aa24d4c2759b22041fa325,informatica_acessorios,41,138,2,100.0,16.0,4.0,14.0
9d91da41ef1f568f2a03332a42ca5fa8,utilidades_domesticas,52,1812,1,13600.0,35.0,100.0,35.0
d3a45de279a0bde9b598a181bd2a9815,brinquedos,41,1156,1,500.0,17.0,10.0,12.0
5c37d8495c720b3a04f9790d56d0471c,relogios_presentes,56,358,1,650.0,16.0,2.0,11.0
209fa5709fd95c3fac1edddca1d6c505,artigos_casa,46,372,1,1450.0,34.0,12.0,40.0
694e58e56c74114ee0628c25f3f26f8c,esporte_lazer,24,290,2,600.0,50.0,12.0,50.0
1713e5b60dfb5b779fd077af351624c0,eletrodomesticos,52,235,3,450.0,35.0,14.0,25.0
44a2277ba35236a92dd4cd0f268869a1,telefonia,57,623,5,185.0,19.0,9.0,15.0
c30c7fa239be1f5dc272ebd5345a91ea,pet_shop,53,407,3,700.0,25.0,15.0,18.0
2404d9b539ebddc4401a24da18215fc4,beleza_saude,45,1752,1,280.0,18.0,19.0,18.0
a237de12bdf0bfe4fe220bae65a89731,moveis_decoracao,57,954,7,1250.0,60.0,12.0,12.0
5c4b890d36a7d4de0149263ad0fadccb,esporte_lazer,57,2737,1,250.0,20.0,11.0,11.0
61ea03fa426c7d0c074eb8a7c8e03a99,utilidades_domesticas,22,729,1,300.0,42.0,5.0,29.0
b866da669fde20a56fe475ded8ac41b9,fashion_bolsas_e_acessorios,47,566,1,150.0,22.0,2.0,19.0
003962cb74a8b43cf1034fed541a76f0,malas_acessorios,55,214,1,1000.0,16.0,46.0,36.0
173c4cd072bd13160331cc0f5b3ce0c2,perfumaria,52,1400,1,100.0,16.0,3.0,15.0
cb3268665690f13e15913631c0ccc4a2,moveis_sala,58,510,2,400.0,25.0,20.0,25.0
44ab978ea1af4ed2f20e7efd5e21ef71,fashion_bolsas_e_acessorios,58,431,1,50.0,16.0,8.0,11.0
d2239567438e335a463191a43f2f02ff,brinquedos,59,1849,3,2400.0,16.0,50.0,22.0
e48f857c5498e6408410be1fda8e0fe4,esporte_lazer,29,973,1,5455.0,46.0,21.0,32.0
7d54806a8bae9f24cbd6c2125d463ace,utilidades_domesticas,53,365,1,700.0,22.0,13.0,13.0
dd27fbe859b9453b8147c3aaf47623c7,moveis_decoracao,60,3116,3,2300.0,35.0,32.0,47.0
1f13ebbc80d3713a1abdd12696605956,consoles_games,57,799,1,775.0,29.0,21.0,25.0
e0f55a53bebaae74a51a8fb9639681d6,bebes,58,599,1,75.0,20.0,15.0,16.0
7db99245d13e00f87039c3ab615d5d33,ferramentas_jardim,48,940,1,250.0,25.0,10.0,16.0
ef226f256d9c1986ee2d02ff216b15c3,instrumentos_musicais,58,940,5,1500.0,30.0,10.0,25.0
a097daf6b31bc5c4b2d377e8c5cba4a1,informatica_acessorios,16,675,2,483.0,31.0,19.0,36.0
7547e75e8db99c03f67c1dc291e896ea,beleza_saude,34,878,1,150.0,16.0,13.0,11.0
e74384c9363e768848854356a37c73f4,consoles_games,45,847,3,100.0,16.0,16.0,16.0
f133fa2c8b27d82aab5e1a10df7012de,malas_acessorios,45,217,1,700.0,45.0,10.0,31.0
704e268deb9b8eb20603204783b7a0d2,moveis_decoracao,52,746,4,15400.0,40.0,60.0,40.0
be0a8cb3c50011daec32f4d8ecdccb28,moveis_decoracao,40,569,1,1300.0,30.0,30.0,30.0
ffe0fc4e02c3559643ac063fa5cf9d07,utilidades_domesticas,60,678,3,1525.0,23.0,13.0,14.0
a607011661b3f99887a6717ba7371840,esporte_lazer,24,1534,1,1117.0,22.0,10.0,14.0
8b8981e920b8a923f6b066fefade1925,ferramentas_construcao,54,1050,1,850.0,30.0,25.0,30.0
d7ae861cd4272698b4ae0c9f9c44a095,relogios_presentes,59,136,4,200.0,16.0,2.0,11.0
4fe15a335d33f90d5a432f41dd5174d0,eletrodomesticos,60,138,1,150.0,18.0,8.0,13.0
262e7c8eaed86e7aca83dcdaadc5a115,industria_comercio_e_negocios,35,790,1,6100.0,28.0,8.0,28.0
cb61986817d2a774d7c902dbbce84342,beleza_saude,31,362,1,500.0,19.0,12.0,14.0
5b3929b3916f45b3e9c016807f0756c4,relogios_presentes,60,428,4,200.0,16.0,2.0,11.0
3d8d8d5750896bd918ef07a8539da096,eletrodomesticos,58,967,4,100.0,18.0,8.0,13.0
b787c12c9291d3450c6ea976b298946d,automotivo,58,338,2,50.0,24.0,2.0,17.0
56d071c5c405afe639fbb1e7af7891e5,beleza_saude,48,1065,1,400.0,30.0,20.0,30.0
5c6dad13ed0e96184a1bad2adbbd6394,ferramentas_jardim,36,934,8,4000.0,40.0,13.0,19.0
27535386be7362e36d9e78c2afb8c0e5,beleza_saude,57,2685,2,900.0,30.0,15.0,26.0
9eca7d28777e4887c113e775ed3cb87c,beleza_saude,43,1077,1,333.0,21.0,19.0,21.0
b21edc5440d0a05522fa8d1bc1a4a26d,relogios_presentes,57,510,1,325.0,16.0,12.0,12.0
536c8e098046b44a7dbe87b1a5d6eb02,fashion_bolsas_e_acessorios,36,794,1,100.0,16.0,5.0,16.0
daca0700540caccd14072597536e3632,automotivo,33,2058,1,650.0,22.0,13.0,12.0
2ca9b05a180977644da5c44cb49c1c6c,moveis_decoracao,42,122,1,566.0,48.0,19.0,24.0
986d0d7a45258d4b8be60463fcff39f6,moveis_decoracao,63,462,2,8050.0,80.0,10.0,60.0
2b7bb91ceee2bfa598986638fb136ba4,alimentos_bebidas,59,399,2,262.0,28.0,15.0,20.0
b0867df586a8d9be80c7d49aa7dacc8c,esporte_lazer,39,688,1,398.0,17.0,14.0,14.0
6a5e355f2f60aef81d6d2339bb53a47d,informatica_acessorios,57,139,1,100.0,16.0,6.0,14.0
013b5dd7d319685753e2c12292975615,moveis_cozinha_area_de_servico_jantar_e_jardim,32,1243,2,10100.0,65.0,63.0,64.0
cca44f5c2c4c50a416b7ee155a58b2ba,relogios_presentes,37,536,3,550.0,21.0,13.0,16.0
dbb0815bfd0515cd3de42dfbc33c8252,artigos_casa,50,435,1,300.0,39.0,12.0,39.0
63bfa27a0cee21fd896dc27f58b6d656,eletronicos,59,600,6,475.0,20.0,11.0,19.0
a1ba3cfb1b59331aeefe47e5fdfe65e9,ferramentas_construcao,50,672,1,6250.0,33.0,7.0,33.0
f5d9f6be389c406755cbe9f20954dd9a,utilidades_domesticas,40,391,1,200.0,37.0,3.0,11.0
f3e5c2a78b72fdc48a7c2559ff7dbbd5,alimentos_bebidas,32,542,1,1600.0,25.0,25.0,25.0
90c9742c178ef9389b82fcb1bd9ae2b6,beleza_saude,45,1085,1,3633.0,34.0,19.0,41.0
53ea9da485f6aed8a6f03a85831fe021,relogios_presentes,33,439,1,346.0,18.0,10.0,13.0
5fb0955cb683eb6f65a1f613e502eef5,agro_industria_e_comercio,36,471,1,4000.0,50.0,30.0,40.0
d6d73c1fe2e8c0e3e90e2421ffa4b963,informatica_acessorios,59,1165,3,800.0,31.0,9.0,11.0
0b886cf92902bb5607b317a270f4dd4d,relogios_presentes,46,517,1,550.0,20.0,12.0,15.0
3e7ec3672e5549ba74cf635752bfc70b,moveis_decoracao,59,2262,4,600.0,65.0,8.0,13.0
336e637e82a66d9deda8616fa1e2291e,artigos_casa,55,601,1,550.0,16.0,10.0,16.0
992d4afe3fb8536bd1d71e3f1087b004,relogios_presentes,45,300,1,425.0,18.0,12.0,14.0
3ed31fdf8af68a6c0b059a256420a5c5,ferramentas_jardim,64,692,3,2600.0,30.0,20.0,20.0
65cc6f2cc545241fa4b7d11d6fe1d3e5,utilidades_domesticas,56,796,1,850.0,45.0,20.0,45.0
bb517606311cb8bd64b3a2d3c3d67962,livros_interesse_geral,16,783,1,600.0,22.0,2.0,16.0
5e9f7e47bbd1cf91d9a98ed9fdaf6193,ferramentas_jardim,59,406,2,1050.0,40.0,6.0,22.0
c8e9b4087e9c9ed5acb271f61a2e239f,papelaria,55,264,4,1700.0,28.0,55.0,37.0
a95b1b0d6999743b294c57dd455afe83,utilidades_domesticas,58,623,3,475.0,38.0,12.0,24.0
2f199414628d54a778b360b5c758b78b,casa_construcao,59,854,4,650.0,22.0,18.0,22.0
8156560a597cfcc16981c907c4cae459,artigos_casa,49,259,1,2117.0,35.0,8.0,27.0
18c0b4a4150176a977ab587d549575e9,relogios_presentes,52,576,2,258.0,19.0,9.0,12.0
839c9cd22f47fc465c20d554b46fed2c,alimentos_bebidas,27,766,1,267.0,18.0,13.0,15.0
c03d44fcdfabbabd5185c8eb60f77aea,variedades,55,781,2,500.0,27.0,10.0,15.0
595199b11447ed4b73d031d3edaa6bdd,artigos_casa,63,827,1,2000.0,43.0,5.0,30.0
12a5914d1826c08632a428b769a4eb30,beleza_saude,34,636,1,100.0,16.0,2.0,11.0
f80cb2d5a850cbad4943fde196872de7,esporte_lazer,52,354,2,600.0,28.0,25.0,25.0
af524b0bf462d47ea8b0fb48db35504f,beleza_saude,46,935,1,150.0,17.0,10.0,15.0
2da442c298a7943c6787953d7f42b911,artigos_casa,53,688,1,1133.0,28.0,6.0,20.0
2135fcbb25adcdcbe1b910622300a508,automotivo,58,208,1,100.0,20.0,15.0,20.0
68f6a731b70b2042da9f202d75f7ab2f,consoles_games,37,910,4,500.0,16.0,22.0,16.0
39a39074c35b5b8a466c85cf1d5b3387,pet_shop,26,422,1,500.0,50.0,20.0,50.0
6b2c1aa8429875eb5ade006973f8bad8,telefonia,41,222,3,90.0,18.0,7.0,13.0
0d6a874a30783dcb6a96d4a245a8f6d2,esporte_lazer,38,226,2,2450.0,60.0,15.0,15.0
21937020c7e5f15e9ec26ebb88d3c26d,utilidades_domesticas,41,439,6,600.0,19.0,16.0,16.0
930f6ddc396b23f823b6b520fbd528e0,ferramentas_construcao,36,490,2,600.0,20.0,20.0,20.0
6b0510f16f7767cece59352e08e5432b,pet_shop,55,1143,2,1200.0,50.0,20.0,40.0
46957faa8ca08af2cb0e35f42fac6141,perfumaria,55,1018,2,450.0,22.0,16.0,16.0
ac1ad58efc1ebf66bfadc09f29bdedc0,utilidades_domesticas,46,505,1,550.0,16.0,25.0,12.0
137ecfd76c78e5b4471f0e9b3c63cdbe,fashion_bolsas_e_acessorios,56,443,3,200.0,16.0,9.0,11.0
aa1ae6a4dce8c9a91c5c562d4b84ab3f,beleza_saude,35,210,1,653.0,19.0,12.0,16.0
888c130b9cddd7f400c25e1cecdf6b19,perfumaria,58,309,1,550.0,24.0,12.0,16.0
6210c771a72a233f0e2b0430911ba858,informatica_acessorios,52,1243,4,1350.0,35.0,25.0,35.0
d7390b274771229d1ee9a0fe3734d19a,utilidades_domesticas,52,770,3,1417.0,36.0,13.0,37.0
1ed724b5e4b638eeb4bd3487d88b8f28,variedades,51,2676,1,265.0,24.0,9.0,17.0
e60baffb5636b104f06ecd9aa28e139f,climatizacao,58,644,2,5000.0,50.0,20.0,20.0
149de4383ccb1829ea75380fc5f0b5fa,beleza_saude,51,584,1,750.0,18.0,19.0,23.0
02db1469fdcd31a4fb670da6caec8bf6,utilidades_domesticas,52,373,2,700.0,16.0,10.0,12.0
408dc0e1523c3915352e552a1a23c663,telefonia,59,1382,2,666.0,19.0,17.0,16.0
1fe1f9dca96414bdc282cddb276db70e,moveis_decoracao,50,924,1,600.0,17.0,17.0,17.0
b48946c4c9a1d7c81916522d00d6722f,fashion_bolsas_e_acessorios,58,392,4,50.0,16.0,6.0,20.0
813e0977846de5206007de2bb18e44ba,brinquedos,55,569,2,30000.0,70.0,75.0,37.0
1fea52abea2c885fbf9c625a6a3f140a,informatica_acessorios,44,453,1,175.0,16.0,7.0,12.0
830345ab5d2e365c7c6b91459119ea2d,beleza_saude,50,3352,5,1400.0,22.0,29.0,13.0
a84a9e06ec9e2e2a520aa8c5b6d11150,relogios_presentes,48,414,1,544.0,16.0,8.0,12.0
6bda3bc4a9032dc7f18b635e051d0c72,variedades,,,,2300.0,47.0,23.0,32.0
c73d4f0d7a3313381d04c5311960edf0,moveis_decoracao,55,829,2,7950.0,16.0,60.0,60.0
55bfa0307d7a46bed72c492259921231,livros_interesse_geral,43,838,1,550.0,26.0,7.0,36.0
9637ad471df1e71f71217ef109fb0607,beleza_saude,31,1081,1,600.0,16.0,6.0,11.0
31887df536e908af09cab47ed21e31bb,brinquedos,41,660,1,1625.0,45.0,18.0,48.0
83a5fc7d4c50025d288099ef0ab3456c,esporte_lazer,60,3094,4,500.0,28.0,12.0,18.0
992febfbf97cf4180952fcc7954d139f,variedades,60,321,1,30000.0,95.0,45.0,55.0
4c9fe8e7edd1b6d9751a70ff47c32f86,beleza_saude,46,803,1,150.0,22.0,3.0,15.0
5faf9582cc171d5db03fdf4b80076a15,moveis_decoracao,31,632,1,23500.0,66.0,43.0,66.0
8817f0cda3d5b42e5f949ee3be9dc80c,perfumaria,54,954,1,50.0,16.0,5.0,11.0
b072088eb78d8d816d4c80cb1851a6f6,utilidades_domesticas,56,355,3,1900.0,38.0,19.0,35.0
4764e50d72a62e4dc00e4c7692a58624,pet_shop,57,2357,6,6250.0,56.0,20.0,34.0
e50d5ff1ca7c56933a6f35de967fd2e1,bebes,63,1375,2,200.0,16.0,22.0,17.0
32272e8a9336baf4548671ac811f4f14,beleza_saude,35,906,2,750.0,18.0,13.0,13.0
3f83491f5ef0e8c381d483fe37352856,esporte_lazer,34,481,1,450.0,20.0,15.0,15.0
8767530c2985b63e4fbb351b1c0f33b0,bebes,10,1152,3,700.0,20.0,9.0,14.0
4ff6d690de7f98ab534ab22881bf5819,alimentos_bebidas,57,986,1,1200.0,19.0,12.0,12.0
3120b244fb6ccbf5e91a53148ea1bd88,esporte_lazer,55,3677,6,300.0,20.0,10.0,15.0
6c134d5cb3a3dd71dd85c1b5cb4fc7b0,beleza_saude,56,1006,1,400.0,19.0,17.0,15.0
1d94412990844cddc0ab637ba8c1339d,beleza_saude,46,1008,1,1400.0,25.0,11.0,19.0
8b199a0f183f8011403f53356c564d80,moveis_decoracao,48,748,1,11017.0,40.0,49.0,32.0
f775e44f7a8609df5fc7a00faa8b458e,fashion_calcados,57,404,4,1500.0,22.0,12.0,33.0
59003ff3120537147fec3f06e92cd920,variedades,55,1080,3,400.0,20.0,16.0,19.0
d934d5a5c12e50df26c0669f578e2621,informatica_acessorios,49,340,1,300.0,48.0,8.0,20.0
5233802c90651b80bc4ed98158a68823,automotivo,59,1369,2,150.0,16.0,6.0,11.0
87d65085a17ee04beffe2386bd10c238,artigos_casa,52,651,2,800.0,16.0,10.0,16.0
4a545fda8038a360bd93a5f1ac419a4e,esporte_lazer,41,767,1,100.0,18.0,18.0,18.0
e7afa43db3370ed35072fce5dc820c6e,esporte_lazer,51,1667,1,6500.0,20.0,16.0,20.0
7f6b034a2bb30ba8e1da93017a86bd58,beleza_saude,57,923,6,200.0,35.0,16.0,28.0
a8064cfa6c30d7e838f80ecc9e5e5abf,relogios_presentes,52,727,1,350.0,21.0,14.0,14.0
2fec8bf6ad4d8e40874fbc3808f419cb,utilidades_domesticas,56,966,4,900.0,36.0,16.0,36.0
d8cbd23e48a0683dba2f7a7b3e51110c,eletrodomesticos,53,793,1,4850.0,61.0,15.0,58.0
0bdc98fbf8b311b74a336cf68d070037,consoles_games,59,683,1,150.0,20.0,4.0,17.0
7ae70c929d1b6bcfaa19624f20b4f384,moveis_decoracao,57,1987,3,2400.0,65.0,8.0,45.0
42eb5329dd0ee3d76d135ce04c84451b,alimentos_bebidas,54,920,1,1150.0,16.0,17.0,11.0
122ed0b5404fb93c07b3d35c99e8aaa9,automotivo,57,703,6,4750.0,56.0,11.0,32.0
bd96fec69dd0aed055f782050c66512a,utilidades_domesticas,55,441,1,15400.0,54.0,54.0,39.0
8a6f438e9c9eb5acb74c50525dbf40af,beleza_saude,31,1752,1,1250.0,25.0,25.0,25.0
cd4536501f4e8486f233ea0c0e7e1ee8,esporte_lazer,36,280,2,650.0,30.0,10.0,16.0
c0400a62c5019cdc69bfc76d39b1cfb4,artigos_casa,47,392,1,250.0,28.0,5.0,16.0
a7cd6d35867022e26457483b6c9a9466,variedades,60,718,3,400.0,30.0,5.0,30.0
7fe7d331253bc4643ab397881aa801e7,beleza_saude,35,418,1,150.0,19.0,13.0,13.0
1104a5c02e696d89b7d86e6b2e657795,informatica_acessorios,41,498,1,600.0,18.0,9.0,16.0
80a29790293a83b877cb353f5ae338e1,fashion_roupa_masculina,43,973,2,600.0,35.0,35.0,15.0
cbe24747d52ccb72f4fd7190c41aff73,variedades,,,,800.0,16.0,24.0,16.0
eb22f762af342455275ede8a95b5f189,brinquedos,30,236,1,150.0,20.0,8.0,11.0
6d5623c4f3def09d2f42d84c232641d2,pet_shop,59,439,2,7450.0,65.0,17.0,38.0
6e8230f255f558ee8dfc9bcbe56b9434,livros_interesse_geral,32,1311,2,875.0,20.0,10.0,30.0
56a47c4bb0b2fead59597cb07ac4941c,fashion_bolsas_e_acessorios,54,719,2,200.0,16.0,2.0,20.0
84412fdf17ffe7f7b52913a82e73b5b2,esporte_lazer,54,1051,1,1600.0,20.0,25.0,20.0
6c902acc397f02b1193c57085f1ead52,esporte_lazer,59,2220,1,1000.0,42.0,25.0,23.0
4a16a14bc51cda6c35221b3beb01c037,esporte_lazer,54,874,2,500.0,21.0,11.0,16.0
c8c7240481136f4822c22a80e718f304,informatica_acessorios,49,652,3,200.0,33.0,2.0,25.0
83885297566d48fbff4b91d999240f04,esporte_lazer,43,479,4,3250.0,66.0,10.0,51.0
f20a671609c09d3fb85a16e0eff0bc9d,automotivo,51,666,2,5900.0,65.0,25.0,25.0
acdf5c2a687407b37b00081300de0bdc,ferramentas_construcao,43,379,1,200.0,19.0,19.0,19.0
9219ce85918a5d26bca1a6fddf3a1402,papelaria,48,275,1,500.0,19.0,44.0,34.0
a34838639f948d8f0727b695c2895cac,variedades,63,2005,1,14200.0,37.0,40.0,34.0
480b87ba9ee9ec819d8e5c3bff760e90,eletronicos,57,234,1,513.0,30.0,14.0,15.0
830814a623453adb6e343fb0260e3810,utilidades_domesticas,58,407,1,7250.0,16.0,16.0,16.0
8c81b8075a4b824afebae3dc276889eb,bebes,35,251,1,2197.0,37.0,28.0,30.0
e61be15b90a7985c32b0a239e18e07ff,esporte_lazer,59,1540,1,900.0,40.0,20.0,20.0
017e8dcb2e1a468d46e6e80fd694c5ec,automotivo,59,570,5,1150.0,55.0,12.0,35.0
4bf9cbdc54a2b6e26a7c00aead4fe01b,variedades,34,1468,1,850.0,30.0,17.0,24.0
0b5c0ecd14105464e2b879a307092e3f,malas_acessorios,49,114,1,650.0,30.0,10.0,32.0
d2a05d5e096038f24a2944fe6ddebd29,seguranca,31,264,1,1175.0,45.0,38.0,25.0
97a929277bfb5cc39a42b7a3dd729f10,ferramentas_jardim,57,365,6,850.0,24.0,13.0,18.0
8f7b3d3c85fad2b4ecda1cef9a45b760,moveis_decoracao,62,1705,1,700.0,60.0,11.0,11.0
b088883f90a666de26973f5720c9d5c7,artigos_casa,48,278,2,1100.0,60.0,17.0,42.0
bd6b7d96a03cd99ba1f00650cc8a72e8,moveis_sala,49,853,2,850.0,29.0,39.0,25.0
be4fa7795030e85bb9fe8285405515fa,automotivo,60,104,1,350.0,25.0,20.0,25.0
8032bb148ff355a9d402573fbd6c4b89,fashion_bolsas_e_acessorios,37,134,1,100.0,16.0,10.0,16.0
81c57baf4689d8d58fc4d8ff51ebb210,papelaria,60,278,5,1250.0,38.0,15.0,29.0
70275b3042e4c4b6f18637720387bc0c,beleza_saude,57,493,1,1250.0,30.0,10.0,17.0
839b2d42b8c439290e2cb9f44e17a6fa,papelaria,57,722,3,150.0,16.0,10.0,27.0
14a804caa27d1d738183cbbad4d84346,eletronicos,38,745,1,100.0,17.0,17.0,17.0
af8b63fb96b0dfa439aabd7baea07a23,utilidades_domesticas,58,644,1,8900.0,28.0,64.0,28.0
44f0d2f26b22303cf2c673c696402f47,artigos_casa,46,1421,1,800.0,35.0,20.0,20.0
a58618eb6d5ab975d0bf78cb2c77f373,beleza_saude,51,2603,2,150.0,16.0,7.0,12.0
e729528d0513c6dfec158a515a47187b,esporte_lazer,56,574,4,5850.0,90.0,20.0,20.0
823d744bdaf063ad824cac2fc3540fd8,ferramentas_jardim,43,323,1,3600.0,30.0,25.0,50.0
59acb82068f537c60568a06ca341397f,informatica_acessorios,29,501,1,600.0,18.0,9.0,16.0
9cc8a90a8f8b6a7b56a486b612b40efa,esporte_lazer,55,2835,1,1225.0,33.0,28.0,28.0
9c453ac5a53eb31c15f608f2ab49d2a3,artigos_casa,55,242,1,22200.0,37.0,23.0,35.0
4cf46fe8e4eb3de47d0b04d7ee87e7f2,variedades,43,2768,7,2583.0,25.0,38.0,29.0
c3910fee8ac77d2fd4e39a0aa2e0b506,livros_interesse_geral,18,710,1,400.0,16.0,2.0,21.0
9224bdef49ae12098a4d76b8f54d8f07,artigos_casa,46,684,1,1450.0,40.0,15.0,32.0
a32a25c59034cb4c034031798e2fba85,moveis_decoracao,46,608,1,500.0,30.0,5.0,23.0
72a5b2df108f3062ec2731ab68e5b5a9,moveis_decoracao,60,2064,4,5700.0,85.0,10.0,40.0
5112b1e13e8bd78e7644a05361e32223,informatica_acessorios,59,1679,3,5400.0,30.0,20.0,20.0
151f727718fd1e3d913e793a692c0f14,esporte_lazer,36,979,8,6350.0,90.0,20.0,25.0
c35614188d97c66c2a9c7b251267d86d,brinquedos,59,721,2,8875.0,50.0,39.0,39.0
d5aaa8920fc54584d11c60ca1c277713,esporte_lazer,58,528,2,150.0,20.0,4.0,12.0
c15c05beb23ff0f89b50e98c810dbc03,utilidades_domesticas,58,391,1,950.0,45.0,20.0,25.0
49e70ba5085cd95e69fb041635304a0c,fashion_bolsas_e_acessorios,23,77,2,200.0,16.0,3.0,15.0
71b157e39523e25558ed9cc1960c3fbd,artigos_casa,40,496,1,125.0,28.0,7.0,20.0
759387d879934d7b6fd19846303efc10,telefonia,44,353,2,50.0,19.0,3.0,11.0
b9d4937a9a9c016477f28b7def81bdcd,artigos_casa,38,321,1,725.0,43.0,10.0,23.0
530a4d5b0359677df7cb03484804509e,brinquedos,56,286,2,300.0,23.0,6.0,23.0
41eee23c25f7a574dfaf8d5c151dbb12,variedades,,,,200.0,16.0,2.0,11.0
ccf4e916d699289f85e6ac95b67d625b,artigos_casa,43,111,1,1900.0,35.0,23.0,30.0
d37b48918cb999510be8ea3bfded4c94,papelaria,46,530,1,350.0,25.0,10.0,17.0
adb1f4589c0848c3f4ed116ade592400,brinquedos,37,255,2,583.0,24.0,22.0,23.0
fb10e89a4e9198e408db587983f3eb9e,relogios_presentes,53,810,1,350.0,17.0,14.0,15.0
ef1c671d636510846d72e7aa3af1e0a5,telefonia,60,220,4,300.0,17.0,4.0,12.0
47d85e3e35a3e29f93fdc12b295d520c,esporte_lazer,26,446,1,10000.0,29.0,3.0,29.0
fdc3af4045c7316cadde9fda3c335932,instrumentos_musicais,54,267,3,300.0,32.0,3.0,16.0
a055e7613e88b48f2d724981fae9d2d4,beleza_saude,52,1098,1,500.0,21.0,6.0,21.0
500cf2c2853136c4782d885f61945b98,perfumaria,34,857,1,514.0,19.0,17.0,17.0
fe9f815c71f1651837c0f6770e533db4,moveis_decoracao,42,928,1,650.0,17.0,17.0,17.0
2ff677af9af410da689ac8299bab93c9,brinquedos,47,822,2,3725.0,41.0,32.0,25.0
a5dd94755306eb7c9b5b66d371a09144,relogios_presentes,28,164,1,510.0,19.0,11.0,15.0
ad5e26211dacf07063fac8864fb68e4f,esporte_lazer,54,1069,3,26100.0,80.0,85.0,20.0
de0f5a42f807e66ec0e2803eb10a5a4b,artigos_casa,55,243,1,3500.0,43.0,18.0,30.0
44fc450365728c413fefc547592626be,eletronicos,28,1426,1,1833.0,21.0,19.0,22.0
d6d88b596b8166f1094d9fcef020a074,informatica_acessorios,50,545,1,451.0,16.0,12.0,15.0
4f2174962b85f6f08d3258485d9de11a,eletronicos,30,320,1,1643.0,16.0,8.0,12.0
37f16294a0035a70b970ee3365bb1382,automotivo,53,574,5,2500.0,33.0,27.0,26.0
4b7ddf18ef3c5205f6ec288dffcd7c55,variedades,46,588,2,500.0,16.0,12.0,22.0
086963be71b4f60fd2b27465c5a1fe7d,eletrodomesticos,58,1048,4,3600.0,30.0,11.0,55.0
7094ed51ce16d5ba737ef483df555c6f,telefonia,59,777,6,350.0,17.0,4.0,12.0
52d6f0dc99f96ca1d2ddbb64146f11b0,beleza_saude,53,1325,1,450.0,32.0,5.0,21.0
de41aaf0880256b515a29b86285a45c7,esporte_lazer,45,1101,8,1100.0,18.0,17.0,15.0
d829c266108bd4ef390199df1560fc2b,artigos_casa,46,128,1,400.0,40.0,4.0,30.0
630c84b1ce83ae0e9ddc05a1410391e9,pet_shop,31,541,2,2400.0,40.0,30.0,30.0
a2a4579215fcf47abf5d55f7b2cc3d1b,esporte_lazer,53,898,1,3350.0,32.0,22.0,22.0
8d3c0105549f11e6059bb69fe51659c0,esporte_lazer,53,848,2,950.0,17.0,5.0,17.0
551e8141f88ef14ec41f77f67575f6f5,brinquedos,37,1516,2,1020.0,43.0,15.0,28.0
25fff16924bfec818c5c4d46b937ec0c,eletrodomesticos,53,412,1,2800.0,27.0,13.0,17.0
6cdf8fc1d741c76586d8b6b15e9eef30,consoles_games,59,3172,1,3050.0,34.0,10.0,22.0
541fe3a51f05d6f3ee6e730fafa0b8d5,esporte_lazer,50,335,3,150.0,16.0,16.0,16.0
c9510fa67a970aaa2ddea284b6d14df3,eletrodomesticos,49,354,1,100.0,18.0,8.0,13.0
8c591ab0ca519558779df02023177f44,ferramentas_jardim,47,1893,1,6050.0,20.0,20.0,20.0
30ab498424a05754d445336acbcf05d5,relogios_presentes,55,807,4,350.0,16.0,2.0,11.0
dd619ff22f2b3f2bfe6d853f945fc25b,moveis_escritorio,56,225,3,11025.0,57.0,57.0,23.0
37165892660e2d231f643fbd2e88b556,ferramentas_jardim,39,297,2,260.0,21.0,19.0,16.0
4b15c9a92a5637d71143577edd7718b1,utilidades_domesticas,52,1098,1,850.0,16.0,25.0,20.0
4d687600c495f2049542171633cf1f77,artigos_casa,64,409,1,18850.0,45.0,15.0,35.0
c7b8e643fca22f6d8ec5f4b76b72e65f,beleza_saude,45,723,1,1100.0,20.0,10.0,15.0
77d18bca68cddfecb729d68f30ea9580,utilidades_domesticas,56,1171,1,400.0,25.0,35.0,25.0
011be89e68e286ac07f51c22ecbb04aa,esporte_lazer,59,1301,6,450.0,25.0,15.0,28.0
724d8701e060e57764e2a0d4a4c0bb0d,utilidades_domesticas,54,458,1,200.0,24.0,12.0,30.0
a1ccbdad642a580304988cd472018896,beleza_saude,58,1984,1,500.0,16.0,15.0,15.0
81cb8d21c3255d5c2143be50785cc2ad,moveis_decoracao,55,1960,2,3000.0,69.0,11.0,11.0
2c0794594e639865fe2ff4085c935544,informatica_acessorios,60,970,3,750.0,36.0,17.0,14.0
aa852c9c016c836c84928a70b669f6a0,beleza_saude,54,696,5,350.0,19.0,11.0,23.0
10990aaa402c4692f9eb94cbc354e53c,artigos_casa,47,158,1,3128.0,60.0,24.0,39.0
4432acdc80e1b1f73f9f355f12ecd60f,variedades,,,,200.0,16.0,2.0,11.0
7cfda1a28e3673a7dcf2094f856bf54b,ferramentas_jardim,58,2253,5,850.0,21.0,20.0,14.0
c4334dbbe9c97c0eb165debf7132c689,malas_acessorios,48,1012,1,850.0,17.0,37.0,28.0
45a9a8115c62ad1ce34845e5ec4cfd48,brinquedos,39,740,2,300.0,20.0,20.0,20.0
2dda8afe04774afea003920be7d6fffb,artigos_casa,55,699,1,1000.0,16.0,10.0,16.0
dbf2cc639a05cc8c1583d46c2cc49c0f,utilidades_domesticas,59,145,2,975.0,29.0,19.0,26.0
35488a446a9fe259f079ba250f4e2110,perfumaria,55,712,4,950.0,26.0,8.0,16.0
a7bd5cdf5ec9debc822d3d64b5c4a80f,brinquedos,55,509,3,1250.0,30.0,20.0,40.0
20db47207304d368821e99cd7c56c635,papelaria,38,355,9,1300.0,40.0,10.0,50.0
487cc4260ca851ec6cc283db8d235fc2,automotivo,59,216,3,350.0,20.0,15.0,20.0
378bb6601c068c842ca65be6c5e45ccd,alimentos_bebidas,40,911,1,1700.0,16.0,18.0,15.0
cde89c19bf58d71bc836b1495a5ff123,bebes,58,646,1,550.0,99.0,3.0,65.0
e579c56ed22a86edeb6e142d180972c0,pet_shop,63,1451,3,7050.0,40.0,20.0,50.0
f2e82987e8acd46815fda8c648580b12,moveis_decoracao,48,2241,2,500.0,65.0,11.0,20.0
964141a61c4723bbcce42afb501ce244,esporte_lazer,60,430,4,275.0,25.0,13.0,23.0
f5cb4f19ca215fb34aef190918d45f46,informatica_acessorios,47,219,1,200.0,23.0,11.0,15.0
8877966d8f081b2857a5e293d6ecf59e,papelaria,51,351,1,550.0,40.0,14.0,38.0
ae2531af4f44882cd7daed3b429d8744,utilidades_domesticas,36,546,3,350.0,25.0,10.0,36.0
13227605925c23d73decd0ef10aa71f0,artigos_casa,42,111,1,1750.0,33.0,15.0,26.0
addc4d1f7d82e1b6c5ba37d6559ac127,automotivo,59,732,3,300.0,16.0,21.0,13.0
28e2f0b2af65c93f3b38636759d81d98,variedades,37,580,3,417.0,22.0,16.0,21.0
c6c3f359bed2ca70506331f0a05d9c06,automotivo,60,424,1,900.0,16.0,16.0,16.0
11b01f1cecc2e56f57fa038e87fe6684,ferramentas_construcao,57,373,1,200.0,16.0,5.0,20.0
a87d9e903f9535b37cc8c45e0ab5edf2,ferramentas_jardim,51,530,6,6150.0,45.0,27.0,36.0
7052c556fc966a2321d570f3c5a8790f,utilidades_domesticas,52,404,1,9800.0,25.0,10.0,20.0
26fc231be6849fcec97af7afec0bb083,relogios_presentes,46,558,1,317.0,18.0,11.0,14.0
c46a1855dd52a09f34d29d939a1fd975,ferramentas_construcao,38,2683,1,1367.0,19.0,19.0,22.0
4444290d1f0ec9579d5b21dc589251c0,automotivo,51,680,1,4150.0,68.0,12.0,68.0
1f8e6a79faf4326701aa4b07c0b955e1,telefonia,53,1586,1,538.0,14.0,10.0,11.0
8b4d1b3f6edcc74d027e598a572ddcae,informatica_acessorios,36,779,1,250.0,16.0,2.0,11.0
4266fb7733672876b00788ede26da7d0,brinquedos,24,267,1,200.0,17.0,4.0,13.0
6e135c0c17d87c489e2f89efe42b948a,pcs,56,2111,1,11900.0,52.0,52.0,26.0
c3798d484fb730f0b5c23af0d5361595,audiovisual,45,150,1,100.0,16.0,11.0,12.0
8cec92449a671f49ee9ef23dfecfb1c2,informatica_acessorios,50,1975,2,95.0,22.0,14.0,11.0
77dfeb0e34976854ba703a339ff8fb2a,moveis_decoracao,39,1405,3,150.0,35.0,2.0,25.0
e89607ddfcf953bc7a85adaca52e122a,flores,47,335,1,6000.0,16.0,16.0,16.0
f81a1edab43cbf08299503316612bacf,automotivo,59,555,1,8400.0,61.0,13.0,61.0
4532fa1bbe47099ce5c9e2313fb9bf2a,automotivo,60,1124,3,130.0,17.0,4.0,14.0
bb5719addb75c18148e1b6aa91e3793f,relogios_presentes,60,717,2,567.0,16.0,12.0,12.0
7adebeebd22a2f3271bdb33ebe37caaa,automotivo,60,634,5,2000.0,68.0,9.0,35.0
a961143b53bf771400f1bc6bdf396e8d,alimentos_bebidas,37,27,1,300.0,21.0,11.0,13.0
efcfadc44ef59e03e6b3875e403d59d3,artigos_casa,56,124,2,1100.0,95.0,8.0,50.0
6783ec139a64b31273469591b7e09e16,informatica_acessorios,60,540,1,200.0,20.0,13.0,13.0
e9ac2b2354311e87d669d5b722995010,automotivo,35,730,2,200.0,21.0,7.0,15.0
1cc786f2fc3932c7a07346cf556c28bf,eletronicos,38,1028,1,467.0,27.0,17.0,18.0
adcaeaf58f2759f55ac5da69ae4b4fc3,moveis_decoracao,37,777,2,250.0,16.0,32.0,16.0
2fc46e8ba9bbe4d062776e585b8c0057,variedades,,,,700.0,19.0,28.0,20.0
01aa9c122bda45bcbf7edd32fbc36d23,moveis_decoracao,40,275,5,14700.0,100.0,55.0,16.0
dc3665bc3584a881a2462a1efbc71107,artigos_casa,60,613,2,800.0,50.0,7.0,38.0
66358143d86813429426c93f03bbdabc,moveis_decoracao,57,2010,2,1450.0,69.0,11.0,11.0
e9587f9144eeecc69fd4ed7dcf32a024,ferramentas_jardim,44,461,2,1250.0,16.0,26.0,40.0
b4be8f8fe79a6219017a8de82c24a4ef,beleza_saude,46,440,1,200.0,17.0,13.0,12.0
04913106077ff97c89fa5e6b289fa25c,artigos_casa,59,140,3,2100.0,36.0,8.0,27.0
c941e81ce9fde807c2747a28fc360206,automotivo,41,3326,2,225.0,22.0,20.0,16.0
207053c7b5b4e03d5e96c0cc64e1aac2,ferramentas_construcao,60,198,4,700.0,21.0,6.0,24.0
2dcff90bd6ccaf271aeed159a91f2958,beleza_saude,54,1899,2,550.0,40.0,21.0,14.0
442484911e00b4bff85ece3e10c1dc1f,relogios_presentes,55,439,2,750.0,16.0,2.0,11.0
78f154cb6a25aea77b9d98ce9ad93be4,relogios_presentes,57,661,2,250.0,16.0,11.0,11.0
4cce3fa9fee9eb2361e0b9bd32516958,ferramentas_construcao,35,1405,1,1900.0,16.0,19.0,24.0
a7b9753ca5040193a1505f15c723c0e0,moveis_decoracao,60,609,3,2650.0,45.0,25.0,18.0
a1e247b4cedaed462f50049a633345da,utilidades_domesticas,52,62,3,700.0,23.0,23.0,20.0
1ba74b19c790ee59fb57fa2befa6e885,fashion_bolsas_e_acessorios,53,297,1,150.0,21.0,9.0,14.0
e71945f8dffd478e4437a68c5d257763,telefonia,51,303,1,200.0,19.0,3.0,11.0
529373d4d9ef71129dc7d3227d06846c,telefonia,60,791,5,100.0,17.0,4.0,12.0
3152a0c0d93abeec99e4a6169aecc88b,artigos_casa,35,133,1,600.0,40.0,4.0,30.0
0fc323f82937aa2d350753be764a155f,ferramentas_jardim,43,219,1,1900.0,45.0,30.0,42.0
82ff6972ccf4255e24cd470d8fd8b539,automotivo,53,631,2,1900.0,33.0,27.0,26.0
7a2db74c8e2d40cd60fe4677d38a74ce,informatica_acessorios,32,338,3,433.0,16.0,8.0,14.0
d013430a166249e4ec5bd775dc4f38a4,automotivo,50,238,3,1600.0,20.0,20.0,20.0
877e380ee3bca2827be3586e9d4b7c84,eletronicos,56,622,2,550.0,16.0,16.0,11.0
695da2d1ee50ae5a8ad2085798a645ad,jardinagem,55,2039,5,235.0,21.0,7.0,15.0
53fdf3db66e7448326f18bea615f440f,ferramentas_construcao,57,688,6,4300.0,20.0,24.0,21.0
3c18d6785eef198155c3f4b40b575f39,fashion_bolsas_e_acessorios,28,140,3,50.0,17.0,4.0,13.0
969b36d05b717529934b42457917f64b,automotivo,57,300,1,1350.0,28.0,10.0,18.0
d2e1eee81b5ff42f0f1f4693e1182349,utilidades_domesticas,20,637,1,550.0,17.0,28.0,11.0
50bec4f732b87a71331108e85464f5e0,telefonia,55,413,2,200.0,19.0,3.0,11.0
026b77b15418f2a8114dfb0026739be4,esporte_lazer,56,3161,1,378.0,21.0,14.0,14.0
c69ee3d090e5c25f7e8633b164fc001b,automotivo,59,549,1,3566.0,63.0,9.0,63.0
54caa022e792f1ce31d4a656cecaa802,automotivo,58,954,1,200.0,20.0,15.0,15.0
6147f365b989950e8622a89e573d913e,instrumentos_musicais,60,1104,1,1150.0,21.0,13.0,21.0
91eca57bdc51c30bb4204537e9996058,telefonia,59,362,1,150.0,16.0,2.0,11.0
0168e1b28d8e55a515928cf656eff0a4,automotivo,50,340,1,950.0,22.0,19.0,19.0
09003e51b4ca5793bfcdc42026abd63a,livros_tecnicos,29,1872,1,350.0,17.0,24.0,11.0
5f76fa92c238431e69b3f294ec7db04a,informatica_acessorios,63,193,3,100.0,23.0,2.0,20.0
7978cf8f35b3ee5e60ce063d2b041dcd,beleza_saude,49,660,1,1250.0,26.0,17.0,19.0
e3d17fa3c240d8614ea0d89d249b2a92,beleza_saude,38,1906,1,2400.0,33.0,10.0,16.0
628d0ba951ebb8fd1edc5ab3934468e0,ferramentas_jardim,48,182,2,1600.0,17.0,17.0,78.0
7a38e463ce92bd8ee8449bde3f9ab398,esporte_lazer,43,1083,1,11517.0,51.0,61.0,38.0
6f6c5da6ce68f0b7150daee08677ca79,artigos_casa,58,630,2,2100.0,69.0,20.0,53.0
6efb6f992e2f51bc224145a2a9e3ec38,livros_tecnicos,44,1583,1,2350.0,29.0,5.0,21.0
d4bac0bfef9cb063e55c79bb8cdc9034,ferramentas_construcao,58,575,3,500.0,28.0,9.0,18.0
fdbf9f9491572857107621c9e0c5d59c,utilidades_domesticas,47,793,4,305.0,68.0,10.0,19.0
448dc391c54233ca4f7a87fe0e6052b9,beleza_saude,37,875,1,350.0,16.0,16.0,16.0
a4bc259da0b7bb9a52d9dbcb9efd7fec,casa_construcao,39,867,7,450.0,16.0,20.0,16.0
f69581741831e1dcd24e28e299ad36ff,eletronicos,55,1737,4,12950.0,40.0,30.0,40.0
0e0dec1c30232f86f5076622e9f623b6,artigos_casa,58,124,2,9850.0,20.0,40.0,40.0
5ec7e3a8dd5bc62961e497992baf4036,moveis_decoracao,57,281,2,1250.0,30.0,5.0,45.0
1d79cdcf69371b7e6e8ab6831d2c6483,eletrodomesticos,55,192,1,250.0,27.0,13.0,17.0
43a888fc6acdffc23011578f63d5f045,moveis_decoracao,63,308,2,1200.0,30.0,30.0,30.0
689a9f33ae479ec0d9f68a9b6b0cfcbf,moveis_decoracao,58,123,1,550.0,20.0,27.0,11.0
5ea241885816f6957dfaa9a8592c6b37,moveis_decoracao,48,1750,2,2550.0,105.0,3.0,70.0
d0885d40d75c08cf3c44d7ae88897e11,beleza_saude,49,1386,1,2200.0,21.0,27.0,20.0
a6f74de3ddfbdc9b33885b92656f992b,fashion_bolsas_e_acessorios,39,582,6,150.0,16.0,9.0,11.0
c0275a8ac94fd0866ba76c7d2496bb5c,artigos_casa,60,494,1,3100.0,41.0,17.0,34.0
c4ca7813a32bb7bdf50108e39b6473dd,consoles_games,36,719,1,1800.0,60.0,16.0,20.0
3853e3608767e301916da6f925cddb2f,artigos_casa,50,423,2,2200.0,50.0,30.0,50.0
67b6e702f44cd2c2ce9db4be16490cdf,beleza_saude,46,445,1,1000.0,16.0,16.0,16.0
e5c50ee10712a01bfed9854a00502f8e,eletrodomesticos,50,310,1,14100.0,40.0,60.0,40.0
4914f8796af2ecd359fd8f44b9b92339,variedades,,,,100.0,16.0,11.0,12.0
759d6e247dae636cc8e135f50052865e,moveis_escritorio,55,1286,1,9125.0,57.0,55.0,22.0
c7087c85276fc1785b4575ca6680ea9c,beleza_saude,59,1336,4,250.0,16.0,6.0,11.0
2eb3c639a21ca3eeabf2ec13bf7bc46d,artigos_casa,59,451,7,11350.0,50.0,30.0,40.0
48b177636b95ce71e5cc0411f2c7a9a9,artigos_casa,57,362,1,1005.0,34.0,25.0,45.0
22560e21f2b8afbeb6939cab114839f3,informatica_acessorios,47,618,2,250.0,16.0,15.0,15.0
1136bf18450b05b755f50b49657c1943,eletronicos,53,265,2,133.0,17.0,9.0,14.0
26a5af09b51d4e5f17609f6c9ae7f50f,artigos_casa,53,282,1,1000.0,33.0,4.0,32.0
e00a60cd14eb7299be9e8ad1dfe1c578,moveis_decoracao,25,413,1,13250.0,52.0,52.0,52.0
045bb60690dbae4f06160b45556463a1,utilidades_domesticas,35,116,1,1200.0,80.0,16.0,16.0
5f63102603ddd84556a92387a9821ea7,automotivo,53,1251,3,150.0,25.0,3.0,13.0
6416e0ecd625ef4adf18658a9aca2e10,beleza_saude,36,1971,1,644.0,20.0,15.0,19.0
8453809459840629ed9a2ba9735c551e,moveis_decoracao,53,247,1,1100.0,40.0,7.0,30.0
54bb9fd00671278ced24d05aff1d08c9,automotivo,58,703,6,4800.0,47.0,19.0,23.0
f7739485622f3dccbf3c8755adfd76af,utilidades_domesticas,55,355,1,300.0,18.0,9.0,12.0
1b01cabd433131aec917576c347f0dbd,relogios_presentes,52,687,1,550.0,20.0,12.0,15.0
1fb368a1506cced21a07abb6d220c4e1,consoles_games,46,1469,4,98.0,17.0,7.0,12.0
101103127867af6d2af98dfb2da6c78f,moveis_decoracao,63,870,1,30000.0,60.0,65.0,60.0
842fb98abb484ddb50b2682d0be9c3f2,ferramentas_jardim,56,1852,1,263.0,24.0,12.0,16.0
0f9d4a8cb14c962e53120a6f7a3a215a,perfumaria,41,230,2,600.0,20.0,20.0,20.0
af4c95f42ca8c56f8b0557650c11eb44,esporte_lazer,33,1154,5,460.0,22.0,13.0,19.0
9c7f6d8c7ecb53b1ded940560fad344a,automotivo,45,660,1,50.0,20.0,2.0,15.0
eda64e6f9a82d6ce803c2e1a6790bd06,informatica_acessorios,60,345,6,600.0,28.0,6.0,29.0
82c56b8583385afa6570d84dfe063a0a,artigos_casa,49,747,1,1250.0,16.0,10.0,16.0
5094a8f7ab33cba35acfd43d100b3298,eletrodomesticos,56,190,1,300.0,23.0,11.0,16.0
ddfaa1c2e19f82a47043c5f5ee1376d1,utilidades_domesticas,59,263,5,5700.0,54.0,18.0,35.0
ca39b2683ada25bb55bebe99c18f33ba,esporte_lazer,57,556,3,100.0,17.0,15.0,16.0
430f4c8e02bd4e1fe6330c38689b54f3,artigos_casa,57,188,1,950.0,44.0,2.0,36.0
55cee47e392df16fee82018edeb545c5,informatica_acessorios,25,1053,1,250.0,19.0,5.0,13.0
18ab9bce7759767eff9cfcbeb6de70ce,eletrodomesticos,58,147,2,1225.0,31.0,14.0,22.0
bb65a8166c4bbbe6a451274925b0b3f3,casa_construcao,43,1259,1,200.0,16.0,20.0,16.0
fe1b6867dcd2f3336f259476b77f5edd,esporte_lazer,56,1393,1,1600.0,25.0,25.0,25.0
c4b5776ae19c3e9ee28323b38d41c72f,moveis_decoracao,27,212,2,10050.0,72.0,10.0,72.0
5be25cbe1b150d16b7809060ffe1ce0b,telefonia,54,394,3,200.0,19.0,5.0,11.0
7bf4429ac0d45873f7ec59b55b55031e,bebes,54,974,3,15750.0,79.0,23.0,52.0
b7e087ab49f42ad0fe758f399f4e7077,fashion_roupa_masculina,28,364,2,400.0,16.0,16.0,16.0
033ccb3016d3b24bc724629b8df41f94,esporte_lazer,34,317,3,400.0,16.0,9.0,15.0
826f5b971a308b08c7596b03ae80246f,esporte_lazer,49,891,1,250.0,16.0,16.0,16.0
76af9e7b28825784063eef745c2bb63a,utilidades_domesticas,46,696,1,2500.0,33.0,15.0,24.0
298532d06986d6132e5222b9362ad942,moveis_decoracao,57,1749,3,2250.0,105.0,3.0,70.0
2b703ec635a9868dc7da64dda15cd828,bebes,48,974,3,1150.0,60.0,15.0,40.0
5a41b34fa72eb9c57130a1e6265b344a,informatica_acessorios,33,775,3,400.0,20.0,6.0,14.0
0d2c4e029804235bd546d1f771049ef3,artigos_casa,51,901,1,975.0,34.0,5.0,26.0
9a29b754b7fc0aa8eeb990103fcea4fc,moveis_decoracao,36,687,3,2800.0,103.0,8.0,20.0
c48ac418b79aeb75f30be25ea192b6ff,perfumaria,18,71,1,200.0,22.0,11.0,14.0
09e90effb944a6866b1d4b058a15f70c,utilidades_domesticas,58,623,1,350.0,20.0,30.0,16.0
33e79119cfaa0e1f7122bf00b10426bc,telefonia,48,815,1,150.0,27.0,5.0,20.0
9b6ee5c8c553ff804dc0b0c2d06baa49,beleza_saude,47,966,2,283.0,18.0,7.0,13.0
7021736b31103885bfc8269887f01659,relogios_presentes,56,370,1,250.0,16.0,2.0,11.0
867b820367ec206b38a357f2c12454b7,bebes,40,811,3,200.0,38.0,8.0,38.0
4eeb3431ff29b8867d4f7b817c298a81,telefonia,56,863,1,300.0,20.0,8.0,12.0
50a3cafc73d5530ef9a4f1a5a5cc194f,eletrodomesticos,58,105,1,250.0,34.0,13.0,12.0
0c672ed004d5abcc4bcb0367fdaffad3,telefonia,59,818,5,150.0,17.0,4.0,12.0
ff469d5a015226354ab92a85c8c46537,informatica_acessorios,57,411,1,933.0,32.0,22.0,15.0
d9c32c8680c2426cade754f10d61e5d8,relogios_presentes,59,543,1,325.0,19.0,13.0,19.0
422fe5f2947a7aa4b72de6e4e41f543f,perfumaria,58,598,2,700.0,43.0,16.0,27.0
c6b3e5dad7e071459c1ab64d517d848c,informatica_acessorios,58,323,4,400.0,16.0,5.0,11.0
4cb4ef491872bfc6e910b343d46c6325,fashion_bolsas_e_acessorios,40,360,5,150.0,16.0,9.0,11.0
60cfed7bb114878f269131d2857b226d,moveis_decoracao,56,546,2,400.0,16.0,16.0,16.0
6f431420cb4f91e9c20f89e83abd17d9,telefonia,31,295,11,100.0,19.0,3.0,11.0
3e5201fe0d1ba474d9b90152c83c706c,artigos_casa,56,255,1,1800.0,30.0,5.0,30.0
268dea74d2aec39c04aecdf03081ac60,moveis_decoracao,63,1764,10,1450.0,19.0,69.0,19.0
c7fd13b5e515bffdab855d0812842edb,moveis_decoracao,46,490,2,1350.0,30.0,20.0,20.0
01cfc3d9c29504c2d370933e53f002b4,perfumaria,60,1078,1,400.0,23.0,8.0,15.0
471494e1cf6517d6187de96db848eb29,utilidades_domesticas,35,668,6,1850.0,39.0,23.0,33.0
946344697156947d846d27fe0d503033,artigos_casa,55,619,1,500.0,16.0,17.0,17.0
b04d3047927b9681a49beae5f4136a0b,moveis_decoracao,51,189,1,550.0,35.0,10.0,25.0
c2b034a0c62b0c683bbe20ea5e4514de,esporte_lazer,56,568,6,250.0,30.0,16.0,16.0
2c190df9aeb8a3b7cfb2e07277fcdbd6,beleza_saude,44,2289,1,2300.0,30.0,12.0,16.0
414c53fa9c5cc4a0390682aeb2e25ec1,moveis_decoracao,56,646,1,300.0,16.0,30.0,20.0
3411fcf3ea2ecbf29a0b5ccb867c44ce,variedades,49,813,3,1008.0,40.0,16.0,39.0
f33bfcc8610360bf8b4d2831c7f4488e,beleza_saude,42,1576,1,425.0,22.0,14.0,18.0
168936313777f1f28b81922f681a1014,artigos_casa,55,700,1,6400.0,28.0,28.0,28.0
d6771ada82143b0a04ba2cf7690bfcc7,utilidades_domesticas,46,824,3,963.0,17.0,15.0,15.0
555062e73d3fbad985916bb59d62067c,esporte_lazer,36,1273,2,367.0,19.0,10.0,17.0
ab1106e227a745836a0dc83b374e2575,alimentos_bebidas,52,869,1,325.0,16.0,9.0,13.0
67d50eb97553912ac6bd1584ff04c73c,informatica_acessorios,23,480,1,926.0,28.0,15.0,17.0
fbe6ed76eed46e62a6e2dba72745725d,moveis_decoracao,39,94,5,400.0,16.0,5.0,20.0
d4ed9e130fbb1aca77ea64f08f1b20cc,utilidades_domesticas,50,424,4,300.0,16.0,4.0,11.0
e5003c1b4fe2885d8bce3da615a8e6f2,pet_shop,24,464,5,7050.0,51.0,22.0,42.0
95882ad7734c1fb14cf538cf382b792d,artigos_casa,58,61,1,1300.0,37.0,17.0,30.0
4bca3c346db930193289def4c4c14016,esporte_lazer,54,2020,2,1400.0,27.0,27.0,18.0
980a05f1865790c75cf9a22ae4771c1c,variedades,,,,21700.0,40.0,50.0,50.0
e28c20122447273e9e5f54f50f2762c2,artigos_casa,55,560,1,600.0,16.0,10.0,16.0
40a0ec6af64daa96b5e1203550354f89,esporte_lazer,35,500,6,500.0,30.0,12.0,15.0
991669e10bb13b3502329f768c98c7e6,esporte_lazer,31,987,8,300.0,18.0,6.0,15.0
980e9d57d8db60824d2005c6c26dec64,informatica_acessorios,52,845,2,250.0,17.0,25.0,32.0
b476607319330ff5e387b50aa3ee909f,variedades,53,257,1,800.0,20.0,20.0,20.0
ea8961270de20e665fcbb36044d6580f,ferramentas_construcao,47,414,1,100.0,25.0,3.0,20.0
04008f5a086abe248a3c76bc2fa4f4e1,artigos_casa,41,2201,1,1250.0,48.0,14.0,68.0
c7bf71951a3b1bb4af307ab6650da6d2,ferramentas_construcao,30,251,1,500.0,23.0,21.0,14.0
68cd3f9c7b7a1ccaf0b0b7c784999f54,ferramentas_jardim,32,1375,1,500.0,30.0,10.0,20.0
1bcb8c6da1776e8ce06e459213adec74,artigos_casa,52,354,2,300.0,60.0,8.0,40.0
b2d98b6f547c14e29a9e72b8e630d936,artigos_casa,59,223,1,2550.0,45.0,13.0,35.0
fe0c30fb2df4e35bc7319b277ddbdaa5,seguranca,45,526,2,850.0,19.0,23.0,13.0
253630f686917e7d27f9e81f81b2f94a,moveis_decoracao,49,1405,3,200.0,35.0,2.0,25.0
af6ab2d196af959df0ce35fc5ea50278,utilidades_domesticas,56,747,1,850.0,16.0,17.0,16.0
4b1bf508b7e2b27e8472c16d7f189909,automotivo,63,1049,2,2800.0,40.0,16.0,40.0
ae615b6d90889dda51e5a2e821d23b22,relogios_presentes,42,250,4,358.0,21.0,10.0,18.0
b31fe7683526f7b942c8de2796f2e72d,climatizacao,44,84,1,400.0,20.0,6.0,15.0
d6a833576187300ac7c315a09c16b96e,eletronicos,46,468,1,328.0,23.0,8.0,16.0
fd538a6af86a4b1b8546ec67d04a6323,iluminacao,58,1456,1,7700.0,36.0,35.0,35.0
14b4ba1b43773a92e0abe6dc500fe18b,variedades,63,237,1,850.0,23.0,18.0,33.0
26f76ddb0070c797bd15228e8e085023,eletronicos,50,404,1,200.0,25.0,7.0,16.0
77f70ac9f5426624db4fb65c4f1195b8,relogios_presentes,47,702,2,300.0,16.0,13.0,13.0
672cd55beec76a54b88a865280fd9e5a,utilidades_domesticas,29,200,1,100.0,17.0,3.0,11.0
8cca198a4bdcb5fbce4800ea1e089bec,utilidades_domesticas,48,325,1,350.0,17.0,22.0,22.0
ef61e93a7d0d8843a965440649bc0711,artes_e_artesanato,30,177,2,1700.0,40.0,20.0,25.0
44e086c4a977f37a888627b43880586c,instrumentos_musicais,60,234,1,600.0,20.0,20.0,20.0
6d8e78c479334cba03552e61a97eca2e,fashion_roupa_feminina,40,1066,2,1000.0,27.0,12.0,23.0
3ff490445b099b53cba94a2dab6f814d,utilidades_domesticas,49,342,1,1800.0,31.0,35.0,30.0
377509eb8232dcaccdfc75261e5c50fd,fashion_bolsas_e_acessorios,55,951,2,150.0,16.0,6.0,13.0
d537774a80c3bc2cf77097b801b7a88b,automotivo,51,703,6,9025.0,56.0,11.0,32.0
8cd6267f12bb115b2b56d20d3a860cfc,informatica_acessorios,38,375,1,400.0,23.0,14.0,11.0
0d86df06a3a526cbe70d2e56c50a0b7a,informatica_acessorios,26,978,3,1400.0,25.0,15.0,25.0
45d22d06ecb3dc42e91faf0e52c1a8c6,eletrodomesticos,38,134,1,150.0,18.0,8.0,13.0
0d784350888156657d65b06af8ccc501,fashion_bolsas_e_acessorios,48,1359,1,200.0,16.0,2.0,11.0
243bb58796ed2164b831fb75e1241888,automotivo,43,246,7,300.0,16.0,7.0,11.0
cd935d283d47f1050c505e1c39c48b67,esporte_lazer,32,658,5,281.0,30.0,14.0,25.0
e12685e3aebb14bb04c2b22992de81cd,moveis_decoracao,55,630,1,3300.0,35.0,35.0,35.0
f436a5130457df6b73cdb2c12a90ea2b,moveis_decoracao,51,498,1,2500.0,30.0,30.0,30.0
22f590c457402e4971c9c2090d34983d,esporte_lazer,60,156,1,975.0,19.0,20.0,15.0
46d8fdabc7206779c58d45a23ad08d18,moveis_decoracao,50,819,2,3000.0,34.0,20.0,30.0
08d708da93f03eb686328dbb33bb731e,esporte_lazer,40,490,1,1000.0,22.0,12.0,22.0
1ee194d6fcec9e4cbaeef1a99a6911a2,artigos_casa,56,279,1,500.0,34.0,23.0,43.0
5a9db0654a2a5e1ee2b517023d04f279,beleza_saude,58,664,2,275.0,25.0,6.0,18.0
ac850a749748b386d598124ae34ba1b0,utilidades_domesticas,34,665,4,24200.0,40.0,90.0,60.0
69d95947a8a85a44375af7c667a5d61a,fashion_underwear_e_moda_praia,62,594,3,400.0,19.0,9.0,27.0
04abe952a7292c9914a0ddade6371114,pet_shop,33,840,5,25000.0,70.0,69.0,56.0
4fb3e6ce442ce9c621ea9509e47ac951,esporte_lazer,40,1023,1,1136.0,26.0,29.0,21.0
9a060643636bd1e41788cb32262ac9ef,livros_interesse_geral,30,456,1,300.0,21.0,5.0,14.0
cf5fb18f3ac3f373759295cc8ba3e2c3,beleza_saude,57,450,1,1650.0,26.0,18.0,11.0
636d2453c7fc23e23b0e356f1dc20793,pet_shop,63,935,8,18800.0,60.0,40.0,42.0
d581a9097bc2a13adf46bbd864ee0d08,beleza_saude,48,2910,1,300.0,18.0,9.0,12.0
54ae1a64e9af8424bcf3162a0df487c7,esporte_lazer,43,1435,5,450.0,40.0,10.0,20.0
a64fc2f46aef1e68dc0bdc591c84832c,esporte_lazer,52,1099,8,3100.0,82.0,15.0,22.0
7d9504e234d43cbe15b6c18624fe5609,pet_shop,44,343,4,4975.0,59.0,30.0,47.0
eb53f94fdc60278efcef123bb275658a,artigos_casa,60,270,1,3400.0,39.0,13.0,46.0
c5e19a898511a0e8b60bd98fbc1d72eb,eletronicos,58,419,4,2150.0,15.0,38.0,15.0
ec538f9435c2c6da3874121d51c5c556,beleza_saude,57,1282,1,1300.0,40.0,40.0,16.0
44a064a339782c3cdd7e457b169ef0b0,informatica_acessorios,60,254,1,875.0,33.0,15.0,15.0
f40db27e4f52937182f6294988231376,perfumaria,54,1176,1,600.0,22.0,16.0,16.0
58f036d3b8f12d9378518f902fb4e226,artes_e_artesanato,58,374,3,1650.0,41.0,10.0,13.0
753a100906f88d8b0a5ec196684e028e,fashion_bolsas_e_acessorios,51,364,1,200.0,33.0,8.0,11.0
b796b4b960421bb50cfeb4fef8c793f7,esporte_lazer,59,140,1,900.0,25.0,35.0,30.0
4754922e24570093f580454e5920cd34,variedades,,,,700.0,16.0,18.0,11.0
1cf785e20371a66f535ab3b920d28140,papelaria,54,178,1,250.0,21.0,7.0,15.0
330cef1e4abdc583a07dc02a38dcffa7,iluminacao,58,974,1,6750.0,42.0,23.0,42.0
bda12489ccff8dd18c899c64cc6411b8,beleza_saude,50,3318,1,150.0,23.0,9.0,14.0
e16c02dd52598b26d3402ef8ca15448d,fashion_bolsas_e_acessorios,42,819,1,100.0,16.0,14.0,14.0
422b2bcfce6061515c2aec9ef1d2a16b,pet_shop,47,190,2,1100.0,20.0,20.0,16.0
bb2655e0acfc0f24ea18f8727788d8ed,brinquedos,52,730,2,1250.0,33.0,18.0,23.0
0af008d54027e80d31d8dcf4b5c68447,automotivo,59,820,4,12000.0,80.0,25.0,25.0
3af8628b6057e15cb18b8421d7b82533,moveis_decoracao,33,1097,2,700.0,25.0,10.0,25.0
a4f54c9dd963683598b8de115aa031be,ferramentas_jardim,33,157,1,150.0,16.0,16.0,12.0
f983c7d6b7976d13c8eb72774fbe9611,fashion_roupa_masculina,43,933,2,500.0,35.0,35.0,15.0
6fee267f4631409f41121e09376e8fbc,ferramentas_jardim,52,1679,4,3800.0,29.0,21.0,24.0
c5c322bee0fbbd74896c84816df9c6d3,beleza_saude,60,398,2,933.0,33.0,10.0,23.0
e417a726f26b4064da55517f4ecd72d6,eletrodomesticos,42,477,1,11100.0,35.0,46.0,35.0
ffa4ff381e25872b5bf85353ff7ab0c9,esporte_lazer,25,422,1,30000.0,80.0,51.0,44.0
151d7733b44e0c7b292d7e2efb5424a2,artigos_casa,59,305,1,3950.0,40.0,12.0,40.0
d979289e78afc0a6bee40e1f9dabe520,casa_construcao,44,443,2,13900.0,40.0,40.0,40.0
7ac3d0879c16f4e7e9a6a45d576e0efa,moveis_decoracao,52,270,2,250.0,25.0,10.0,17.0
5368f8caaa939da050e8dfd7d08fde62,variedades,,,,150.0,16.0,12.0,11.0
2c24af25c0e5c677e7a345751b325bc7,pet_shop,54,508,1,550.0,17.0,35.0,35.0
d868de628136c17db3f48381a8ba3c69,automotivo,60,564,7,3300.0,43.0,15.0,27.0
8e206e69d390e5a1076e0baeb446b0a0,relogios_presentes,58,589,1,1200.0,19.0,10.0,15.0
3744370c8a357a29dbaccc9011605f60,utilidades_domesticas,52,124,1,2500.0,40.0,41.0,28.0
72656ebe275ad87be8ac519170e4556b,esporte_lazer,48,551,1,400.0,17.0,17.0,17.0
409ec48108c4dad2130633a912fe877e,artigos_casa,52,652,2,650.0,16.0,10.0,16.0
0a04ebe637717bf7f0a9290adb51971f,papelaria,51,401,1,11150.0,30.0,10.0,30.0
84dbbf250f38d116d02dcffcb3d39432,market_place,58,248,1,200.0,20.0,9.0,12.0
b40ec43bdfc6d6fdd65e882066a5c895,informatica_acessorios,51,421,1,760.0,33.0,13.0,14.0
ff678388090fbae683a9a271480fb7f3,variedades,45,927,4,300.0,44.0,5.0,18.0
102675e79534119994f7796d30f7fd6d,variedades,48,322,2,600.0,37.0,19.0,15.0
8016b7670842c9e99086f95ca96d7356,eletronicos,47,646,1,1900.0,20.0,35.0,30.0
1055eeaf8ff86006605e1d7caa3bf310,eletronicos,55,303,1,200.0,25.0,7.0,16.0
868766ed2172644fdd977d6bd395a107,brinquedos,36,217,1,250.0,45.0,15.0,35.0
268a2d46f49d8d1007f0381bc8c1edcc,esporte_lazer,46,180,1,525.0,40.0,9.0,14.0
88ddff0c40fa663f407d4bc8c339f764,moveis_escritorio,55,302,1,22750.0,70.0,32.0,62.0
fcebf00185e30ec68a53482496656b25,pet_shop,54,243,1,2300.0,40.0,15.0,30.0
ff4c53f24709771879d01232ae305cac,pet_shop,39,2013,2,5750.0,18.0,20.0,20.0
91d48f051858be85a524d623648cdf0d,utilidades_domesticas,36,336,1,950.0,22.0,2.0,20.0
db7c8db5c70ae474fb9caa8c54454854,artigos_casa,53,196,3,650.0,37.0,23.0,35.0
ff95ac47246ef13e48712ea1ff8df0d9,utilidades_domesticas,54,614,1,5300.0,30.0,35.0,30.0
727a46f0b58a9ef165af9f7ebcfebfa9,esporte_lazer,33,1440,3,200.0,19.0,19.0,19.0
7e8067e7e5ce7aec0e2cb7c1a456d112,automotivo,44,396,4,350.0,16.0,15.0,16.0
2239cf6b4421c4bd57f8a87127800929,moveis_escritorio,26,989,1,16125.0,81.0,7.0,83.0
2722b7e5f68e776d18fe901638034e54,beleza_saude,43,1234,5,650.0,20.0,20.0,20.0
f731f8587d4088c174397e010cf892a9,perfumaria,47,963,1,375.0,21.0,11.0,17.0
da0bb22eb8eb2bce31a3784570528efb,papelaria,50,354,3,6350.0,38.0,30.0,28.0
ba85af910c6f4624929eaf3879d72321,utilidades_domesticas,27,179,6,600.0,18.0,4.0,12.0
aed1b83c5061ac7f89d40daa1bd3be6c,artigos_casa,50,332,2,1400.0,37.0,23.0,35.0
215ec1620e0f8475dcf0a38866aed21e,artigos_casa,49,1423,1,1000.0,35.0,20.0,20.0
ecb092c44590e3c5867a4b8bb4f08ce5,beleza_saude,50,1362,1,725.0,22.0,14.0,17.0
e29d3ed26171c32d0c88c28884a5dc31,fashion_calcados,54,404,4,700.0,22.0,12.0,33.0
98d8b8d9df31604bf471f6d9483e94f5,beleza_saude,58,883,1,2000.0,30.0,12.0,16.0
a45117f220c82816a7c62c9140c59a3e,moveis_quarto,50,633,1,6100.0,43.0,43.0,27.0
dc6217e7f9d8c15039ca95b702ce7e02,bebes,38,488,1,400.0,55.0,12.0,40.0
8bd4145633bb6d4e5ae091577f6b8dce,artigos_casa,49,114,1,7975.0,44.0,16.0,53.0
77b8df1769ca65b7d8beb835ba31d297,automotivo,58,569,6,1500.0,50.0,5.0,50.0
a945078e19efed6370a484e25e879894,beleza_saude,51,474,1,150.0,18.0,13.0,18.0
7a054d17dc450583ed639068a9298afd,iluminacao,58,341,1,5250.0,50.0,50.0,50.0
c2af5a088a7027f1efe72f4507fd2fbc,telefonia,54,756,2,150.0,19.0,6.0,11.0
b86dc01954a679a35c813184d15c4e8e,papelaria,48,332,2,350.0,16.0,8.0,12.0
236bdebe067710d4d30698ac69555423,artigos_casa,54,277,1,1200.0,45.0,15.0,35.0
ae90b5cf5c0d5de5936b9843dfe58e02,telefonia,51,245,2,150.0,22.0,5.0,12.0
f51dde119b9a90e3c7464f0cc45c0953,eletronicos,47,57,2,150.0,18.0,7.0,11.0
b17184dce2f379b2a98393d8ae885611,moveis_decoracao,40,442,5,20800.0,50.0,50.0,45.0
c5d4809ae828efd361dea89a7def31db,pet_shop,52,148,1,200.0,16.0,4.0,19.0
250448da216b8ed83a1afa9b092fd938,iluminacao,56,297,1,3900.0,53.0,13.0,53.0
bc9cc914f974963c07be697fc93037bb,beleza_saude,55,435,1,75.0,14.0,9.0,7.0
5459103ed3b2f852d267e6a70b00dc24,casa_construcao,56,706,1,30000.0,40.0,79.0,40.0
69bf3ff0c09f5f40cf89399aedd131bc,artigos_casa,54,119,1,2200.0,36.0,16.0,36.0
b74cc46deca5ba8f6a2226df8041a0b7,beleza_saude,40,3049,1,300.0,16.0,16.0,16.0
3e950ea3b6588d905f238bbce27b061e,bebes,63,247,3,400.0,17.0,17.0,19.0
7515ab3fc02c8f43b07e9451497fb13e,livros_importados,52,502,1,500.0,30.0,2.0,20.0
bea7ea61efe95658dcd899eea73f919c,utilidades_domesticas,57,940,4,700.0,28.0,22.0,28.0
bd9117f40900499b0f14a2c3389f831d,esporte_lazer,34,686,6,800.0,75.0,6.0,35.0
d2cd82700fc883c398ede93125dc1793,fashion_bolsas_e_acessorios,63,584,4,200.0,16.0,5.0,11.0
83d68ad4e5707409089afff26a40b2df,brinquedos,33,112,1,13150.0,50.0,14.0,104.0
a630323d497e2acc89574e8b792c6936,informatica_acessorios,56,1803,1,420.0,22.0,16.0,16.0
0e1eb22d9c8c83f1bfb714c149110481,market_place,44,812,5,200.0,22.0,6.0,14.0
acb11dae3b9cd1cb63995716d264271c,brinquedos,27,202,2,5193.0,34.0,38.0,29.0
77f896a49e4b52c7886411acf219f98f,relogios_presentes,28,729,1,500.0,22.0,11.0,11.0
3fc7f2008dc11b252c0f0e51a7bea4d6,variedades,,,,600.0,40.0,6.0,30.0
18259c4bc4c6431e6106fa20c6666d26,utilidades_domesticas,14,322,1,1000.0,21.0,16.0,14.0
39e496dace43a41056e2a487d41c8629,moveis_escritorio,38,500,2,18800.0,101.0,10.0,62.0
3bc1b27ebc43f46dcb6aace1b65325a7,malas_acessorios,43,783,1,900.0,19.0,51.0,36.0
de6d0adf871d95106b89b444a2481fe9,automotivo,56,192,2,1950.0,19.0,19.0,14.0
4a25fe90f6685b9fc991af9a796f74c3,artigos_casa,51,251,1,1900.0,45.0,15.0,35.0
f2533dc1eb7dca7f684254fbfa98caf8,artigos_casa,60,293,1,2500.0,40.0,10.0,30.0
8bc9dee0f2da0b7ad43095be7ad8414f,variedades,41,1547,2,9200.0,64.0,35.0,35.0
98613092c09065649a714a888cfeb29a,artigos_casa,50,559,1,650.0,16.0,10.0,16.0
af893b2efa430418d774a852e7870601,utilidades_domesticas,59,566,3,1550.0,29.0,17.0,23.0
f0f719ace174d68fdc838d8d6c4ce26e,esporte_lazer,37,2378,1,1700.0,31.0,24.0,24.0
20082386a501cbd8c41765656a115a2f,climatizacao,47,406,1,6100.0,42.0,42.0,35.0
dc68ee0fcb033a1ab6714fbb5db60c15,moveis_decoracao,37,214,1,1500.0,30.0,10.0,30.0
84be5141d846547d42b5c4c202f96709,esporte_lazer,52,1018,1,700.0,20.0,20.0,20.0
61984b4164968929229a5bed244e353d,artigos_casa,53,396,3,850.0,38.0,13.0,25.0
c39344060401aa31219e340847e3c791,perfumaria,31,203,1,550.0,24.0,12.0,16.0
573aa554222fd2492482fd6b91c7aa3c,automotivo,55,436,2,7100.0,30.0,30.0,18.0
78108fe8e4d5ccfe8ed10f92f7d73c2a,moveis_decoracao,59,2043,5,2750.0,69.0,11.0,11.0
be3e31f416559f351eff764e3cef806a,esporte_lazer,58,341,2,300.0,27.0,25.0,27.0
439c095fb7491d1eafaba9c336f74247,utilidades_domesticas,37,205,2,2000.0,30.0,104.0,30.0
958168282b745d22ab817ba81a0987b6,esporte_lazer,46,2020,1,2920.0,25.0,24.0,22.0
eed6a6984cd8cb209c954a41fcdb19fd,esporte_lazer,58,1549,1,800.0,20.0,20.0,20.0
bdc3291ab242ec1effc8eb0987850268,eletronicos,53,830,1,541.0,19.0,12.0,16.0
25b5e375efa4812d72aa608b5379bc45,ferramentas_jardim,45,443,1,450.0,16.0,19.0,19.0
a01d1cbb398e386a4a8f8364401a7584,esporte_lazer,58,757,2,500.0,50.0,5.0,30.0
0fd34234ad17b2324b58696fb78e6c2e,ferramentas_jardim,33,472,4,5400.0,65.0,7.0,27.0
3fa28edcc7cdfb0ba1d56e70e30ed893,bebes,38,293,2,10000.0,16.0,61.0,51.0
49d23d4887468040921b413a6d4f3ec7,artigos_casa,52,1072,1,1350.0,39.0,7.0,31.0
f3dd572f31692bb5b6ab21d2af0673b1,variedades,56,730,1,2550.0,35.0,28.0,22.0
63ac048b30e75cf4da2929227a478f4f,beleza_saude,46,370,1,1250.0,16.0,20.0,11.0
623fb8cc5f36842aa32650e2208a08c8,relogios_presentes,58,361,3,200.0,18.0,8.0,13.0
2d5bb6fc16b9fb75539ddcd93de86aa4,brinquedos,33,234,1,500.0,17.0,10.0,12.0
b45db6d7f215afe884f987a98d44788c,beleza_saude,30,2230,1,700.0,16.0,2.0,11.0
723ead29958198e721988ee6d3022ed5,livros_tecnicos,41,1377,1,250.0,33.0,6.0,22.0
de36d205f68196c28c2575937b9e737e,ferramentas_construcao,46,767,3,2000.0,48.0,25.0,48.0
8cb406882e34a39390cdf5f7f2632589,ferramentas_jardim,42,1557,1,800.0,26.0,23.0,23.0
30d55419015a4d9c2ca68586923d5a9f,utilidades_domesticas,56,509,3,300.0,21.0,16.0,15.0
5ee245f4f514e8937aa7a5ef3ec2c8b7,artigos_casa,34,184,1,650.0,52.0,4.0,42.0
4aeb131af29214bc1737bdaef327240d,fashion_calcados,54,404,4,1400.0,22.0,12.0,33.0
cd5df6a3db7a3d064a55afd08289d762,agro_industria_e_comercio,52,860,1,2150.0,30.0,25.0,15.0
407bc2771e1ae0911576de1560d3adcc,moveis_decoracao,54,532,1,600.0,65.0,7.0,11.0
663cce5b111af36144b6aad932e5a4ab,consoles_games,29,1502,2,100.0,16.0,11.0,12.0
2ca0dca69db40b6db923aef69c9adebb,papelaria,56,489,1,515.0,24.0,15.0,24.0
0db01fdc451cdba4ee06ff86de2885a7,moveis_sala,42,695,1,30000.0,47.0,42.0,74.0
0e83e17abf02965da217273abc39518f,eletrodomesticos,55,357,1,1200.0,50.0,2.0,37.0
9787e1a082d59d798172f4a7567e93af,fashion_bolsas_e_acessorios,58,1481,5,150.0,25.0,8.0,18.0
729be554c7bfd3f97c88f7470dad7afb,informatica_acessorios,54,714,1,3550.0,30.0,10.0,30.0
abf78d4fed73c782bad7e6ca7a03e7d0,informatica_acessorios,57,1787,2,100.0,60.0,16.0,11.0
016711f78a6a87696645db0a6a834826,beleza_saude,14,1366,2,1150.0,27.0,22.0,39.0
d95d425d0cbe601609ac276632c5eec1,eletrodomesticos,59,149,2,475.0,24.0,13.0,15.0
377d0ea8bb2c8365af0b1519223d324a,beleza_saude,58,456,1,150.0,16.0,7.0,11.0
2582fbe637afdcd03817b1b16b78fd60,automotivo,60,651,5,4150.0,78.0,4.0,47.0
caa526308abc9a77d0c56869139dbae9,pet_shop,29,144,1,350.0,17.0,14.0,13.0
4ad4cf9cb1cce9af79caf2426fd9ab93,beleza_saude,22,326,4,350.0,16.0,16.0,11.0
3c2417f0f42bc3de63d08893b06571e9,brinquedos,21,923,1,200.0,45.0,20.0,30.0
d34984353fa530831479ab9686c090e7,esporte_lazer,37,2983,1,10200.0,34.0,38.0,34.0
33102eb20d41ceb406b2083a3fde8d29,ferramentas_construcao,59,950,6,1550.0,37.0,7.0,24.0
e5da60b217874889dd4becf29412d793,telefonia,53,428,1,100.0,19.0,3.0,11.0
ed6e17c5f34a20c7569b6ac2597ee223,automotivo,53,611,1,30000.0,105.0,20.0,50.0
cda286f50f4576f72f1028b38870aedb,automotivo,53,873,1,2700.0,60.0,21.0,25.0
17cc3e9bc6182d861f0ae09f498e5187,artigos_casa,58,604,1,1250.0,30.0,30.0,30.0
8704c63bb391e44566d8dcf13d863081,fashion_bolsas_e_acessorios,55,1434,1,250.0,16.0,2.0,11.0
39295d6c2311ab7091b5fc95bb51bbe7,utilidades_domesticas,55,764,7,1150.0,36.0,13.0,14.0
f9a1e7b118211efcf90f87de886dcc7d,moveis_decoracao,59,197,8,3100.0,36.0,11.0,26.0
3cc8edea2678a63c9e01c2dd190a395d,eletrodomesticos,56,276,1,4000.0,27.0,13.0,17.0
f6eb9d00c16e94859a66c68eb8b66bdc,ferramentas_jardim,59,207,1,200.0,16.0,3.0,20.0
55945cf4a4e6def88dcc8996a581608a,beleza_saude,58,3930,9,275.0,28.0,12.0,22.0
6a1234a3847f4ef3090a02a8b07fa42f,utilidades_domesticas,55,1308,2,200.0,25.0,10.0,20.0
1b90a8c5fe7ad2ec9351f03282b30075,utilidades_domesticas,59,812,2,1000.0,30.0,15.0,25.0
e91042dbe3df0b9887d7044968286f57,ferramentas_construcao,50,2283,6,2300.0,30.0,9.0,35.0
44907e5763ed2255fff21e4fb12a635a,artigos_casa,37,888,1,1000.0,30.0,5.0,30.0
35310457211638bcf0670da2cd8ba8be,moveis_decoracao,31,1210,8,525.0,14.0,15.0,19.0
ae91ef458ab29ff95a0defb53fa030e9,variedades,,,,500.0,16.0,3.0,12.0
ef9f731f8f63f85ea53e94df375baf54,instrumentos_musicais,59,1172,2,9250.0,45.0,20.0,100.0
873ecb2fd02d35f52e5820550e538e72,esporte_lazer,33,579,1,11900.0,20.0,10.0,20.0
8f6e596987a0b45c0c2b2e938aa89a96,relogios_presentes,53,410,1,650.0,21.0,4.0,19.0
b7f980dbd49d4059a8c4acbada394e4b,variedades,,,,400.0,16.0,7.0,11.0
aa20709d44e96059764f1b0386d3bcfa,relogios_presentes,48,692,2,550.0,16.0,11.0,11.0
4df83a41105e00e0845b9d12b5fe601c,relogios_presentes,42,175,1,536.0,20.0,13.0,18.0
68b9af8698585855f2503727e150d453,utilidades_domesticas,49,379,1,400.0,18.0,20.0,11.0
4660d9b4ae2a49dc7a5cac39499b204b,beleza_saude,53,711,3,600.0,17.0,22.0,20.0
e74d829aead9632c343d367969aec904,fashion_bolsas_e_acessorios,63,576,3,200.0,16.0,9.0,11.0
2bee6706184be07ea6ee4221c1660e85,ferramentas_jardim,60,196,1,2400.0,16.0,2.0,11.0
bf2365078da8fad96e4c22880492dd9a,fashion_bolsas_e_acessorios,34,845,1,100.0,16.0,5.0,14.0
5072bfb5e5e1ce79d108a610b6b22642,beleza_saude,61,1678,1,1100.0,16.0,16.0,15.0
05b9a00b36b50edaea8de91b8c19fc22,automotivo,50,385,4,400.0,21.0,8.0,11.0
639a641dfdddb9367d030768148076b1,alimentos_bebidas,37,929,3,300.0,16.0,6.0,11.0
4d1fb0907c636601ecacb4df887e1f84,esporte_lazer,47,673,1,200.0,21.0,28.0,15.0
2e19ac96fc0b777c7e0c821618eaf98a,relogios_presentes,44,530,1,300.0,23.0,15.0,19.0
94cc774056d3f2b0dc693486a589025e,fashion_bolsas_e_acessorios,29,99,3,150.0,20.0,20.0,20.0
793dc6416cb7c57351e27eec5ee69f5b,fashion_calcados,43,649,3,1050.0,21.0,9.0,22.0
46195ad0b1fda769ee883a305ac7eb66,malas_acessorios,42,444,2,800.0,40.0,10.0,40.0
982d42e9ce06f5054407db7d1268029f,artigos_casa,51,233,1,6738.0,48.0,32.0,52.0
13d9c868a0780a698f5604b49d3e81ca,papelaria,56,451,1,450.0,20.0,11.0,20.0
a0045b8457877b5981ed6c79b9b0765a,telefonia,54,300,3,100.0,19.0,4.0,11.0
623b4f1591eeb1d9019c79ecccd8ded5,papelaria,56,1193,4,5200.0,30.0,40.0,15.0
bbdffddcafb9e370fbc41a538d738318,artigos_de_festas,30,244,1,200.0,16.0,8.0,11.0
dd32399c79aa851dc98bfcfdd385700f,artigos_casa,60,828,2,350.0,50.0,5.0,70.0
169e1fedd1319ca92e90e057e7123005,esporte_lazer,60,3616,5,400.0,28.0,10.0,13.0
079b4f19f1705ffc39bdceabfa7fe7ad,automotivo,42,225,1,2550.0,37.0,28.0,27.0
6548eac355c750d7bc97d2d220609f1b,esporte_lazer,58,589,6,200.0,20.0,5.0,20.0
dd613a687a24acf4cf33e1501c00a7dd,eletrodomesticos,55,1715,3,750.0,19.0,10.0,30.0
d088332df74647f2fa0a24d226b5d784,utilidades_domesticas,56,631,2,300.0,28.0,8.0,14.0
93496c0926637f2fe3bae9caf7058e6e,moveis_decoracao,59,196,7,2000.0,36.0,11.0,26.0
95aaccc936e7e81419cce63c21062954,moveis_escritorio,35,1043,1,4225.0,45.0,55.0,16.0
25d1ff5db102bfeb95fe4fcefdaca422,esporte_lazer,53,291,1,3900.0,37.0,44.0,34.0
736ed89df6a505a0bc3136d2402cc0b1,eletronicos,56,363,4,2700.0,37.0,22.0,16.0
f95d9369ebf76f811194c72bd22ff244,moveis_decoracao,60,1152,3,3700.0,45.0,11.0,65.0
e54c0428a8cf1b79f63823b92e20aacc,moveis_cozinha_area_de_servico_jantar_e_jardim,42,440,1,25800.0,39.0,13.0,102.0
7a0686c0403abe1a703aaaa9ecde289b,automotivo,50,701,1,100.0,32.0,2.0,24.0
4e0afd86a9a0dc22b20d920808613b19,brinquedos,52,572,2,1904.0,38.0,9.0,35.0
b197f7fdb89aef348bb41b2f62966a5a,beleza_saude,24,1303,1,4900.0,18.0,35.0,11.0
c9e924a76a8685bee9007aacab1341db,artigos_casa,50,829,3,1850.0,62.0,14.0,60.0
22a9261581e6b57ea62af3efbd6975a0,iluminacao,50,1668,1,450.0,22.0,22.0,11.0
7d160da04c3ede2fe9404d3524acf72b,relogios_presentes,40,521,4,1150.0,46.0,10.0,34.0
fe83af233315b04d9093c7edbcf789dd,ferramentas_jardim,35,210,1,1700.0,41.0,18.0,20.0
72973442f7f31108993a1f26f325f717,instrumentos_musicais,53,647,1,5300.0,30.0,30.0,30.0
8e51d142e920a74499c80827848f5bba,esporte_lazer,56,2778,1,750.0,23.0,16.0,16.0
ab4d426852a7cd31cef3270bfab3bcdd,beleza_saude,56,2223,1,2300.0,30.0,10.0,20.0
6106cd1748e2686c10094695142f7346,casa_construcao,57,1092,1,890.0,21.0,16.0,21.0
db35a562fb6ba63e19fa42a15349dc04,utilidades_domesticas,56,235,1,500.0,23.0,11.0,23.0
8f19c4fa78ba4a8d037bc977eef22927,beleza_saude,30,1131,1,700.0,16.0,35.0,11.0
f2c9d536b8a34c1b35f443f31290c2ce,telefonia,52,670,1,500.0,16.0,10.0,11.0
4ac533f3cdb87b7764bf5fd518a85bda,artigos_casa,48,729,1,1500.0,20.0,30.0,30.0
b71ed32edb9ce4684e10a11309011b60,alimentos_bebidas,30,690,2,500.0,25.0,9.0,18.0
66119c056c1be2d1d57d65fe7a91ce6d,esporte_lazer,56,966,3,1650.0,25.0,16.0,23.0
c083328e95e8fa4c2f0e393e68757644,artigos_casa,52,111,1,1000.0,55.0,15.0,35.0
290bd89e961af9ea5a733bc477c50355,ferramentas_construcao,58,511,1,641.0,21.0,12.0,17.0
21733435c91b1a39455537eeacd3c467,ferramentas_jardim,63,525,3,300.0,16.0,4.0,20.0
0b148966d6d89f4ab8fd3472df4a8648,casa_construcao,53,1427,3,450.0,32.0,10.0,11.0
c46f8283658bc4bd2e7aeb1c854adeb4,artigos_casa,55,242,1,2800.0,37.0,23.0,35.0
3b9c4a90ade7d4cb7e5b5c5ba475ef9a,moveis_decoracao,40,248,2,13050.0,82.0,6.0,82.0
b6ce5c915b4f82100adb532bc6c9395a,utilidades_domesticas,41,420,3,350.0,25.0,20.0,20.0
12087840651e83b48206b82c213b76fd,esporte_lazer,27,521,1,1813.0,30.0,13.0,28.0
1314f921440038604b4bf1e1b18204d6,telefonia,53,719,1,447.0,19.0,14.0,18.0
2e8316b31db34314f393806fd7b6e185,papelaria,55,88,1,100.0,16.0,10.0,16.0
d0226630b3f4e5adb5e61f8c91a57419,esporte_lazer,56,167,6,3150.0,30.0,27.0,26.0
8ef86f236353bc972e7a03f033f45c19,automotivo,60,651,5,15100.0,77.0,4.0,47.0
efea073f60eaa399daf907a712f18a85,artigos_casa,57,663,1,900.0,29.0,4.0,36.0
69afe1ec4001a0cfe9eaed969c0d2d8c,livros_interesse_geral,46,1218,1,500.0,24.0,11.0,18.0
e3a86e57c0aff086a429f8cbb7f7f7cc,informatica_acessorios,57,364,1,4540.0,37.0,14.0,24.0
94f15e8886549514cccd357241a7f985,automotivo,54,1166,4,1250.0,16.0,21.0,15.0
4052517cac9e78357d895976124f6972,eletronicos,31,736,3,800.0,35.0,30.0,40.0
b4bbe69ef82d98f932d5c94987c42938,bebes,52,744,2,517.0,19.0,18.0,18.0
41b14d5cecdea3f0e8debd1d0bd155c5,relogios_presentes,56,602,1,175.0,22.0,11.0,15.0
cd974e9271f5d14639a1af02929a8be2,bebes,49,138,2,1200.0,25.0,9.0,18.0
8963eba2629ee030c4de83703c0ae020,artigos_casa,60,303,2,3450.0,45.0,15.0,35.0
43979b70f75394b51866db74a0b9ce7d,utilidades_domesticas,51,593,1,350.0,54.0,27.0,39.0
725f8d2c0ae782803f3a364b9d2f6f24,moveis_decoracao,42,444,1,4300.0,35.0,15.0,30.0
ad5cd855e1bda6a67dfa8f3366ea6481,relogios_presentes,47,461,1,325.0,18.0,12.0,14.0
aef978b83a4d0a2b9bffcd8444b681bd,eletronicos,60,2219,4,6750.0,26.0,55.0,26.0
60567eaf5cdf794639e94508ec387a82,fashion_bolsas_e_acessorios,55,903,1,3350.0,62.0,20.0,40.0
3e2ad903487fdb0fc1c6c5c27f2fe0c3,fashion_bolsas_e_acessorios,47,731,1,200.0,16.0,2.0,20.0
20f0c3fea244885a018ecb6e263aa9d9,casa_construcao,48,890,5,550.0,17.0,26.0,17.0
25915ab9e0331a7c8afffe0a27b3fe79,artigos_casa,54,262,1,2000.0,45.0,15.0,35.0
cdc73b19516ca697a025b4e81ccb631b,livros_tecnicos,27,3755,1,850.0,28.0,5.0,21.0
f7186d0740a850c2f73f4b67959336fa,telefonia,47,387,2,150.0,19.0,8.0,11.0
f9421e9d9b4689dd804adbdb8c712d39,utilidades_domesticas,49,85,2,6050.0,38.0,30.0,38.0
5a745a27fc76483a9de4540b35baff44,fashion_bolsas_e_acessorios,32,408,3,150.0,16.0,14.0,11.0
78f5f8f4547e4be0449bce34eb0557f2,moveis_decoracao,39,1719,3,800.0,53.0,8.0,11.0
3fc5135bc733379e511defc64c61738d,seguranca,48,1219,4,250.0,17.0,7.0,11.0
43d7d26e2969491a49f0f1a376feb6c5,esporte_lazer,38,1658,2,163.0,18.0,14.0,15.0
cd4b1bc1c7c94fdcd94b2a7a87eeb050,relogios_presentes,38,678,1,400.0,16.0,2.0,11.0
e255eb3c42d6fbb54d63d32e4095de49,utilidades_domesticas,60,236,1,100.0,21.0,9.0,13.0
3116933c5301f90d4446f1ac5912edae,ferramentas_construcao,44,426,1,2800.0,22.0,19.0,22.0
a04a2402a7774ba53d10ed2ce29715e3,artigos_casa,58,589,1,3000.0,16.0,50.0,40.0
3ce943997ff85cad84ec6770b35d6bcd,informatica_acessorios,58,636,1,800.0,32.0,11.0,13.0
fb64af82ca185390e8d6fa6bd3a6ada6,artigos_casa,56,853,1,4150.0,48.0,38.0,56.0
43216537780cef285c670f2b8437ae58,esporte_lazer,58,484,1,400.0,16.0,9.0,11.0
a1beef8f3992dbd4cd8726796aa69c53,instrumentos_musicais,59,944,3,3550.0,71.0,34.0,22.0
c2c6d6cfda3171733ed7af121e46f6a9,esporte_lazer,49,183,1,450.0,20.0,43.0,30.0
a5887cc02e8b2ee7e724408a38187ac9,utilidades_domesticas,36,120,1,250.0,25.0,7.0,11.0
b556497a60ced8b40679401ea55d5076,bebes,49,888,1,200.0,33.0,6.0,12.0
8545c123b6133483604696b62b081e92,utilidades_domesticas,49,301,1,2200.0,30.0,20.0,30.0
7747c42797f7df4f5273b60187282d2e,moveis_decoracao,54,975,3,600.0,16.0,16.0,16.0
82f03c68ad0f694bab78643d0ff8c67f,esporte_lazer,25,747,4,671.0,33.0,15.0,28.0
e528f35cc19bd2f9707138bb82a2c933,malas_acessorios,55,665,3,900.0,19.0,50.0,34.0
96e8923537d69875e7507e3fe08ceb6d,artigos_casa,55,355,1,600.0,50.0,5.0,40.0
170db4e7b448ea0a8261aa05fff39ee5,fashion_bolsas_e_acessorios,47,501,4,200.0,16.0,7.0,11.0
fd91e23b4465803725f329b39afe018a,moveis_decoracao,53,982,3,400.0,28.0,9.0,18.0
4265377049dee1738626d7a34a5a71e2,artigos_casa,48,1058,1,1725.0,26.0,21.0,23.0
ac3e3a9f9e66ca62953057a6965ce444,beleza_saude,57,624,1,50.0,16.0,4.0,11.0
446607005fbc439a9439caed96867e26,moveis_decoracao,53,557,1,700.0,26.0,6.0,24.0
428f4b96ba9f630e761b333673039ae6,moveis_quarto,37,559,2,10750.0,93.0,63.0,11.0
766a6a4c51c63991e78e192d802787a9,ferramentas_construcao,57,180,5,14050.0,54.0,20.0,40.0
ec56aff88e030dcb3b2be22c96ace90a,artigos_casa,51,323,1,350.0,34.0,12.0,22.0
416fba9ef5d1150086cac6feae860c7e,automotivo,54,969,2,2450.0,25.0,5.0,25.0
51f34083de64e6e8bd820c7e05a5a0d6,automotivo,47,247,1,150.0,16.0,6.0,11.0
6a709b701952f3257fb1bebb4388dcc3,climatizacao,55,347,1,150.0,22.0,8.0,16.0
86ecc269de40ba13205e7beeee12f26f,telefonia,31,329,4,188.0,17.0,6.0,12.0
0233382eae30811d6dfffbbfb5de36d8,ferramentas_construcao,59,520,8,10750.0,54.0,18.0,35.0
bab0f1cf32896c9fca000edaf3e36410,esporte_lazer,27,86,1,500.0,16.0,10.0,22.0
f0978bc4bcd57a1f2079015178b73cad,esporte_lazer,58,1275,2,700.0,20.0,30.0,30.0
2ebe00f53430b4eb4086f08409ec7760,telefonia,58,453,3,150.0,19.0,4.0,11.0
b82b4d3344aef4d70bc9acfc8a5fe2de,informatica_acessorios,50,1107,3,267.0,19.0,18.0,17.0
6d4b221ea1d6cce7090d574cfa6185ef,instrumentos_musicais,64,569,5,350.0,30.0,3.0,14.0
865444ecac22985b455244843197e147,instrumentos_musicais,38,647,3,12300.0,54.0,28.0,44.0
a040c0e88511c8c58db44fd6831cdb45,artigos_de_festas,20,283,1,250.0,16.0,3.0,11.0
bdf752aa5ccd0dfb9e9ed401b672f133,relogios_presentes,58,558,1,150.0,20.0,5.0,15.0
952d57ee94f3a9873bc70d9789a21c8a,moveis_decoracao,63,697,5,2100.0,31.0,49.0,31.0
11fae4b61d8f3af1e807e521d268810d,eletronicos,48,77,1,150.0,24.0,8.0,12.0
c89d56249360d5953b2b290cf0773d5f,automotivo,41,350,1,300.0,20.0,20.0,20.0
21b4d9c7183dd6f20f584f35c09bd361,alimentos_bebidas,34,90,1,808.0,18.0,11.0,13.0
49898603599da69a7ec746e336c2b4d1,bebes,47,1924,3,850.0,30.0,10.0,30.0
45ade111a241eb94d71890c6fcd2a0e0,ferramentas_jardim,60,368,3,550.0,20.0,15.0,20.0
d169836257fb54117a84c70913117d6f,informatica_acessorios,45,229,2,200.0,16.0,22.0,16.0
218f1b2280dec0aeadd2878022fb1e0d,relogios_presentes,38,390,1,375.0,17.0,17.0,14.0
7533f71ddaf9a5c117a12977cbaee1d3,utilidades_domesticas,50,331,3,275.0,24.0,21.0,15.0
700d61e9ace36fe1556d5a8a5ce8049f,informatica_acessorios,60,268,3,200.0,24.0,12.0,13.0
95a32290cbf617eef9053042fb61dea3,brinquedos,35,342,1,799.0,17.0,13.0,16.0
e6a4a19d87a5ea827c2da90f28433450,brinquedos,45,448,2,1436.0,34.0,27.0,27.0
9154514352d1fa2118cef7a94f364687,papelaria,59,316,2,5850.0,38.0,30.0,28.0
cf06bd732f93e9b3780b28268b740d8c,automotivo,57,311,2,700.0,20.0,5.0,20.0
e0e63d6026e52ac33331285c082de442,artigos_casa,60,275,1,1025.0,35.0,10.0,18.0
9d364fec2ac9a80f64bae58b5c034832,utilidades_domesticas,57,1416,4,4900.0,60.0,15.0,36.0
c75d5edf6cf5302523d622c43a072be0,informatica_acessorios,54,779,2,150.0,16.0,19.0,16.0
49d2e2460386273b195e7e59b43587c3,brinquedos,40,180,3,750.0,26.0,15.0,26.0
972373c479cecb6ce4715c729b27ec9c,variedades,50,470,2,1000.0,27.0,6.0,21.0
55624051e913597daf59dee5c582b6b9,fashion_calcados,54,404,4,850.0,22.0,12.0,33.0
591efcfda8812f90d99a864afde3917f,utilidades_domesticas,39,362,1,850.0,30.0,5.0,30.0
08545faed0310009ebba7ba4537c2727,eletrodomesticos,59,1700,2,3900.0,32.0,37.0,22.0
865bfa00c1dad8f4146d3c2765f051ca,ferramentas_jardim,49,617,1,650.0,74.0,15.0,41.0
1cd35eaf33a642d4df4c9146837f5908,moveis_decoracao,34,1717,4,500.0,30.0,15.0,15.0
9cbc5b5d801f57920de0de5ba58328b1,pet_shop,43,570,1,450.0,20.0,40.0,20.0
a25583531530c0913ea4dee2c5c73685,perfumaria,30,138,1,150.0,20.0,7.0,20.0
1d38e85c3c89665e3c1d5cc5e6a829d6,brinquedos,46,604,2,1133.0,33.0,23.0,21.0
51e89a221ec560ac25f5745f5d855c20,automotivo,22,900,1,850.0,35.0,11.0,16.0
128a2cac61ae71d08f8e2c55c74d7936,bebes,47,809,3,175.0,21.0,12.0,21.0
8a2e3dc0454cf3b02230d01623b294a4,fashion_bolsas_e_acessorios,50,378,3,200.0,16.0,9.0,11.0
f96af21b8cf0b09ce2aed5462e40671a,climatizacao,60,727,1,6400.0,56.0,18.0,36.0
5377c9bcdd1b59acf85881d95184f57e,relogios_presentes,36,533,1,500.0,20.0,11.0,13.0
91c8b0b45d889119f8dd2a0294282ee6,utilidades_domesticas,51,508,1,600.0,16.0,25.0,12.0
768c95fff89078aabae036a2bb314d9a,fashion_bolsas_e_acessorios,43,125,2,100.0,16.0,10.0,15.0
7a81b0d1231e9ed0c2ff4237f49e5dc0,variedades,,,,100.0,16.0,5.0,11.0
daf84169c9437371e99b38e7f8f80f2c,moveis_decoracao,60,2059,4,3050.0,69.0,11.0,11.0
207cdca64408b55cde28bfa9e62bced9,relogios_presentes,53,402,1,500.0,22.0,8.0,20.0
8cdcb4646ea91e2ad69608553a04285b,brinquedos,48,678,4,4150.0,64.0,12.0,36.0
97170c28efde1b426f1c52348fe1c086,relogios_presentes,59,471,5,200.0,16.0,2.0,20.0
49ef750dc5bf23e3788d4f614bc6dbe9,artigos_casa,53,292,1,2174.0,46.0,14.0,34.0
783a97ea28395836f81271904a858b3c,telefonia,36,184,1,200.0,18.0,18.0,18.0
ba92b5a0701d2f820ba6ca8f8c86294f,artigos_casa,60,269,1,3400.0,38.0,13.0,46.0
3871b7939245ed35ab97c7d3924c6862,informatica_acessorios,45,340,1,300.0,17.0,16.0,12.0
83ddda548094ac28ff6290b22b843f99,utilidades_domesticas,47,1181,1,1000.0,16.0,16.0,16.0
1a2d00b771a438bee7055bbd0086e003,artigos_casa,55,192,1,950.0,44.0,2.0,36.0
6c32e1f7898b6a905ee6ccf087461abd,moveis_decoracao,60,764,1,900.0,20.0,20.0,20.0
6a6f44b373a9e9a45c9f214e63a2f3d4,artigos_casa,58,601,1,550.0,29.0,6.0,22.0
9ec6b6619704c31e3fb6d15dbe229fba,moveis_decoracao,60,2050,2,1200.0,69.0,11.0,11.0
47376be1404bbe927766e8a9011714cb,variedades,51,741,7,225.0,18.0,8.0,16.0
b52e4724d5ae56c1e1503a363b388d2a,esporte_lazer,34,423,1,3000.0,93.0,11.0,18.0
b69585752110ce1af10cf9baee38e992,beleza_saude,24,784,1,500.0,37.0,4.0,16.0
5c8b2723686640aef19e22ebe3692795,beleza_saude,45,1006,1,650.0,25.0,12.0,19.0
5b9a2774e9da2ae3ba355e6c3a2bf37c,relogios_presentes,59,1410,3,400.0,16.0,16.0,11.0
baded889837476e342ac1e93c87ce383,variedades,,,,200.0,16.0,2.0,11.0
3e086c8507756d8b53e4b0f676e7f42d,informatica_acessorios,51,282,3,200.0,16.0,5.0,11.0
060c17562f97e5bb60bc0dfa4dd5b3f2,informatica_acessorios,40,675,1,150.0,18.0,6.0,14.0
9ed935bc816076633824e4ea5b66d6df,moveis_decoracao,20,548,2,16600.0,42.0,30.0,42.0
be4788070edee09cc2eac8525f99aec1,beleza_saude,58,1903,1,100.0,16.0,13.0,16.0
b08d1b6f80d5093e9879a0348bdc1761,moveis_decoracao,54,2036,1,1375.0,55.0,14.0,14.0
7f9e40aa498f8f6edf4cc51215ecce9e,beleza_saude,59,604,1,575.0,18.0,16.0,17.0
4d8de1d60513d0a0d3665dbde171be1c,fashion_bolsas_e_acessorios,47,218,4,150.0,16.0,9.0,19.0
0ba59273939ff2679f761fcdb05cd74c,utilidades_domesticas,27,739,2,500.0,17.0,28.0,11.0
437c27398475365e3103e091ce518c6f,pcs,52,1042,1,12550.0,43.0,42.0,22.0
56a474f5d7d6cfaa8500cddd0aa35bba,artigos_casa,43,993,1,3500.0,40.0,15.0,50.0
242edc6b84c00f0d48c664a020a92c52,malas_acessorios,39,131,1,500.0,23.0,45.0,32.0
20a2ade5928c55d0e72c2299091c66e4,esporte_lazer,59,729,5,150.0,17.0,15.0,16.0
149e60a7a51b85a834c055f8025ae3e5,utilidades_domesticas,54,945,4,600.0,16.0,18.0,11.0
362b773250263786dd58670d2df42c3b,esporte_lazer,51,2526,1,200.0,16.0,16.0,11.0
8e5bf6185743f64468d6023af118208a,utilidades_domesticas,46,1481,1,600.0,30.0,15.0,20.0
1dbd121a455304b1f6f0b548e9cc23b2,variedades,51,308,3,100.0,16.0,6.0,11.0
06aad8525aef9517e71a080aa973de58,moveis_decoracao,60,197,11,1600.0,31.0,11.0,26.0
6d034a9fd26095b72dd2c2060af17d5b,pet_shop,49,389,1,5000.0,40.0,35.0,35.0
1a4231697a4cb8eda8d5f1eb97e85733,automotivo,58,1332,5,650.0,16.0,10.0,11.0
df371be2e5f40ffec4285926ae7ebcd1,fashion_calcados,57,655,3,1150.0,22.0,9.0,22.0
eede3ead395a8bdfb3ca7cbf6e0cb421,iluminacao,54,565,3,300.0,19.0,16.0,16.0
c979d004e102224a0aa1155b332b968e,telefonia,56,867,2,350.0,20.0,8.0,12.0
1412c0124f6acb78a0a1023ea5e82c88,perfumaria,46,409,2,500.0,37.0,23.0,24.0
500622d5e5b51dc502c73dc7b3449202,perfumaria,36,272,1,200.0,16.0,4.0,11.0
05df88a280f9c6edca3b2f5f9b3e75ad,artigos_casa,56,279,1,525.0,34.0,23.0,43.0
54705b3767bb79355690466c0e599b17,fashion_bolsas_e_acessorios,38,367,1,100.0,17.0,3.0,12.0
6f87856101707e6ae7030e9f10e2a4fd,eletrodomesticos,60,390,2,150.0,18.0,8.0,13.0
d0b195da997d6ac2f2cf6547afa4ef7e,perfumaria,38,118,1,483.0,21.0,15.0,13.0
557281eded333607ebffd2e626f96101,esporte_lazer,54,833,1,517.0,19.0,15.0,14.0
c009a10ab0adcf9eb04acb847783e38c,utilidades_domesticas,57,722,1,10000.0,34.0,52.0,34.0
e28e0ee4dffaf8ed5508c35aaf1d0d25,brinquedos,48,167,1,200.0,16.0,17.0,11.0
b301f133a68b93a9a9a3db2987c1be36,informatica_acessorios,57,169,2,300.0,21.0,4.0,18.0
6b0259a861d01b67ff7d9d323569e022,brinquedos,47,178,1,600.0,21.0,7.0,15.0
4107fe37acd2074de27143fa85966f67,moveis_decoracao,28,579,1,7100.0,37.0,41.0,37.0
3d9bbe6e6d8c6dd8ba6e728f2586e510,beleza_saude,60,499,1,273.0,16.0,13.0,14.0
b15b0f14796af4af048f9d043465a255,eletronicos,54,358,1,13100.0,37.0,50.0,37.0
c7f8c040002615c99a0aa2ddec4c41e6,esporte_lazer,58,586,1,300.0,27.0,9.0,14.0
c0dacf0751740480573fe22a20a984f3,esporte_lazer,57,1387,9,2350.0,40.0,9.0,30.0
d7a42ef000dc154cf36fc531bab116c4,variedades,52,862,1,102.0,16.0,12.0,14.0
5ad2b7b30050dd8aa51c2fed1db13e22,papelaria,59,303,3,6100.0,38.0,30.0,28.0
92d16b48c50da1af3a50c6e73eb5d23f,artigos_casa,57,188,1,1300.0,46.0,2.0,36.0
9932cef18f605505959181dbce9896ea,perfumaria,47,274,1,200.0,16.0,5.0,11.0
1ea2fc5b9d57d4a38537bc42da63952f,relogios_presentes,55,854,4,500.0,19.0,8.0,12.0
4df79064ddcd595b7c0ca80f9729a67b,papelaria,59,206,2,8000.0,60.0,20.0,29.0
6b5eb8d183cf59e028117fbf4a43b28c,automotivo,53,789,1,2850.0,90.0,25.0,35.0
ba2a4b4789f9736851b6a9c98d30f21d,esporte_lazer,42,428,1,350.0,16.0,10.0,16.0
739ec9878497e19f019f5967fda86c9f,relogios_presentes,57,586,1,300.0,18.0,12.0,18.0
49b624365d1b55a1747aedf255a15e62,automotivo,53,773,3,1775.0,32.0,28.0,28.0
ac942b3f5756151f9dea022e7058d7c9,fashion_calcados,57,404,4,1400.0,22.0,12.0,33.0
b88eb82a396197f720eee0aef2f7dfed,automotivo,57,905,1,4550.0,35.0,20.0,20.0
f2e2678188e0f3bc983dd3935f69b746,automotivo,55,620,1,13900.0,40.0,40.0,40.0
b353757638aa1d936e2e3b3940dc695b,instrumentos_musicais,50,192,4,483.0,31.0,6.0,23.0
4981f1410716b81db3808ba1c7d21394,esporte_lazer,59,849,5,200.0,20.0,2.0,16.0
59eec1e2c2e1a415ad74e82178f251fb,papelaria,59,355,1,200.0,20.0,5.0,30.0
ef0c976e2e1bd30544229b19bd380a29,consoles_games,31,1281,3,150.0,26.0,4.0,24.0
d7f8eef8e05a45371252e633bb4f570c,pet_shop,44,346,4,2950.0,20.0,20.0,30.0
19ae78d7ee992692ef1ef05578b1f156,telefonia,63,2704,5,350.0,17.0,10.0,12.0
90aa2ab699cd0e459be93124aa91c82f,artigos_casa,56,2507,2,2300.0,43.0,8.0,33.0
c53d00b085ccb1d5efc1dd36c755e736,casa_construcao,32,1334,1,12050.0,90.0,20.0,40.0
44523a5e61f0a718c2231922b8856ad7,relogios_presentes,42,266,2,286.0,18.0,11.0,14.0
e38bfda757257dee1985af625f8911fc,brinquedos,64,484,2,2033.0,27.0,30.0,32.0
879427b9d8a3ae52519297b567fc8e71,artigos_casa,52,207,1,20500.0,55.0,35.0,45.0
99e2dfc6bf7123fa4e2678e5b21d43bc,esporte_lazer,50,942,1,983.0,24.0,15.0,17.0
92e0aff16451b008e8b70f7b05dc6105,perfumaria,30,255,1,300.0,30.0,10.0,30.0
efa91c03c750cf82e0e9fc5523aca73c,moveis_decoracao,56,220,7,1000.0,31.0,11.0,26.0
63691161b972f49b88dbd59ca3bf692f,informatica_acessorios,40,180,4,500.0,18.0,3.0,19.0
5f2ace2fddff857d247fa4f6ec591474,utilidades_domesticas,52,371,4,400.0,24.0,8.0,11.0
74bb93f0c5192fc10b1c78acf5d7b21a,utilidades_domesticas,55,606,10,650.0,28.0,17.0,28.0
bead7727f31b655a7f9a92a6a58e1b4d,artigos_casa,52,275,1,600.0,34.0,23.0,43.0
d2a78df414eaed74b1aba1bdb777673a,esporte_lazer,51,1543,2,600.0,20.0,20.0,20.0
ca8b9b8192b5fd79de43cf6480c6cdeb,esporte_lazer,60,473,1,250.0,17.0,15.0,16.0
498297b9721ee352dc65a4df65688433,bebes,49,190,1,500.0,34.0,2.0,24.0
93a5fdb44a53e09f4a7d659420947201,relogios_presentes,47,589,1,250.0,16.0,16.0,16.0
1b6cecc37e5cf78922520ccb14860e63,utilidades_domesticas,52,427,1,5100.0,40.0,25.0,35.0
8546c6aec945658dd6de0b125806bc8a,moveis_decoracao,63,527,11,2700.0,41.0,26.0,31.0
d4959e4f53f19c94abec965e966c7ca9,variedades,,,,1200.0,20.0,20.0,20.0
20f23f339bacbc1863017f4d0619cee4,papelaria,55,411,1,300.0,34.0,2.0,25.0
2b301a96f8ae692b3157360f621b658f,malas_acessorios,57,605,9,210.0,17.0,22.0,11.0
966e3b7ca65648df1608c8885d04bc0f,esporte_lazer,37,327,1,200.0,20.0,10.0,15.0
8a443635fdf9759915c9be5be2e3b862,artigos_casa,58,189,1,1400.0,46.0,2.0,36.0
b1bef728f668a4117c1129694b7f4bec,moveis_escritorio,40,1724,1,16150.0,58.0,28.0,58.0
65e52a3d3ad102e0308bfde7c1424a89,esporte_lazer,51,634,5,300.0,25.0,20.0,20.0
772583ef39582ddf5068eba0296c24f7,esporte_lazer,39,271,6,3050.0,51.0,13.0,31.0
97b91c8032defad1460e5225a0049161,moveis_decoracao,63,195,2,4000.0,100.0,7.0,65.0
3ecb405a579723d0b1b5161dd32daf28,utilidades_domesticas,44,394,2,257.0,21.0,27.0,16.0
8626b155de04e2d0d6e1e907fbcf0cd2,esporte_lazer,47,1478,4,3150.0,20.0,25.0,20.0
0e8df33c96f1c03405f222785b9d753e,artigos_casa,52,287,1,4100.0,52.0,18.0,42.0
cbc4a99acf6db47e07c3f743d1a4045e,informatica_acessorios,55,311,5,4450.0,19.0,23.0,19.0
87bd1cd9f8c9d38c5a2428d5d2c5aecd,fashion_bolsas_e_acessorios,23,76,2,200.0,16.0,3.0,15.0
72018b95e99f49156551362f086b62a7,artigos_casa,58,416,1,1500.0,40.0,5.0,30.0
e751ef808163a46290ab3b4cbd70b6ad,moveis_decoracao,34,246,1,700.0,22.0,14.0,12.0
cddac36c1809b09b2bb467a49c56ab1c,beleza_saude,30,386,1,50.0,20.0,10.0,15.0
19dcb307b859214c546c3726043e9c2f,variedades,57,1507,3,725.0,31.0,23.0,25.0
2d7cd0c78354e447e9c2a37e1e287417,utilidades_domesticas,50,554,4,9900.0,105.0,12.0,40.0
1a079ba5d672d64c3bdae859c45d8e67,informatica_acessorios,35,1101,2,250.0,42.0,2.0,30.0
6c7a0a349ad11817745e3ad58abd5c79,seguros_e_servicos,55,506,1,1225.0,27.0,35.0,15.0
47d52bb24ef8a3aa09724f00604be3ba,audiovisual,30,3992,1,2600.0,41.0,11.0,32.0
4f52a8aaedc1bc20a039d8430efaad8a,automotivo,59,771,6,950.0,30.0,10.0,13.0
d934b48db429df3e1f8af7e7368489ee,bebes,51,862,2,500.0,28.0,10.0,32.0
4399b75e654e8e2bf9f92967caa66c5f,telefonia,30,875,2,300.0,21.0,11.0,14.0
502ed403f8e1f7d179ba2f64172af3e9,bebes,56,224,2,9400.0,75.0,15.0,50.0
111110604c6d3718f07e26dbff3d46bc,eletronicos,39,57,1,800.0,16.0,35.0,25.0
6adc47df234495741cc1af4ffc25b58c,beleza_saude,55,520,1,1200.0,16.0,14.0,15.0
b33eafe0578ff59c3c9c0853a365e3b6,utilidades_domesticas,30,196,2,2000.0,48.0,10.0,37.0
64a729b37766f9411a1f786ff060cc85,informatica_acessorios,60,2692,2,6550.0,19.0,40.0,50.0
03233a6dca60544336766af227f78f09,utilidades_domesticas,52,570,1,1700.0,16.0,40.0,38.0
a5d22340ec8e3ee661b5f00e64bd3ee7,eletronicos,27,151,1,1500.0,20.0,20.0,20.0
7868a64aa111bbb4f41f8e1146c0becb,moveis_decoracao,59,438,1,1200.0,30.0,5.0,20.0
e2dd0cb9b99517a86cbc9441cbb55348,la_cuisine,41,194,1,450.0,31.0,10.0,18.0
9ef2ca01151ef53318695e8a1e8053da,esporte_lazer,45,3910,1,200.0,20.0,10.0,15.0
013c4b7963865454407e0c79047636c3,esporte_lazer,37,220,2,1075.0,38.0,10.0,25.0
407a9382e8c7e321e8ecee388edf0f7b,fashion_bolsas_e_acessorios,51,770,1,200.0,16.0,2.0,11.0
dce3d94fd2f5d6d78c586d93faa33646,malas_acessorios,52,560,7,800.0,30.0,15.0,15.0
36a4730522f6c06d61028293616a9ec5,ferramentas_construcao,28,126,4,4650.0,54.0,18.0,35.0
ac11c132793524428ef353a3e4956ed9,utilidades_domesticas,49,800,1,19300.0,42.0,90.0,42.0
1c687f9714b91f95caf2727cf84e5be3,fashion_calcados,40,303,12,500.0,29.0,7.0,16.0
661e3bba6bdb874638367462b49ae590,variedades,,,,450.0,30.0,5.0,30.0
b9732f4c0f20039130f5ff8cea1c2cb3,malas_acessorios,55,576,3,5400.0,90.0,9.0,39.0
0f322750505d1e7d8c79269bf22aecda,telefonia,46,383,1,200.0,18.0,3.0,12.0
9c3e030eb36047b2a7610a613b945642,malas_acessorios,39,855,1,550.0,16.0,30.0,20.0
75baeeacdb53150ac063abf52e4acaa7,malas_acessorios,33,503,9,250.0,23.0,26.0,15.0
186667995393fd686a25866399b41e68,relogios_presentes,56,646,2,400.0,16.0,11.0,11.0
31a7ed5ff9d9645208e0f84d92f82581,moveis_decoracao,59,2043,5,3000.0,69.0,11.0,11.0
ade405a562b15f95950b65eaccb3f0bb,moveis_escritorio,48,1746,1,19100.0,58.0,35.0,58.0
0b00b16606aeb46da3543bbabff4d6b3,artigos_casa,58,363,1,14800.0,55.0,45.0,35.0
a4fbb3775a887454ad56b9b912b526fb,artigos_casa,58,293,1,1800.0,40.0,10.0,30.0
1065e0ebef073787a7bf691924c60eeb,ferramentas_construcao,59,339,1,4300.0,29.0,7.0,29.0
c09d788af5101df1f542712d2968d4df,variedades,,,,8500.0,23.0,16.0,24.0
796f3b99d54fc73792f722557dd199d1,esporte_lazer,43,620,5,917.0,34.0,18.0,38.0
3fdb534dccf5bc9ab0406944b913787d,bebes,58,634,2,600.0,21.0,12.0,17.0
53027b8270c2c4b97acb3907e39e999e,beleza_saude,50,140,1,600.0,20.0,6.0,20.0
228f57b1acb5bdce9401c58653c8cc14,relogios_presentes,39,542,1,433.0,21.0,12.0,16.0
592962829d5a715304344e656e39108a,artigos_casa,56,255,1,1750.0,30.0,5.0,30.0
eb90e2151808c494cf15502e418789d1,esporte_lazer,55,1354,2,1000.0,37.0,11.0,17.0
95c2c14503645a9f87cf2401c523482c,telefonia,30,405,3,167.0,18.0,4.0,11.0
e8b61f78db501ea0ca45677d1ca27de2,brinquedos,49,120,1,400.0,50.0,10.0,25.0
77f9afba18e2795ef8beea40ea189168,ferramentas_jardim,46,1043,2,7950.0,54.0,70.0,44.0
eaeca85086b0c4f68351e52deb944e16,beleza_saude,52,171,2,50.0,19.0,11.0,23.0
1603fa7aafd20f7aff7f05bf4616355b,brinquedos,45,811,3,450.0,32.0,18.0,19.0
bc7f7a995ff963c23da53e0856e8b6a3,fashion_bolsas_e_acessorios,59,63,4,150.0,16.0,2.0,11.0
f88c49a33f73e7c5d2f5cbf231f5b536,brinquedos,53,827,3,5453.0,53.0,37.0,31.0
a063b454bac19ab435a4594bab9b9eed,pet_shop,63,2226,8,20900.0,60.0,40.0,40.0
f1f33998e04cd5d9b4092587f36786df,informatica_acessorios,53,332,1,1075.0,26.0,22.0,22.0
ad53b56bfd80cb8adc160a3deaa239b9,telefonia,53,2178,2,500.0,23.0,7.0,15.0
0a8364a63342dab8877bc3e5eb7cff6c,utilidades_domesticas,50,298,1,6050.0,30.0,40.0,30.0
e5b97eb572e156e4ca5ae8c384f7106a,eletrodomesticos,59,247,1,175.0,28.0,13.0,18.0
c5f66f76350a831902c397fd9ebcdedc,artigos_casa,40,327,3,1100.0,37.0,23.0,35.0
d2dd851308d9f2baca67043df303d36a,utilidades_domesticas,36,821,3,300.0,16.0,40.0,11.0
773ea88f7b9332e4531d0295279f5f34,esporte_lazer,30,1459,1,6700.0,45.0,35.0,35.0
d3c4c77b75d9e3c3d4ee9b1e40591b04,automotivo,47,800,2,183.0,18.0,7.0,13.0
15bb6bb477d5bbfe167f6dc44b6846a8,moveis_decoracao,49,868,1,1000.0,40.0,8.0,40.0
9e8fcf395c0076ab46ac780f3d84ab93,moveis_decoracao,51,1382,2,1150.0,20.0,65.0,20.0
c85df3adf4b059fd3292eb6530c9a598,esporte_lazer,29,282,1,300.0,20.0,6.0,13.0
b7ee4f73c0c56e60a43be7989149c089,automotivo,60,1551,3,500.0,16.0,21.0,18.0
7db522185b13bcf14ea1bdb147463547,beleza_saude,45,648,1,1700.0,98.0,15.0,15.0
1e7f9d795f9e15f1df670649367d27d8,papelaria,44,174,5,1700.0,25.0,55.0,37.0
2df754688929d2d713ebc4996a7faec0,esporte_lazer,46,565,3,4100.0,20.0,20.0,20.0
bd588795ddfe953f64d59d514ba0527a,esporte_lazer,57,863,3,250.0,16.0,2.0,11.0
b8c472a596396ccddbade7d6900f8aa1,instrumentos_musicais,53,1114,3,707.0,23.0,19.0,16.0
c4baedd846ed09b85f78a781b522f126,ferramentas_jardim,58,1893,1,5950.0,20.0,20.0,20.0
87351480a75abfcf15ec67af64f28ee6,moveis_decoracao,53,669,3,550.0,34.0,6.0,23.0
d2922b1fb6b42799b0ce075cb0acc26b,pet_shop,33,649,1,1200.0,69.0,3.0,44.0
360b0e7b004a03e0e766981afc68c069,variedades,53,1099,5,4500.0,52.0,44.0,27.0
28dc766929435d5a8555ce85e2f82667,eletrodomesticos,32,679,1,12783.0,36.0,52.0,31.0
74c45f01e6d11ff78ab287eb985f7343,industria_comercio_e_negocios,49,1119,4,5417.0,46.0,52.0,19.0
cda8b19a05af621d957a97a979b6fa9a,bebes,50,1220,6,16333.0,56.0,48.0,38.0
216bfe821826c195bf9da55b12a6c296,eletronicos,36,599,1,190.0,22.0,11.0,17.0
2b10e945dae5434075c8bb2be0d17325,artigos_casa,60,233,1,2950.0,46.0,8.0,38.0
ace8fb267a4f76c58dad79d0171f6812,variedades,,,,26950.0,65.0,79.0,29.0
9eacfe990da87a66d7fc95e4f97bad14,artigos_casa,60,497,2,900.0,50.0,11.0,11.0
7efb605c0b11c538dc057c4dc6820ba5,eletronicos,50,765,1,400.0,16.0,13.0,14.0
a6a48ebcc6f6360211c13bf5bb238587,moveis_decoracao,57,499,3,5200.0,34.0,45.0,34.0
861857117917aaa99611defcc0d514cd,alimentos_bebidas,57,2585,7,4450.0,28.0,14.0,28.0
ccb3d3835758ca91130e00c46c3c11bb,fashion_esporte,45,219,2,250.0,18.0,12.0,12.0
e034d967d446f193a9d72f30a282c312,variedades,,,,900.0,20.0,10.0,12.0
a7b3741264beebf83457d10dea3b34ca,bebes,46,1065,1,850.0,36.0,15.0,25.0
df1b3f289e06a4ca3682e61cf0a36876,moveis_decoracao,53,1706,2,800.0,60.0,7.0,11.0
4943769229463d7bd0fd5af9baac46b5,informatica_acessorios,57,493,1,1100.0,23.0,22.0,18.0
5d62f99d108e89a12c45ef89f625b4cf,artigos_casa,40,796,1,850.0,45.0,10.0,20.0
3597f6d6e2ae78b39559cfa20eb3ddd4,automotivo,48,320,1,200.0,16.0,7.0,23.0
c9f9bd4084bc85b95e01d21218e3e85d,esporte_lazer,45,1742,1,263.0,20.0,18.0,20.0
54a96160126877c6a5cd30bfd35831e3,beleza_saude,54,1510,1,1550.0,20.0,30.0,25.0
97e4f5811325675eb54c925552300a68,papelaria,44,320,1,350.0,16.0,23.0,29.0
5742ee1a5d941486111ab986f6611735,utilidades_domesticas,49,412,1,1875.0,43.0,45.0,40.0
4c55077cfe05007e8051304d1b721343,beleza_saude,63,751,1,300.0,16.0,16.0,15.0
1107055c5c960ef6e183e781260aeafd,telefonia,59,752,6,300.0,17.0,4.0,12.0
efffe8edabbb56fd0a7f1bfb8803bee4,brinquedos,58,1235,3,1400.0,28.0,13.0,21.0
48a4f38486c6f54c1bc2614e75aaaff2,bebes,46,121,1,1550.0,38.0,8.0,29.0
f0cd6312ce0b0d7f04fe8dfd3480e278,brinquedos,40,180,3,2400.0,40.0,15.0,40.0
25ed6ff9d1830f39f847e63f2653c07f,telefonia,36,1113,2,239.0,17.0,20.0,13.0
a3e4a417e7dab3de222f227781c2c291,bebes,56,1882,4,10700.0,35.0,57.0,52.0
0067f97995b0c3a86739734dc87ee6b6,fashion_bolsas_e_acessorios,59,412,1,200.0,16.0,2.0,11.0
8751413c85ce4cea7d99f15ee76d76c7,artigos_casa,57,179,1,1250.0,45.0,10.0,15.0
54904bdd42a096ba337670dcc1b68a95,bebes,53,443,1,2133.0,46.0,42.0,13.0
388517f6230f1fdef794b9c075180a0c,informatica_acessorios,22,716,2,200.0,36.0,2.0,28.0
c9d067f785507045799795719e6e6131,esporte_lazer,57,1260,4,26500.0,105.0,70.0,20.0
3b93aea7e918a4211066e42f03b68fb5,moveis_decoracao,33,649,2,1250.0,80.0,5.0,60.0
525d023cea7235fd59133983cc5269bf,utilidades_domesticas,54,382,1,1750.0,32.0,18.0,24.0
289d248f6a9046a0f0be47cda2b45537,esporte_lazer,31,542,5,250.0,25.0,25.0,20.0
df942d2cddab43f5f5f2869bdf30d924,bebes,50,90,1,1900.0,38.0,10.0,34.0
5a21af3df2589bc171197d1e388dd1e1,bebes,33,491,6,900.0,24.0,34.0,24.0
088124974c3274514e06de4c312fcd3d,artigos_casa,44,310,3,1900.0,35.0,20.0,25.0
653b6b1217fba117599afcc015ffd50a,seguranca,58,1128,1,800.0,20.0,20.0,20.0
f48eb5c2fde13ca63664f0bb05f55346,esporte_lazer,60,1153,2,100.0,20.0,11.0,11.0
7189fb70393a0b87189f93f19655f8db,brinquedos,43,428,1,1100.0,54.0,18.0,18.0
8cd4137e61645f90ab828559c9ab651a,beleza_saude,35,783,1,650.0,16.0,20.0,15.0
159ea658243f5e5c4a18fa69d80adc16,informatica_acessorios,60,3858,3,5650.0,35.0,20.0,47.0
a8d2c5e8f29550a539f377d977f10a52,beleza_saude,43,1263,1,225.0,17.0,8.0,13.0
34eb6a7adb729aa877c2eeccf886f09f,ferramentas_construcao,28,271,2,5600.0,46.0,15.0,39.0
69d980b4120a76616d7b237d731d6156,relogios_presentes,60,1362,3,600.0,16.0,11.0,12.0
8a87ff3419a80067bd8c101012f37e55,beleza_saude,63,3881,1,1300.0,16.0,16.0,15.0
b92ac6d6776fda2be95ee60ab90611ab,moveis_decoracao,56,184,1,8550.0,40.0,32.0,40.0
f3b8bfa5b86249e75e5c0632acc0e82e,beleza_saude,42,614,1,2550.0,20.0,20.0,30.0
17ff593779ce464d3667e8ca12b4a5ca,esporte_lazer,54,2890,1,1000.0,29.0,21.0,22.0
77b544530b2a38fff1b3af62cfe355d8,malas_acessorios,52,1472,10,1000.0,30.0,15.0,15.0
e8288cf2d07e2b1b0b889132fc8cd8d5,artigos_casa,55,677,1,1300.0,16.0,50.0,40.0
7eb2e1637a623d3491843dff3bad4836,utilidades_domesticas,60,943,1,11300.0,32.0,75.0,32.0
bcee6fd62c36b571fc4522eb3aa7138b,utilidades_domesticas,45,1250,1,5900.0,35.0,13.0,55.0
2c0c951471371afa81e47d7bf8d20522,telefonia,56,931,6,183.0,18.0,9.0,13.0
fef4145d5309c82cd34bdfe608dd323c,automotivo,60,760,1,250.0,16.0,6.0,12.0
2cd7d0ade9eb52c856a16dce303397ad,variedades,,,,200.0,27.0,3.0,18.0
51d4c5626abb1963d3cba78871cce415,variedades,47,766,5,4400.0,40.0,36.0,30.0
894d3a43c12eefa5d5bf7e9d68520b68,utilidades_domesticas,55,2901,1,2400.0,34.0,13.0,26.0
cbf96c04205dc933b89e025748c2a057,artes_e_artesanato,28,189,2,700.0,30.0,6.0,30.0
30f2abe62a0f5fb21e4361e83e19f3d8,fashion_bolsas_e_acessorios,33,484,3,150.0,16.0,13.0,11.0
7fb06133a9a56c3d8a2819e9f4d45422,ferramentas_construcao,54,433,1,1050.0,16.0,8.0,90.0
48b6c38e1a7960b4123b60de736ec500,esporte_lazer,57,548,4,333.0,16.0,5.0,11.0
e7bc716e2ba2575a2f572b7a4bd281d6,variedades,56,1398,1,2000.0,23.0,14.0,16.0
fb1c85ab4adb8f0fd63d3e2156e51f4b,esporte_lazer,33,2213,1,217.0,20.0,20.0,20.0
7295743cfc88049c951d73b337225d01,market_place,31,365,3,10800.0,100.0,55.0,11.0
fcfe8ebda270478afa5867ec5e46e7be,utilidades_domesticas,18,657,3,385.0,26.0,20.0,23.0
c43704bc45a1f1a58de5d2b5ba0b0d12,moveis_decoracao,36,213,2,12500.0,105.0,10.0,60.0
94ea362da29f43390e967e874c6fa842,esporte_lazer,25,192,1,3000.0,53.0,19.0,19.0
ef4f75a1e1266944f1733179e963d4be,casa_construcao,51,921,7,800.0,16.0,20.0,16.0
ec16be6dfd2b67c4f576d7c7ccda1358,ferramentas_jardim,38,273,1,5200.0,30.0,15.0,40.0
f1aa9d01a0ddad2937f722cb61abc03f,automotivo,46,1792,2,50.0,30.0,30.0,30.0
6d779dde21981220a9ea25b508015461,pet_shop,45,901,1,15800.0,74.0,32.0,40.0
eacefda22c08419cb191cfa6ba838eae,eletronicos,31,313,1,150.0,25.0,11.0,22.0
728af3cd3c85437cc72784d472f8edc4,variedades,55,482,3,200.0,22.0,12.0,17.0
ce003d873dc7d3c9482b894f2f2cc3e3,artigos_casa,54,105,1,550.0,20.0,10.0,15.0
c876dad8e599989a907ee3b09c68966d,ferramentas_jardim,49,515,1,975.0,28.0,7.0,18.0
7fab1a1472fdd934397068931f63f3ca,brinquedos,53,200,10,600.0,30.0,25.0,20.0
ac477a098cb23c128ec2915a4f3c4625,beleza_saude,38,1686,2,717.0,19.0,17.0,14.0
dafe2eb26081f760c3eb2181e92c22ee,moveis_decoracao,27,529,1,650.0,30.0,35.0,30.0
42130cd7a981706499a4d337f2f7f621,telefonia,37,565,1,100.0,19.0,3.0,11.0
dd9da9cbb4e0c6fddd01b0d8839f3e77,moveis_decoracao,52,1505,3,1900.0,105.0,3.0,70.0
d5f4f441812a9a67cf8fa6d6019192c8,beleza_saude,51,1540,1,1700.0,20.0,15.0,15.0
38cc17614e78b88b0cb0d44063572e22,beleza_saude,43,906,3,300.0,17.0,5.0,13.0
6f3ec6fc14615aaed51a2e900868a3cf,variedades,,,,600.0,20.0,10.0,20.0
8d48ed27eb7397426bd25ee9cb6688ad,artigos_casa,56,145,1,767.0,31.0,9.0,26.0
9319e2f1f22df2c8e4a74f8b8f392e24,telefonia,43,267,1,100.0,19.0,3.0,11.0
bece4176ed6f09d246aedb44261b4c61,artigos_casa,40,729,1,3500.0,20.0,30.0,30.0
6c75a613c78086bc739497cfc7b14f7f,esporte_lazer,59,205,1,1700.0,22.0,15.0,22.0
6109d0cae3bcb57d579bc0fab6e61814,malas_acessorios,45,573,1,1250.0,49.0,10.0,34.0
d77d9f61eda0118690a342a000144563,beleza_saude,47,933,2,400.0,20.0,10.0,15.0
6b61c9889ff5ea54a786b54fff36251f,informatica_acessorios,58,552,1,255.0,19.0,15.0,20.0
996ae0a67e63b78b427a1f8d07543e86,artigos_casa,56,155,2,1500.0,48.0,6.0,39.0
dbfc3878e8b8a96816236363e132e6e3,telefonia,42,315,1,100.0,19.0,3.0,11.0
84183944dc7cddca87a5d384452c1d3c,beleza_saude,57,2563,2,150.0,16.0,2.0,11.0
802e849764db04b055b0cb2c12022d32,variedades,27,425,1,250.0,23.0,18.0,21.0
7daeca72c6dc366e43753e5f9a9b1438,relogios_presentes,45,160,1,225.0,17.0,13.0,13.0
127f66367cc2f1616d4d070ecf8afb7a,telefonia,54,455,2,450.0,21.0,11.0,19.0
373735f3dfdb3b3efac836ca54c2480f,pet_shop,60,664,1,8600.0,60.0,25.0,40.0
e58dd19f3b501da6507886db681873ff,bebes,44,1616,1,17050.0,65.0,88.0,20.0
7c7588d9c0e7596f400f129e8bfecb03,esporte_lazer,41,1044,1,900.0,36.0,10.0,19.0
1fea2a921fb07ca863ffdda55598bbdd,beleza_saude,58,225,1,400.0,16.0,22.0,11.0
b69b752440750650aa60092b17c99288,esporte_lazer,36,1072,1,1500.0,23.0,32.0,23.0
c1efc30d1b6b50c2bbf4644102bc16dc,esporte_lazer,57,951,2,200.0,20.0,12.0,15.0
aa52785e49f7b78b96704df4068d9e3d,variedades,,,,250.0,16.0,8.0,16.0
ccc61dc31608c5b78cf0cbe85582fb77,papelaria,49,328,1,600.0,16.0,4.0,11.0
f128effc5b8e4d1f23069c06f855643a,pet_shop,55,1017,1,110.0,40.0,40.0,40.0
3ece0f08943c87ee3e0f6bfb045250f3,utilidades_domesticas,52,265,1,9100.0,38.0,28.0,33.0
ac50a885bf3b6a817bf6a0a2f1e27af4,artigos_de_festas,37,170,1,200.0,16.0,32.0,11.0
8844bd4b8ca8f93603694ca2bceb77e9,beleza_saude,49,1513,3,900.0,33.0,17.0,12.0
71f5cad782714ec5d61a1bfa34543403,consoles_games,50,263,1,528.0,24.0,15.0,22.0
da9d5b38b3e2e1c8cb2731aa7e8bec8c,beleza_saude,57,767,1,1000.0,16.0,16.0,16.0
243332c5551ef72c46bb6885fcaaa848,beleza_saude,55,2221,1,2000.0,30.0,12.0,16.0
8e7c6eda914c6feee0ee99555bb92d39,eletronicos,47,245,1,150.0,21.0,11.0,14.0
24578e8bdef9b745176a1643e1f43614,artigos_casa,16,389,2,4000.0,35.0,35.0,20.0
b6af69cb42f5e5e78bcf59f9be1b61a7,beleza_saude,60,925,3,2400.0,25.0,25.0,25.0
9d12e90dff96cfce78ad02405d6467f4,beleza_saude,63,2454,1,800.0,16.0,16.0,15.0
a3aa0dac689c5cca6fa93f0f4b541abd,informatica_acessorios,36,382,2,275.0,25.0,9.0,19.0
364816efb241b3d0b682e6c2a752c005,esporte_lazer,56,244,2,1000.0,60.0,15.0,15.0
c837ca3eaf5506275072300511cb7b12,beleza_saude,54,2564,1,300.0,16.0,6.0,11.0
35ea4c3f97a29ec66a63df3b60633dc8,beleza_saude,59,1162,1,1125.0,18.0,18.0,16.0
05d7e1ea3fb7a5e3bf83bb9801603418,livros_tecnicos,54,3722,1,2200.0,31.0,6.0,19.0
21a95b5525c6d658ff4e5e1b50f7c02d,brinquedos,24,318,2,650.0,18.0,25.0,19.0
ca3f06758a5c1f826803c6839d39b541,automotivo,50,119,2,1050.0,50.0,20.0,40.0
731cf6fbf44cc64a9583fabe2c00750e,alimentos_bebidas,49,1879,1,2250.0,16.0,28.0,16.0
a9e9edb1bcac585bfbfa381ce40e5d99,ferramentas_jardim,53,3850,3,8600.0,50.0,40.0,50.0
d9440686faf90019c12440cb9c783e4d,utilidades_domesticas,37,696,1,1375.0,20.0,15.0,21.0
af2d506fb01b724e03591349ad36b67e,bebes,55,1681,2,600.0,20.0,13.0,13.0
7c932e52cce377505d33ed4c935a7160,eletrodomesticos,52,307,1,100.0,18.0,8.0,13.0
3e81762914e082ccca5a002144534a21,informatica_acessorios,40,256,1,500.0,60.0,16.0,11.0
41414ba9bcc97ea83730baf9c9d90adb,ferramentas_jardim,60,728,6,550.0,36.0,5.0,14.0
cff80bb3d5c12a024ae5860a6475c472,relogios_presentes,57,612,1,278.0,14.0,9.0,18.0
d3e43faeb92b20d373f87088a03ac642,automotivo,60,2102,4,100.0,16.0,4.0,12.0
daef10c972d7295283e377d5fd9985f1,moveis_decoracao,51,868,1,150.0,19.0,5.0,25.0
ebe4b53f756dfcecfc539faf8ec0df9f,informatica_acessorios,56,906,2,200.0,16.0,16.0,11.0
8eaa9bab89d7c3af6b8d4c7156573e79,ferramentas_jardim,56,2645,1,500.0,21.0,21.0,21.0
46ca9515def9ceb56e338c86ca765ba1,instrumentos_musicais,42,409,3,450.0,27.0,27.0,27.0
64d33e6bd1b905a31c2f96f584e6a0c8,telefonia,60,818,6,350.0,17.0,4.0,12.0
55d81ec5f183a366aff5fb33d29efce5,beleza_saude,47,1098,2,1300.0,32.0,27.0,40.0
5b15ec157adf95b76075f045c18ba7c0,utilidades_domesticas,37,2398,2,450.0,25.0,14.0,18.0
bd121e63c181b55f2204d15c44795736,moveis_decoracao,55,817,1,18850.0,40.0,45.0,40.0
a8cd3c264c6b406a06a23ace0b16fd9a,moveis_decoracao,58,2110,3,1250.0,69.0,11.0,11.0
45256604fab2c941ffc501ebabd4d41a,beleza_saude,47,2335,1,1150.0,20.0,20.0,13.0
cfbd9afef85eecef5aecf32844d2bc07,brinquedos,60,145,5,4450.0,39.0,30.0,29.0
5c688aca24c45ff04fe5b6d6ee438e60,relogios_presentes,46,543,1,300.0,19.0,10.0,15.0
08418a3bc628e92c012281010957e259,papelaria,43,598,3,9250.0,64.0,15.0,51.0
4e298ec3bbc50cd5ae9f4b8ab064fa5b,utilidades_domesticas,52,951,5,1450.0,24.0,35.0,25.0
b1f51d216c9062dcc12ab42462293ec1,moveis_decoracao,54,586,1,1600.0,35.0,9.0,25.0
c10cda5d50f5edd0c8c8dc35f5ea7a84,moveis_decoracao,57,1969,2,400.0,69.0,11.0,11.0
9a82e75bdd4dc1b60ae5fbf466b16bb5,informatica_acessorios,43,349,1,167.0,16.0,16.0,11.0
3cc6750606d3429d08a50f6416b82dd2,artigos_casa,44,448,1,700.0,23.0,15.0,28.0
8da00e3b81d03ddb331afbb120621c92,utilidades_domesticas,37,71,1,750.0,23.0,19.0,21.0
8bad0b03a701f851b31594eb2eb758b8,variedades,32,655,2,300.0,23.0,14.0,28.0
9477e72598d2f21dc53f809bd42cf7a2,artigos_casa,48,159,1,23000.0,53.0,76.0,43.0
fa35b4bf358c776e80d08e8079dc1d4e,fashion_roupa_masculina,37,416,1,300.0,35.0,30.0,11.0
599dc392f7a23273471b068d72408224,informatica_acessorios,41,1482,3,500.0,27.0,9.0,18.0
d493f5a208254fe85b3ab55d898461a1,alimentos_bebidas,60,3725,6,675.0,28.0,15.0,15.0
84a415b540127f35a8c3be2a73428cfb,utilidades_domesticas,18,142,2,1100.0,76.0,18.0,13.0
82caf2c378df511bd246f66917199274,relogios_presentes,53,728,1,225.0,25.0,12.0,16.0
cf9eef3269d316b89f8539aafc0db5b4,papelaria,29,316,4,500.0,35.0,45.0,15.0
873eb5f3b8cc503730e472a14cd26616,artigos_casa,50,185,1,750.0,40.0,2.0,30.0
1ea9a0015a93db6e4afd5205bc362e65,fashion_bolsas_e_acessorios,23,500,4,100.0,16.0,10.0,12.0
141807ad4a13efebac9bbd9609137182,artes_e_artesanato,59,1030,1,650.0,26.0,30.0,12.0
0ba14c257ad706bacadec65dfdb3b740,variedades,,,,300.0,16.0,10.0,11.0
3468ce5f37112c609796bcb9ca2c67fb,brinquedos,53,877,8,50.0,20.0,8.0,17.0
17d98fc630d23a628ec1130f8d69d1d2,variedades,46,1065,3,3525.0,29.0,28.0,35.0
a794505b7d66eea7dbd7d5649881ffb1,automotivo,60,174,3,9050.0,60.0,18.0,50.0
bbc218887dbdfc5ff05ffc02831a906e,esporte_lazer,21,547,1,3550.0,24.0,7.0,11.0
c0c5899d3df29722ba3f12be79dfeb10,moveis_decoracao,39,453,1,283.0,19.0,12.0,14.0
b23fd3f070d09d342bffeeea53c27aa3,ferramentas_jardim,63,573,3,17000.0,30.0,64.0,30.0
41150780d8eb1857e9575c5e3c23c0f0,artigos_casa,57,243,3,1800.0,30.0,20.0,30.0
8fb8fc612eb9832ae220a1b88f3b375d,beleza_saude,58,733,1,250.0,16.0,16.0,16.0
c3c075d20bbf03a458eb5c4458d82380,pet_shop,42,813,1,20450.0,35.0,35.0,35.0
8d027132a8818b4d661e9d83778f8bd0,automotivo,53,246,1,250.0,16.0,16.0,12.0
fdcd405125af2d9b2b7b6fa42950fd92,eletrodomesticos,34,264,1,450.0,60.0,20.0,20.0
a878af5e9510ef64c82ce4badf85b20a,brinquedos,44,507,5,150.0,19.0,3.0,11.0
f06509f3f9aada4fec2a21a3f2e0bb39,esporte_lazer,59,489,1,120.0,20.0,7.0,14.0
3688427aeccf5d04ba3b89a068005b6f,brinquedos,50,477,1,600.0,33.0,10.0,25.0
841fe54d564df8d45b7832717de220e3,papelaria,51,805,1,400.0,17.0,15.0,16.0
c099dea24256de1aa15369a19d7c9712,beleza_saude,33,597,1,2300.0,33.0,10.0,16.0
a3807506fd9df35137f1b81a4e0d429a,eletronicos,45,1460,6,20450.0,40.0,68.0,45.0
6b8d627bee6d96ddc7a0aa203ba07016,telefonia,54,1884,1,580.0,16.0,11.0,14.0
3b85e44a54ca23950c469c7fb1cc0e0a,beleza_saude,42,1580,1,30000.0,30.0,88.0,22.0
ec02a5d380128f7a188e9ce8f3ddd832,variedades,59,599,2,2275.0,45.0,25.0,18.0
e3e6b07f8e08fc8862ab0fcaf76dbde4,ferramentas_construcao,59,342,2,150.0,20.0,6.0,20.0
eb9962da8bc1136b2c1492184723ce26,esporte_lazer,59,806,3,600.0,95.0,15.0,15.0
570901670f29d0410c85bbc0b588d23a,artigos_casa,52,156,1,1750.0,35.0,15.0,25.0
b9b44a9826ac288d8d3caf327f709007,climatizacao,55,654,7,1600.0,30.0,15.0,30.0
5f615ecff3c5de20b69151a630f1ade4,moveis_decoracao,51,608,2,200.0,30.0,4.0,20.0
7a0f68f9af53c0be1fbb77ab8bc0fffe,esporte_lazer,54,565,1,1100.0,22.0,18.0,18.0
a51c38eaa07a858fd8b49766d02c7bcd,perfumaria,58,609,2,400.0,22.0,16.0,16.0
c476f7ea19b96cf3e65bd83d88439250,automotivo,57,1187,4,1650.0,30.0,30.0,30.0
6ff59583fa5e14b6abbf806baeecc8e9,fashion_bolsas_e_acessorios,63,328,4,150.0,16.0,5.0,11.0
24820a1196d38b337b214cbe699410ed,relogios_presentes,57,321,1,250.0,16.0,2.0,11.0
543af92389bfb55bedfb145b64211c0c,beleza_saude,53,1027,1,150.0,19.0,7.0,13.0
dae734dc69d90e2ced16dc3367da97b8,eletrodomesticos,54,238,1,400.0,33.0,3.0,36.0
4598f8b931837f857d55483097a015d8,moveis_decoracao,36,1438,3,200.0,35.0,2.0,25.0
6c936d19c8369a0133f91638147d81db,artigos_casa,40,114,1,250.0,30.0,4.0,40.0
0e0487ef680ae92e064423238d1b4c05,eletronicos,35,191,1,150.0,22.0,6.0,16.0
21a3fd0dcc50f6c1dbd01c2faf1db393,variedades,49,1621,7,6317.0,37.0,39.0,43.0
fcf6d4fd2e97087087d61d228999d662,eletronicos,43,349,2,200.0,17.0,4.0,12.0
d8dd98818742b18123d2bebeadecd7c0,artigos_casa,42,298,1,850.0,42.0,11.0,32.0
669ad61d37a550dceb5235cbf92b311a,alimentos_bebidas,50,687,1,8200.0,23.0,16.0,24.0
7b67d49bc14fc6014038578cb4eca3cd,automotivo,48,683,2,1450.0,20.0,20.0,20.0
d556492cb91418b6a9d9613592b4367f,telefonia,51,352,1,100.0,19.0,3.0,11.0
25a1ad831f1181c48d8e3014510026b6,climatizacao,42,313,1,200.0,20.0,8.0,13.0
f2fbc2d1b24e4244986270c22432847c,moveis_cozinha_area_de_servico_jantar_e_jardim,39,212,1,6200.0,66.0,14.0,48.0
cc5f571540b1308f27ed78b5ee3300fa,fashion_bolsas_e_acessorios,55,1431,1,200.0,16.0,2.0,11.0
ff9032482857269e8683f0c2f8ba4709,fashion_bolsas_e_acessorios,39,247,5,50.0,16.0,6.0,11.0
8f125d4dd972e1eab1ad8d6644f63330,artigos_casa,48,372,4,1500.0,30.0,15.0,20.0
9251443819682703b07d22f78d20d603,fashion_bolsas_e_acessorios,56,1427,1,200.0,16.0,2.0,11.0
238314b88e4b8ffa496db6b1a201d897,brinquedos,56,696,4,300.0,21.0,7.0,16.0
38fa750a3a3b3204f169c86a3284d387,esporte_lazer,39,1057,1,183.0,16.0,18.0,16.0
bb56f93a193b61dbb3ccc35c2cdd317d,moveis_decoracao,60,903,1,700.0,22.0,22.0,11.0
ccf5e68c648cd737fa922dcc848d8d14,artigos_casa,44,729,1,2350.0,20.0,30.0,30.0
155663cd6bc8d7e90375c19f73136bab,relogios_presentes,37,238,1,250.0,20.0,11.0,17.0
00066f42aeeb9f3007548bb9d3f33c38,perfumaria,53,596,6,300.0,20.0,16.0,16.0
843c3f321cc992f9a1a3c6319fd568f2,automotivo,41,248,1,442.0,14.0,15.0,16.0
bfa0e398bef2d28bb421d42997982cab,variedades,,,,3100.0,28.0,20.0,40.0
5389fd6d9241465b2100e105b1519ac3,fashion_bolsas_e_acessorios,58,499,4,300.0,43.0,16.0,27.0
7caa58187056ad4df082a6f3fddad4d3,automotivo,47,1769,1,1000.0,41.0,16.0,22.0
f11c4213fbb2d511dc25037a3c31117b,bebes,56,487,1,14000.0,62.0,47.0,32.0
3f869288a822d85504c7a423c9b473e3,variedades,35,1511,1,1950.0,28.0,36.0,27.0
db7f3f42ccab32fa6328b3063b278bcc,consoles_games,28,919,3,300.0,25.0,5.0,24.0
ef2af887de5e84d6de178a621eb954e8,livros_interesse_geral,32,1011,1,500.0,16.0,2.0,11.0
97bd5e603c7e17162d39c2b06331184b,automotivo,60,891,3,400.0,17.0,21.0,11.0
d86936d170828ee19b4bac2befe8ab1e,esporte_lazer,45,383,1,1300.0,39.0,14.0,37.0
a6b0f0c9b63f3b47169188d31f9f67bc,moveis_decoracao,16,75,1,800.0,34.0,22.0,21.0
e70cbdacbd8a00d59dfabfbd53d84091,moveis_decoracao,57,1186,2,1100.0,53.0,8.0,11.0
06398d4e8885390c99322d5e4aedcc16,moveis_escritorio,47,2115,1,15700.0,58.0,28.0,58.0
4407eca265d6d9f1b07ba452caa12844,utilidades_domesticas,53,524,1,1000.0,25.0,6.0,20.0
d5376c3b45290c7a326584c8307ab2c4,variedades,,,,16550.0,58.0,32.0,32.0
2907243f68e5e3eca9cea8276cc3fe04,informatica_acessorios,54,714,1,4200.0,30.0,10.0,30.0
8f52a2593c7e26a2dae1cd79a60a5beb,relogios_presentes,44,126,3,400.0,16.0,16.0,11.0
139a8ba50a931c4055ff072ef1817b06,relogios_presentes,46,655,1,700.0,20.0,12.0,15.0
ff4580bbb95dbae914ec0a9b76b0a5c4,perfumaria,39,326,1,150.0,16.0,16.0,16.0
85bb2ec914e43df39983d98c9156ce59,relogios_presentes,39,1592,1,300.0,22.0,6.0,11.0
8bf16c54c7994478e4df5de5baf54e2f,perfumaria,47,1102,2,440.0,21.0,13.0,18.0
a8344987570f9549914755223d975375,variedades,28,122,1,700.0,30.0,30.0,30.0
6f19f41a7c7ac7e45f4070d07ed80a75,audiovisual,45,721,1,150.0,20.0,2.0,14.0
db1e6fed56643b852af3132d255d9ddc,artigos_casa,54,289,1,4050.0,40.0,12.0,38.0
b5c2e3185fe0e385c9b5f1a0a4397930,utilidades_domesticas,45,199,1,180.0,19.0,13.0,14.0
b1d207586fca400a2370d50a9ba1da98,variedades,,,,350.0,16.0,4.0,11.0
64a61d46c4d9928025bd4463a432959e,brinquedos,51,1136,2,1100.0,36.0,30.0,27.0
4e3550b4ebca5e32ccc3d32b3470e31f,artigos_casa,30,568,1,900.0,17.0,22.0,17.0
da1415c61b55b4e9ea8cb19521c857df,relogios_presentes,36,382,1,308.0,17.0,12.0,13.0
0bbdc963004d9b2fd3427ee3c5ae3608,esporte_lazer,31,1479,3,150.0,23.0,7.0,12.0
8aad7a3c7032428e9990ecccaf5e0543,eletrodomesticos,60,392,1,200.0,27.0,13.0,17.0
fad6e383a24adeb5feea3cffb9d89661,ferramentas_construcao,56,1954,2,300.0,30.0,4.0,30.0
68d9c8a95d2b7cb57efe9e1e929bdd6a,telefonia,47,218,3,100.0,16.0,2.0,11.0
b91982b3afff5d274cf34ce54801a8e6,variedades,,,,1500.0,50.0,30.0,32.0
8365b258a7ca21a31b8c972495efd2f7,iluminacao,58,1892,1,4100.0,36.0,23.0,11.0
a140e83c184347be1aa71694fe525537,relogios_presentes,49,364,1,400.0,40.0,10.0,25.0
fc6b299cf83fa76632dd1b0a2c611f33,artigos_casa,55,599,1,500.0,16.0,10.0,16.0
6fc029e77559f1864748702ba9f3c1fe,automotivo,59,1003,1,50.0,32.0,5.0,20.0
dd77ffae83ea4313783323ea026dbf0a,casa_construcao,51,915,6,850.0,16.0,27.0,16.0
c18ab1f0dc1937464d516ca610408e26,alimentos_bebidas,24,279,1,150.0,19.0,13.0,17.0
17878434ca0082537806de545c2f0351,informatica_acessorios,56,287,1,250.0,16.0,16.0,16.0
0f67b4ef3dcb82c257f9f14b6f694ccd,relogios_presentes,42,858,1,600.0,18.0,18.0,18.0
e345e8d6127fd25603bc9fe0f99ecc46,esporte_lazer,59,331,3,700.0,30.0,15.0,25.0
d8c92e2b378d2321b7eb32ba6cf52a66,papelaria,60,2019,5,6150.0,32.0,35.0,32.0
3e362e76af5b6669122b87d6f0a38eca,moveis_decoracao,55,546,3,1700.0,38.0,9.0,33.0
c5094dcc60249dcf1a398e907db8d607,papelaria,56,354,3,6150.0,60.0,20.0,29.0
7b4d5bca6951e2d3f89fa2bdfa6791aa,eletronicos,31,363,1,200.0,25.0,7.0,16.0
8de065ea288024906fe52d09d8021df4,artigos_casa,45,1504,2,150.0,20.0,2.0,16.0
ae52eeb8383b94455f0a08b1f88ad002,informatica_acessorios,60,882,1,167.0,21.0,13.0,12.0
70d581e7cfecc88d345ee9c197d1fbc8,pet_shop,56,199,1,700.0,16.0,20.0,11.0
ad979ca019f5e2520379fc28f6bc8968,automotivo,52,622,4,300.0,20.0,15.0,20.0
1dad4dd7924d7c81aaca41d4a716433d,esporte_lazer,55,441,5,550.0,24.0,17.0,20.0
3af242f6518c23ebab15619fdc356e43,bebes,41,1375,1,2478.0,40.0,21.0,40.0
4d37f97b66676ec519d18a3aa6d70ca9,utilidades_domesticas,58,666,1,850.0,45.0,11.0,20.0
fc5bf9e50dbfb45e7634bd8c045411c5,variedades,24,181,1,200.0,40.0,4.0,30.0
2844b71c076b32af55fbbf2eb7e0bd9e,moveis_decoracao,59,471,1,1300.0,30.0,5.0,20.0
fc0234a0ca2e8c140d56247254f8e618,variedades,59,923,3,1000.0,40.0,15.0,16.0
93f5c3a2ca8100b5c02efe3e1b92852f,livros_interesse_geral,54,1876,1,550.0,31.0,4.0,23.0
5ab836116525006a1a417c5c24091e2f,malas_acessorios,46,237,1,600.0,45.0,10.0,33.0
643a4049ae3e6df63858575f28cd7b21,beleza_saude,52,1649,1,200.0,22.0,5.0,15.0
67352926da43ede7a129a72ed744bc74,moveis_decoracao,43,1992,1,200.0,20.0,5.0,16.0
1a0bed98d47b5923948a6a49612aeb83,beleza_saude,46,1113,4,175.0,25.0,12.0,20.0
4258e8067a55020ecdf18b872f397d0a,telefonia,31,750,1,100.0,18.0,6.0,11.0
14814051ee1f5b23865b40f70a259d59,artigos_casa,43,1162,5,5300.0,23.0,50.0,23.0
c13a9b9907f209adc406f480a2528c81,consoles_games,45,308,2,200.0,25.0,5.0,15.0
0935f6cccc192ab670cdaa08c2b574d4,utilidades_domesticas,22,300,1,4220.0,48.0,52.0,38.0
c4080b2d77b8235e39ce108dcf4d591d,jardinagem,55,725,1,250.0,16.0,5.0,12.0
8cc4fe56312075f8c29550fcd66b0fa9,moveis_decoracao,44,1460,6,350.0,35.0,2.0,25.0
81ec0756335856bf7e5bd40073652c44,esporte_lazer,60,326,5,600.0,40.0,20.0,20.0
d96cd2197b0be40a66b1279c910e0921,automotivo,47,2304,4,250.0,16.0,6.0,15.0
9b4155ed13be02dc3f5c3646218d4f91,esporte_lazer,57,576,6,300.0,30.0,16.0,16.0
b63ecf99904f905e0d594b11ac06281e,artigos_casa,30,204,1,3785.0,44.0,13.0,42.0
aa2c2dd775bbdbfd93d8b8c36c6f55a4,variedades,48,268,2,8656.0,57.0,64.0,40.0
c91fd1bf3e75d3b29370483ffda5eee0,telefonia,60,751,6,350.0,17.0,4.0,12.0
927ee5ecddd59672ed4e40f96df68238,eletronicos,57,1005,5,7050.0,38.0,33.0,34.0
7444882bfe46b728d7728bfcc49fd091,esporte_lazer,42,458,1,500.0,57.0,14.0,14.0
146e38440bfc14b0d923856ddac3709f,brinquedos,42,1109,2,1300.0,16.0,35.0,58.0
665aa1d687284a4d2d2b74c0c6724625,artigos_casa,60,259,1,1550.0,30.0,5.0,30.0
d5de9e83335830f4597d314e63845eb3,ferramentas_jardim,59,1125,6,11600.0,52.0,23.0,22.0
202e0b8be6faeeee14087bccc530befe,moveis_decoracao,31,276,1,350.0,17.0,26.0,17.0
9689d8153681f3d8bc3e88622c013b08,variedades,,,,300.0,16.0,2.0,11.0
5a7e53f5efbae183c7b21a52fb83d6f8,informatica_acessorios,35,186,1,975.0,33.0,23.0,23.0
adb5b8ee8b86e86930bc333c182bbead,informatica_acessorios,43,543,1,821.0,30.0,14.0,15.0
30f902329cc4fd7dba514f7a5b629b2d,pet_shop,30,519,2,16150.0,16.0,2.0,11.0
5ea070e7319fb213f4bfd5a468b07373,consoles_games,51,817,1,110.0,17.0,2.0,14.0
159dc4423e5092c3baa443379a458fa9,beleza_saude,55,1165,1,1100.0,37.0,12.0,22.0
e3db46616e0d26551a86377bab9b0308,perfumaria,42,453,2,523.0,20.0,16.0,17.0
7741aeb3317b850cda6eec4627821fad,artigos_casa,58,295,1,3100.0,50.0,10.0,30.0
6640d299f2649e432fa5416fb9672c64,moveis_decoracao,52,800,1,1250.0,32.0,6.0,32.0
1b5da3da62c9390a62e96e29cca9e734,relogios_presentes,53,959,3,450.0,20.0,10.0,16.0
83ee94d59dffaab56d55b5766c6d1211,automotivo,37,498,1,400.0,20.0,10.0,15.0
cf28a2b7bc92809a0574cf07772c88c4,artigos_casa,57,58,1,250.0,20.0,2.0,15.0
c8cfa622661e047ea2499f8bce4731a5,bebes,56,628,2,650.0,24.0,14.0,18.0
093f502d13b400c7acad57562017a149,artigos_casa,53,2120,1,1700.0,30.0,23.0,11.0
b316b3aedd7d2e26569a318e2611e6c0,automotivo,63,1541,4,2300.0,20.0,10.0,20.0
8a1fccc6b1baa3ff391c89b916176091,brinquedos,47,888,4,400.0,25.0,11.0,20.0
fbb1cfc2810efabf3235eccf4530f4ae,variedades,,,,800.0,35.0,15.0,20.0
bc0d2d816d425e6ce3e80d8b9887d324,fashion_roupa_feminina,58,360,4,500.0,16.0,5.0,20.0
752cc72634eb0d850747733e9bd4b0b6,informatica_acessorios,60,645,1,1125.0,27.0,17.0,12.0
610c3b58469571bff2cbdc50c0393ee0,papelaria,55,235,1,400.0,16.0,16.0,26.0
3c980d4656c6379e6dfd704a2cc48a88,bebes,41,1098,2,1167.0,30.0,25.0,26.0
60deed43085d22ed6326c2f10336d8c4,artigos_casa,60,270,1,8050.0,55.0,25.0,35.0
35ebf08a93899d44e756809e11b14754,eletronicos,55,240,1,150.0,18.0,12.0,15.0
71806ae7a741f21e27a83b42237b2405,beleza_saude,60,2165,4,16050.0,97.0,20.0,70.0
5440e1ed49a1153d573b1543dd10d95e,perfumaria,42,477,2,833.0,20.0,12.0,19.0
4f9172df8e9ae60aa90c14fb36afbcbb,instrumentos_musicais,37,214,1,1450.0,31.0,11.0,24.0
5c737d7f2147bdf63360675bf7b7735f,beleza_saude,59,2784,2,1100.0,16.0,15.0,11.0
eb46bd8f6499638557d2daf6874d14db,informatica_acessorios,38,455,1,850.0,26.0,18.0,20.0
2d18f4de9707f38c7bfa9f0a26aee05c,artigos_casa,49,482,1,500.0,16.0,10.0,16.0
26c574b434aeee44ae054dcb540f2ebe,instrumentos_musicais,58,1086,2,1350.0,30.0,9.0,15.0
ea02a373dc65fa3648ef3bac7fb86e9c,artigos_casa,45,720,1,600.0,28.0,11.0,11.0
b6568b6f6f28973098d2856afb8832cb,climatizacao,57,604,4,4900.0,26.0,26.0,56.0
9799c69682bf50ba578e6b9c9886b607,utilidades_domesticas,52,1476,2,13050.0,61.0,21.0,61.0
cb2fde4bf22091cf7f7fb9c1944f45bf,informatica_acessorios,55,261,1,958.0,28.0,13.0,22.0
75be6b15a70d22b49d21e9c90ae7c2d6,eletronicos,30,360,1,100.0,25.0,7.0,16.0
388ff2c827798649fc2a40fd7af129d5,moveis_decoracao,38,313,1,13800.0,100.0,16.0,16.0
13c6408395db73f81805ef46fa6ac926,esporte_lazer,43,687,1,300.0,18.0,9.0,13.0
6a09ecc3113cbbf409d21369dd82f854,informatica_acessorios,44,189,1,600.0,29.0,15.0,15.0
73326828aa5efe1ba096223de496f596,alimentos_bebidas,32,1392,1,330.0,20.0,15.0,16.0
276f08e98f8f7711c2785ce40fc9d4d9,moveis_decoracao,48,3011,1,2500.0,53.0,8.0,11.0
45b42440056964d53e9b978450ad535c,automotivo,53,915,8,200.0,23.0,3.0,16.0
6bb1532261d0a1b244b21ed4aab982bd,beleza_saude,46,1140,1,150.0,16.0,12.0,20.0
cb91f8e9187bada635ee28c7c71b3ca7,moveis_decoracao,39,476,1,750.0,35.0,35.0,35.0
0885f25e5b69df855382efbb7308b8d2,pet_shop,60,993,3,750.0,20.0,6.0,15.0
bdcf6a834e8faa30dac3886c7a58e92e,beleza_saude,26,394,1,1614.0,31.0,16.0,28.0
3c139df1bbfd2c48c110bc9ca5d8c133,instrumentos_musicais,55,814,2,9050.0,50.0,50.0,50.0
bef910a536381ef9bff176a8b3789fa2,livros_tecnicos,60,806,1,850.0,25.0,5.0,20.0
cfd43c5e600d45ac029357406b05dd82,climatizacao,46,317,1,5333.0,38.0,38.0,27.0
1360c66d6c12514a024be186b7e4925a,moveis_decoracao,39,595,1,500.0,30.0,30.0,30.0
b072511d69a5b161d8e80815898ed960,artigos_casa,54,662,1,600.0,22.0,4.0,28.0
de5596e009313841e57616878a6fbce0,moveis_escritorio,23,983,1,16150.0,81.0,7.0,80.0
4c4a28727e951ccf6f37590a7028e182,beleza_saude,38,270,1,240.0,23.0,16.0,14.0
a855248349fb73a158bae22b79ae955f,moveis_decoracao,53,752,1,550.0,20.0,15.0,15.0
b0895d32e26dbb099a86c2ce278783f3,moveis_decoracao,55,1033,1,2050.0,35.0,26.0,16.0
95c40b993a22463c83beb5c51a03d46c,informatica_acessorios,33,1084,2,200.0,41.0,2.0,29.0
23fa83f2ca477677a4f444043bb525e0,casa_construcao,59,924,6,750.0,16.0,29.0,16.0
331aad9546c608b3e97cee9f95c3b027,fashion_bolsas_e_acessorios,46,1359,1,200.0,16.0,2.0,11.0
e8ca14b6c60a3194f2353bbfe0287bbe,variedades,49,730,1,300.0,25.0,10.0,20.0
5a21ffb33906d29b4ad9edf60f6f1b2e,esporte_lazer,41,1663,3,1850.0,30.0,30.0,30.0
6bac381488034edfa2a43705f3e9dd6a,automotivo,45,493,1,400.0,30.0,10.0,20.0
59c6d60f81179f563785a48de25532b9,instrumentos_musicais,42,81,2,100.0,52.0,4.0,52.0
61c039cc24b6e1191cc4673fbdd92ebd,livros_interesse_geral,59,450,1,800.0,30.0,5.0,22.0
92f47b25673ab3b7e18b6f7fd2412e4b,esporte_lazer,41,750,3,50.0,16.0,8.0,11.0
475e8a9ddbebf13af503d1c7eccadb1a,moveis_escritorio,54,800,2,3400.0,27.0,21.0,21.0
c977ac034427790e883ab55f4baa68c2,fashion_calcados,57,404,4,750.0,22.0,12.0,33.0
8c31e10f98572eed00b427279e9ce0e6,variedades,60,457,7,23500.0,60.0,42.0,57.0
259318f8df188cf39e275a77f0f6f02d,beleza_saude,50,1133,3,2350.0,21.0,13.0,30.0
86ae34138b66d08c1d885736ba39e6df,artigos_casa,50,476,2,1470.0,47.0,9.0,38.0
22656f41604127818c5984157e52bda8,fashion_roupa_masculina,25,191,1,500.0,20.0,10.0,17.0
f9c972fb058194f8e948a46e6c611ee1,beleza_saude,31,3751,1,1225.0,26.0,20.0,23.0
f8b1b810ffb15e012d0ebba1be2810aa,moveis_decoracao,47,401,1,1100.0,16.0,15.0,18.0
4a811f113c9c23284366e6dd165ba484,bebes,39,484,6,500.0,24.0,10.0,15.0
9d84673a79168892ae69a81b75356962,relogios_presentes,43,575,1,300.0,17.0,11.0,13.0
ad0d30ec12936a73b7b5b21c15d48963,automotivo,58,651,5,4400.0,78.0,4.0,47.0
e4275bac744c33641e2a795d01e8e32b,relogios_presentes,48,397,1,575.0,29.0,15.0,29.0
90f86af7210af277623dc9d9b7efd909,bebes,42,829,5,12100.0,44.0,44.0,53.0
0663a33c86fed5322e603ef430775b7b,papelaria,56,99,4,800.0,25.0,60.0,35.0
3a3232c5a8df0895d04012fb058f4bbe,telefonia,51,381,1,150.0,19.0,4.0,11.0
30b52585b47939123faddcc27cda1cae,informatica_acessorios,31,1078,2,300.0,39.0,2.0,30.0
42e3fe954b8179e5a4fb431d40662419,utilidades_domesticas,47,1833,8,2738.0,32.0,20.0,21.0
c0e80f6b9babc428416eb1700c01e245,esporte_lazer,36,502,2,542.0,53.0,21.0,15.0
fbd925d80d07790dc9f61463efb3c64c,eletronicos,37,355,1,150.0,25.0,7.0,16.0
58b81e95d79fc90308246d12ef1e2688,malas_acessorios,59,561,7,1850.0,32.0,52.0,19.0
3bdc103ff400f1e4c1136dfe4ebadbd1,moveis_decoracao,48,593,1,250.0,16.0,5.0,20.0
2235d08138bfce7801a73463a3168ea5,esporte_lazer,63,923,3,1200.0,70.0,8.0,15.0
4f2c53c9a1a7a00a247b351c1fdbed13,artigos_casa,54,662,1,550.0,22.0,4.0,28.0
8c66104d520634a3b6e20c1f326767de,esporte_lazer,33,1132,8,9350.0,105.0,15.0,28.0
6b0c1aaa92ff6dc45373717f313e7ebc,alimentos_bebidas,53,473,2,2700.0,30.0,30.0,30.0
f690f2a1b0ea0a320db18661b6f24b6f,fashion_calcados,54,404,4,650.0,22.0,12.0,33.0
9f684ef1e31358afd3d4ce991c576e2e,moveis_decoracao,63,517,2,900.0,80.0,10.0,60.0
ee7250e9df8dc96851637180e9498509,brinquedos,32,1255,1,964.0,32.0,45.0,20.0
05fa32a505166cc577354e48a194659d,moveis_decoracao,59,445,3,245.0,17.0,12.0,14.0
cea898bfbca0b5b0e7b36cecd350709e,livros_interesse_geral,35,1306,4,989.0,31.0,2.0,24.0
f7f75f7339e0fd5af137094d59f44890,variedades,58,1582,1,2000.0,28.0,36.0,27.0
a40bc1fd66ba099f6aecbbd947705d95,automotivo,59,703,6,4800.0,56.0,11.0,32.0
5fa991da1a11c022322b1e732d9f5d6d,utilidades_domesticas,55,1778,2,650.0,40.0,11.0,26.0
ff7885ae23429394b64526e957ec809d,bebes,35,1138,4,11825.0,64.0,25.0,40.0
61d52f4882421048afd530db53d6f230,perfumaria,59,149,1,500.0,36.0,18.0,27.0
35559c3265789453c74498644a9f8d6b,consoles_games,38,552,1,500.0,25.0,25.0,25.0
298c21a512703083ec4bc4976ea99de8,consoles_games,47,486,3,1500.0,30.0,40.0,30.0
ef59f328cef34c7b309bb12e86b6418b,automotivo,36,569,1,3250.0,20.0,22.0,26.0
0515b574204dff0dbdc5dac180f3df3a,papelaria,51,58,1,100.0,16.0,5.0,16.0
07dbfabaa4709da14c7e58ca17fe7998,esporte_lazer,46,867,1,2250.0,28.0,28.0,28.0
8275ff8af7dedbf142a446d74d0c5daf,eletrodomesticos,55,98,1,150.0,20.0,13.0,15.0
f86ebf7428340f3c8a307502cc646e7e,esporte_lazer,37,290,1,150.0,16.0,7.0,11.0
926a505f318353d8634f3c5102756352,artigos_casa,55,284,1,850.0,35.0,10.0,20.0
e0b0974d4a06e6bd75b1412858f39da3,utilidades_domesticas,63,923,10,2900.0,37.0,4.0,31.0
7c65bcd66be0ad761948bfeda4e7bd2f,artigos_casa,55,349,1,1550.0,45.0,15.0,35.0
ddb9028236525b8ab493fc24f99e8d1a,artigos_casa,60,268,1,1800.0,34.0,7.0,32.0
344f1e18ffb703f6f105b705fc63a2d9,artigos_casa,54,204,1,2500.0,55.0,25.0,35.0
749b3d3d1502db86961a08db43c6b57b,esporte_lazer,29,282,1,300.0,20.0,6.0,13.0
6e9c93e6e4a8c32527919893e8f516ab,papelaria,49,131,1,4850.0,30.0,17.0,19.0
f09f6223e88af7f6de46dec6a437458b,artigos_casa,44,729,1,1200.0,20.0,30.0,30.0
ca53753a29adfe8acad27ebef2eef9fb,casa_construcao,53,928,7,1050.0,16.0,20.0,16.0
7e45ec6dc0a748b0a621654d23bfa768,utilidades_domesticas,43,704,1,3175.0,62.0,20.0,42.0
92e16cf2fab490ab9ae87a305d5f8f7f,perfumaria,20,372,1,425.0,18.0,11.0,12.0
06b3565e07ddba55a46439bb0035af89,beleza_saude,58,1926,1,2500.0,35.0,15.0,15.0
896d1ba1aff2ffd509007edf7de92e98,artigos_casa,43,444,2,1050.0,50.0,16.0,16.0
e956b38fdf54d43c60061a1ab1254b24,brinquedos,52,1076,7,265.0,18.0,7.0,16.0
6846dfbf7215f5f155de98eed2597736,beleza_saude,57,1064,1,200.0,16.0,8.0,11.0
66e9fb73e349cba44b29951e558a6780,utilidades_domesticas,50,1087,1,500.0,16.0,18.0,16.0
33430c5c1027d812b5c62f778e5ee7f7,consoles_games,41,309,1,200.0,21.0,21.0,21.0
98ae5b3166d58f0055db5dc330ff1914,ferramentas_jardim,41,399,1,4000.0,43.0,11.0,43.0
2c11cd2167ee0eaaeb45e1f5bf2862d2,pet_shop,29,821,2,700.0,16.0,20.0,16.0
db63fab600827fdc6ef686c30f5ccb42,ferramentas_construcao,56,309,1,550.0,20.0,5.0,25.0
bcda9424eac9dd4c6f2d739e92c0a2ab,moveis_decoracao,53,982,3,400.0,28.0,9.0,18.0
6baa004ae73ded1fcdf0e1f153bddf20,relogios_presentes,52,201,7,150.0,16.0,2.0,11.0
4d63072ea1d6b58c3202ddfabda20b16,bebes,43,224,2,6300.0,75.0,15.0,50.0
46073ed592d49422d9ade51d5d9919bf,moveis_escritorio,59,1141,1,9150.0,52.0,52.0,16.0
35e2ccd07a55da4eaf8c613e6d8c92c4,fashion_bolsas_e_acessorios,40,394,3,400.0,16.0,11.0,11.0
7e05e6713e6b05c5f4ad524f783c1de8,beleza_saude,32,682,1,1154.0,23.0,18.0,21.0
e2aa433aedb3d633cea92d4fe212cb96,beleza_saude,25,1332,1,3175.0,25.0,23.0,26.0
76bc323604f948b202f4b159ac3ef4ee,utilidades_domesticas,55,429,3,16850.0,35.0,40.0,35.0
c7963f30536d39f982fe6af66ab3e89b,automotivo,50,815,2,100.0,20.0,6.0,17.0
062619359d5f9a664606cb2a6ccb477a,beleza_saude,64,1394,1,2000.0,20.0,20.0,20.0
4006da5107400e5ac48dbcc829a36c42,moveis_decoracao,55,1260,2,1600.0,60.0,7.0,11.0
a98a8d36f2c2f97f7d7c4c3222f2251c,esporte_lazer,57,2273,1,2500.0,31.0,33.0,32.0
d0d9ae9cac6217cb49b4f19ce50b8e22,utilidades_domesticas,41,307,2,4300.0,30.0,15.0,30.0
1e98bf6bff8100a01b0c1039aa05db9a,moveis_decoracao,36,1110,1,1200.0,80.0,20.0,20.0
c8a1b14dcfbb5ab61591ab868d362d10,esporte_lazer,51,646,1,650.0,55.0,10.0,12.0
b85f305eec7f31aa9c5f04a3e937571a,telefonia,52,1490,3,150.0,18.0,6.0,20.0
921d6ae68c077c99a81fc62e1e6c44b0,moveis_quarto,26,520,2,10750.0,93.0,63.0,11.0
002159fe700ed3521f46cfcf6e941c76,fashion_calcados,55,344,3,1850.0,36.0,37.0,16.0
6b80b94c131c21e8a80f8139fa458329,eletronicos,54,360,1,16900.0,37.0,65.0,37.0
149a3fb259da124e9a12b7e145b9d5db,artigos_casa,56,454,2,11000.0,50.0,20.0,40.0
c16677499cab7aea614e17c9fb8be1ed,papelaria,57,82,1,550.0,24.0,13.0,20.0
634f5ba39b0d81a3b43edfb57af63be9,beleza_saude,43,1234,1,1600.0,18.0,28.0,17.0
af63237de5e7f1f9c067f7b7c506287e,informatica_acessorios,60,704,6,6800.0,28.0,28.0,36.0
c8c6606a94a40c89625b72cf7079aa1d,brinquedos,29,291,3,350.0,22.0,35.0,19.0
cb097e8459bc74dbd73bbf8ed68c11a5,fashion_underwear_e_moda_praia,52,624,1,200.0,42.0,4.0,14.0
daf9301b3e3756d45250765852ed0dfd,artigos_casa,57,595,1,1600.0,40.0,6.0,30.0
3ad8e457f7b866ce68d3a3ebb8ff4e94,utilidades_domesticas,45,137,2,750.0,25.0,20.0,19.0
ed647aab9859ee8a1e0dc6bdb6f4ba0b,brinquedos,60,1309,4,9800.0,51.0,29.0,38.0
bf8df11db5850b8590e3cb397f18a916,artigos_casa,42,451,1,1200.0,70.0,16.0,50.0
694e3712264584430a0d19e1a1942dbe,relogios_presentes,57,798,3,600.0,16.0,11.0,12.0
6f1b3488c5314b527201978357a8d85f,telefonia,52,1487,1,343.0,19.0,13.0,15.0
bff35d3572b474e918bb0780723240bb,variedades,,,,600.0,30.0,30.0,20.0
78714a5ecea485034c6cde8417c6c1c8,informatica_acessorios,43,459,3,115.0,16.0,13.0,11.0
3ab4f9477c417aa9192c704e752d2bc4,automotivo,55,1120,3,500.0,16.0,5.0,11.0
41f6cb7c3b1200749326e50106f32d58,esporte_lazer,59,405,2,330.0,45.0,6.0,18.0
af64ef75bb87ced49e08b2f278bd8bb8,automotivo,60,624,3,8150.0,34.0,18.0,16.0
cdd0b7472213e44df3b48e96f8deee74,relogios_presentes,50,840,2,150.0,16.0,2.0,11.0
ae07626dfa269bbe4dc753edc3ce83b3,relogios_presentes,58,639,1,290.0,15.0,13.0,13.0
65f37bbbadf973d2660dc911af121406,pcs,44,583,1,200.0,16.0,16.0,16.0
fd8427a5b8ddccc638a8861eed9aef64,artigos_casa,54,383,1,1350.0,35.0,9.0,35.0
6c7e28016af5eda3ec8765073e907d3e,pet_shop,41,622,1,500.0,22.0,14.0,27.0
7f967740bec1ec031ac460084afcb4b1,papelaria,59,589,4,1900.0,35.0,45.0,20.0
3d73c88390adac7dd50fffe6c00f1022,automotivo,50,571,5,1850.0,33.0,27.0,26.0
e8769e00778ec82e2fddf58d7b360a27,beleza_saude,44,666,1,700.0,34.0,9.0,25.0
d64a657e6b0860d638e61086e3a3d372,beleza_saude,50,955,2,300.0,16.0,22.0,11.0
39a93ffccb8197be32c57f39ff8d826c,papelaria,40,68,1,100.0,24.0,7.0,14.0
1e6981e727154bcd941d51fda894b183,bebes,18,778,2,1450.0,18.0,44.0,34.0
b51485801348808e02617629d896c936,telefonia,51,394,6,100.0,19.0,3.0,20.0
081ecfd29d91be2327fbd9c03d2f33de,automotivo,59,2905,3,4400.0,25.0,20.0,20.0
9738938cd501f323a5084de63086947b,moveis_decoracao,41,1405,3,150.0,35.0,2.0,25.0
844c6d466a0b3ae37536094e43dc4522,telefonia,33,315,3,100.0,19.0,3.0,11.0
1f8e37053267b9ea6ef0fbb02cbdce80,utilidades_domesticas,55,832,1,6250.0,30.0,30.0,30.0
7324c4b82393a004e3e38a7632d1bba2,perfumaria,58,290,2,1450.0,25.0,19.0,25.0
8b4fce794ecf29ba27991bca325c5e2b,informatica_acessorios,58,715,1,1050.0,34.0,11.0,16.0
928206689f0543a9844ec994c66400fd,brinquedos,52,374,3,400.0,31.0,6.0,11.0
3faabbe96a14a10e0ef007fc3ce38708,informatica_acessorios,54,2052,2,400.0,16.0,16.0,16.0
ee294f9280db285331ad04dc2de96173,beleza_saude,51,1807,1,347.0,18.0,14.0,14.0
ffc48c754b5bd736e2887e279d1dec72,eletronicos,57,1868,1,11050.0,30.0,43.0,53.0
3bb99e2c9272294019f7184e56e54714,eletronicos,60,1428,3,950.0,30.0,6.0,22.0
17a019676883dce326999c11a46a14f0,instrumentos_musicais,50,2143,4,150.0,16.0,4.0,14.0
bffaf1f457823d803fd2df7bacfe08dc,automotivo,54,445,3,12500.0,43.0,29.0,67.0
954a60156f936f1a76e99a5445228e0c,utilidades_domesticas,57,786,4,725.0,29.0,15.0,23.0
84e802ba3fc66fc964e863cadf8c7938,moveis_decoracao,56,1465,3,300.0,35.0,2.0,25.0
46a280e88b01f31141fbe4db92370286,utilidades_domesticas,56,1210,1,2050.0,30.0,30.0,30.0
4f687412e6805c3cfc9e0c5ec2f841e0,utilidades_domesticas,40,200,1,1150.0,40.0,10.0,35.0
f72bc24c75de73150b957acc6afdad07,esporte_lazer,35,716,1,2127.0,27.0,22.0,26.0
dd4e0af4984c994583afeb8ac4ae7eb3,ferramentas_construcao,44,1593,1,200.0,16.0,16.0,16.0
c94fa82c83478dddeb98388b6bf43d79,beleza_saude,55,581,1,450.0,19.0,15.0,19.0
f0bbc1bdaf90ddcab4aa862660dfc6d3,malas_acessorios,60,993,3,650.0,65.0,7.0,11.0
f3d7339839e02f580fe8fca5755e0e25,bebes,21,358,1,400.0,35.0,5.0,25.0
6fd4eb7b84b9e893fb3fca9b1cce07a3,alimentos_bebidas,48,227,3,184.0,16.0,15.0,16.0
7893c68e0a8b6e58a70390551e8a84d9,bebes,49,224,2,1200.0,75.0,15.0,50.0
dbc42f8ad8afd0147a5a46be630781f8,informatica_acessorios,41,609,2,133.0,23.0,14.0,11.0
099e24c2e32a0cd384859e0ea1a59cfb,audiovisual,60,893,2,150.0,16.0,5.0,12.0
ec8cad139523a58066a27ef934466932,beleza_saude,46,757,1,14400.0,52.0,83.0,20.0
3c79a7c125a368407bd03f3d8b0c4d25,artigos_casa,58,287,3,1550.0,37.0,23.0,35.0
a3a10562c9d134b92f04b8cce298d037,artigos_casa,41,198,1,500.0,40.0,8.0,28.0
7c74ba4802d0f3253c363e9ba4f56ba5,ferramentas_jardim,56,1452,4,350.0,23.0,7.0,14.0
2c1a7a693a0c48d9e0327e9b6939bbf8,eletronicos,40,672,1,150.0,17.0,8.0,12.0
6a73bd4563b3f205e24c101f9a3c0d14,artigos_casa,46,116,1,350.0,40.0,4.0,30.0
5f2ad53b751662e4c54dceffadb3804d,fashion_esporte,49,219,2,300.0,18.0,12.0,12.0
1cf1166849ef1df39734ef593d71f20c,perfumaria,35,659,1,200.0,16.0,16.0,16.0
9c5568dc227ccef3089ef6c37082a464,esporte_lazer,38,320,1,767.0,14.0,8.0,12.0
783cd1a4f11758a775c8ad18fac940f7,utilidades_domesticas,60,585,1,679.0,31.0,8.0,22.0
f2890c4d40c6794ce51e525c1ec37660,eletronicos,57,1925,2,5100.0,70.0,10.0,25.0
90ba8b896e0237e45804c8da0f058dc9,fashion_bolsas_e_acessorios,36,462,4,1800.0,45.0,11.0,35.0
7783fe1498ca5fafb9bb45c8a1d117e4,eletrodomesticos,52,236,1,100.0,27.0,13.0,17.0
8e49e2b4aaa2a78f82c80d2e488084f6,variedades,,,,1500.0,35.0,33.0,47.0
2f5a77b383b92f864e510f156de82337,utilidades_domesticas,43,255,2,500.0,19.0,12.0,12.0
46f8312de289b5679ef6c699c028b572,eletrodomesticos,55,1302,4,500.0,20.0,16.0,20.0
7b52ce3d6635ac7eb9d2bbb3dc931843,eletronicos,42,412,4,400.0,17.0,7.0,12.0
3daf57226c18abcc95e0172756fc82d8,fashion_bolsas_e_acessorios,27,352,4,100.0,16.0,10.0,11.0
e82b2802625252b6d72b3e1d36f82670,papelaria,52,276,3,150.0,20.0,20.0,20.0
63a2b46cda9cae69cbbb77dc2b0165ac,alimentos_bebidas,34,1275,2,1100.0,25.0,6.0,25.0
a896b01f0fb94712f1e92bf9b0ebbe0e,brinquedos,60,1067,4,300.0,17.0,5.0,12.0
d31604dc8480ff739e226bdf88d5000e,automotivo,29,173,1,200.0,34.0,13.0,26.0
179d856fee39496cee35298e31e2bc6d,esporte_lazer,52,673,1,800.0,23.0,19.0,19.0
fb69f3c3b63f63da92e215ddf61e0b01,esporte_lazer,51,945,1,2600.0,16.0,16.0,16.0
c49dc13854423d39760ccf13496f2223,artigos_casa,57,324,1,1800.0,42.0,8.0,32.0
2ada8214e59b86de70b03d8f03894c93,beleza_saude,57,858,1,300.0,16.0,16.0,11.0
d1606c4563d5481c8020de798866465e,beleza_saude,46,1290,1,650.0,19.0,12.0,13.0
1c6771d60124b84ada98e8f67ba111db,utilidades_domesticas,55,1450,1,300.0,25.0,25.0,25.0
dfac3332b44b66ff743d656e76231b95,artigos_de_festas,47,375,3,1100.0,42.0,9.0,42.0
0bb7d5c406dd6affef3cd4f5d6744844,variedades,,,,200.0,16.0,2.0,11.0
3220cbacf7d9905cc63c2920c3dbd13f,perfumaria,56,3916,3,100.0,30.0,15.0,15.0
405ddf5d2dcf01d473da98a6ab097020,relogios_presentes,50,674,2,350.0,16.0,11.0,11.0
1ef4d09abc3b209cfc14875996252306,beleza_saude,53,1287,1,625.0,16.0,14.0,15.0
a412aeba7360afad41b632da6b27105c,informatica_acessorios,33,1084,2,150.0,41.0,2.0,29.0
12b8e4db53a57da745e7fd25553ce1d8,esporte_lazer,37,68,2,1300.0,20.0,22.0,20.0
bb90206fa281c20f0b4c42a2393b54dd,informatica_acessorios,39,72,1,875.0,35.0,14.0,14.0
8cdb9ebdf8dcdd09f8495eec1851b0ae,utilidades_domesticas,43,993,1,860.0,17.0,24.0,17.0
ac4a3657d893bc4a404bed0131b265a5,fashion_roupa_masculina,30,183,1,150.0,19.0,27.0,27.0
db31be5c40fe938b572af3b01c2e4d20,bebes,55,1635,1,550.0,20.0,13.0,13.0
e64a9b6ec4c7f4081be3a5f7ce77d6fe,moveis_decoracao,55,1987,3,8100.0,99.0,4.0,55.0
39a9942865c056ed2006a5e8c11d9537,brinquedos,47,556,5,800.0,37.0,14.0,37.0
ed8a1f836c749d54eb9d0dd503995f7b,moveis_decoracao,57,629,1,550.0,40.0,10.0,30.0
d4999f0bb50fc62456d99006bfd328fb,telefonia,40,587,4,450.0,16.0,8.0,16.0
742979e885a7f5409cc6a938eb7c4843,artigos_casa,52,401,1,6950.0,53.0,33.0,58.0
c347971e06135135a97fd33d9db5b74c,beleza_saude,30,293,1,1133.0,30.0,18.0,23.0
ba4a6f5b128eec53f68288f5238f9971,variedades,,,,2100.0,36.0,16.0,46.0
6fe2e0bce49965a508008e08ee9f575e,eletronicos,54,598,1,13250.0,40.0,40.0,60.0
c68f9e141cfb0fab09c77f4d566a6fcf,utilidades_domesticas,55,1212,4,6900.0,46.0,26.0,48.0
bac7424a0fcd4e9803853a39685555ec,relogios_presentes,56,1461,4,180.0,18.0,11.0,13.0
76be7b20bf23f866fd105deee7b205c6,utilidades_domesticas,60,130,1,600.0,25.0,20.0,22.0
b68a2323ae78c8400b78aeb0e9b33ccc,perfumaria,20,152,1,200.0,17.0,9.0,20.0
fad4c004f68304a86535ea71c79cfaa4,ferramentas_jardim,43,69,2,1400.0,16.0,11.0,11.0
c58a00c22983c35a40e549564aa0aafa,papelaria,59,200,3,6050.0,60.0,20.0,29.0
4651cbf18222b853f46619003d9861f3,ferramentas_construcao,58,1495,7,400.0,19.0,11.0,11.0
d638526eedf894404e66103a19943771,telefonia,49,382,2,200.0,19.0,4.0,11.0
1fde7ac241af066577f1b1602435beaf,moveis_decoracao,56,1941,4,2450.0,105.0,3.0,70.0
f821142b81bcee787d6383b5c384d37d,moveis_decoracao,42,1644,1,1100.0,35.0,25.0,25.0
35afc973633aaeb6b877ff57b2793310,artigos_casa,56,176,1,1825.0,53.0,10.0,40.0
f15dfa318985df28b020ca9fa88552aa,moveis_decoracao,63,465,2,8050.0,80.0,10.0,60.0
6b20221ff09d73c64c77d9d934b9904c,moveis_decoracao,63,1698,1,650.0,60.0,11.0,11.0
417c36fe8603e10f20aba1359eb8e2f4,eletronicos,51,2273,1,500.0,30.0,19.0,17.0
b7b6040b62676dcd6d4ddd81088a70dc,papelaria,49,293,1,500.0,17.0,44.0,34.0
6bda2b8bcc2bab4fb46bce67c4f4b829,beleza_saude,50,997,1,400.0,18.0,10.0,13.0
e209d220eede88d11b0dd048529e6716,malas_acessorios,52,1430,8,700.0,20.0,50.0,40.0
14d617ec6c1f7a295007b14080e84a97,ferramentas_jardim,58,934,1,500.0,16.0,28.0,11.0
74356542db3483a78a8ba69f5b7ea094,flores,43,137,1,600.0,30.0,15.0,20.0
9091499533100191c6b89d09e43445e8,beleza_saude,51,191,4,50.0,19.0,11.0,23.0
32b2c8b108d24d0729982597ff9aa62c,papelaria,57,309,1,600.0,41.0,10.0,29.0
b0b6c0bcc946a842de76a06f28722962,fashion_bolsas_e_acessorios,24,532,5,300.0,16.0,12.0,12.0
bbc7e843b8e76cabfe107ad624cb2e7a,climatizacao,40,973,1,8800.0,56.0,18.0,33.0
875a509e10e1382ada98cd0c25f0a256,ferramentas_jardim,60,656,1,575.0,20.0,20.0,20.0
b111c38aa707bd7b20191b63b50803e3,eletronicos,32,336,1,200.0,17.0,3.0,12.0
93342929379a306b944935867076da28,eletronicos,50,2080,1,600.0,22.0,6.0,20.0
8dba47f3d8e05cb5a5d260541143fd19,automotivo,57,1494,3,6650.0,17.0,69.0,53.0
126789406f4159e6f8ceb1910c164fe9,esporte_lazer,59,777,3,800.0,30.0,15.0,25.0
d54a454ab7bb07b89d29f0b9714c9d2c,moveis_sala,31,348,1,4475.0,55.0,13.0,51.0
135679c12dc580ad4a0c87b494a46942,utilidades_domesticas,37,255,2,600.0,25.0,15.0,37.0
6cc44821f36f3156c782da72dd634e47,artigos_casa,55,273,1,1050.0,38.0,10.0,38.0
05a9dadb8402b6b7ae3dd28f7da187b5,informatica_acessorios,59,3314,2,2950.0,20.0,20.0,20.0
b35fdaf3bc14c8bdeed3f6bea571d5e1,brinquedos,43,580,1,1200.0,60.0,26.0,49.0
ad148e862f7210012a3126ff066f56ec,beleza_saude,47,1322,1,2150.0,26.0,13.0,14.0
6c0ae7177d10a10c697443a3d27584c4,esporte_lazer,48,206,1,400.0,38.0,6.0,11.0
f8fd8cb547c24b155448d09bfc478059,moveis_sala,46,848,2,6950.0,61.0,11.0,46.0
0d4e8d3f34ece63cc5132237ccfc0241,papelaria,36,153,1,50.0,16.0,6.0,11.0
6bdd2265a037dcd0b0823144b0043912,automotivo,59,1221,1,500.0,16.0,6.0,11.0
18c95832cb8d17378929494e3c588354,relogios_presentes,50,325,9,547.0,21.0,18.0,19.0
4e8e75a504c8a16c96f6f7e2d618c42e,bebes,50,381,1,800.0,25.0,18.0,40.0
1f276c0b550d51ec77e9414aa6c45d74,automotivo,52,1628,3,550.0,16.0,21.0,18.0
5d98f7de3b78c8dd8d7b62ea22000a65,telefonia,59,776,6,300.0,17.0,4.0,12.0
5a3320037d5922a7708647c81ecc1f15,utilidades_domesticas,60,446,5,4900.0,36.0,22.0,36.0
8873909eb9409566f9d5a6d47c4d38c1,beleza_saude,49,232,1,265.0,19.0,18.0,16.0
2cb04e10eeaa0cc28bb0b7db018c9056,beleza_saude,33,1093,1,1350.0,27.0,27.0,22.0
49eeae59754cbcf1abeeffb8f51184ee,artigos_casa,49,1077,1,1575.0,26.0,21.0,23.0
274e7506d72bf55831c52e2609d2d470,moveis_decoracao,54,357,1,400.0,30.0,10.0,30.0
d1859a58e608b68f4066e0c77e526ef1,artigos_casa,54,634,1,800.0,20.0,16.0,20.0
5d08ef63cf250136d1e5d2ba85656a8c,utilidades_domesticas,55,2194,4,19200.0,63.0,42.0,41.0
7c6473a2c5d2f22701b1a4340f1b6066,pet_shop,54,732,1,4300.0,21.0,14.0,15.0
3ca9a17c20e1c00683a97749070fdfe1,moveis_decoracao,51,314,1,500.0,40.0,15.0,40.0
e9d5fa0019ee061fa8d3ce374a848ea1,pet_shop,59,525,1,450.0,16.0,6.0,11.0
91b07eeacd06edb343a31d2d9a5c2954,moveis_quarto,39,737,1,12000.0,39.0,13.0,70.0
6709ad51bf96cce02fa49c31f3d12724,informatica_acessorios,43,158,1,500.0,36.0,10.0,22.0
e4efc53d91eab1a38a93ea9aa20142c3,consoles_games,45,925,1,1800.0,29.0,3.0,21.0
225f4fe326aa42f164181adc215bcd09,telefonia,58,348,3,150.0,22.0,7.0,14.0
860f7a159db32408ea4bad60965e9a3a,pet_shop,46,84,7,900.0,20.0,25.0,16.0
63e51e65ec59b56039c6427eed73dcf0,telefonia,55,2431,4,550.0,21.0,4.0,14.0
aa5a88580b8e6e569915aa42f1526dfc,perfumaria,34,1462,1,700.0,20.0,20.0,20.0
1f58e3c365e615b33b2b30b068d7578a,beleza_saude,58,813,1,600.0,20.0,10.0,15.0
a13374144d7adf59d766eee43e93b849,malas_acessorios,38,905,3,700.0,42.0,8.0,33.0
d950221a89e7555306dc5daef996e134,variedades,60,925,1,375.0,18.0,9.0,15.0
9c7863b2663286413b046eada6f29ee3,esporte_lazer,56,503,4,850.0,17.0,10.0,15.0
96af56bb52888927abc509b1d84bde36,artigos_casa,56,700,1,900.0,16.0,10.0,16.0
e673e90efa65a5409ff4196c038bb5af,artigos_casa,53,528,1,0.0,30.0,25.0,30.0
1cb173e22a594e4c0883a4f0502b5360,ferramentas_construcao,55,2999,5,950.0,27.0,30.0,23.0
4c82c8d31845d751d797debc3d03697f,informatica_acessorios,51,872,6,145.0,16.0,9.0,13.0
047c0b8057bd86c48c41d3b582d80c90,informatica_acessorios,55,312,5,4500.0,19.0,23.0,19.0
c28a5442f46310598b28385d68154a5e,informatica_acessorios,58,1557,3,1900.0,19.0,13.0,19.0
d472a70d40f4f72dfd5f6024cfc89a13,casa_construcao,56,780,1,1167.0,22.0,22.0,22.0
1b4a4a283a036d1473ff5be2a0d493a2,artigos_casa,53,1299,1,3050.0,40.0,25.0,25.0
3f04f0bdf227b179581f43ce42bed25a,esporte_lazer,59,635,9,900.0,60.0,15.0,15.0
71acaef19d5812b0a4d90b82a7b52ff8,ferramentas_jardim,59,2130,3,7500.0,46.0,40.0,46.0
562cdf9387a027681e0a59b4202e9a40,artigos_casa,51,311,1,550.0,35.0,8.0,30.0
289362177723f2505d906c104bb67de4,automotivo,52,288,1,100.0,16.0,10.0,15.0
6dbfe807ef0967e3a7136dee5bbe90ed,relogios_presentes,56,1057,1,350.0,28.0,10.0,18.0
c2468c873ecd80413fb425d0db4b602b,automotivo,58,484,4,2550.0,99.0,20.0,50.0
15416967b480fca6c3ceac3335e57c36,utilidades_domesticas,57,284,2,7850.0,30.0,60.0,30.0
7167da6310e9d767a909d5fc6490daa9,pet_shop,54,459,1,16750.0,37.0,30.0,39.0
bdabd28372ee8e7e7b3a825efd22a8fe,telefonia,59,678,3,150.0,17.0,8.0,14.0
bbe05c2eab883788c25cb9c6422a3cbd,informatica_acessorios,60,255,1,500.0,19.0,4.0,12.0
f98d3e02315756bfd7a525732ffbb6fb,utilidades_domesticas,40,348,1,2850.0,48.0,13.0,28.0
f125e27b53e319685161d2b99f637ff7,ferramentas_jardim,37,2174,5,7000.0,41.0,12.0,30.0
53759a2ecddad2bb87a079a1f1519f73,ferramentas_jardim,58,340,2,1500.0,30.0,22.0,30.0
278f4a3ec9c377c2ed98f3256834690c,perfumaria,23,386,1,550.0,20.0,16.0,16.0
4a05ba4632c81cb999d5468d58cf0208,fashion_bolsas_e_acessorios,53,1434,1,200.0,16.0,2.0,11.0
8feb43a054893da80044ad0f693fd0ad,eletronicos,37,368,2,150.0,22.0,8.0,17.0
7aa5da3ccd8f2addeb39eac7ec266e8e,livros_interesse_geral,48,712,1,1600.0,25.0,7.0,18.0
9ccb2e3f0e2cbe7e3566c2db1c67db1a,beleza_saude,53,2536,1,1400.0,16.0,31.0,11.0
67cb39173878fcdf21b5491230fe386b,perfumaria,60,660,7,450.0,20.0,5.0,20.0
4bb7155e3b9b96ca2696edc357ea8dde,automotivo,60,891,5,900.0,32.0,7.0,29.0
2819e0fe205e3a81329782eb5fb274db,fashion_roupa_feminina,46,110,1,300.0,30.0,10.0,25.0
15964f2421f68d33a3f74b037ebf8822,ferramentas_jardim,46,2303,2,286.0,22.0,19.0,19.0
72acc66d907f5fa13bcd1df22696c73a,fashion_bolsas_e_acessorios,59,443,5,150.0,16.0,5.0,11.0
b3cde9c63f334490ef1c3348bb7dfc3c,moveis_decoracao,51,233,1,700.0,25.0,30.0,35.0
002ec297b1b00fb9dde7ee6ac24b6771,utilidades_domesticas,36,707,3,150.0,20.0,10.0,15.0
0ac9ae2550c94021daa1059ad06d2c4a,perfumaria,19,609,1,200.0,17.0,6.0,12.0
048b4eb037d1114ddc13a9653b5f2381,beleza_saude,59,518,1,400.0,27.0,9.0,14.0
e96bb423a08a118a05936e98e8278034,eletronicos,54,1400,1,6100.0,98.0,16.0,35.0
a8bbc727dab9a74b3c61447e6b788ab4,utilidades_domesticas,30,1246,1,433.0,20.0,9.0,14.0
3a63b10313110f0bc85970e125f977e3,artigos_casa,39,297,1,9950.0,47.0,35.0,43.0
74d7448191f6e492834de7fe6dd952c2,beleza_saude,48,313,1,4800.0,28.0,28.0,18.0
8df1a3abe96355f4a037a5345cc8594a,moveis_decoracao,63,517,2,800.0,80.0,10.0,60.0
6371d60c329c7474f4190b077378660e,eletronicos,33,999,3,2500.0,31.0,28.0,25.0
ab37272e0676ac205aba0db310cfaaa0,esporte_lazer,56,3016,1,7850.0,51.0,31.0,31.0
6de2587eae9fb1ee54a853aac774ade1,telefonia,50,399,3,200.0,19.0,5.0,11.0
a86de7665db968f063327e6b9a559fc6,eletrodomesticos,58,246,1,150.0,18.0,8.0,13.0
cb5d3d2427c53fde437c52bde24840e8,moveis_decoracao,56,976,4,400.0,50.0,3.0,25.0
65d5bf9ec18c2fd1bd7c9ff9b935a320,beleza_saude,43,388,1,538.0,24.0,18.0,19.0
081cac4fc215928a462eb2c06a14dffe,eletrodomesticos,50,718,3,150.0,16.0,8.0,16.0
37d83d294c825fd69de0dea08933cf40,brinquedos,33,278,1,150.0,20.0,6.0,11.0
c710d4f0236009b5f3091aa6ccdc4760,beleza_saude,48,1061,1,1425.0,22.0,13.0,20.0
125e5760a3ff01937be3b2a1a7f14aa6,artigos_casa,56,396,3,900.0,28.0,5.0,20.0
b9ea4b3916fb534e92fa697244043d26,esporte_lazer,59,654,4,6000.0,55.0,20.0,35.0
08713ad044290890b1373e1bedc8464c,beleza_saude,54,221,1,200.0,18.0,13.0,16.0
b7dbc7d6e73a828cc62756e693f48b7d,telefonia,51,439,3,100.0,20.0,6.0,11.0
e6527bcfddf9f66f0b073cdb2e0df89b,audiovisual,55,352,1,200.0,20.0,2.0,14.0
30ed2f5bb848bade9d8906ef78dd880a,artigos_casa,52,444,2,1400.0,50.0,16.0,16.0
7f72a8900b3d2fc8fa2635b7836d6e6e,brinquedos,38,571,1,147.0,14.0,10.0,12.0
b238fb795411250d25c065c35bd330be,malas_acessorios,40,354,4,500.0,40.0,30.0,11.0
2113a6ce0fd2c2cbe118360bad4ac445,utilidades_domesticas,58,105,4,650.0,17.0,17.0,13.0
ddfadaea6a7a133ae1254ef6221fb4a3,artigos_casa,60,270,1,3500.0,48.0,13.0,40.0
6ac9af102b44f348819e072be3bb57c2,brinquedos,56,334,2,625.0,22.0,17.0,24.0
9fb9a39f2e393018aaeb432394aff48f,livros_interesse_geral,34,1151,9,1950.0,36.0,5.0,23.0
42a2c92a0979a949ca4ea89ec5c7b934,utilidades_domesticas,41,799,1,7000.0,26.0,47.0,27.0
f1d116eef76f1c526a5f2c5ce1daeaeb,telefonia,26,137,1,200.0,16.0,14.0,15.0
a5b3765e039c488320f7a082460b1894,eletronicos,44,615,1,100.0,16.0,10.0,16.0
f53a077215882abdadf48e4c84f81b80,variedades,46,1831,3,2483.0,53.0,36.0,34.0
ecff01b4ee9f0ccd20f371fa7d97d064,moveis_cozinha_area_de_servico_jantar_e_jardim,40,1307,2,8700.0,30.0,40.0,20.0
ac3a18cb748cfa51f5b61945ff693d91,automotivo,55,913,6,500.0,16.0,9.0,31.0
b800d7bb8cd5a7093dd099a367d1dde2,ferramentas_jardim,57,1605,1,750.0,20.0,15.0,15.0
fb55982be901439613a95940feefd9ee,papelaria,52,211,2,7000.0,60.0,20.0,30.0
fad4e554c85c77f187ef2c6744495d31,ferramentas_jardim,59,455,1,400.0,18.0,12.0,15.0
7cd77cb177ba74f48a7d7ede2531beb2,artigos_casa,56,803,1,1300.0,20.0,16.0,20.0
cba233cdf732bfe917cc13a00836a969,alimentos_bebidas,59,1502,1,100.0,16.0,6.0,11.0
dde21a870db774b452a7286b5e3035c5,brinquedos,46,277,1,800.0,60.0,25.0,35.0
6d4529d03dc71d5aa90fd51b4633fdaa,papelaria,55,850,4,325.0,23.0,17.0,18.0
b92211a0503b5226b3cd3dd1c7fb3687,eletrodomesticos,59,428,1,2800.0,42.0,33.0,42.0
6186a25dd2b885087bbf0863e5245d46,perfumaria,30,253,1,900.0,35.0,5.0,27.0
6c350a42b2f2e38425af31b3739970c6,informatica_acessorios,56,139,2,300.0,16.0,6.0,14.0
f622086c97c7060ffc84d17b9986a1b8,beleza_saude,58,704,1,2250.0,25.0,12.0,11.0
fe8b0ea4a95d3a6488d8e23b41720e46,bebes,32,589,2,450.0,55.0,6.0,19.0
85bc75556b80a24f923eaf3607d917a7,moveis_decoracao,63,638,2,1700.0,38.0,7.0,28.0
2bd9b51a9ab079e095aca987845d3266,consoles_games,55,450,1,300.0,25.0,15.0,25.0
7e5016a3b76fe1070b6a82c5daf25455,instrumentos_musicais,55,377,1,300.0,40.0,5.0,11.0
fc6c38ee7759b0a92503910745aa9ef0,automotivo,57,840,1,1700.0,45.0,20.0,45.0
acac295886c915b0bcb309cb4158c0a7,informatica_acessorios,30,3412,2,7300.0,50.0,35.0,25.0
fa052b8f8028fd0a75b6b2671b1e1cfb,moveis_decoracao,56,1180,3,400.0,50.0,3.0,25.0
6c4e8db600904b7200ebf7774c28ae9c,automotivo,58,1657,3,550.0,16.0,21.0,18.0
5a303a4e6cbf8550e80d43a01997acf2,esporte_lazer,39,1513,1,2450.0,45.0,50.0,35.0
e745ef0b16caf129dfc0f4979c347619,fashion_bolsas_e_acessorios,59,409,3,150.0,16.0,9.0,11.0
bcdfe7d7d9e6f6eb14f6947b0e92537b,beleza_saude,59,738,6,400.0,16.0,16.0,16.0
638882546765f357dc667b5987ceb69d,ferramentas_jardim,41,523,1,1950.0,24.0,24.0,16.0
0412ec72192f1d85e92047c0773434ec,instrumentos_musicais,58,1202,2,15400.0,45.0,20.0,100.0
e8ad45ffa4260bf3a9cb60de28341924,artigos_casa,59,309,1,2050.0,60.0,10.0,40.0
e0902552451db4cf3f7b63863276f24a,esporte_lazer,47,693,1,425.0,20.0,20.0,20.0
266f0c6925e7873790f11b920c701190,eletronicos,44,226,1,150.0,22.0,8.0,12.0
f8ec436ec93f73848b48b8e0e5fcd335,moveis_sala,27,73,1,6970.0,65.0,15.0,65.0
ddc50b859563aa0b3d663559f3696690,moveis_escritorio,30,1343,1,11113.0,58.0,55.0,24.0
305307f44f730d8ddd6db6e2efedee64,artigos_casa,47,556,1,700.0,30.0,5.0,20.0
21fb5057dd6a737df6851a7ab7a130da,moveis_decoracao,52,709,2,7550.0,35.0,35.0,35.0
cde75c133e1a001c3ffff4f164ce5ef2,informatica_acessorios,47,311,1,140.0,28.0,8.0,16.0
fe406983ad8b9e20a5b18801f39ece27,artigos_casa,43,410,1,3213.0,49.0,19.0,42.0
84d31006cea641457f23b4a720582bde,beleza_saude,40,1469,3,1050.0,18.0,21.0,27.0
d7f8b7443f6ae5796dabe493521a1e79,industria_comercio_e_negocios,56,2029,2,30000.0,105.0,43.0,46.0
5b736e2bc208fe225a4f3da85e5dc63d,variedades,,,,175.0,38.0,22.0,15.0
4c72e6d081c8a1b5430351d015eb86ba,moveis_decoracao,48,183,4,2000.0,35.0,15.0,25.0
835956a0722151405b61a58661a6e5e1,artigos_casa,52,275,1,700.0,27.0,10.0,12.0
3a264b078bf20e98f315ff65c23fa263,brinquedos,35,478,2,8100.0,30.0,36.0,46.0
674be5e777bdff41cf05194fa4e8b64d,utilidades_domesticas,44,1134,1,2350.0,27.0,21.0,23.0
2624c8b856235b0499572d609ffd0930,moveis_decoracao,63,199,2,1450.0,35.0,12.0,30.0
cb9cc307a215ac435ec87b0f799e8dab,ferramentas_jardim,36,1049,1,5450.0,23.0,7.0,20.0
276a758b93931a65bf302f5b052678d9,ferramentas_jardim,52,353,4,600.0,16.0,30.0,30.0
82b7108de9ec01ec6d7f4b01d72e4d3c,relogios_presentes,48,612,2,550.0,16.0,11.0,11.0
b38038fe1cb05fb177de7ea502861ac5,esporte_lazer,34,604,1,1075.0,30.0,24.0,18.0
6773d02aae1c902e98b3270fe94d789f,perfumaria,34,1011,1,150.0,16.0,2.0,16.0
ad1738621558e97cb99a5c6e6513fb48,audio,25,788,2,500.0,21.0,10.0,24.0
dbb4b689eaa1ad701be03776dc5f39f5,ferramentas_jardim,31,198,1,350.0,22.0,22.0,12.0
28e9bae875be608d290966c72d2d7f73,automotivo,51,619,2,100.0,33.0,27.0,26.0
9f46622a1318d3fd0de27629a63e165d,fashion_bolsas_e_acessorios,39,440,2,200.0,16.0,9.0,11.0
738fa9197979d98c792ba9e0e7dea3be,utilidades_domesticas,58,812,4,350.0,27.0,10.0,27.0
f98f1e2ce655ba8f88a8593e80243cca,artigos_casa,58,231,1,1600.0,40.0,6.0,29.0
089ac5f8835b1cacc1481b4c7cbdb503,artigos_casa,48,288,2,17100.0,56.0,38.0,48.0
8eb7b31149dc92903e213c9896443440,utilidades_domesticas,25,243,3,525.0,30.0,9.0,30.0
55b71bf300a2765a382eaec566df531f,esporte_lazer,50,2164,5,3400.0,33.0,25.0,28.0
83bfae859f4a37b048a3abcecb17c506,utilidades_domesticas,60,446,5,9400.0,40.0,28.0,40.0
cc6f171f96afa1c94b8ec19c80c717dd,seguranca,56,649,2,200.0,21.0,7.0,14.0
c6bf8cc852eee5c4ab264e792a9c23a1,artigos_casa,37,95,1,2150.0,52.0,12.0,42.0
3061f22c23c762d693442f90db51471a,automotivo,57,397,1,100.0,16.0,10.0,15.0
04c4239553c71aafb3b2b5f74f165210,telefonia,60,345,4,150.0,16.0,3.0,20.0
20566af10fda4783935b8cef249fa4c3,relogios_presentes,39,243,1,500.0,22.0,14.0,21.0
ebe9e593dfd269670a40a0ee90a8764e,moveis_decoracao,56,1214,3,7050.0,70.0,5.0,15.0
be8fabd5f8a50dbb81c1f36499f077d8,artigos_casa,56,516,1,6500.0,30.0,30.0,30.0
d753d967faa594c1c4014dc58966e8e1,ferramentas_construcao,60,327,1,21900.0,41.0,12.0,41.0
a9516a079e37a9c9c36b9b78b10169e8,moveis_escritorio,41,1141,1,8683.0,54.0,64.0,31.0
3ead98d9c2d2523708d7c77be6fafcdf,fashion_underwear_e_moda_praia,40,840,1,300.0,30.0,30.0,30.0
a2359ef18f03db4e53c75d8c15172cfd,moveis_decoracao,58,1749,3,2500.0,105.0,3.0,70.0
880a54b4d8c28e6f7f519ae8caaa09db,artigos_casa,58,723,2,1900.0,42.0,10.0,36.0
619215fa0c29f244c5aa21084cf8d957,pet_shop,53,968,1,825.0,16.0,14.0,21.0
6e38838cab9f851eb58af53b57caf709,moveis_decoracao,31,343,2,5350.0,40.0,20.0,40.0
9e10eb05d9f369d5c38c475425cc2ee9,telefonia,30,580,2,100.0,16.0,3.0,11.0
d3f53b3b397407f469efd4820b1ce250,moveis_decoracao,56,2054,2,1150.0,68.0,8.0,13.0
e8f732eea94996831b9af41525a9ce3d,telefonia,52,269,2,550.0,16.0,2.0,11.0
93b67da06834e15a3594134d43ee4ebe,eletrodomesticos,39,669,1,1200.0,28.0,8.0,13.0
597f6e09c741f55b1e43b625a9eb621a,artigos_casa,55,582,2,2850.0,70.0,20.0,50.0
85a53ff2878f9c7acfcccc794b79cc66,relogios_presentes,60,591,2,400.0,16.0,11.0,20.0
441293f432282ea2ab9c82fe5f0fb875,moveis_decoracao,37,302,3,3100.0,45.0,45.0,17.0
e7be44ed7d763eb6ca1fa75279ddcee9,moveis_decoracao,50,612,1,300.0,25.0,2.0,17.0
096ac2e8796def270994c7bd237491d3,esporte_lazer,56,376,3,300.0,20.0,15.0,18.0
65baa03ed325a23536e96fd66b3244c8,artigos_casa,60,298,1,2400.0,33.0,7.0,37.0
4ef55cfc0052b8c8c9313fd35d00289c,malas_acessorios,47,114,1,700.0,35.0,10.0,34.0
ab481d9ef0fb9cab12778cdf56564ff7,fashion_calcados,57,404,4,1400.0,22.0,12.0,33.0
291b39691d7d40a42f9e7d0920d9a21a,esporte_lazer,46,284,5,1200.0,40.0,6.0,15.0
4dbd164e17f931f99e7553c97000a4d8,fashion_bolsas_e_acessorios,56,673,4,250.0,22.0,11.0,17.0
4b9e7007ca824be245d93214d52e993a,ferramentas_jardim,56,2143,1,307.0,27.0,27.0,29.0
fe08e28295ab13626e239b59612918f2,papelaria,60,906,2,9633.0,41.0,36.0,28.0
3d39adab5a0c6d3a6124f1a556589aff,moveis_decoracao,63,443,1,2200.0,45.0,15.0,35.0
acdff5faea9652b2230cbcf4d475a220,perfumaria,45,179,2,313.0,21.0,12.0,15.0
056063b2634974ef86ccb7da2d3d0dbf,esporte_lazer,33,315,1,1431.0,30.0,20.0,21.0
ed4863e3b4fddea62d559b6aa0f4df4b,artigos_casa,49,702,1,1100.0,50.0,12.0,12.0
c073cc5c3c6cff45b33fda27f5f3f807,telefonia,60,667,2,575.0,19.0,16.0,21.0
f64fc82a96c3d672cedd416653f65f06,artigos_casa,44,437,2,400.0,45.0,9.0,50.0
3a3f0628722b2f548673a2f7f5fa5605,fashion_underwear_e_moda_praia,62,594,3,250.0,19.0,9.0,27.0
0eda6e310c91549299a2f97d0354f7fb,beleza_saude,34,905,2,450.0,18.0,13.0,13.0
1db70fdb375b2b564c24eeb1b60c440e,utilidades_domesticas,58,706,3,9950.0,31.0,61.0,31.0
46d9734c42793de762a7ca5db95ecdd1,artigos_casa,54,491,1,100.0,16.0,10.0,16.0
3fc0df95e5b295f37ad821902cfd4a33,fashion_calcados,37,480,4,1100.0,16.0,33.0,19.0
dc2f80dfc6b4e57be59ec9dfe9140849,eletronicos,43,1671,4,500.0,17.0,6.0,21.0
1c8068ff974de37eac2c0c8ce23f4ef0,beleza_saude,50,583,1,900.0,16.0,25.0,15.0
ccc5c960fc0146040ab6f6f6af7216d3,utilidades_domesticas,52,320,2,950.0,17.0,22.0,17.0
733c300ee10fc003975a8436e0e124ca,papelaria,57,930,1,350.0,32.0,12.0,20.0
4c183b9527d3fc69a4d5587b11f5fced,casa_construcao,51,921,7,1050.0,16.0,20.0,16.0
5db30faf301625dca549c9153f7499ec,beleza_saude,48,1583,1,1800.0,16.0,16.0,16.0
74a86d4a9f05585758fcf89d91f9d378,moveis_escritorio,40,2449,1,15700.0,58.0,28.0,58.0
e0bf01f7bf9a2581d5b670edf6252aaa,beleza_saude,55,1423,5,333.0,32.0,22.0,26.0
db04654a0a48dbdc74c877e6a3964df1,ferramentas_jardim,34,593,1,409.0,21.0,10.0,18.0
efce86e8447765eda9f3db06491e819a,moveis_decoracao,57,108,11,2800.0,40.0,8.0,35.0
c8312b9c77a603a21b51c4b8c8928433,automotivo,47,498,1,1000.0,20.0,5.0,16.0
30e6ca43e35febc39b93e1445a98670d,utilidades_domesticas,51,444,1,300.0,28.0,10.0,18.0
fddc61a36e83f12b665d068c07411aa7,esporte_lazer,50,2164,6,975.0,33.0,30.0,28.0
0d17caa71904fab71aaa37e8a370dc8d,informatica_acessorios,49,8,1,825.0,30.0,16.0,16.0
67aff847e5cccbb062dde92b68122879,relogios_presentes,55,660,2,375.0,16.0,12.0,16.0
e02758c6570548237ebc9fe75b4701fb,esporte_lazer,35,202,1,5400.0,105.0,8.0,25.0
a646cfdfc04735a4d2416a4662b47a23,musica,21,790,2,200.0,24.0,3.0,19.0
f1e297029531521190bb2312a90df567,moveis_decoracao,51,1078,1,500.0,35.0,7.0,27.0
89dacd5290cff31247fa3e2412c08e02,variedades,,,,1100.0,27.0,9.0,35.0
e56bb0a7dcfab136084df40bd40b5e51,automotivo,52,1217,3,1125.0,19.0,11.0,14.0
ebf1c13032246ea801765e8cb5417365,casa_construcao,39,1190,2,30000.0,50.0,80.0,50.0
ebda4fd2306def53d2ed7d2d011f632e,fashion_bolsas_e_acessorios,55,1399,1,200.0,16.0,2.0,11.0
5adb6a6b7b1be0e0d89a7b15d1f83251,artigos_casa,58,561,1,150.0,16.0,4.0,16.0
e2f86138b1dcd411b74b0d7a1fd8324b,bebes,30,1281,1,450.0,19.0,8.0,15.0
7028a44b0270870c714820467bfd941f,automotivo,55,265,2,900.0,16.0,16.0,16.0
af6212485a18d445fe0fda7c7875d4b3,artigos_casa,54,598,1,20400.0,50.0,50.0,50.0
496e7805727644d3146f931ff28552f3,eletrodomesticos,58,160,1,3650.0,55.0,19.0,46.0
107235293b5479d6ec3861e1348ea633,artigos_casa,40,575,3,6375.0,53.0,24.0,38.0
a029ecbeadd18685578725691cb11160,brinquedos,27,392,4,400.0,18.0,8.0,11.0
27e9b49fde45d10aeb0ec54968eff703,fashion_bolsas_e_acessorios,59,167,3,200.0,16.0,2.0,11.0
8cefe1c6f2304e7e6825150218ffc58c,telefonia,59,818,6,300.0,17.0,4.0,12.0
74437e600638a59559c5238c84805b76,esporte_lazer,23,182,2,150.0,20.0,10.0,15.0
071e6d5971d28c9cbbf618b5123f8284,moveis_decoracao,57,1981,3,6100.0,80.0,4.0,55.0
49427490053ae7f72efeaf0a89c84d26,esporte_lazer,48,529,1,1050.0,28.0,26.0,28.0
a33100df83e04b43a9b42f973e3a429a,relogios_presentes,60,692,3,200.0,16.0,2.0,11.0
a35b7b13c63effc7f014f141826f3186,esporte_lazer,58,2554,1,400.0,17.0,10.0,17.0
774e2ab4466ae169c99921fb8c12a390,alimentos_bebidas,42,3524,1,650.0,18.0,10.0,12.0
be0598171ca7dc5b5904079159633ca0,artigos_casa,51,195,3,900.0,37.0,6.0,35.0
ba0aeab8fee0bfc98bb3bfbc321e6d9d,utilidades_domesticas,48,763,1,8600.0,35.0,35.0,35.0
27e7285754ae724e707141aa7e80ff69,ferramentas_jardim,60,319,1,1350.0,59.0,23.0,29.0
86084efc9098bd3f03a8adff0196293c,artigos_casa,58,2063,2,1150.0,43.0,8.0,33.0
54c32ea4f275d77be0defffafa2a4982,papelaria,35,153,1,100.0,16.0,6.0,11.0
234df98e1a567a28c8ff2079fd55198b,informatica_acessorios,61,775,8,750.0,20.0,7.0,50.0
211d04c14dd756f5e4dec38c19187fdb,artigos_casa,53,1017,1,1975.0,28.0,26.0,23.0
0deb7c87c4ffc9afc99fcd59abf45231,esporte_lazer,33,758,1,197.0,17.0,17.0,16.0
3fedaec688964ccf38949f271a51c888,papelaria,38,197,3,1200.0,40.0,15.0,30.0
277acb101c00b04ed2eabf11a7285a7c,beleza_saude,60,3490,8,2275.0,31.0,16.0,31.0
22da4aff3a8e3f4eb7dbc2220d737651,artigos_casa,52,175,1,707.0,36.0,4.0,27.0
bf7db234b1df51fc5383311019d63fae,artigos_casa,58,271,1,1600.0,34.0,7.0,32.0
4c50dcc50f1512f46096d6ef0142c4a9,variedades,,,,800.0,16.0,2.0,11.0
54d798aec2c073d2d403f66ee33ddbe4,moveis_decoracao,40,409,5,700.0,24.0,19.0,22.0
148c599356731b1d622e231d343e65bd,artigos_casa,42,685,1,1000.0,16.0,22.0,11.0
8705c69d6378c86e175573b8fbf954c8,ferramentas_jardim,37,212,1,1500.0,22.0,6.0,11.0
bae0b638e494d65220866e1ae813f18b,eletrodomesticos,54,46,1,2479.0,21.0,24.0,22.0
98f991fd34b7080dfef4fb7e7aabfd5a,eletronicos,28,383,3,5950.0,23.0,22.0,19.0
f157fd58a4c0909428c6a06675bdde11,utilidades_domesticas,53,624,1,1150.0,30.0,30.0,30.0
37069e4948699834521d16065d934abd,brinquedos,28,436,1,600.0,23.0,25.0,11.0
0dcc0fb8b17c8d0b86e3f07c78492194,utilidades_domesticas,44,1014,1,1100.0,18.0,9.0,16.0
dd6a505f83dd3c6326aa9856519e0978,brinquedos,43,623,5,200.0,16.0,7.0,11.0
f7bd9877cbaebdd3c596190ac46802b9,brinquedos,58,423,3,400.0,20.0,14.0,12.0
1bfe10e822dedba7190af59828c822d7,instrumentos_musicais,60,814,3,9150.0,50.0,50.0,50.0
61e329738b9e981ce72423df7d858028,automotivo,59,1358,4,1400.0,30.0,10.0,30.0
38e24e4d6dbde6523f2ffdfe01ea09ec,informatica_acessorios,58,1147,2,600.0,20.0,30.0,20.0
7f47a83b83456eab8ebe7dc273b2107e,ferramentas_jardim,50,464,2,1600.0,16.0,26.0,40.0
8d0e7a8e1b1fb5343135045cb7c21542,variedades,,,,1800.0,26.0,25.0,47.0
c92a761aaccfb831d4220d44648f260a,ferramentas_jardim,55,485,6,100.0,18.0,8.0,12.0
e8cbef97b4aa646fb8fa170f0da01b5b,artigos_casa,60,146,2,3000.0,34.0,8.0,41.0
e5de2225ad9ea5307da42efd7fe437f6,papelaria,54,961,1,300.0,25.0,10.0,15.0
b64c5abaac93b83c64ecab2a3321e854,esporte_lazer,41,2015,1,150.0,16.0,17.0,22.0
9e8aaef7103f42e3834092cc00dbbb71,perfumaria,56,193,1,100.0,25.0,25.0,35.0
aadd486ebe3c20e6e07fa2a40d557a00,variedades,33,893,1,1000.0,40.0,40.0,30.0
94dfe961f86c1f33e5387b6c59201fc7,ferramentas_jardim,45,768,1,180.0,60.0,16.0,11.0
622fb07f77013b1ad62c83a2229d92dc,esporte_lazer,42,121,1,1000.0,25.0,25.0,25.0
bb1c86c0b1cd8da99fbd48d798abcca0,variedades,,,,830.0,19.0,6.0,26.0
78b003db341f835b585e8190ccf4e29b,utilidades_domesticas,54,1795,3,700.0,40.0,15.0,20.0
dc60806ac9bd914a0eb467e756c0ff3d,relogios_presentes,39,528,1,350.0,20.0,13.0,13.0
796ac02e3e74205c11a2c4846a8af878,moveis_sala,60,610,2,8850.0,74.0,7.0,90.0
b2fb8ccacff645e701cd692064ad09c9,artigos_casa,56,95,1,550.0,20.0,10.0,15.0
555aa4ac569b61d4ce5bf8b6565f49bb,moveis_cozinha_area_de_servico_jantar_e_jardim,55,1189,3,12000.0,27.0,45.0,27.0
4c5f70248102ed45620167bb6f80d2ef,utilidades_domesticas,56,1539,1,350.0,31.0,11.0,13.0
5e1fd83e9a7c4730ccc806c248ca0720,ferramentas_jardim,47,708,4,650.0,30.0,10.0,22.0
d287e4755310f196c18e1e492064e2bf,eletrodomesticos,54,392,1,300.0,18.0,8.0,13.0
e61b1e021d5ed7e513da1851597760cc,alimentos_bebidas,60,879,2,569.0,20.0,16.0,16.0
7bdf179ad010100a0ee238b988147fd1,moveis_decoracao,63,522,2,600.0,80.0,10.0,60.0
3e7ca2ff3d372303c5773c8018746fc2,bebes,36,428,1,183.0,17.0,14.0,13.0
4a1ccd2d546bbea7809a0cf98863eb50,malas_acessorios,43,1480,5,900.0,25.0,50.0,30.0
5348d069341a567161f19fa9e1d6fec0,moveis_escritorio,56,857,1,11300.0,32.0,32.0,42.0
7d54e96388bc6009c0a598073873c12b,esporte_lazer,53,66,1,250.0,22.0,15.0,22.0
54fc14d73f52b88b03c1b28f6f714826,artigos_casa,57,215,2,800.0,30.0,10.0,20.0
2f8720465c51a4f13bcd060e76014b3f,beleza_saude,30,1311,2,125.0,16.0,4.0,11.0
96a108eb37275bef319a3f39dfc45ec2,beleza_saude,42,664,7,500.0,25.0,12.0,15.0
a6961c368e99bfa3e39fadf7530d7ea1,artigos_casa,57,1137,2,1250.0,30.0,10.0,30.0
0b77c056067fc19c57c6518c8bdeed0e,instrumentos_musicais,50,187,2,425.0,27.0,9.0,23.0
9c8c60eaae5f2f6bcb59a42e314cb400,brinquedos,52,494,2,900.0,16.0,22.0,22.0
3fce2ec89543bd1ecbc0a87d599bf4f7,moveis_decoracao,38,166,2,9650.0,40.0,40.0,40.0
09c8fe71fdb3bdb84e52b1f33f89040c,telefonia,49,602,1,100.0,19.0,4.0,11.0
281a67fd770c975ee1a7c842468fb3b5,moveis_decoracao,49,264,2,10400.0,40.0,30.0,40.0
9fee00e0df0ae090525db9ad0dd73cb8,telefonia,58,818,6,150.0,17.0,4.0,12.0
24bee9ba7cb361684671c74aedc9ae2d,eletronicos,60,893,3,1800.0,20.0,20.0,20.0
5a4ad40b009d7b9aed160df860afffec,automotivo,59,752,2,725.0,60.0,8.0,33.0
097ce3b5d4710b24d4a113b394ef2566,informatica_acessorios,48,411,1,242.0,22.0,15.0,15.0
fb6782985a98aa8a59238f58239f6f1e,informatica_acessorios,55,1400,7,2500.0,50.0,10.0,40.0
6c58b4fa44aeffc444c5f0f178029cc6,relogios_presentes,53,493,2,300.0,16.0,11.0,11.0
04d1e516df784ab0cc7cb3b74a0933d2,informatica_acessorios,38,130,1,150.0,20.0,8.0,15.0
c3b957b4e1d4cd8d595794d22973cae9,bebes,46,309,4,300.0,33.0,44.0,19.0
3df02779fb868fabf6f42649c50b6046,malas_acessorios,44,215,1,700.0,46.0,10.0,36.0
99df954d850e77181a52864913d48147,moveis_decoracao,56,1749,3,2250.0,105.0,3.0,70.0
49e17e3b00f741e344c5a9dcbce8cf62,telefonia,36,341,1,100.0,16.0,14.0,15.0
906b11f3bc3c98f883afa0eb67b0fac7,esporte_lazer,46,3362,5,1200.0,80.0,8.0,15.0
49a13d16446b6cb9a11461835ec34708,bebes,42,739,2,775.0,36.0,5.0,29.0
47e7c7fb5d7ab1b726e49c74693a0e69,utilidades_domesticas,24,813,3,400.0,26.0,12.0,12.0
d87ee5661dc46c5bc7bc19780f6f8360,instrumentos_musicais,45,331,1,100.0,20.0,20.0,20.0
f35927953ed82e19d06ad3aac2f06353,livros_interesse_geral,39,724,1,450.0,20.0,20.0,20.0
da0d0ec65596b1f14ff4c5d40bcdb452,automotivo,57,1148,2,250.0,20.0,4.0,16.0
ceed0fb0175fb7e8f7877bb781deafb6,perfumaria,45,664,1,250.0,25.0,16.0,16.0
cb5cdff97335d1ce76e991fb9cb2adb8,moveis_decoracao,56,428,1,4100.0,43.0,26.0,43.0
da83f50064bb1755c5a15ecd22773671,relogios_presentes,60,587,2,567.0,16.0,8.0,11.0
d5d9e871a07a5ba84cef719ad92f0ab9,eletrodomesticos,55,101,1,725.0,40.0,14.0,31.0
72d135605b8f0dd92505c47ca12157bd,beleza_saude,44,1449,1,200.0,16.0,28.0,11.0
6f7064aeb028bc3a214a6e2bd5795e9d,brinquedos,21,265,1,1202.0,44.0,24.0,23.0
196616257eff8bc851dc4fc041cbbbe9,moveis_sala,32,608,2,9750.0,27.0,15.0,92.0
7dd3fec3502f7ef333da2a73e00db394,perfumaria,54,391,3,479.0,21.0,15.0,17.0
ba7b704d92d5b165f298aaca31278695,beleza_saude,31,851,1,1200.0,29.0,13.0,14.0
7e99ab6d9d5d63b0190513103bdc1188,artigos_casa,50,798,2,1300.0,28.0,6.0,28.0
566f6035da0eb2a5d974ac66ae6d148c,papelaria,59,307,4,2500.0,31.0,7.0,22.0
3572a945e47ca64e7796603040878145,moveis_decoracao,43,561,2,2000.0,40.0,15.0,25.0
308e13b4417e92c76b823160001ad012,relogios_presentes,46,668,2,300.0,16.0,11.0,11.0
dd0dcee76f9c12fff4bc0eb641d57c7f,eletronicos,44,431,1,250.0,25.0,7.0,14.0
ee3e94e918d05a5da04a4cb547e91dcc,informatica_acessorios,53,1459,4,548.0,20.0,10.0,16.0
38d81441a145665231f53df8e97f52e5,jardinagem,53,480,1,1500.0,50.0,16.0,44.0
dce7d5964fd84b401af7d9369a9df643,automotivo,55,240,2,9750.0,55.0,35.0,12.0
83e8c4f976b43edb3a779bbd1c368d71,papelaria,52,191,2,850.0,36.0,6.0,29.0
7753861a7cbc7f0d416f0e47a246f703,moveis_decoracao,37,1165,2,1800.0,60.0,25.0,25.0
d06d1c1f54c64e227690d22eb48855b2,esporte_lazer,39,2269,3,300.0,20.0,17.0,22.0
f09e13fe0ac1c5524c93e59ed3a4eaac,telefonia,55,1539,3,552.0,14.0,12.0,12.0
16197dbfbd978dcb5cd7ce71e756a549,malas_acessorios,38,238,1,700.0,16.0,40.0,30.0
57c806e92eec9168ff2065cc65375576,informatica_acessorios,52,741,3,500.0,20.0,38.0,30.0
53df29766d5c60f1baf3fad368bdb751,artigos_casa,53,183,1,1300.0,29.0,8.0,38.0
31123805776da48ab8b0237cdc3e5636,beleza_saude,47,140,1,700.0,24.0,24.0,16.0
a5eb994011cc41631b483ed58190bc61,moveis_sala,27,104,2,2700.0,47.0,6.0,47.0
f4e2a2b20493c1c8e4f3dbf86cb4712a,brinquedos,55,1005,1,7100.0,61.0,41.0,41.0
05eabe04aa341d8960d07f9b398d7a3f,utilidades_domesticas,59,3217,1,6600.0,35.0,45.0,45.0
ec268f069320a08af47861967e4d7bee,esporte_lazer,30,410,1,1207.0,24.0,25.0,21.0
9d51d323e75d867b50aa566d782024a5,pet_shop,38,226,1,400.0,30.0,30.0,20.0
d82b7dd1b80c3f47c767cbae71a9b3e3,instrumentos_musicais,42,175,1,350.0,36.0,3.0,11.0
e4b933cd90f8a7e6443558790a2c9339,relogios_presentes,58,572,2,290.0,19.0,13.0,19.0
b12f82804a690dfabd840ce47db63c40,beleza_saude,60,1806,2,650.0,22.0,8.0,13.0
80c57749d2f15bd7e9a1339d0ce883c4,variedades,25,1235,2,1200.0,16.0,40.0,21.0
41483859d76267ad9a2c8d0af4a76266,brinquedos,58,245,1,300.0,40.0,15.0,35.0
6aa9740a46ea4e7de763a1ab64e2a8d4,papelaria,59,91,2,500.0,20.0,30.0,20.0
84792cd1fc101f6ba852d9a2e240ccab,moveis_decoracao,63,169,2,5300.0,100.0,7.0,70.0
77b5ea25050e269eab5d164be2be1711,esporte_lazer,60,857,1,150.0,16.0,17.0,22.0
abe6b1e401ce596ad0c493aeedb488a4,variedades,59,260,2,300.0,17.0,7.0,13.0
a0727420c4f72aa6600840eb1da0d3d1,moveis_sala,55,851,1,9850.0,61.0,16.0,46.0
e10cb463dd774bbee6a9002267ff573a,automotivo,36,443,1,13100.0,61.0,61.0,21.0
20fb650ad1615624d7e202031400f695,livros_tecnicos,53,1417,1,750.0,29.0,3.0,21.0
9f539788ca1a54b65b430fb7b346a1e1,variedades,33,673,1,1400.0,40.0,40.0,30.0
1a658140e2f572e10461d6f7b4513a89,ferramentas_jardim,54,362,1,1200.0,16.0,3.0,42.0
163ba96993ec61eac36239e7301827c4,fashion_calcados,57,404,4,1400.0,22.0,12.0,33.0
c46b2401e3ccd4e4f779b93093a97e29,pet_shop,30,464,1,750.0,20.0,12.0,13.0
386eebb43722ab502f04f7900bd2451b,beleza_saude,45,2231,3,117.0,15.0,4.0,12.0
b1370e983f7a817244be390d1f7f2e7b,eletrodomesticos,51,792,1,22600.0,51.0,41.0,62.0
5bbcc3770981c2f5ca7228bd8c2ff2ae,beleza_saude,37,2638,1,900.0,16.0,19.0,15.0
0bda4ee356bececb6ec0d7d010b673f1,moveis_decoracao,33,195,1,750.0,30.0,11.0,20.0
f89caa3ea4fb5f7b6e7fb2bb4ba61881,artigos_casa,43,187,1,750.0,40.0,4.0,30.0
7947d7b3c612e55b3aff718305774067,esporte_lazer,60,160,2,100.0,28.0,3.0,20.0
7763c967c82c3f53fd256b1c786cd363,consoles_games,38,268,1,425.0,17.0,8.0,15.0
736000073edfb5a7d5fc8d710e93772a,automotivo,56,751,4,2000.0,60.0,8.0,33.0
373c022e7383e108569b38098f3ed975,market_place,46,475,4,1800.0,18.0,65.0,35.0
b6911a73311462653bc381da86a3a3c6,ferramentas_jardim,59,1018,3,200.0,17.0,7.0,12.0
24dea9b9a1d450d96702d46a0a835ff3,fashion_roupa_masculina,38,50,1,400.0,30.0,40.0,11.0
3ecf69ee1fe21cfd40b30cbea549e563,eletronicos,41,3564,1,6300.0,35.0,35.0,30.0
64090c2cdb0259629a3584edeb23181e,esporte_lazer,48,3884,1,1250.0,22.0,27.0,22.0
49d05515656ae5bacab920395f834244,informatica_acessorios,60,209,1,740.0,33.0,13.0,17.0
4c973b1f6f4357bcdcd7598abe7912bc,utilidades_domesticas,60,213,6,23950.0,66.0,23.0,51.0
0f677d256ee3a3fa0e23419b98573cdb,brinquedos,57,1411,9,400.0,21.0,17.0,18.0
4f27f0b527bb700ed8541270356a38f3,esporte_lazer,56,687,1,374.0,22.0,14.0,14.0
d6286b24db0db6d5cde06cb31e5b74d4,ferramentas_jardim,32,1071,2,5775.0,35.0,32.0,32.0
fee2419d6d68dce0a48153a8179772ea,moveis_decoracao,59,1691,5,350.0,68.0,8.0,13.0
92d68e4fc956bc1c90a3aa37916b212f,brinquedos,57,386,2,1175.0,54.0,33.0,29.0
1b4dee3e58cb87cb5a0acc54ea53db9d,fashion_calcados,54,404,4,800.0,22.0,12.0,33.0
5ad76c6eb8365ae960c67efe0292cf85,pet_shop,50,163,1,350.0,16.0,16.0,16.0
1b6e2795daa2ca887a0310b0a79000e4,artigos_casa,54,246,1,700.0,45.0,15.0,35.0
02cd4165b1e6a3782def2e4e851ae884,moveis_sala,53,1146,4,3100.0,30.0,11.0,30.0
cbe9e2a7ae078d6055bce05a0b9ad8b0,artigos_casa,36,679,1,500.0,40.0,30.0,11.0
0cf4eefa56151424d91f1fa527e29d20,ferramentas_jardim,58,336,5,650.0,20.0,10.0,15.0
5de25300e7c1e5952be9f6504da7d4f9,relogios_presentes,60,489,6,400.0,16.0,2.0,11.0
412d382f1992f8b56f88f7d4777d3685,moveis_decoracao,57,229,1,750.0,42.0,2.0,32.0
01847cb3f55acfd629641e58e38e561e,ferramentas_jardim,54,1231,6,800.0,17.0,10.0,12.0
7138c5cd9a02964ede6383ffac29e5be,moveis_decoracao,53,1749,3,2200.0,105.0,3.0,70.0
917afb4390e71cdc8adba6dfdb9523d4,automotivo,55,651,5,6300.0,78.0,4.0,47.0
6742c031c6ff9b57e732163ac4ca368f,papelaria,60,1076,4,750.0,34.0,4.0,23.0
521ff66814fcd02e8ac29259c4feacb6,instrumentos_musicais,60,1007,5,5450.0,101.0,14.0,49.0
1015f4f024ec3cd0f9516a779ece52dd,moveis_decoracao,63,418,1,1100.0,45.0,15.0,35.0
338f1838eb9cd29b59c9c2f4ee158f15,variedades,,,,250.0,16.0,4.0,11.0
6490b9f63b0b595e1c1402b46b0f50ad,telefonia,24,820,1,300.0,18.0,10.0,13.0
196908bf446216a714bf739c09522dcd,brinquedos,43,952,4,1300.0,48.0,9.0,32.0
49e4da381c1d39e7df445cb2209e2359,beleza_saude,50,1678,1,1200.0,20.0,16.0,20.0
9bfadd7644ba1f2c902fe81420c53b46,eletronicos,50,422,1,175.0,22.0,11.0,16.0
5be51b87d3f543e942bb8299c5bd4423,esporte_lazer,49,1416,1,350.0,16.0,16.0,16.0
e0d89abf7cf8de31e5e7fa03ddba5e2d,telefonia,32,346,3,300.0,17.0,8.0,13.0
b6c0dab3208ff1a4b29721889b878b81,beleza_saude,37,1016,1,763.0,25.0,21.0,22.0
00e928700d549c4173b1bf631ca30abf,esporte_lazer,51,294,2,300.0,20.0,3.0,15.0
83aae8023b8feda53259f63e0ec06390,moveis_decoracao,24,428,8,4450.0,40.0,33.0,20.0
8a27d3427a61686ec37357b5ccf24425,variedades,,,,800.0,21.0,12.0,15.0
f0f464c1300173b9ed4aeacf16840936,malas_acessorios,42,340,4,550.0,16.0,20.0,15.0
05d43e31ef4408f944a3de2d18b0f755,informatica_acessorios,60,147,3,300.0,20.0,3.0,14.0
494509de79a69ffbc694af3e4b1bd929,pet_shop,49,895,1,300.0,20.0,25.0,20.0
ac73a545907ecae37cf969833e3a7959,utilidades_domesticas,49,864,4,800.0,20.0,15.0,25.0
428826d374cf2a3f61d6072163ca6502,artigos_casa,54,209,1,550.0,16.0,10.0,16.0
48c336eeb08bfec37d0030074b820cb3,moveis_decoracao,42,216,5,400.0,20.0,2.0,15.0
d1793ff6ccc9b6845e09a4f376903274,informatica_acessorios,57,402,2,100.0,16.0,2.0,11.0
5531ef4e7630d5f76247ac19fe92a94c,eletronicos,44,299,3,402.0,24.0,14.0,13.0
33403c26bd55e7f57cb5fe7ecca9de83,variedades,53,1072,1,1843.0,25.0,25.0,32.0
04e1e16bdb6952a60aa9c37334dc8eb3,utilidades_domesticas,50,804,2,600.0,23.0,16.0,23.0
9189120c49a57ffcfda405b431d732f8,artigos_casa,57,1060,1,1200.0,28.0,10.0,24.0
9549bc9cccdcfb09de0bd4774b018c3d,variedades,,,,3000.0,40.0,29.0,29.0
5be900d0c3e1b43ac845f9ce6fd2b00e,automotivo,54,655,5,2500.0,30.0,28.0,30.0
b2545dd62c61d45d55ebaa04d1cb1e23,variedades,,,,1475.0,42.0,24.0,31.0
03e931f387c2dd5b006aecdb12515b2e,artigos_casa,55,560,1,650.0,16.0,10.0,16.0
cafb50a62fe3c915a17fc33f068bd387,ferramentas_jardim,59,1237,4,2225.0,26.0,7.0,26.0
440cb991a95f6a9c8918c112433f4d69,artigos_casa,38,301,1,3040.0,47.0,10.0,36.0
9a2bdd5682cbf94cb13e0d1f852c759b,relogios_presentes,39,527,1,300.0,19.0,9.0,15.0
f5765f6aff97015236abc132d8983b89,moveis_decoracao,58,646,1,300.0,16.0,30.0,20.0
0df2a1aed6dc8c10577115fa9e4b6de0,ferramentas_jardim,54,350,3,1233.0,32.0,15.0,29.0
4385083fee716d237634eed19cf376c9,artigos_casa,40,729,1,700.0,20.0,30.0,30.0
e9cf370eb883adbdcb4b8738057a9d8b,papelaria,54,1156,1,245.0,16.0,9.0,14.0
4c1aae998146be1df5c261049d9f8d5a,fashion_bolsas_e_acessorios,38,291,1,100.0,17.0,3.0,12.0
40c983ea11646454847fd43d5c817ffb,consoles_games,56,555,2,500.0,18.0,12.0,18.0
20eec5e935bad5e35e6fd4a6af9b1a63,automotivo,64,111,1,300.0,16.0,6.0,12.0
2291d090b69f60fc0ffd95ae394daa77,variedades,43,743,5,500.0,18.0,12.0,15.0
87aff1d9a5e94db6840c5b963a5cef90,esporte_lazer,59,1732,5,1500.0,40.0,20.0,20.0
fb9e76805845146bdd3dbee717b27979,esporte_lazer,60,1351,7,3850.0,82.0,10.0,22.0
bbedc8efc6fad7cf1c7f7725b75cd356,artigos_casa,27,306,2,800.0,36.0,12.0,26.0
d886830f276eaa72305b18639bc4cfce,variedades,,,,1800.0,25.0,25.0,25.0
26c48bbde38fc8ca6a01eff68015e35d,perfumaria,39,1813,3,3000.0,27.0,20.0,35.0
b249cf5fcf68f70e13515489f0fcb627,ferramentas_jardim,35,325,1,1300.0,19.0,33.0,13.0
80a7857c3c116ce0a0c5489f07721f5f,informatica_acessorios,37,3331,3,900.0,26.0,6.0,27.0
dc2cab354de46ca82b8cf4cb24e16614,moveis_escritorio,50,1202,1,8300.0,53.0,51.0,18.0
2c2f3f30558d17cb6427b4b1991cb2a7,pet_shop,60,1099,1,8300.0,30.0,55.0,30.0
625d78433e8cc9aadb5a88b4e45e4a30,livros_tecnicos,42,2115,1,450.0,16.0,2.0,23.0
46737a24b6230ab90d6df497df0a2b43,utilidades_domesticas,56,259,2,2467.0,38.0,39.0,29.0
12f0e759d76acd32755add1bf8d583ea,esporte_lazer,41,1286,1,4497.0,44.0,35.0,32.0
97462c7ce5f69a26ace2c3c5da81a86b,variedades,60,1023,5,200.0,17.0,7.0,12.0
d7360b45460f36f3135dcc40c8f51748,utilidades_domesticas,53,478,3,650.0,18.0,14.0,27.0
22e8a1571e0f8e1aeac77c01ae28539c,variedades,,,,1300.0,17.0,25.0,20.0
2703301fe1e97e8e124a583c7664edde,moveis_decoracao,56,575,1,300.0,40.0,10.0,30.0
5938705c2fd05674b76e26fd47b7eab4,ferramentas_construcao,47,761,1,550.0,30.0,8.0,11.0
6f0f907c9cf458139bac7f01777b9bbf,relogios_presentes,54,587,6,300.0,16.0,2.0,11.0
2b752ed328ea866e4721ca4e236a416c,moveis_cozinha_area_de_servico_jantar_e_jardim,47,2201,4,30000.0,16.0,2.0,11.0
18e41d0c2a7cac6a8d53d3fcc13da3c4,informatica_acessorios,45,3890,2,1825.0,34.0,18.0,19.0
e779bacfeb19183e094113948eae40e5,relogios_presentes,34,94,1,400.0,22.0,20.0,22.0
af026a1d23fa6bede158c62c22ca135c,pet_shop,53,794,6,9000.0,16.0,16.0,16.0
ff8bd09f659b88af06fdfea61a8b7b45,fashion_bolsas_e_acessorios,53,511,4,100.0,16.0,3.0,17.0
d0106a541ba786ea96c44efe52e10bf4,fashion_calcados,46,649,2,900.0,17.0,8.0,19.0
b71bc7e6eb8878eb552d6a009097238d,automotivo,37,305,3,1150.0,30.0,20.0,30.0
45f134f05fdbccafa57f9f5b22f70b62,beleza_saude,43,948,1,200.0,16.0,2.0,11.0
05ad2310de31ddb8bc7f976b6fe02db7,utilidades_domesticas,55,2812,7,750.0,30.0,12.0,30.0
e80d316020758033fb0247e553f8a640,bebes,35,547,2,12000.0,65.0,97.0,18.0
36e8b28f4e34b4117e2cde0fd2afe789,beleza_saude,57,2431,1,1617.0,19.0,13.0,16.0
e25503c7eef89bea2baa2f73beb8883b,utilidades_domesticas,56,382,1,2140.0,18.0,26.0,19.0
a1e8d472af4a2704d41604cff9eeaaa5,eletrodomesticos,52,755,2,2350.0,28.0,34.0,20.0
58bf57007fcbbcc3c327d9de8cf5dbf8,moveis_decoracao,52,715,4,550.0,34.0,6.0,23.0
3817f43dd89a3b94135f37a00b255c41,informatica_acessorios,36,915,5,250.0,20.0,15.0,15.0
891c2f4debd2ffa4848227e82c619d75,artigos_casa,57,111,1,1150.0,40.0,15.0,30.0
ba1cc0f3f26616d7ad90de1085bdfeda,malas_acessorios,33,280,4,900.0,23.0,22.0,35.0
f29f1a6b117a13d500cedb9798790dd0,ferramentas_construcao,46,998,1,4900.0,19.0,19.0,17.0
0ddee7337ebe743e2d8f2fdfd671729a,brinquedos,53,418,2,340.0,24.0,13.0,18.0
16db4cae3a5ef838f492bd158ac9f69c,automotivo,41,405,3,150.0,38.0,2.0,22.0
a1de9704b5b479d170541055a4503c26,perfumaria,30,138,1,100.0,20.0,7.0,20.0
116a8f521211c179741c051816f2b898,artigos_casa,38,353,1,1200.0,16.0,10.0,16.0
dbf47a585df3a9d8f0b5f4c125a2b8e8,moveis_escritorio,55,1294,1,8700.0,52.0,51.0,17.0
44be579342e8ba8bbe3d0448d126afea,utilidades_domesticas,20,109,3,550.0,20.0,35.0,20.0
b0a0c5dd78e644373b199380612c350a,variedades,,,,1800.0,30.0,20.0,70.0
ba819ec203c9a9382f87d49898692520,ferramentas_construcao,55,856,2,250.0,16.0,12.0,14.0
3d5c815469b90f2f4b1bf62ddf6aed25,moveis_decoracao,18,385,4,577.0,17.0,25.0,23.0
dff088846d1141979916ce5c7a4c1d52,utilidades_domesticas,53,151,5,7800.0,38.0,28.0,33.0
dd0fc08054600c8e6c078d6df90ee3fb,artigos_casa,47,385,1,2400.0,47.0,21.0,41.0
6c0fb676338805aff0689d235f2bd3c0,automotivo,55,547,3,1100.0,65.0,25.0,35.0
aa6a696816c69cb3bffdf42d62642a80,informatica_acessorios,42,670,2,150.0,36.0,9.0,11.0
ed7f66fbbc819ef7aa1894d2c34065f1,utilidades_domesticas,57,567,1,1200.0,20.0,15.0,20.0
a7037f839ea8b769428eba2ab0801434,esporte_lazer,56,814,2,150.0,16.0,10.0,16.0
67a71eecac8e56b0cd270f0df2b91698,esporte_lazer,52,3774,1,2900.0,31.0,33.0,32.0
7ad0b0e87f7c4eb1b68a8cebf875257b,moveis_decoracao,52,497,2,2150.0,30.0,20.0,20.0
663d6ef343ce527b3548d6a255f89eb8,instrumentos_musicais,59,936,3,450.0,62.0,9.0,23.0
7a644354b3b217b7d89e529bb01f334e,perfumaria,55,215,1,100.0,17.0,9.0,20.0
d5d7ab11292e030edb97398b69235779,perfumaria,48,208,1,150.0,30.0,10.0,30.0
d82b8217d941155cfe2c1f8c17c436cc,esporte_lazer,57,623,4,375.0,16.0,3.0,11.0
62725a92101c725a6430182a7261416f,bebes,56,330,1,150.0,16.0,5.0,16.0
36ba5561e351eef68d3554697132a9a8,jardinagem,55,2039,6,240.0,21.0,7.0,15.0
90c1b4e040d1d1c45897ec2dad4a809d,moveis_sala,57,837,2,30000.0,63.0,63.0,74.0
960f877599875172acdb3504cf4a55af,beleza_saude,36,438,1,300.0,17.0,9.0,16.0
6f839f07a99db4be8139241589b7a3c4,utilidades_domesticas,51,697,3,1000.0,19.0,24.0,18.0
5237c554fade603fbb83dcbcdadcdaac,automotivo,58,391,3,1900.0,28.0,36.0,28.0
fe25db018a92c3f4ff5cd5d2e0bb7290,livros_interesse_geral,54,424,1,600.0,24.0,11.0,18.0
891fb188da14116c09b14fcff8fb1a03,utilidades_domesticas,26,524,4,200.0,16.0,11.0,11.0
267b51d6e08eb8326c49c6809558f262,artigos_casa,42,327,3,1100.0,37.0,23.0,35.0
f86e052042e77d7109bc4cc95f4ed9ca,beleza_saude,51,1399,1,250.0,16.0,35.0,11.0
8920f1824cd68512eb6fb0b0f41004bf,fashion_bolsas_e_acessorios,24,198,2,350.0,20.0,16.0,16.0
d5280433d80f1eadab87e60292691602,automotivo,56,401,3,100.0,20.0,4.0,17.0
bf7727705a701b9c135cb00df5a2dc5d,artigos_casa,50,459,2,1500.0,40.0,20.0,30.0
7b0b29f15f991acef8bc026b8a0c1190,utilidades_domesticas,56,1073,3,800.0,17.0,20.0,11.0
d0fea7fdcd875b2e2bec5d2359d28dda,relogios_presentes,51,802,1,350.0,21.0,14.0,14.0
365ddcacd1174891f2b0b6820a7a4fae,moveis_cozinha_area_de_servico_jantar_e_jardim,49,192,1,18800.0,50.0,50.0,50.0
15dde66eab29d86c576343ead646ccd2,variedades,37,360,1,831.0,36.0,27.0,39.0
4eb0d9529369cb573f792d489af46f51,ferramentas_jardim,37,98,1,2450.0,22.0,20.0,18.0
e8bb3d53d12c06cae6287143be1ce7ec,esporte_lazer,22,561,3,150.0,16.0,17.0,22.0
21a6e49e01d1ee93aadbd8cdf776308f,relogios_presentes,45,510,1,338.0,18.0,11.0,13.0
b6c9dea1728535dbfc20e94efe4656ee,ferramentas_construcao,49,559,1,923.0,17.0,8.0,21.0
00636f9286f69c9f1bdabe76e670fb50,moveis_decoracao,60,382,1,500.0,25.0,2.0,17.0
be40b2de99172a1101c7dfc49a52d2cf,beleza_saude,54,250,2,250.0,25.0,10.0,20.0
b888a082a8954a5404448811aaf9d9e6,perfumaria,30,138,1,100.0,22.0,7.0,16.0
8da584c8aff7ec074bbc0c8d68713bc9,relogios_presentes,33,651,1,387.0,17.0,12.0,12.0
5693b23d56b6c0708f4094e3d323de28,relogios_presentes,40,700,1,325.0,18.0,14.0,13.0
0b41e00d58da605465f22bde5b7cf725,automotivo,45,556,1,11600.0,55.0,35.0,45.0
a12c9204f6f9e90ad1d8ba5571fbfed2,informatica_acessorios,31,614,2,600.0,19.0,13.0,20.0
e4dbc5980f1159e257a31c8eb4ecd78a,informatica_acessorios,38,326,2,150.0,22.0,13.0,15.0
497990bf1833de92aef1f3bfcda8718f,artigos_casa,40,102,1,400.0,22.0,27.0,27.0
19445bdaf8aa12c9f56199be2b2d56e0,moveis_decoracao,45,494,1,450.0,35.0,23.0,35.0
01586bfbe1d5449887f1cac4ad1fbd02,telefonia,47,330,1,125.0,17.0,6.0,13.0
0f2550707d4df66cbd9937420497ee8b,utilidades_domesticas,54,390,1,500.0,30.0,30.0,30.0
f25f304f0e7163a29c271960a6704b0f,moveis_decoracao,33,1197,1,17033.0,101.0,8.0,57.0
0968920dc8f4359a307bae3d69169e12,artigos_casa,59,348,1,1800.0,45.0,15.0,35.0
5eefc29e3d0cf6cbb58c63fd7e3f815f,artigos_casa,62,929,2,1500.0,43.0,4.0,30.0
e97db2f16b7a99a5f7d7452e48610286,automotivo,58,651,5,5650.0,71.0,4.0,44.0
f06f8cd7e0dd398f827c366664e972f1,perfumaria,49,702,1,400.0,18.0,18.0,12.0
f9a26e326cd01165ff614a519473afbb,informatica_acessorios,51,154,1,343.0,16.0,17.0,12.0
34dc9ba20762290886d4d94d07a102e3,esporte_lazer,31,419,2,1650.0,30.0,8.0,30.0
905b384ac5667170689505bbf30f1d07,artigos_casa,53,504,1,1600.0,45.0,15.0,30.0
23e89be06e10f4e1a1d0875bc36d939d,esporte_lazer,56,564,1,550.0,30.0,11.0,20.0
a291cc846d74d97f01611894f983073b,variedades,58,478,1,600.0,22.0,6.0,22.0
567cf9fdc947fa7c887cae15b96eab1b,automotivo,39,745,1,10350.0,40.0,30.0,40.0
748efd895fa2f88b0c89579fb092e792,informatica_acessorios,60,2807,1,1190.0,35.0,20.0,21.0
a058bd781185e59b75160f5133afad9b,automotivo,56,1552,3,550.0,16.0,21.0,18.0
85b2e22dc10456c8ce7b81f78ba8624b,artigos_casa,52,289,1,2700.0,35.0,9.0,34.0
531c8869a979aaeac767ff8c37bc281c,livros_interesse_geral,34,682,1,300.0,22.0,2.0,15.0
c49acb6b0fe4c9b3a24f56c87d176f8e,utilidades_domesticas,59,246,1,650.0,42.0,11.0,25.0
af940e731a7251787895cdd64cfc3f21,relogios_presentes,52,542,2,350.0,16.0,11.0,11.0
ca7966fa77959536468be3c6ce1f19e1,artigos_casa,52,126,2,19500.0,25.0,60.0,55.0
2002fc3ec2d8a30a7588628fe7aff958,eletronicos,57,432,1,200.0,16.0,6.0,14.0
686b869ed0d827fa346e8ca87a54d0e8,artigos_casa,60,480,1,7450.0,35.0,35.0,32.0
42b09cad481a278155d0207fbbaa845a,utilidades_domesticas,48,144,1,1000.0,16.0,14.0,14.0
6e5a50058aad97da9c92bed17918bdbc,papelaria,47,336,4,950.0,40.0,15.0,30.0
7272a36ac93b0f214500840025f04a73,moveis_decoracao,28,1405,3,200.0,35.0,2.0,25.0
aa3cf7c656b2a190d0baa54c3be0aed8,utilidades_domesticas,60,1132,4,800.0,20.0,12.0,20.0
181ce2dfd0a0d91969baabcb6df39bb9,artigos_casa,56,404,3,1250.0,52.0,4.0,20.0
64118e924b5de8663f5cb1caad0abff8,moveis_decoracao,56,257,1,1500.0,40.0,10.0,34.0
10dbe0fbaa2c505123c17fdc34a63c56,variedades,,,,800.0,30.0,10.0,23.0
cf6b03b7b6a0d499505b4342f06e5f80,fashion_esporte,46,219,2,250.0,18.0,12.0,12.0
97b6b2b77117d7e304364b433fcc649e,informatica_acessorios,58,154,2,100.0,16.0,8.0,11.0
fcb61bdd656827a13a98f369eeb9fa3b,artigos_casa,51,215,1,1600.0,40.0,6.0,30.0
bdcb8b4ebca66cd01b512c0044f8258f,informatica_acessorios,46,1002,2,150.0,17.0,4.0,13.0
b81d727e1853b754c14cc6856612af02,artigos_casa,53,227,1,2150.0,39.0,6.0,29.0
4bc67f0e0c4badffd66ddb6641122a33,relogios_presentes,59,179,2,200.0,16.0,2.0,11.0
6716bacdbe7f9fe15a010be19fc29cce,moveis_decoracao,59,1953,1,850.0,69.0,11.0,11.0
1afc67ca54fdc1dd0774a3727a44b8a1,informatica_acessorios,59,421,1,300.0,50.0,5.0,20.0
f9624194634737145e6066d831213df8,beleza_saude,45,2192,1,800.0,20.0,20.0,20.0
fccd4d9159e9566d6c8708ffd6af7aa4,instrumentos_musicais,57,740,2,333.0,20.0,17.0,13.0
13f58613ded23f25a9eec9136316253b,brinquedos,54,1482,2,553.0,30.0,14.0,25.0
11fe97e9c97411c66289ebbf9ddbd789,ferramentas_jardim,60,486,4,1100.0,22.0,21.0,16.0
13b327c2193f552f00ec5b1e442f52b2,beleza_saude,18,1736,1,2500.0,18.0,27.0,20.0
91aa6246d855a7321d3899fd76ec63cd,esporte_lazer,58,1580,1,785.0,28.0,21.0,17.0
981cff5accf28a980a7de3bca3ba9b95,moveis_decoracao,60,479,1,200.0,16.0,88.0,16.0
a386ec77b61471988e1b10cbd6cbfdd6,informatica_acessorios,40,226,2,200.0,25.0,10.0,25.0
d254a74f52754b787c8c54f0e76d6214,pet_shop,63,1440,3,4900.0,40.0,20.0,50.0
f7ed5567fe5b3e1c257886976714043d,beleza_saude,53,444,1,800.0,16.0,17.0,22.0
8b13342c7e5cfac764027523312cdf74,perfumaria,41,225,1,900.0,16.0,16.0,11.0
9dae52e79d63184a0b32da87c5aabecf,relogios_presentes,40,621,1,450.0,22.0,14.0,27.0
0e07d90e3275adffecb3d6928d104d09,utilidades_domesticas,45,275,4,501.0,21.0,18.0,12.0
515363bc1bda36afb33bb9cdde0789f3,livros_interesse_geral,36,205,1,250.0,27.0,9.0,18.0
70f4c097cdc97babddd3f3bd03c43c26,brinquedos,59,65,1,300.0,25.0,25.0,25.0
49e15e6133b2f4e4fccb783a8e716707,telefonia,45,365,2,100.0,19.0,4.0,11.0
12e5f64883db52b4617a4c4ae2aa1338,esporte_lazer,31,236,2,850.0,60.0,15.0,15.0
2295c573e69974c45434ba00300189f4,relogios_presentes,55,179,3,150.0,16.0,2.0,20.0
bd2ada37b58ae94cc838b9c0569fecd8,variedades,,,,200.0,21.0,8.0,16.0
3793f9a5cee3d440b31c209500f28743,esporte_lazer,43,721,2,1050.0,28.0,9.0,20.0
878c61936b5c51f321ac165750d97a0b,automotivo,58,300,3,88.0,21.0,11.0,15.0
11b095275420b5d5123e163f058256c3,brinquedos,57,126,2,5700.0,39.0,30.0,29.0
8ebb3f77fca7f2ec3283f8850ac55a15,esporte_lazer,54,1040,1,750.0,46.0,8.0,26.0
874439b263dc72fa8c7d8e24fa7cac13,esporte_lazer,59,131,1,600.0,25.0,35.0,30.0
64f1126c9715d5394b7301934c6833f0,esporte_lazer,41,1819,7,9900.0,30.0,60.0,40.0
3dba03040674bea93fb80023b8f72c95,moveis_decoracao,28,637,1,7850.0,36.0,40.0,36.0
312fc7ec4c5f490464a4c9b3132c8ae3,informatica_acessorios,59,297,2,100.0,16.0,8.0,11.0
fcb224113ca69bc837459203e6eeea29,seguranca,58,1170,1,450.0,16.0,5.0,16.0
8d84ee7261f8b9cf3e852ad3e099e524,beleza_saude,59,1034,1,2450.0,16.0,16.0,16.0
ed1d57799b8b974641a1acb3fd994016,utilidades_domesticas,48,143,3,2700.0,41.0,36.0,31.0
c5b9bdfb9c08d3c2f4bdb357a3f31084,automotivo,46,1628,3,300.0,16.0,18.0,15.0
d1af7952c3c2ac8dfdc63210af2299e6,artigos_casa,60,279,1,2000.0,56.0,15.0,50.0
61472ba502ffe30e46fd1b0565087f95,beleza_saude,59,2752,1,3600.0,41.0,10.0,22.0
1ee03eca6034b77b25d08c004bc79dd8,fashion_bolsas_e_acessorios,49,1485,2,200.0,16.0,2.0,11.0
72b95452ea4355dd9f749878759c92d0,moveis_decoracao,60,422,1,6200.0,52.0,18.0,35.0
28beefcab28e6a3b659bae1bf1cbe453,telefonia,54,880,2,250.0,16.0,12.0,14.0
b3e16658e1e1fbe944594fd267c488d8,telefonia,59,272,1,100.0,19.0,4.0,11.0
5e65e068400cdced025ac4801d36ed4d,beleza_saude,56,846,2,150.0,20.0,10.0,15.0
3d92b609f553af0ae89982e4fae15b1f,esporte_lazer,57,937,1,200.0,16.0,2.0,20.0
6f3062e8569fca6660777bc0b0f13384,brinquedos,35,504,2,300.0,19.0,7.0,14.0
7fa4c60dbf8adabb4797ac6719fbdbff,beleza_saude,37,777,1,4600.0,40.0,11.0,30.0
699b951712e89732efa149981f235bfe,beleza_saude,50,604,1,250.0,20.0,10.0,20.0
4ed545d4c0dcea0798b3bafcd081ebff,esporte_lazer,51,1771,1,1080.0,19.0,20.0,16.0
6bda47c87beebd05851cae08a30e8087,informatica_acessorios,56,815,4,1950.0,20.0,12.0,20.0
b90973ce80ba5d1fbc046fd8471acaef,moveis_decoracao,49,211,2,2100.0,30.0,10.0,12.0
a4385c12734e0937f4514a3cde277925,relogios_presentes,49,598,2,467.0,17.0,10.0,12.0
bca99cf9bf7b0bd7f56c29a6e297f757,perfumaria,24,89,1,80.0,16.0,20.0,17.0
5ec665da4518623a3a2d7731d56bfd68,informatica_acessorios,60,543,2,1600.0,31.0,14.0,12.0
081476f0ad46b45e23bbd0f3d1d4dd98,utilidades_domesticas,43,554,2,175.0,16.0,12.0,12.0
927225847efa8853ebf52c9b5b9b8cc6,bebes,41,1050,2,850.0,29.0,6.0,20.0
0167ff78aa8cd40d5432d3daae646c7a,moveis_decoracao,30,195,1,700.0,33.0,4.0,24.0
1d37ba8cc6a900b5b50ba1b5121f02e8,eletronicos,27,197,1,650.0,32.0,14.0,11.0
7721e900ec7c13b0746e461917604aa6,esporte_lazer,56,3884,1,3200.0,23.0,23.0,23.0
8802c7b83ddf545be6b7846f575d2fc5,ferramentas_jardim,60,800,1,4375.0,43.0,35.0,25.0
a5620dbc470a8e3ec837aaf1bbd48eb8,fashion_calcados,48,375,6,200.0,29.0,7.0,16.0
a13cd9aaa328b21f5653ce455d88dce1,artigos_casa,52,1089,2,1050.0,42.0,9.0,34.0
2d4500a3d35334916c955b3c365dbefe,eletronicos,58,2984,3,3950.0,43.0,15.0,32.0
adc48fd26eea311ca6856b58dfc3ca21,utilidades_domesticas,41,400,1,350.0,16.0,25.0,11.0
c5022a81e27ac841cc3f6bc9ee47c5c8,utilidades_domesticas,57,341,1,3000.0,40.0,5.0,46.0
e12569a1ad365c9f77fb1ae6d5de26e8,fashion_roupa_masculina,40,1145,3,700.0,20.0,20.0,20.0
06d156ad29691bb65b80a6bf398db4fc,esporte_lazer,60,576,5,2700.0,80.0,12.0,22.0
b6f134ff2933bb0ee1f36e2865f21a91,moveis_decoracao,63,637,2,2500.0,39.0,9.0,29.0
585fba465552491690a4d0ebc78ef585,pet_shop,24,796,1,200.0,16.0,11.0,11.0
dabbb10b2f36548cf2aff2993f4cf5e2,brinquedos,53,1013,5,950.0,40.0,6.0,37.0
de1573cfa183a3b9ef746bc24261a497,relogios_presentes,50,666,1,700.0,20.0,13.0,13.0
359b8de33f4e2b77eac2667fabfd2122,informatica_acessorios,35,315,3,250.0,20.0,6.0,20.0
290ba8a3d628822483a2b87cd122c739,telefonia,51,1611,1,350.0,27.0,5.0,20.0
b9ca19b5696ec2668f48ae264c05bad6,fashion_bolsas_e_acessorios,36,615,5,800.0,16.0,5.0,11.0
336cfb12a5468070795ae4c964f4ce47,esporte_lazer,35,584,3,1000.0,40.0,20.0,20.0
49ebaaba28aca545f9a5ff9fc17ae988,papelaria,56,352,1,300.0,20.0,5.0,30.0
d15768e35ed029db22ccd67cb15ec8eb,seguranca,53,675,4,750.0,16.0,9.0,11.0
1ec5d3bb50a489c6ac8923101492c197,variedades,55,509,2,1550.0,61.0,31.0,21.0
8ae7db511529da9af9685c9d0375bd82,consoles_games,56,1797,1,1300.0,25.0,30.0,20.0
e106c818f2f2e0a830fa2bc5c09076d7,perfumaria,33,561,1,381.0,19.0,13.0,15.0
edaf40b482ce18cabb1e1c00c4cfa2d1,livros_interesse_geral,31,783,2,500.0,21.0,2.0,14.0
73f1f4a973ffb99bb0157e38ab33f989,ferramentas_construcao,23,1177,1,1500.0,21.0,19.0,22.0
802b191477641b98e903230bcfaa2a47,telefonia,38,364,3,67.0,16.0,4.0,11.0
ec9f5b47ece31337beca3adf477757a6,esporte_lazer,47,864,1,200.0,20.0,17.0,22.0
8adb806e404876383ce47845af3ddcb8,livros_tecnicos,45,1423,1,600.0,27.0,2.0,21.0
15b3d4c8373cd64166af5504b49d289d,moveis_decoracao,60,856,1,1400.0,43.0,5.0,30.0
12f749c76f15e9bf5743bebda92da24a,brinquedos,52,561,5,8050.0,30.0,20.0,50.0
878e6a7350b5ddcf85419728d254e1b2,fashion_bolsas_e_acessorios,41,809,1,100.0,16.0,5.0,16.0
0cf5798cf0a69ca39b286d63dd5a9501,esporte_lazer,39,1026,1,15200.0,95.0,30.0,55.0
9343856b202bd10630a59b79d8f61cbc,esporte_lazer,44,578,3,200.0,20.0,10.0,20.0
aa8ecd9a418507baaf0c42f26ffe71df,brinquedos,52,941,4,1600.0,16.0,33.0,33.0
647b27e5ceb03b588feb44729221f8ed,papelaria,58,567,2,600.0,17.0,4.0,22.0
5a9f5760be273f3c7994beec0dbee655,utilidades_domesticas,48,693,1,850.0,36.0,20.0,20.0
c848bbf7ec73272cce4df7509a71afde,alimentos_bebidas,27,467,1,1925.0,30.0,29.0,20.0
126abb319a746b23254ef06ddf10181d,relogios_presentes,58,335,5,450.0,16.0,2.0,11.0
b204c5ce3709a53db7964aa290f4c4fc,utilidades_domesticas,43,2685,1,7100.0,36.0,35.0,34.0
e82a3702b491473198cf2db779f78e52,fashion_calcados,57,404,4,1400.0,22.0,12.0,33.0
3b04dbc12a3fcaa8402b8dd2b3a909d7,ferramentas_jardim,50,1201,1,1700.0,63.0,7.0,18.0
01f2d77d8a63937c77c7128ce4bd2ada,automotivo,60,753,2,650.0,60.0,6.0,33.0
d3e1006ba3735c0d44160026b6e0ced3,automotivo,53,2805,3,1850.0,19.0,16.0,17.0
e4ef515e041ce5062868aacf106df8b3,utilidades_domesticas,53,997,1,10100.0,32.0,75.0,32.0
7fda6ff601b1c45aacfd6a24e7f2d45f,esporte_lazer,45,622,1,195.0,17.0,10.0,15.0
693a485c187ccca8a20d037e1c52c6a1,esporte_lazer,34,258,2,500.0,25.0,25.0,25.0
f471a2281d25a1dbf3193dd5e969aa0f,pet_shop,38,555,4,400.0,20.0,4.0,12.0
f0146f7e7693b74880d23a452ea03e90,automotivo,60,329,1,1050.0,70.0,30.0,30.0
38e19855caf485b504d6f33ed31a9eb4,moveis_decoracao,55,1629,2,400.0,16.0,2.0,11.0
e38487b365f562f0f5f6d8362cd36593,agro_industria_e_comercio,59,545,6,9050.0,48.0,58.0,27.0
0673601d65d060a5c4b5652cc18e3db8,automotivo,54,257,2,837.0,18.0,19.0,24.0
478bad111d2afd4eb0b433a75af01d64,informatica_acessorios,50,327,2,75.0,16.0,7.0,16.0
f55802700c4c3a9dbf1a99967bc9e655,automotivo,56,2031,1,4300.0,55.0,15.0,34.0
dca9904850a1b13faa65450fbd000a3d,esporte_lazer,58,1130,4,250.0,35.0,10.0,15.0
c3cb90d6661bb30151744dab7aacb80d,casa_construcao,52,998,1,290.0,17.0,13.0,13.0
66b4cbf7d9a6926661daf377dab0d697,variedades,33,805,2,1500.0,42.0,25.0,15.0
976ab58229e6de519476891f498084b7,utilidades_domesticas,41,786,4,1550.0,30.0,20.0,29.0
0a108ad81c4e2a790649c3f8070f1213,artigos_casa,51,532,1,300.0,16.0,10.0,16.0
79aeb59afda7d969a311da02c2426ab3,utilidades_domesticas,60,2836,2,8500.0,60.0,27.0,30.0
797cb0efc72192071fc68eb90ce7dd62,automotivo,55,189,3,5900.0,105.0,17.0,19.0
a0ed74d31fcb470d85786e7f17794599,eletronicos,56,629,1,1800.0,21.0,38.0,21.0
8e01228e1cb067cf324c968542f2f032,perfumaria,57,512,1,395.0,20.0,16.0,17.0
efd9689d6ae4ee9111b9b9f8b0f87f12,climatizacao,46,1285,1,15400.0,31.0,76.0,36.0
6b445dc3a4183f17e1a90307edbf0b1e,artigos_casa,56,255,1,2550.0,45.0,15.0,35.0
b137e6107ce304cd87ee01233582603d,variedades,46,1243,1,1200.0,40.0,40.0,30.0
5cac6a83708526b99c11e11027ae1ca6,moveis_decoracao,43,258,3,6200.0,45.0,40.0,45.0
4c9c5d9cbd2475b109784b48a70a5c70,relogios_presentes,56,572,1,350.0,18.0,14.0,18.0
fa6abc53b6abfed3231c37cfa290850a,ferramentas_jardim,58,373,3,400.0,17.0,5.0,12.0
b174e86e32362fc996c55b20e277bbb5,informatica_acessorios,42,91,1,128.0,16.0,16.0,12.0
4ac11ec201c04d40f1e0dbc1be4cfc76,automotivo,40,1555,5,1900.0,30.0,28.0,30.0
00f179926ae5965cd6ff548d765d8a61,informatica_acessorios,57,674,3,133.0,17.0,6.0,12.0
a5cd90e0939b756beb465c31ec689e58,moveis_decoracao,64,209,3,1900.0,39.0,8.0,22.0
6c6c606fb5adb58ab9ef88a8d96ddd09,beleza_saude,38,703,2,300.0,18.0,13.0,16.0
6016ec35b91d455a84929e2066601c01,relogios_presentes,35,1006,1,325.0,19.0,10.0,15.0
6feecc05ee0c88b6194450c8a580629b,brinquedos,55,474,2,1380.0,38.0,36.0,19.0
8fc803c7d0a99a53798c7896a7c1e93c,utilidades_domesticas,41,786,3,2600.0,40.0,21.0,25.0
462646c1c1495199e63684d79e6e0d1b,papelaria,63,920,6,50.0,16.0,4.0,11.0
0ee362737f0fade7293e5a4f375f2446,artigos_casa,54,217,3,900.0,30.0,20.0,30.0
acd999849b296e49ab668c7e832ccb72,informatica_acessorios,44,169,1,467.0,16.0,16.0,11.0
f2ec4fac25d84b3ccbe77f2dcfaa0cfb,artigos_casa,52,323,1,250.0,34.0,12.0,22.0
3163d5f3a906578f9babd8fdc4911ef8,beleza_saude,26,1023,1,675.0,16.0,22.0,24.0
3d48b2b7a184718911dca52c955055e3,informatica_acessorios,59,851,3,400.0,21.0,6.0,14.0
d1b14769ad38ee9ef08409cc3ecbb778,esporte_lazer,37,420,1,2700.0,85.0,6.0,23.0
0954694623ffa5b84e7071c717efc3ca,papelaria,31,2614,2,500.0,17.0,28.0,11.0
6f7df385d032846d2941c806179cc78e,automotivo,60,1301,1,1800.0,16.0,22.0,16.0
f9d774a1820f792952eea079a40a7c6b,beleza_saude,46,339,4,500.0,28.0,3.0,19.0
dee46ab618429cbd3cdf24b2eb4c7f34,ferramentas_construcao,55,337,1,1700.0,20.0,8.0,20.0
e19c52ba2deb45c56077643f204eda1e,fashion_bolsas_e_acessorios,49,566,1,100.0,22.0,2.0,19.0
2fd89f236e3e8f4b81b7b74f09f40186,brinquedos,22,235,1,150.0,17.0,4.0,13.0
9fb7b543084835bfe56b0094501dee9d,brinquedos,36,589,1,1500.0,66.0,18.0,41.0
99c88c191bbed92f5be4ca3b00eb1a42,artigos_casa,55,615,1,450.0,16.0,10.0,16.0
74b2f8c612fd08658bfc51519631d5f2,telefonia,31,905,1,50.0,17.0,2.0,11.0
4cee3d875eb2f9d331aae01b8c4781e8,artigos_casa,55,312,1,750.0,16.0,10.0,16.0
17c7ec33a1657924ad493e6978b4bf91,bebes,31,594,6,950.0,22.0,20.0,28.0
073ed404e3aec5b0a486334c05ee2fe9,relogios_presentes,35,535,1,458.0,18.0,11.0,14.0
33bfc11487d18d2405f84661bc164f0f,perfumaria,39,387,1,545.0,21.0,14.0,17.0
a7591787a14b7107a21780cabc7d577e,informatica_acessorios,33,578,2,231.0,20.0,7.0,16.0
7d23cee1130604fd310cd483d918540f,relogios_presentes,17,345,1,550.0,37.0,8.0,38.0
8300e0e22bb50df7bc0bbe0b2b15997b,variedades,53,956,1,475.0,33.0,15.0,33.0
3e0a5e0397b6477f6366c2dff5f0e04e,automotivo,54,2141,1,200.0,16.0,8.0,12.0
2445809bff82fdb8780c5f4e5c0d7686,fashion_bolsas_e_acessorios,60,601,4,100.0,16.0,5.0,11.0
2e06288cce0a0fdfeb537263dd3b3f3f,brinquedos,37,1451,4,1330.0,38.0,23.0,18.0
cfc665b462ccc3a43b1a1283e678b1a0,informatica_acessorios,49,1457,1,1625.0,17.0,15.0,16.0
a15b46c05a4d311665eac6750b3e4030,bebes,60,848,6,750.0,50.0,5.0,40.0
60e47589d616c8d62f908800260e102c,ferramentas_jardim,44,153,1,3900.0,31.0,6.0,29.0
9ac56c8e557ff9cf308163daeda7b26b,beleza_saude,53,3402,1,867.0,17.0,17.0,14.0
582eea85bf06659660e2c6101ead3e7a,ferramentas_jardim,29,443,1,7800.0,18.0,18.0,18.0
f3efd1d829b025dddc72baba33e17c19,telefonia,58,711,1,540.0,14.0,13.0,16.0
54c6e073a97ecff74a31e51d53c600ae,brinquedos,59,648,2,1600.0,25.0,17.0,50.0
5d111f6911df7bfe5ca68fc9b9251d51,esporte_lazer,32,486,1,400.0,25.0,15.0,20.0
8fc5538423eb3bd3c73721c7cafcadd7,eletrodomesticos,53,346,10,13950.0,50.0,50.0,50.0
b0c2a004d315a5ba0b19584393ac478c,artigos_casa,51,220,1,2100.0,30.0,5.0,30.0
b906473f6ad88809cd95a1e7e77cd91f,instrumentos_musicais,63,1110,10,7050.0,55.0,17.0,45.0
a80f456f25c5adc5c42db3a682880367,utilidades_domesticas,57,844,3,9800.0,61.0,31.0,31.0
c71f83052356c632aca23cdc29abca86,beleza_saude,47,1224,1,700.0,19.0,28.0,17.0
aa46d61405c90cb71e82f450a1d2d034,eletrodomesticos,56,523,1,350.0,30.0,5.0,30.0
03b10f5e3ef07cfc27a025adca3fd0be,esporte_lazer,44,3364,1,50.0,16.0,16.0,11.0
01e20e6604216c8adb31d463214ba00c,casa_construcao,48,627,1,300.0,16.0,11.0,16.0
2d0756de18a80990e11ec355070dd85a,esporte_lazer,48,1217,1,9600.0,51.0,28.0,28.0
9c7dc7b21d811c74d038e40a5c13fce4,audiovisual,56,661,1,200.0,20.0,2.0,14.0
5113c9a5037013b0a750444df6dec60f,esporte_lazer,53,3189,6,6050.0,40.0,30.0,30.0
fb694051ae63bbd9793cb8869bd96949,esporte_lazer,47,952,1,1450.0,20.0,25.0,20.0
6b5d792112275a0262356e64e098025f,utilidades_domesticas,42,991,3,500.0,35.0,15.0,26.0
fa51e914046aab32764c41356b9d4ea4,variedades,,,,1300.0,45.0,16.0,45.0
edf9320a431f41502045f83bc1308b0a,esporte_lazer,58,2538,1,160.0,18.0,8.0,15.0
d91ee220c1b5370b26883cd0cee27b86,esporte_lazer,52,2207,1,1963.0,29.0,35.0,22.0
b5c4b2c6b8c342b7740e46797bec3ef1,automotivo,57,1076,3,725.0,28.0,14.0,28.0
fa8485bc54eaad5b218cd8081c859568,fashion_underwear_e_moda_praia,39,275,2,150.0,26.0,5.0,18.0
9e2ce829b01f3d1a0a9d5ddf7ee21864,utilidades_domesticas,59,200,4,1300.0,32.0,12.0,32.0
54fd9c890a61acc4123f21fe92c981b0,esporte_lazer,58,265,2,200.0,20.0,20.0,20.0
f9d151cf2fc10d41cce64b782856320f,informatica_acessorios,54,454,3,75.0,17.0,6.0,58.0
c49f7bd8ac21b2169dd273bfef92b82a,perfumaria,51,898,2,500.0,16.0,16.0,22.0
be588e939ab09c7ca4d4046266619de5,pet_shop,37,361,2,11750.0,82.0,7.0,72.0
e6b6e72a0e6be244a69261788f086429,artigos_casa,60,2361,3,2555.0,55.0,17.0,48.0
27402b1a6e60c1b7b6a5a133ee7d03a9,utilidades_domesticas,41,354,1,2250.0,47.0,15.0,35.0
41cdaa29e07b89b60ddd91c49a58e2f3,artigos_casa,54,279,1,950.0,40.0,20.0,20.0
ed00a8453145186b3f071f1e3edef33d,ferramentas_construcao,57,352,1,225.0,16.0,3.0,13.0
a3fd6c4ecde9035c3e8dd4e0fd8b8048,artigos_casa,45,191,2,150.0,16.0,6.0,20.0
b021c76fe55cfee1a103b025bda7346f,beleza_saude,49,198,2,100.0,20.0,15.0,15.0
56ebd551a33ae8e9955d1f8a4c37ef52,audiovisual,26,2521,3,1650.0,78.0,14.0,14.0
819fc0e9c061a08bac3d5044eb92b173,malas_acessorios,59,320,1,850.0,20.0,44.0,39.0
6c222e25e3d3c28a643590b836585b4e,bebes,48,473,1,2800.0,70.0,20.0,35.0
17a116d0390ebc37c44ecfd8c6e36d00,beleza_saude,43,446,1,1250.0,30.0,12.0,16.0
3cb92605eba23721776a8a26f0e62921,automotivo,57,1149,5,1500.0,60.0,8.0,33.0
802d4aa654f6b24ca4d5bd2c61c0b079,eletronicos,57,911,3,1350.0,33.0,25.0,30.0
c1c4271977e10331523b010496ab2f9b,brinquedos,40,648,1,7300.0,60.0,60.0,12.0
c22dc992a198753e51e4a25f83957b9b,moveis_decoracao,56,470,2,300.0,80.0,10.0,60.0
3f030b63da680202be73077d29199e31,papelaria,47,74,1,650.0,36.0,14.0,44.0
b6acad95bb80b9f438b3496bfdfd8257,telefonia,44,1440,4,150.0,18.0,6.0,11.0
08065cf579a61fed0a11f26426a30d6c,brinquedos,45,938,5,400.0,22.0,12.0,22.0
2eefd8ed7a9782380fe14a1efdec7418,moveis_decoracao,29,1270,1,600.0,20.0,10.0,20.0
952fb0049c780b72866b908703663c23,moveis_decoracao,57,241,1,2200.0,40.0,8.0,35.0
ce9aea78d3ed22be94a7f21e52b1e26a,eletrodomesticos,56,433,1,150.0,16.0,10.0,11.0
7273e94a33eb07341d5d86a7b815f901,consoles_games,25,361,1,500.0,16.0,2.0,11.0
a155b4eeffbbec8a728eb1ad73705153,moveis_decoracao,60,1953,1,800.0,69.0,11.0,11.0
e6d39d7cdf7c19c0359c348a89a4a191,fashion_bolsas_e_acessorios,38,367,1,100.0,17.0,3.0,12.0
ee147042ac9bc25ab2ad108442bbecde,livros_tecnicos,39,963,1,8900.0,30.0,11.0,23.0
268ea464cc693d6d2e5f79ac2d6778fb,relogios_presentes,60,482,5,400.0,16.0,2.0,11.0
cab49aa7c76189e7e6d55ad8c7f9eb91,esporte_lazer,25,462,1,700.0,30.0,30.0,30.0
dd8ca29b3cd0a856ebeef8ff057c1659,automotivo,53,352,1,200.0,16.0,15.0,15.0
66f375060f3f9a52c5eb7d62f6f65f43,bebes,52,533,3,75.0,16.0,6.0,16.0
3eb3d83d082ce242d4eae1f57e62640d,alimentos_bebidas,30,355,2,300.0,25.0,9.0,18.0
1c6b8ed36259a0971b3fd58692b60f9c,ferramentas_jardim,60,918,1,2050.0,50.0,50.0,50.0
f71493db6e7483d84f937e1d15eddb38,brinquedos,44,669,2,700.0,20.0,30.0,30.0
0b61b74bd2917877a6fc5d31192d3641,moveis_decoracao,46,131,1,950.0,30.0,15.0,20.0
adc8132abcc96431b15f204ddeef5c5f,relogios_presentes,56,421,2,467.0,16.0,17.0,13.0
c69ba46dec8f8fe69ba08a6e8cc6ef05,brinquedos,40,554,1,500.0,28.0,8.0,16.0
ff415a8a6bfbaf8244f4ee0c7c30d905,brinquedos,26,175,1,1500.0,54.0,16.0,12.0
fa8fb673c7f31e3c35f62de366af764b,informatica_acessorios,54,227,2,3700.0,33.0,44.0,19.0
aad225c687cc75ba1148d41f2ce414c2,informatica_acessorios,43,390,1,1300.0,46.0,7.0,12.0
70adb75b3b2e86cffbb697c90867c3f3,moveis_decoracao,31,437,2,100.0,65.0,11.0,11.0
2b4ad41f87f5ca9daba350c8f886b729,moveis_decoracao,49,2043,3,5500.0,70.0,7.0,50.0
20767ba46ff14007ce4ed2cb1c4d546a,artigos_casa,53,309,1,850.0,16.0,10.0,16.0
64d3a062571cfc39b9543b7bf5b14d22,beleza_saude,45,381,1,700.0,17.0,17.0,17.0
cba32576375902a87170bedaed045b71,bebes,58,1882,4,11467.0,35.0,57.0,52.0
fb7a100ec8c7b34f60cec22b1a9a10e0,brinquedos,58,321,2,150.0,16.0,16.0,16.0
de8079863f52e090930c58a327e8c8e1,livros_importados,26,338,1,650.0,29.0,2.0,22.0
1f975d7b550d3ba8161a3c77a3d800a4,informatica_acessorios,58,1674,2,4150.0,30.0,20.0,20.0
6f636bbfc940a89b20858b9080f4c091,beleza_saude,46,841,1,400.0,19.0,12.0,13.0
8ffc89162cccaef5a98a4c0bcd241a0e,moveis_decoracao,56,474,2,500.0,80.0,10.0,60.0
1fbb1fca915498c75efc551f5a32f08b,telefonia,56,1298,1,200.0,18.0,6.0,12.0
56568aac139eb6a4adcbabb5fbbf8e6c,informatica_acessorios,36,1386,1,917.0,29.0,20.0,15.0
589c0d57d007f11fee1db92a2ae3f376,brinquedos,37,162,1,12400.0,66.0,35.0,78.0
11185dbab7a8593a8f117c4df8be18dd,moveis_decoracao,47,1096,1,19700.0,42.0,100.0,42.0
b33250fb5abd199c0bff38eb1db5bc7b,brinquedos,46,400,1,1454.0,28.0,27.0,24.0
fa00124915804f23967ae06d7dfd5874,telefonia,58,363,1,200.0,24.0,21.0,21.0
1226cd37bd51c6407009e8fe54f1cf29,brinquedos,39,268,1,400.0,23.0,35.0,16.0
b655ebf10fa7727c97d82cffcfe96ab9,seguranca,44,583,1,225.0,24.0,13.0,31.0
647c7af1da03e555f64c9c97d58d88bb,artigos_casa,55,601,1,600.0,16.0,10.0,16.0
72c4ed817b3980cf86101f5fa7b234f7,esporte_lazer,53,550,1,200.0,16.0,10.0,20.0
6ef8c8d7d06c5dca94963e77ccd20778,artigos_casa,60,632,2,4188.0,42.0,16.0,37.0
71a5f1c2a5fd9889ef26b5ac22aec9c6,moveis_decoracao,60,500,3,100.0,16.0,3.0,11.0
092be1e8336fc404c57bd5970d056886,alimentos_bebidas,53,869,1,750.0,16.0,12.0,15.0
3410cbd7df2130ec3cb9300ef0fe3df1,informatica_acessorios,34,324,1,675.0,21.0,13.0,16.0
bd79fe0e3fca6af51533479baccbf09b,moveis_decoracao,58,1701,1,700.0,60.0,11.0,20.0
d5aab5918f6581c1857e6a0c38f13e78,ferramentas_jardim,40,792,6,150.0,17.0,7.0,12.0
ad56e265bd92e5702d171e6eb4a3593a,informatica_acessorios,51,1130,2,750.0,20.0,14.0,17.0
879257cf953f931693a39f7b492967dd,artigos_casa,38,179,1,1200.0,45.0,10.0,15.0
a370599bb36b6aa53a8a4f428440f860,brinquedos,52,66,3,1500.0,39.0,30.0,29.0
994dfe832d5ef3a6f8cee4273f91c1e3,telefonia,37,681,3,333.0,18.0,9.0,12.0
535fb083a78180cd82ec7c1a9abf4eba,esporte_lazer,49,903,6,4350.0,40.0,25.0,33.0
675eadffd43ac06d1bead694fb553d35,moveis_decoracao,47,738,2,2000.0,37.0,25.0,36.0
026311ea0b72ef8c80ebf91efd36b499,bebes,52,708,1,300.0,18.0,8.0,24.0
c4ceee876c82b8328e9c293fa0e1989b,variedades,,,,700.0,28.0,3.0,43.0
34c84b2e246f5904a5b3597b00240ea2,bebes,55,1636,1,600.0,20.0,13.0,13.0
8d99a7ed81f061ceed740d8900be880a,artigos_casa,55,396,1,3775.0,35.0,13.0,25.0
75bc0bb91f61a5baa249e4db903eb504,ferramentas_jardim,58,143,1,3800.0,35.0,35.0,25.0
f5c18148dc9783aeb37a8bc958d6ce73,automotivo,45,835,1,1100.0,25.0,10.0,16.0
0ac0d30f666402b0d004e26c5e57eb0f,instrumentos_musicais,57,732,9,14050.0,50.0,32.0,46.0
391a014a66920fa0ce468319264e0232,consoles_games,38,880,2,550.0,33.0,28.0,41.0
daf9915404caf75fa1717a436b46fa14,moveis_decoracao,63,379,5,1400.0,33.0,15.0,30.0
3e6d2bde9274ac275013aa90d7e2bf16,relogios_presentes,52,481,2,250.0,16.0,11.0,11.0
be29276f7c3781b418ca51f707255455,beleza_saude,53,522,1,350.0,19.0,12.0,13.0
6030758c474a231c434e17cfa97f951b,automotivo,44,558,1,6700.0,60.0,60.0,16.0
0a27ed1c4807a2257f67ab0cbf3cfaf4,utilidades_domesticas,58,941,3,125.0,28.0,9.0,18.0
afb15fee5bec1513522c09551222b3ea,utilidades_domesticas,59,293,1,1100.0,18.0,28.0,18.0
00faa46f36261af8bbf3a4d37fa4841b,fashion_bolsas_e_acessorios,49,293,1,100.0,21.0,9.0,14.0
b497d0032ea073dd58bbd2d7809d25b3,beleza_saude,35,556,3,825.0,23.0,5.0,15.0
9a36490ba1644f33c51f6801ea67b0ae,moveis_decoracao,50,1464,8,500.0,35.0,2.0,25.0
e224399b59101fa9f7607737c7961f1b,artigos_casa,60,328,3,8716.0,58.0,22.0,52.0
feb593f17c2f51af2932dbba3e99f1cb,automotivo,50,361,1,50.0,35.0,4.0,26.0
4d0b5865d84734aeee18cb62a506f515,moveis_decoracao,57,3571,1,600.0,17.0,17.0,60.0
d7252737cad49d030f9ce83b50249120,malas_acessorios,48,883,9,2350.0,32.0,52.0,19.0
90467a0531183f8fd2cc76ca735df8a5,moveis_decoracao,61,157,9,3500.0,41.0,15.0,25.0
d48a01cab4f058610681e5547305d98d,informatica_acessorios,52,868,1,350.0,16.0,16.0,16.0
6c023c34df3208adde426d9009a72c06,pet_shop,42,91,3,908.0,16.0,16.0,14.0
b0498e44190727b728ae4490f2e9b6a5,malas_acessorios,25,712,4,5250.0,34.0,23.0,40.0
342d75eedb9ec1ecb6d959f76f8f457a,eletronicos,60,2523,1,16100.0,100.0,20.0,70.0
e13e355c4fb4736afe0e3ea38fce8558,ferramentas_construcao,59,1505,1,1650.0,60.0,15.0,30.0
0505f239830b15ffbd923b4113a96855,malas_acessorios,44,503,8,250.0,20.0,26.0,15.0
c00d043237b75cf63c77a05c423af5c7,esporte_lazer,55,1340,7,1200.0,20.0,25.0,20.0
45dc66388e0aeec2e8baab5572f2fa44,esporte_lazer,47,371,4,1100.0,30.0,16.0,20.0
2ee01d305b60612e78144538abbdddd6,moveis_decoracao,59,485,1,150.0,35.0,5.0,20.0
a300dbe48179df6ad75c74a9fd9bc6bc,eletronicos,41,541,4,5408.0,36.0,19.0,39.0
39f9ab5ea27485a4c3d32ee4c45630d8,artigos_casa,55,262,1,450.0,45.0,15.0,35.0
2245f9825a544daf9adb59c50d0eae03,esporte_lazer,50,224,1,250.0,30.0,30.0,30.0
2d489652c89700752b4a86973f9ec8d0,beleza_saude,55,1454,1,1206.0,21.0,13.0,17.0
1dff983bf86722fbc11a0c1d0ec13624,eletrodomesticos,60,1179,1,400.0,28.0,11.0,11.0
c64e61e6d88bf8fa713a521843aa0e2f,utilidades_domesticas,48,1273,5,700.0,20.0,15.0,28.0
b18fa799c2e098abdceb194c359938f6,utilidades_domesticas,56,398,1,1450.0,30.0,30.0,30.0
6866bdfc7c91ea0dec8997c738c40f6c,informatica_acessorios,60,291,1,1150.0,23.0,11.0,12.0
ddc81cd8c7351f13c000bd8294c3201b,pet_shop,38,1540,1,200.0,20.0,16.0,16.0
44c2454898f2a54b488fbbd767589cbe,papelaria,56,521,4,300.0,21.0,10.0,15.0
cd96152f38323aa8177e3a72d6558518,variedades,37,510,1,1367.0,28.0,25.0,33.0
f0a720fc3ab33276bc8bb46595996083,livros_tecnicos,50,444,1,4000.0,31.0,7.0,24.0
0da84ac639a3af13da933faa601a5dc5,artigos_casa,60,184,2,700.0,70.0,10.0,50.0
ff0ba1ffc67724ddc6db331bd417ef67,beleza_saude,49,1029,1,517.0,24.0,14.0,14.0
180fbb426ea5ab0708d43ad3f3839bb9,moveis_sala,45,843,3,7600.0,61.0,11.0,46.0
ae7937db16790e94d48df1991877b508,variedades,58,860,3,400.0,16.0,10.0,12.0
80b391b2dc6c958ef3ad34fa7ee01423,automotivo,17,306,4,200.0,26.0,4.0,13.0
02293621a345f7cddda16c5d9c7990e4,telefonia,57,447,4,217.0,17.0,4.0,12.0
b81a05d0dd312ece2140846909f5ef81,moveis_decoracao,43,1755,3,800.0,68.0,8.0,13.0
ebb7ccdb2a728a4188759bfa3cbd1fc0,utilidades_domesticas,55,900,3,1300.0,20.0,15.0,20.0
b64f2210138a8d97888314420d066b5e,utilidades_domesticas,59,981,7,1800.0,30.0,6.0,40.0
c6f7d77b0d27a02ad3392f8549e58940,esporte_lazer,60,328,1,200.0,26.0,5.0,13.0
5f24a2c5fe04fac8072d899fffa77540,utilidades_domesticas,49,678,1,934.0,28.0,27.0,17.0
70bf4f61950297cf24e18a9b84c3208a,utilidades_domesticas,59,203,1,400.0,16.0,10.0,14.0
7d1a667dbc183583078324f912d42c6b,esporte_lazer,43,2420,1,150.0,16.0,6.0,11.0
03c395f45f46b57acf3db9a696fba6d6,telefonia,42,379,1,75.0,18.0,4.0,11.0
44493ebe02de3fd58d529f40fd2944d1,utilidades_domesticas,55,557,5,600.0,30.0,6.0,20.0
c1079a63b2984263e9942c44c7ab2da4,pet_shop,53,360,2,800.0,30.0,12.0,22.0
65bb78cf0bbc3ca6406f30e6793736f9,moveis_decoracao,56,296,3,2000.0,100.0,7.0,12.0
f9bb291280bceedf7840b89e1e75b89c,moveis_decoracao,57,113,11,2400.0,40.0,8.0,35.0
ca977202f2d5bc9cfdc368d305e460b8,esporte_lazer,26,715,1,397.0,18.0,17.0,17.0
7f0c916c7cb73601e0a606a3c23a90d6,brinquedos,33,2329,1,150.0,16.0,16.0,16.0
07ae32b18ffbde7c6c928721e8b956fb,esporte_lazer,28,315,1,3200.0,80.0,12.0,25.0
d790fcd60d4743d309fedf7e7bb4c902,beleza_saude,39,811,1,650.0,50.0,5.0,30.0
624a104988a613eba3eae6cd9132d397,artigos_casa,49,330,1,450.0,59.0,13.0,38.0
4419a003d42a243227478f2a949722d8,beleza_saude,27,1026,2,850.0,25.0,6.0,21.0
2636a9812d151c718b53387171ce08be,beleza_saude,52,2088,1,443.0,21.0,13.0,17.0
6ebc84d95d4340324cf0cb525e495eed,perfumaria,44,355,1,120.0,12.0,9.0,10.0
8b513669b649b09d186312b0406e68c8,perfumaria,33,223,1,700.0,20.0,20.0,20.0
2b6535d32c6996c9478c131a8ff17a05,seguranca,50,428,2,333.0,16.0,9.0,10.0
29c5f56bdaf7929e981f654f1a2f79ec,utilidades_domesticas,36,316,4,700.0,18.0,18.0,18.0
7088744b00831b410bd17716cb578f39,informatica_acessorios,51,311,1,1013.0,30.0,15.0,16.0
8e5e831d742acedb1758e90e18974231,automotivo,55,520,1,550.0,20.0,15.0,15.0
056b837251897cfc6f46d3643bad614f,ferramentas_jardim,52,471,4,1150.0,17.0,8.0,31.0
c1cf541d5b33a4b04ddc1c3be7aa1c86,beleza_saude,51,781,2,150.0,35.0,2.0,26.0
1669a8ef7e316417da468a3599115231,fashion_bolsas_e_acessorios,56,321,3,100.0,20.0,20.0,12.0
1cf2ac38c34884acf7e61b5a66d4987c,relogios_presentes,35,209,2,300.0,20.0,12.0,15.0
01cb96c64e8e35f29826a58963f6ecc5,iluminacao,39,990,2,7100.0,43.0,23.0,43.0
5bde14b0ba42a788655c3ebf4ba54597,artigos_casa,44,1054,1,1500.0,31.0,21.0,26.0
9ce4603565c839785b24a7e95e28f4eb,variedades,40,1516,2,800.0,22.0,15.0,27.0
0bf1dea484fbb8cdfa09e2767ce30574,alimentos_bebidas,53,225,1,1920.0,37.0,6.0,32.0
6f79d50d852c044e3f7f0954d13aeacf,moveis_decoracao,53,194,11,1100.0,31.0,11.0,26.0
1060d9ab6b911bfce1439c25afcd790b,informatica_acessorios,39,1257,1,130.0,16.0,13.0,13.0
d4484cc239fbd0ac671ab04d931edc66,bebes,42,414,2,150.0,23.0,15.0,15.0
4e1d2ef2974c85d82582edfe594a4f57,esporte_lazer,43,191,4,300.0,25.0,10.0,20.0
d218a47759ef0d1db44044934909b88b,telefonia,50,778,1,350.0,17.0,11.0,11.0
59dae5028ffa06d8f0151bf1fa97b7e6,informatica_acessorios,38,433,1,1100.0,36.0,15.0,25.0
4508e088c4a07e0ad64f6fa3751e314a,esporte_lazer,45,1931,1,330.0,24.0,20.0,16.0
dfec64aac9b864b2807a7be33222b75f,artigos_casa,58,252,4,850.0,38.0,7.0,28.0
6ec96c91757fad0aecafc0ee7f262dcc,bebes,62,1417,1,9550.0,36.0,35.0,35.0
16280ca280a86fee2ba3c928ed04439f,moveis_decoracao,64,236,11,2200.0,31.0,11.0,26.0
3becff10d1deb92b02f2a1ee62a04524,informatica_acessorios,54,1520,2,6150.0,30.0,30.0,20.0
1a14237ecc2fe3772b55c8d4e11ccb35,moveis_decoracao,58,1405,3,150.0,35.0,2.0,25.0
c4e71b64511b959455e2107fe7859020,utilidades_domesticas,59,1371,2,200.0,18.0,15.0,15.0
a0b7d5a992ccda646f2d34e418fff5a0,moveis_decoracao,45,67,2,12300.0,40.0,40.0,40.0
bf4538d88321d0fd4412a93c974510e6,iluminacao,41,971,1,1700.0,16.0,19.0,16.0
9a7c6041fa9592d9d9ef6cfe62a71f8c,artigos_casa,50,799,1,1400.0,27.0,7.0,27.0
83808703fc0706a22e264b9d75f04a2e,informatica_acessorios,60,156,2,700.0,31.0,13.0,20.0
106392145fca363410d287a815be6de4,artigos_casa,58,309,1,2083.0,12.0,2.0,7.0
